,time,flux,cad
0,1738.6506031541392,1.00992936828882,120.0
1,1738.6519919990963,1.01084046876332,120.0
2,1738.6533808438207,1.00922022654826,120.0
3,1738.6547696887776,1.00971545952542,120.0
4,1738.6561585337342,1.01025581179078,120.0
5,1738.6575473784587,1.00956640362089,120.0
6,1738.658936223416,1.0090018317914,120.0
7,1738.6603250681408,1.00967720570042,120.0
8,1738.6617139130983,1.00963568813227,120.0
9,1738.6631027580554,1.00981866268377,120.0
10,1738.6644916030127,1.00944542457838,120.0
11,1738.6658804477368,1.00971469313295,120.0
12,1738.6672692926932,1.00935941955997,120.0
13,1738.6686581376507,1.01028504990281,120.0
14,1738.670046982608,1.01025221303407,120.0
15,1738.6714358275656,1.00977791021699,120.0
16,1738.672824672523,1.01013818167186,120.0
17,1738.6742135174802,1.00980634008816,120.0
18,1738.6756023624375,1.00973847896179,120.0
19,1738.6769912073944,1.00919524350917,120.0
20,1738.678380052351,1.00972717471314,120.0
21,1738.6797688973083,1.00904540113791,120.0
22,1738.6811577422664,1.0095324350361,120.0
23,1738.6825465872244,1.00992747217656,120.0
24,1738.6839354321817,1.01014838920183,120.0
25,1738.685324277372,1.00996463097903,120.0
26,1738.6867131223287,1.00986765985715,120.0
27,1738.688101967285,1.00891448831191,120.0
28,1738.6894908122429,1.0093466673691,120.0
29,1738.6908796574328,1.00946481218335,120.0
30,1738.6922685023903,1.00949262339132,120.0
31,1738.6936573475807,1.0096154045345,120.0
32,1738.6950461925378,1.00988553130605,120.0
33,1738.6964350374951,1.00999958360491,120.0
34,1738.6978238826848,1.00899568732465,120.0
35,1738.6992127276415,1.01039875190309,120.0
36,1738.7006015728318,1.00964107929912,120.0
37,1738.7019904180215,1.00958979823699,120.0
38,1738.7033792629793,1.00989739503403,120.0
39,1738.7047681081692,1.00900100502395,120.0
40,1738.7061569533596,1.00902910824767,120.0
41,1738.7075457983171,1.00984347217198,120.0
42,1738.7089346435066,1.00972731645858,120.0
43,1738.710323488696,1.00922994918953,120.0
44,1738.711712333886,1.00965855955626,120.0
45,1738.7131011788435,1.00942941003034,120.0
46,1738.714490024034,1.00952596290338,120.0
47,1738.7158788692238,1.00949847845738,120.0
48,1738.7172677144142,1.00886194491932,120.0
49,1738.7186565596037,1.00963791060663,120.0
50,1738.7200454047932,1.00962810389717,120.0
51,1738.7214342499835,1.0102107609574,120.0
52,1738.7228230951735,1.01040052820564,120.0
53,1738.7242119403638,1.00892192384551,120.0
54,1738.725600785554,1.00947802619221,120.0
55,1738.726989630744,1.00924531927763,120.0
56,1738.728378476167,1.01016954833219,120.0
57,1738.7297673213568,1.01000634334339,120.0
58,1738.7311561665463,1.00962119640027,120.0
59,1738.7325450117364,1.00927686982255,120.0
60,1738.7339338571594,1.0093538392286,120.0
61,1738.7353227023495,1.00941352602816,120.0
62,1738.7367115475397,1.01068169414556,120.0
63,1738.738100392963,1.00989050290717,120.0
64,1738.739489238153,1.00941411922247,120.0
65,1738.7408780833427,1.0108274364239,120.0
66,1738.742266928765,1.00959294915866,120.0
67,1738.7436557739547,1.00981221610696,120.0
68,1738.745044619378,1.00923618954803,120.0
69,1738.7464334648012,1.00898654560327,120.0
70,1738.7478223099913,1.01022864747788,120.0
71,1738.7492111554143,1.00924856465567,120.0
72,1738.7506000006044,1.00907998337754,120.0
73,1738.7519888460267,1.00917933724298,120.0
74,1738.7533776914493,1.00965306978115,120.0
75,1738.7547665368722,1.01023872927027,120.0
76,1738.7561553820626,1.00989630150046,120.0
77,1738.7575442274851,1.00938609253974,120.0
78,1738.7589330729083,1.00922409609561,120.0
79,1738.7603219183316,1.0088435016825,120.0
80,1738.761710763754,1.01030727548992,120.0
81,1738.7630996091764,1.00892817682917,120.0
82,1738.7644884545991,1.00982098234934,120.0
83,1738.7658773000223,1.00959639328652,120.0
84,1738.7672661454455,1.00943901390693,120.0
85,1738.7686549908683,1.00925668109603,120.0
86,1738.7700438362915,1.00945114386844,120.0
87,1738.7714326817143,1.009673834413,120.0
88,1738.7728215271375,1.00942968024111,120.0
89,1738.7742103725607,1.00878118913814,120.0
90,1738.7755992179834,1.0098606170566,120.0
91,1738.7769880634066,1.00945600995122,120.0
92,1738.7783769090624,1.00948549874352,120.0
93,1738.7797657544854,1.00920185451651,120.0
94,1738.7811545999086,1.00928337713068,120.0
95,1738.7825434455642,1.00900934176044,120.0
96,1738.7839322909865,1.00935445937204,120.0
97,1738.785321136409,1.00959167254206,120.0
98,1738.7867099820648,1.0092520230751,120.0
99,1738.788098827488,1.0096234295892,120.0
100,1738.7894876731436,1.00859180757949,120.0
101,1738.7908765185668,1.00893074802313,120.0
102,1738.7922653642227,1.00952724173753,120.0
103,1738.7936542096452,1.00950268196902,120.0
104,1738.7950430553003,1.00970994319628,120.0
105,1738.796431900956,1.00854974492697,120.0
106,1738.797820746379,1.00893654340644,120.0
107,1738.799209592035,1.00888535715176,120.0
108,1738.8005984376907,1.00882454007344,120.0
109,1738.801987283114,1.00903685604526,120.0
110,1738.8033761287695,1.0093137299282,120.0
111,1738.8047649744246,1.00860436665092,120.0
112,1738.80615382008,1.00924303971403,120.0
113,1738.8075426657358,1.00862788030194,120.0
114,1738.8089315113918,1.0085442425437,120.0
115,1738.8103203568146,1.0091998320842,120.0
116,1738.8117092024706,1.01087928256789,120.0
117,1738.8130980481267,1.00933064580506,120.0
118,1738.8144868937823,1.00899174328238,120.0
119,1738.8158757394372,1.00913076717192,120.0
120,1738.8172645850923,1.00853553379341,120.0
121,1738.8186534309812,1.00894608377288,120.0
122,1738.8200422766374,1.00930833396356,120.0
123,1738.821431122293,1.00816988876148,120.0
124,1738.822819967949,1.00912650102074,120.0
125,1738.8242088136046,1.00849473567803,120.0
126,1738.8255976592607,1.00885177613786,120.0
127,1738.8269865051486,1.00849185751594,120.0
128,1738.8283753508035,1.00839521964845,120.0
129,1738.8297641964596,1.00843402221258,120.0
130,1738.8311530423482,1.00965109397454,120.0
131,1738.8325418880042,1.00839030800141,120.0
132,1738.8339307336603,1.00945775367764,120.0
133,1738.8353195795487,1.00825653297437,120.0
134,1738.8367084252038,1.00945538602793,120.0
135,1738.838097271092,1.00789855079702,120.0
136,1738.8394861167478,1.00895608073036,120.0
137,1738.8408749626367,1.00934920209074,120.0
138,1738.842263808525,1.00871950704168,120.0
139,1738.8436526541811,1.00931106612913,120.0
140,1738.8450415000696,1.00889286648353,120.0
141,1738.8464303457256,1.00846859911996,120.0
142,1738.8478191916136,1.00808175335373,120.0
143,1738.8492080375015,1.00897764611328,120.0
144,1738.8505968833904,1.00861806705957,120.0
145,1738.851985729046,1.00897978400387,120.0
146,1738.8533745749348,1.00796926958726,120.0
147,1738.8547634208237,1.00999150231541,120.0
148,1738.856152266712,1.00915328614136,120.0
149,1738.8575411126008,1.00861500481862,120.0
150,1738.8589299584887,1.00893971399939,120.0
151,1738.860318804377,1.00826531355362,120.0
152,1738.8617076502655,1.0088390073698,120.0
153,1738.863096496154,1.00838022343736,120.0
154,1738.8644853420435,1.00850093694436,120.0
155,1738.8658741879333,1.00809634370301,120.0
156,1738.8672630338217,1.00892371820749,120.0
157,1738.8686518797097,1.0086618465649,120.0
158,1738.8700407255976,1.00814590514111,120.0
159,1738.8714295714865,1.00817199455902,120.0
160,1738.8728184173751,1.00840745573171,120.0
161,1738.8742072634966,1.00910819781474,120.0
162,1738.8755961093855,1.00773119252121,120.0
163,1738.8769849552739,1.00855795095406,120.0
164,1738.8783738013956,1.00884677940812,120.0
165,1738.8811514931715,1.00893628063006,120.0
166,1738.8825403392932,1.00869693042893,120.0
167,1738.8839291851816,1.00927433794402,120.0
168,1738.8853180310705,1.00769500122834,120.0
169,1738.886706877192,1.00809463542574,120.0
170,1738.8880957230806,1.0083462028364,120.0
171,1738.8894845692023,1.00851339900513,120.0
172,1738.890873415323,1.00757742481578,120.0
173,1738.892262261211,1.00893972790166,120.0
174,1738.8936511073327,1.00891427470196,120.0
175,1738.8950399532212,1.00835082873669,120.0
176,1738.8964287993429,1.0076546781424,120.0
177,1738.8978176454643,1.00863546883881,120.0
178,1738.8992064915858,1.00815408243271,120.0
179,1738.9005953374747,1.00769399140615,120.0
180,1738.9019841835955,1.00835334126297,120.0
181,1738.9033730297162,1.00886979208048,120.0
182,1738.9047618758375,1.00809943092628,120.0
183,1738.9061507219592,1.00883209192696,120.0
184,1738.907539567848,1.007454813367,120.0
185,1738.9089284139693,1.00813316852185,120.0
186,1738.910317260091,1.00812909619914,120.0
187,1738.9117061062118,1.0077971139673,120.0
188,1738.9130949523324,1.00792370313998,120.0
189,1738.9144837984543,1.00767435335091,120.0
190,1738.9158726445755,1.00835771733022,120.0
191,1738.91726149093,1.00851767153011,120.0
192,1738.9186503370515,1.0076857231371,120.0
193,1738.920039183173,1.00814961468218,120.0
194,1738.9214280292947,1.00871194459328,120.0
195,1738.9228168754155,1.00885278580733,120.0
196,1738.9242057215363,1.00797083352364,120.0
197,1738.9255945678908,1.00791989945194,120.0
198,1738.926983414012,1.00736871369752,120.0
199,1738.9283722601335,1.00750152426463,120.0
200,1738.929761106255,1.00753860541394,120.0
201,1738.9311499526095,1.00830355586714,120.0
202,1738.9325387987312,1.00806929762134,120.0
203,1738.9339276450849,1.00853649946817,120.0
204,1738.9353164912056,1.00731259456384,120.0
205,1738.9367053375595,1.00820660510829,120.0
206,1738.9380941836814,1.00726149207929,120.0
207,1738.939483030036,1.00765679880732,120.0
208,1738.9408718761572,1.0082717332725,120.0
209,1738.9422607225115,1.00772494724889,120.0
210,1738.9436495686332,1.0081402826253,120.0
211,1738.945038414987,1.0080462639148,120.0
212,1738.9464272613407,1.00863623011904,120.0
213,1738.947816107462,1.00850929161312,120.0
214,1738.9492049538164,1.00779959087137,120.0
215,1738.9505938001707,1.0078133788072,120.0
216,1738.9519826462922,1.00794672966839,120.0
217,1738.9533714926467,1.00834418010672,120.0
218,1738.9547603390004,1.00802637735494,120.0
219,1738.9561491853544,1.00815586893086,120.0
220,1738.9575380317096,1.00859614589862,120.0
221,1738.958926878064,1.00682205529134,120.0
222,1738.9603157244185,1.00822694090517,120.0
223,1738.9617045707723,1.0077931530751,120.0
224,1738.963093417127,1.00761819505473,120.0
225,1738.9644822634812,1.00755889713303,120.0
226,1738.9658711098352,1.00733402561628,120.0
227,1738.9672599561889,1.00805147712989,120.0
228,1738.9686488025427,1.00773619847534,120.0
229,1738.9700376488975,1.00704737839536,120.0
230,1738.971426495252,1.00829764092829,120.0
231,1738.972815341606,1.00735386153514,120.0
232,1738.9742041879604,1.00762857255466,120.0
233,1738.9755930343147,1.00743667062264,120.0
234,1738.9769818809011,1.00748819557026,120.0
235,1738.9783707272552,1.00745402077363,120.0
236,1738.9797595736093,1.00792825014075,120.0
237,1738.9811484201966,1.00705837264615,120.0
238,1738.9825372665507,1.00744383386563,120.0
239,1738.9839261129052,1.00771017723693,120.0
240,1738.9853149594926,1.00786629377621,120.0
241,1738.9867038058467,1.00769906595377,120.0
242,1738.9880926524331,1.00703882462501,120.0
243,1738.9894814987867,1.0081163522473,120.0
244,1738.990870345374,1.00736790622138,120.0
245,1738.9922591917286,1.00736321936544,120.0
246,1738.9936480383155,1.0079722661845,120.0
247,1738.99503688467,1.0078040072568,120.0
248,1738.9964257312572,1.00756618987247,120.0
249,1738.997814577611,1.00793110401601,120.0
250,1738.9992034241975,1.00801666612366,120.0
251,1739.0005922707844,1.00801539926618,120.0
252,1739.0019811173715,1.00676071660648,120.0
253,1739.003369963726,1.00770673660361,120.0
254,1739.0047588103132,1.00746780931531,120.0
255,1739.0061476569003,1.00711497460105,120.0
256,1739.0075365034875,1.00736763200189,120.0
257,1739.008925349841,1.00809184464766,120.0
258,1739.0103141964275,1.00749669947035,120.0
259,1739.011703043015,1.00744351361905,120.0
260,1739.0130918896023,1.00936693572339,120.0
261,1739.0144807361892,1.00784725337587,120.0
262,1739.0158695827763,1.0077211926556,120.0
263,1739.0172584293637,1.00794857911465,120.0
264,1739.0186472759508,1.00712432619188,120.0
265,1739.0200361225372,1.00746923249162,120.0
266,1739.0214249691237,1.0079700999938,120.0
267,1739.022813815711,1.00709662675635,120.0
268,1739.025591509118,1.00745834514922,120.0
269,1739.0269803557055,1.00763277576316,120.0
270,1739.0283692022924,1.00728049049539,120.0
271,1739.0297580488796,1.00844363802514,120.0
272,1739.0311468954662,1.00800957269109,120.0
273,1739.0325357422855,1.00782863785937,120.0
274,1739.0339245888729,1.00715398402729,120.0
275,1739.0353134354596,1.00786442229009,120.0
276,1739.03670228228,1.00796705988068,120.0
277,1739.038091128867,1.00662570976054,120.0
278,1739.039479975687,1.00777138113652,120.0
279,1739.0408688222744,1.00808030685769,120.0
280,1739.0422576688609,1.0070447669715,120.0
281,1739.04364651568,1.00673223593574,120.0
282,1739.0450353622675,1.00703603427781,120.0
283,1739.0464242090873,1.00788228230633,120.0
284,1739.047813055675,1.00728757641674,120.0
285,1739.049201902496,1.00743469784191,120.0
286,1739.050590749316,1.00807623103641,120.0
287,1739.0519795959024,1.00805314398209,120.0
288,1739.0533684427216,1.00720451660719,120.0
289,1739.0547572895418,1.00713730612507,120.0
290,1739.0561461361287,1.0077824862167,120.0
291,1739.0575349829487,1.00805983355623,120.0
292,1739.0589238297691,1.00766826960177,120.0
293,1739.0603126765889,1.00772689342574,120.0
294,1739.0617015231762,1.00711896134466,120.0
295,1739.0630903699955,1.0071756712397,120.0
296,1739.0644792168148,1.00702514363871,120.0
297,1739.0658680636348,1.00708680601668,120.0
298,1739.0672569104547,1.00751448923621,120.0
299,1739.068645757275,1.00693804576322,120.0
300,1739.0700346040949,1.00777237084618,120.0
301,1739.0714234509148,1.00731808971565,120.0
302,1739.072812297735,1.00687514777336,120.0
303,1739.0742011445543,1.00713244997111,120.0
304,1739.0755899913736,1.00684732566157,120.0
305,1739.0769788381936,1.00747633635235,120.0
306,1739.0783676850135,1.00671934199322,120.0
307,1739.0797565318337,1.00724185476207,120.0
308,1739.0811453786534,1.0066345154737,120.0
309,1739.0825342257065,1.00632925079254,120.0
310,1739.0839230725267,1.00702954547471,120.0
311,1739.085311919346,1.00708318386315,120.0
312,1739.0867007661652,1.00744988245786,120.0
313,1739.0880896132176,1.00645337874595,120.0
314,1739.089478460038,1.00709699692102,120.0
315,1739.090867306858,1.00651078454225,120.0
316,1739.0922561539107,1.00723787334738,120.0
317,1739.0936450007307,1.00723209822184,120.0
318,1739.0950338475502,1.00696726602427,120.0
319,1739.0964226946023,1.00819226148034,120.0
320,1739.0978115414223,1.00685523945543,120.0
321,1739.099200388475,1.00700036902245,120.0
322,1739.1005892352953,1.007300303425,120.0
323,1739.1019780823478,1.00682359941788,120.0
324,1739.103366929168,1.00737373262279,120.0
325,1739.104755776221,1.00639602992047,120.0
326,1739.1061446232732,1.00605021865894,120.0
327,1739.1075334700924,1.00711456671752,120.0
328,1739.108922317145,1.00697240226327,120.0
329,1739.110311164198,1.0063729184222,120.0
330,1739.1117000110182,1.00645473626506,120.0
331,1739.1130888580708,1.00662231879572,120.0
332,1739.1144777051238,1.00738894013626,120.0
333,1739.1158665521766,1.00742575748549,120.0
334,1739.117255398996,1.00762307267505,120.0
335,1739.1186442460482,1.00724672599071,120.0
336,1739.1200330931008,1.00699122177939,120.0
337,1739.1214219401538,1.00733571461525,120.0
338,1739.1228107872066,1.00633196944963,120.0
339,1739.126977328365,1.00677578419042,120.0
340,1739.128366175417,1.0064693295622,120.0
341,1739.1297550224695,1.00643602377599,120.0
342,1739.1311438695222,1.00603435446258,120.0
343,1739.1325327165753,1.0067332924942,120.0
344,1739.1339215636278,1.00620787303274,120.0
345,1739.1353104106809,1.00753029708196,120.0
346,1739.1366992577337,1.0069440089765,120.0
347,1739.1380881047871,1.0069815022334,120.0
348,1739.142254646178,1.00745939474425,120.0
349,1739.143643493231,1.0064779241278,120.0
350,1739.1450323405163,1.00599007613482,120.0
351,1739.146421187569,1.00681648093958,120.0
352,1739.147810034622,1.00711698643297,120.0
353,1739.1491988819075,1.00670856721684,120.0
354,1739.1505877289599,1.00680350406383,120.0
355,1739.151976576012,1.0061558611268,120.0
356,1739.1533654232978,1.00658394464917,120.0
357,1739.1547542703504,1.00679744788798,120.0
358,1739.1561431176362,1.00593018953673,120.0
359,1739.1575319646893,1.00676313877738,120.0
360,1739.1589208119747,1.00624796235633,120.0
361,1739.1603096590268,1.0064739963865,120.0
362,1739.1616985063115,1.00576876017604,120.0
363,1739.1630873535976,1.00605610099164,120.0
364,1739.1644762006506,1.00649851694065,120.0
365,1739.165865047936,1.00598332452307,120.0
366,1739.167253894989,1.00643802781648,120.0
367,1739.1686427422746,1.00563644680407,120.0
368,1739.1700315895603,1.00713624665323,120.0
369,1739.1714204368452,1.00665111909614,120.0
370,1739.172809283897,1.00563732797376,120.0
371,1739.1741981311832,1.00587649369,120.0
372,1739.1755869784688,1.00622084935143,120.0
373,1739.1769758257544,1.00547924389281,120.0
374,1739.1783646730403,1.00637466865345,120.0
375,1739.1797535203257,1.00546018531258,120.0
376,1739.1811423673787,1.00568991223859,120.0
377,1739.1825312146636,1.00600151837692,120.0
378,1739.1839200619484,1.0063103156499,120.0
379,1739.1853089092344,1.0058300646492,120.0
380,1739.1866977565198,1.00605678301221,120.0
381,1739.1880866038057,1.00647976446143,120.0
382,1739.1894754510913,1.00623455620945,120.0
383,1739.1908642983767,1.00681305135206,120.0
384,1739.1922531458956,1.00557650762904,120.0
385,1739.1936419931803,1.00691173055957,120.0
386,1739.1950308404655,1.00677338821798,120.0
387,1739.1964196877511,1.00522129622417,120.0
388,1739.1978085350368,1.00522798259192,120.0
389,1739.1991973823226,1.00591594707112,120.0
390,1739.2005862298408,1.0052987969478,120.0
391,1739.2019750771267,1.00575159445467,120.0
392,1739.2033639244123,1.00581553045471,120.0
393,1739.2047527719303,1.00517039187041,120.0
394,1739.2061416192153,1.00571258227167,120.0
395,1739.2075304665007,1.00569677279077,120.0
396,1739.208919314019,1.00633652660963,120.0
397,1739.2103081613052,1.00590219233776,120.0
398,1739.2116970085904,1.00582468212901,120.0
399,1739.2130858561093,1.00615433468178,120.0
400,1739.2144747033942,1.00558572410061,120.0
401,1739.215863550912,1.00625185196317,120.0
402,1739.2172523981978,1.00462120487117,120.0
403,1739.218641245716,1.00538978032763,120.0
404,1739.220030093002,1.00496712733948,120.0
405,1739.2214189405204,1.00574061950102,120.0
406,1739.2228077880388,1.00554367949643,120.0
407,1739.2241966353247,1.00520135165489,120.0
408,1739.2255854828425,1.00510038865847,120.0
409,1739.2269743303602,1.00580201551169,120.0
410,1739.2283631776459,1.00485212954964,120.0
411,1739.2297520251652,1.00581896048502,120.0
412,1739.2311408726844,1.00589324296189,120.0
413,1739.2325297202024,1.00560331702924,120.0
414,1739.2339185674884,1.00553018702918,120.0
415,1739.235307415007,1.00514422473412,120.0
416,1739.236696262525,1.00499345770698,120.0
417,1739.2380851100427,1.00522941067746,120.0
418,1739.239473957561,1.00548479364429,120.0
419,1739.2408628050796,1.00628786913626,120.0
420,1739.242251652598,1.00635947387301,120.0
421,1739.2436405001165,1.00534391921432,120.0
422,1739.2450293476352,1.0053238435526,120.0
423,1739.2464181951534,1.00521651792995,120.0
424,1739.2478070426714,1.00478193252935,120.0
425,1739.2491958901894,1.00507502786225,120.0
426,1739.2505847377076,1.00529080883026,120.0
427,1739.2519735852263,1.00550332117089,120.0
428,1739.2533624327443,1.00534238448151,120.0
429,1739.2547512802632,1.00543664850191,120.0
430,1739.256140127782,1.00571745840454,120.0
431,1739.2575289753,1.00529891327839,120.0
432,1739.2589178230508,1.00481394142133,120.0
433,1739.2603066705683,1.00571481845377,120.0
434,1739.2616955180872,1.00532801692236,120.0
435,1739.263084365606,1.00516455327278,120.0
436,1739.2644732133567,1.00515054073457,120.0
437,1739.2658620608756,1.00465121052198,120.0
438,1739.2672509083939,1.00522870915091,120.0
439,1739.2686397561451,1.00501267018631,120.0
440,1739.2700286036631,1.00510790602313,120.0
441,1739.2714174511807,1.00555132146752,120.0
442,1739.2728062989324,1.00565172103984,120.0
443,1739.274195146451,1.00500303819485,120.0
444,1739.275583994202,1.00499316968693,120.0
445,1739.2769728417209,1.00488757169604,120.0
446,1739.278361689472,1.00519763996183,120.0
447,1739.2797505369906,1.00520585372463,120.0
448,1739.2811393847412,1.00429104213279,120.0
449,1739.2825282322588,1.00492654182597,120.0
450,1739.2839170800105,1.00467808235216,120.0
451,1739.2853059277616,1.00431317885486,120.0
452,1739.2866947752802,1.00501201315035,120.0
453,1739.2880836230315,1.00525757499595,120.0
454,1739.2894724707828,1.00540833312694,120.0
455,1739.2908613183004,1.00486839558722,120.0
456,1739.2922501660512,1.00463885646421,120.0
457,1739.2936390138027,1.00499538119824,120.0
458,1739.295027861554,1.00484494172562,120.0
459,1739.2964167093053,1.00456532528746,120.0
460,1739.297805556824,1.00489744539553,120.0
461,1739.299194404575,1.00453445223553,120.0
462,1739.3005832523263,1.00424947329888,120.0
463,1739.3019721000771,1.0044741944932,120.0
464,1739.3033609478275,1.00497259184503,120.0
465,1739.3047497955793,1.00470174217891,120.0
466,1739.3061386433303,1.00536109767785,120.0
467,1739.3075274910818,1.00506847442461,120.0
468,1739.3089163388331,1.00478511726366,120.0
469,1739.3103051865844,1.00527966288033,120.0
470,1739.311694034336,1.00457834462758,120.0
471,1739.3130828820863,1.0050478552711,120.0
472,1739.3144717298371,1.00450425327208,120.0
473,1739.3158605775886,1.00505800418628,120.0
474,1739.3172494253397,1.00503099676847,120.0
475,1739.318638273324,1.00406890144932,120.0
476,1739.320027121075,1.00445855570816,120.0
477,1739.3214159688273,1.00456472649632,120.0
478,1739.3228048165795,1.00505008784201,120.0
479,1739.32419366433,1.00442438770368,120.0
480,1739.3255825123135,1.00452065320726,120.0
481,1739.3269713600648,1.00514033875333,120.0
482,1739.328360207816,1.00457714390416,120.0
483,1739.3297490558004,1.00504309601521,120.0
484,1739.3311379035515,1.00363934226841,120.0
485,1739.332526751303,1.00438737502925,120.0
486,1739.3339155992871,1.00471116957218,120.0
487,1739.335304447038,1.00401350586826,120.0
488,1739.3366932950214,1.00448642917725,120.0
489,1739.3380821427725,1.00449258979925,120.0
490,1739.3394709907568,1.00502692325785,120.0
491,1739.3422486864922,1.00349396759909,120.0
492,1739.3436375342435,1.00449197645587,120.0
493,1739.3450263822276,1.00423278649243,120.0
494,1739.346415230211,1.00443373500228,120.0
495,1739.3478040779619,1.00418500590878,120.0
496,1739.349192925946,1.00439264200001,120.0
497,1739.3505817736975,1.00462150212848,120.0
498,1739.3519706216814,1.00374002381221,120.0
499,1739.3533594696655,1.00402444062156,120.0
500,1739.35474831765,1.00462288859734,120.0
501,1739.3561371654012,1.00423493141585,120.0
502,1739.3575260133844,1.00396507838047,120.0
503,1739.358914861368,1.00358844040006,120.0
504,1739.3603037093524,1.00457401173433,120.0
505,1739.3616925573367,1.00428917429964,120.0
506,1739.3630814050875,1.00440093314041,120.0
507,1739.364470253072,1.00448849927195,120.0
508,1739.365859101056,1.00371306671095,120.0
509,1739.3672479490403,1.00399686630332,120.0
510,1739.3686367970236,1.00389661552103,120.0
511,1739.3700256450072,1.00411086268347,120.0
512,1739.3714144929916,1.00471739678728,120.0
513,1739.3728033409755,1.00386096640522,120.0
514,1739.3741921889598,1.00363869519027,120.0
515,1739.375581036944,1.00386651771075,120.0
516,1739.376969884928,1.0036956920992,120.0
517,1739.3783587329115,1.00383126354452,120.0
518,1739.379747580895,1.00341856427879,120.0
519,1739.381136429112,1.00384012506463,120.0
520,1739.3825252770964,1.00332722557502,120.0
521,1739.3839141250803,1.00393349370272,120.0
522,1739.3853029730647,1.00339693797488,120.0
523,1739.3866918210488,1.0035891036623,120.0
524,1739.3880806692655,1.00349880235697,120.0
525,1739.3894695172492,1.0034569608684,120.0
526,1739.3908583652324,1.00396023751561,120.0
527,1739.3922472134495,1.00413060584744,120.0
528,1739.3936360614339,1.00368641426249,120.0
529,1739.395024909418,1.00321986370753,120.0
530,1739.3964137576352,1.00348006392815,120.0
531,1739.397802605619,1.00330343986679,120.0
532,1739.3991914536034,1.00358271916374,120.0
533,1739.4005803018197,1.00340271097557,120.0
534,1739.401969149803,1.00335607139216,120.0
535,1739.404746846004,1.00376882485656,120.0
536,1739.4061356942211,1.00332469379971,120.0
537,1739.4075245422055,1.00364290391318,120.0
538,1739.4089133904224,1.00385229257837,120.0
539,1739.4103022386396,1.00392191803835,120.0
540,1739.411691086623,1.00305133529792,120.0
541,1739.41307993484,1.00396496011644,120.0
542,1739.414468782825,1.00366441343815,120.0
543,1739.4158576310415,1.00373143338885,120.0
544,1739.417246479259,1.00327593077704,120.0
545,1739.4186353274756,1.00328862206641,120.0
546,1739.42002417546,1.00388901503602,120.0
547,1739.4214130236771,1.00311730805238,120.0
548,1739.4228018718934,1.00442253556156,120.0
549,1739.4241907201097,1.00324908943212,120.0
550,1739.4255795680936,1.00263599439913,120.0
551,1739.4269684163107,1.00301763436837,120.0
552,1739.428357264528,1.00354469862174,120.0
553,1739.4297461127446,1.00256795814269,120.0
554,1739.4311349609618,1.00346870091823,120.0
555,1739.4325238091787,1.00290995915347,120.0
556,1739.4339126573952,1.00302384952762,120.0
557,1739.4353015056115,1.00281831660403,120.0
558,1739.4366903538282,1.00341389619923,120.0
559,1739.4380792020454,1.00301725227886,120.0
560,1739.4394680502623,1.0035552402152,120.0
561,1739.4408568984793,1.00290007475739,120.0
562,1739.4422457466965,1.00334386596642,120.0
563,1739.4436345949132,1.00257347435068,120.0
564,1739.4450234431295,1.00328138756207,120.0
565,1739.446412291346,1.00352381167697,120.0
566,1739.447801139563,1.00272565260985,120.0
567,1739.449189988013,1.00302842391069,120.0
568,1739.4505788362296,1.00351287915844,120.0
569,1739.4519676844468,1.00280013271354,120.0
570,1739.4533565326635,1.00265990738211,120.0
571,1739.4547453808807,1.00250145354257,120.0
572,1739.4561342293296,1.00347015375568,120.0
573,1739.457523077546,1.00244731515761,120.0
574,1739.4589119257632,1.00310596511875,120.0
575,1739.460300774213,1.00329432131178,120.0
576,1739.46168962243,1.00273050175961,120.0
577,1739.4630784706471,1.00301419622769,120.0
578,1739.4644673190967,1.00236225099039,120.0
579,1739.4658561673139,1.00299697076997,120.0
580,1739.4672450157627,1.0027410737051,120.0
581,1739.4686338639792,1.00315521974143,120.0
582,1739.4700227124292,1.00274385238977,120.0
583,1739.471411560646,1.00275858152202,120.0
584,1739.472800409096,1.00325125372805,120.0
585,1739.4741892573131,1.00200443878964,120.0
586,1739.4755781057627,1.00360058586661,120.0
587,1739.4769669539799,1.00326424897903,120.0
588,1739.4783558024287,1.00309111260699,120.0
589,1739.479744650878,1.00281988775212,120.0
590,1739.4811334990952,1.00296134267528,120.0
591,1739.4825223475448,1.00272726585875,120.0
592,1739.4839111959948,1.00288045699666,120.0
593,1739.4853000442115,1.00290160841754,120.0
594,1739.4866888926615,1.00198056178462,120.0
595,1739.4880777411115,1.00283966287389,120.0
596,1739.4894665895606,1.0022796512209,120.0
597,1739.4908554377769,1.00266207692878,120.0
598,1739.4922442862264,1.00246436663963,120.0
599,1739.4936331346764,1.00161492148791,120.0
600,1739.4950219831264,1.00167072014385,120.0
601,1739.496410831576,1.00255921318992,120.0
602,1739.497799680026,1.00312144736749,120.0
603,1739.499188528475,1.00215088440141,120.0
604,1739.500577376924,1.00305593921714,120.0
605,1739.5019662251411,1.0019347912048,120.0
606,1739.503355073591,1.00197066804986,120.0
607,1739.5047439220411,1.00196350614275,120.0
608,1739.5075216189418,1.00199865427184,120.0
609,1739.5089104676247,1.00209965164752,120.0
610,1739.5102993160735,1.0021007267248,120.0
611,1739.5116881645229,1.00176339684514,120.0
612,1739.5130770129726,1.00266261367437,120.0
613,1739.5144658614224,1.00216022469301,120.0
614,1739.5158547098724,1.00221999916212,120.0
615,1739.517243558322,1.00256987439331,120.0
616,1739.518632406772,1.00243874831964,120.0
617,1739.5200212554548,1.0015909723018,120.0
618,1739.521410103904,1.00193302487536,120.0
619,1739.522798952353,1.00217643547092,120.0
620,1739.5241878008023,1.00206672247626,120.0
621,1739.5255766494854,1.00181104056912,120.0
622,1739.5269654979354,1.00259126308743,120.0
623,1739.5283543463847,1.00225530469302,120.0
624,1739.5297431950676,1.00192087080379,120.0
625,1739.5311320435171,1.00156406339652,120.0
626,1739.5325208921995,1.00121709818315,120.0
627,1739.5339097406488,1.00174525437563,120.0
628,1739.5352985890984,1.00200393398621,120.0
629,1739.5366874377812,1.00148639977212,120.0
630,1739.5380762862308,1.0021448082633,120.0
631,1739.5394651349136,1.00240285255774,120.0
632,1739.5408539833636,1.00139827521521,120.0
633,1739.542242832046,1.00207397552042,120.0
634,1739.543631680495,1.00225708857122,120.0
635,1739.545020529177,1.00220666115727,120.0
636,1739.5464093778598,1.00182024317386,120.0
637,1739.5477982263099,1.0020732051531,120.0
638,1739.5491870749922,1.00197034914375,120.0
639,1739.550575923675,1.00127307833718,120.0
640,1739.5519647721248,1.00183638426708,120.0
641,1739.5533536208075,1.0016168331305,120.0
642,1739.5547424694892,1.00146524629916,120.0
643,1739.5561313179385,1.00234342299776,120.0
644,1739.557520166621,1.00166647995716,120.0
645,1739.558909015304,1.00238852687485,120.0
646,1739.5602978639863,1.00196174722957,120.0
647,1739.5616867124363,1.0018897216145,120.0
648,1739.5630755611187,1.00212544545552,120.0
649,1739.5644644098015,1.00109972756834,120.0
650,1739.5658532584837,1.0013887726953,120.0
651,1739.5672421071656,1.00164027955509,120.0
652,1739.5686309558484,1.00121957196649,120.0
653,1739.5700198045308,1.0014073884097,120.0
654,1739.5714086532137,1.0014511643034,120.0
655,1739.5727975018963,1.00094919060402,120.0
656,1739.5741863505789,1.00175740980926,120.0
657,1739.5755751992615,1.00173751043059,120.0
658,1739.5769640479436,1.00215825392441,120.0
659,1739.5783528966256,1.00169573896751,120.0
660,1739.579741745308,1.00192862665733,120.0
661,1739.5811305939908,1.00165275864401,120.0
662,1739.5825194426736,1.00172043832808,120.0
663,1739.583908291356,1.00128906653766,120.0
664,1739.5852971400388,1.00201615320295,120.0
665,1739.5866859889543,1.0017043932143,120.0
666,1739.5880748376364,1.00203314023967,120.0
667,1739.5894636863184,1.00145764164978,120.0
668,1739.5908525350007,1.00201510481484,120.0
669,1739.5922413836836,1.00070979378463,120.0
670,1739.5936302325993,1.00155216173607,120.0
671,1739.5950190812816,1.00070899237484,120.0
672,1739.5964079299647,1.00108995651914,120.0
673,1739.5977967788813,1.0004089994303,120.0
674,1739.5991856275634,1.0012805939079,120.0
675,1739.6005744762451,1.00077994118778,120.0
676,1739.6019633251603,1.00077849250456,120.0
677,1739.6033521738434,1.00151602408079,120.0
678,1739.604741022526,1.0007704399489,120.0
679,1739.6061298714415,1.00111983263819,120.0
680,1739.6075187201243,1.00097659763453,120.0
681,1739.6089075690395,1.00032861564983,120.0
682,1739.6102964177214,1.00236485525658,120.0
683,1739.6116852666364,1.00131488831627,120.0
684,1739.613074115319,1.00055184893591,120.0
685,1739.6144629642347,1.00050225473229,120.0
686,1739.61585181315,1.00102371034877,120.0
687,1739.6172406618327,1.00022738512084,120.0
688,1739.618629510748,1.00050717157817,120.0
689,1739.6200183594308,1.00111140745136,120.0
690,1739.6214072083455,1.00097529206338,120.0
691,1739.6227960572603,1.00067497049575,120.0
692,1739.6241849059431,1.00026191441539,120.0
693,1739.6255737548584,1.00064462222045,120.0
694,1739.626962603774,1.00110141746144,120.0
695,1739.6283514526897,1.00100834879223,120.0
696,1739.629740301372,1.00088031118339,120.0
697,1739.6311291502875,1.00032908263114,120.0
698,1739.6325179992025,1.00065032122206,120.0
699,1739.6339068481172,1.00080124843644,120.0
700,1739.6352956970327,1.00157693495777,120.0
701,1739.636684545948,1.00073741230084,120.0
702,1739.6380733946307,1.00179243333779,120.0
703,1739.6394622435466,1.00103647520469,120.0
704,1739.6408510924618,1.00045456788848,120.0
705,1739.6422399413775,1.00082765066977,120.0
706,1739.6436287902923,0.99977137014687,120.0
707,1739.645017639207,1.000661206858,120.0
708,1739.6464064881227,1.00051197845123,120.0
709,1739.647795337038,1.00019858635867,120.0
710,1739.6491841859536,1.00086160140669,120.0
711,1739.6505730348688,1.00010506466319,120.0
712,1739.6519618837845,1.00036047622529,120.0
713,1739.6533507327,0.99880916208452,120.0
714,1739.6547395818477,1.0005033303187,120.0
715,1739.6561284307625,1.00024365258196,120.0
716,1739.657517279678,1.0008040599876,120.0
717,1739.6589061285931,1.00055647455613,120.0
718,1739.660294977509,0.99976549891249,120.0
719,1739.6616838264242,1.00084460005443,120.0
720,1739.6630726755727,1.00084249861174,120.0
721,1739.664461524488,1.0005572788922,120.0
722,1739.6658503734031,1.00110142656499,120.0
723,1739.667239222318,1.00026371727206,120.0
724,1739.668628071466,1.0005644754627,120.0
725,1739.6700169203816,1.00101107918708,120.0
726,1739.671405769297,1.00017207994894,120.0
727,1739.672794618445,1.00021975245332,120.0
728,1739.6741834673608,1.00072277200671,120.0
729,1739.675572316509,1.0,120.0
730,1739.6769611654236,1.00036770007994,120.0
731,1739.6783500143388,1.00048418197197,120.0
732,1739.679738863487,1.00077112534881,120.0
733,1739.6811277124027,1.00098412599766,120.0
734,1739.6825165615508,1.00021863780506,120.0
735,1739.6839054104664,1.00017626117857,120.0
736,1739.6852942596147,1.0001482042849,120.0
737,1739.68668310853,0.999950468907,120.0
738,1739.6880719576786,0.99965881334315,120.0
739,1739.6894608068267,1.00013367977248,120.0
740,1739.6908496557423,1.00015977434472,120.0
741,1739.6922385048908,0.99952509034628,120.0
742,1739.693627353806,1.00033512016946,120.0
743,1739.6950162029543,1.00026903967752,120.0
744,1739.6964050521024,1.00001498842581,120.0
745,1739.6977939010183,0.99994067510584,120.0
746,1739.6991827501658,1.00037941630189,120.0
747,1739.7005715993134,0.99994713418695,120.0
748,1739.701960448462,1.00095326007638,120.0
749,1739.7033492973771,1.00002245158161,120.0
750,1739.7047381465256,0.9994524996053,120.0
751,1739.706126995674,0.9996780400432,120.0
752,1739.7089046939707,0.99988421349937,120.0
753,1739.7102935431183,0.9992625118449,120.0
754,1739.711682392033,1.00063495014581,120.0
755,1739.7130712411815,1.00050490706154,120.0
756,1739.7144600903296,0.99918539378731,120.0
757,1739.715848939478,1.00054563138073,120.0
758,1739.7172377886263,0.9988257944438,120.0
759,1739.7186266377746,0.99983813915799,120.0
760,1739.720015486923,1.00026897634679,120.0
761,1739.7214043360707,1.00019454474196,120.0
762,1739.7227931852183,0.99939074718575,120.0
763,1739.7241820343663,1.00014885343175,120.0
764,1739.7255708835148,0.99994918444964,120.0
765,1739.726959732663,0.99933651744115,120.0
766,1739.728348582044,0.99919801703792,120.0
767,1739.7297374311927,1.0000731749625,120.0
768,1739.7311262803407,0.99924110608346,120.0
769,1739.7325151294888,1.00018641798188,120.0
770,1739.7339039786364,0.99927413613675,120.0
771,1739.7352928277844,0.9996325539922,120.0
772,1739.7366816771655,0.99855430791358,120.0
773,1739.7380705263142,0.99958587426841,120.0
774,1739.7394593754623,0.99904418196341,120.0
775,1739.7408482246108,1.00010273617874,120.0
776,1739.7422370739916,0.99948421643648,120.0
777,1739.7436259231395,0.99952149274974,120.0
778,1739.7450147722873,0.99918773353177,120.0
779,1739.746403621668,0.9989381817263,120.0
780,1739.7477924708166,0.99862058926469,120.0
781,1739.7491813199647,0.99898755699596,120.0
782,1739.750570169346,0.99886926524573,120.0
783,1739.7519590184943,0.99966837286283,120.0
784,1739.7533478678752,0.99943743722809,120.0
785,1739.7547367170228,0.99992513882538,120.0
786,1739.7561255664034,0.99927743513031,120.0
787,1739.757514415552,1.00021196687836,120.0
788,1739.7589032649332,0.99970501016843,120.0
789,1739.7602921140813,0.99943161676698,120.0
790,1739.7616809634626,0.99903374990926,120.0
791,1739.7630698126109,0.99966625814497,120.0
792,1739.764458661992,0.99963081515226,120.0
793,1739.7658475113724,0.9998721124392,120.0
794,1739.76723636052,0.99907920894866,120.0
795,1739.7686252099013,0.99904356856481,120.0
796,1739.7700140590496,0.99930651066971,120.0
797,1739.7714029084307,0.99983999332403,120.0
798,1739.772791757812,0.99935183887493,120.0
799,1739.7741806071929,0.99937552281812,120.0
800,1739.7755694563411,0.99928353777032,120.0
801,1739.7769583057216,0.99882135326827,120.0
802,1739.7783471551022,0.99894218338754,120.0
803,1739.779736004484,0.99893636535475,120.0
804,1739.7825137030143,0.99915326865721,120.0
805,1739.7839025523951,0.99891741504137,120.0
806,1739.7852914017765,0.99867274596202,120.0
807,1739.7866802511578,0.99904533886171,120.0
808,1739.7880691005382,0.99853479880967,120.0
809,1739.7894579499186,0.99886822992566,120.0
810,1739.7908467993,0.99981682540171,120.0
811,1739.792235648448,1.0002883914756,120.0
812,1739.7936244978291,0.99879977900263,120.0
813,1739.7950133472102,0.99951333140928,120.0
814,1739.7964021965915,0.99923500270659,120.0
815,1739.7977910459729,0.99967236490399,120.0
816,1739.799179895586,0.99908078906977,120.0
817,1739.8005687449663,0.99870485436232,120.0
818,1739.8019575943474,0.99884888622389,120.0
819,1739.8033464437287,0.99944158534816,120.0
820,1739.80473529311,0.99976023242108,120.0
821,1739.8061241424907,0.99958567409252,120.0
822,1739.8075129918723,0.99887090257268,120.0
823,1739.8089018412531,0.99823194725573,120.0
824,1739.8102906908666,0.99901622076179,120.0
825,1739.8116795402473,0.99884526670534,120.0
826,1739.813068389628,0.9987582580865,120.0
827,1739.8144572390095,0.99920914997818,120.0
828,1739.8158460883903,0.99858148258802,120.0
829,1739.8172349380045,0.99919575150967,120.0
830,1739.8186237873858,0.99967015607676,120.0
831,1739.8200126367667,0.99889143737993,120.0
832,1739.82140148638,0.99884833133235,120.0
833,1739.8227903357606,0.99857001067641,120.0
834,1739.8241791851417,0.99868563128745,120.0
835,1739.8255680347559,0.99797735463114,120.0
836,1739.8269568841367,0.99828607723687,120.0
837,1739.828345733751,0.99849889167323,120.0
838,1739.829734583132,0.99817771220439,120.0
839,1739.831123432513,0.99808519418269,120.0
840,1739.8325122821263,0.99933508739368,120.0
841,1739.8339011315068,0.99900469013571,120.0
842,1739.8352899811207,0.99851067849193,120.0
843,1739.836678830502,0.99865951853262,120.0
844,1739.838067680116,0.99846264303922,120.0
845,1739.83945652973,0.99818635153498,120.0
846,1739.8408453791108,0.99835166679288,120.0
847,1739.8422342287251,0.99838107991712,120.0
848,1739.8436230781056,0.99901798611544,120.0
849,1739.8450119277188,0.99816118853048,120.0
850,1739.8464007773327,0.99897078940838,120.0
851,1739.8477896267138,0.99782659490905,120.0
852,1739.849178476328,0.99890135865641,120.0
853,1739.850567325942,0.99894207680825,120.0
854,1739.851956175323,0.99833583678636,120.0
855,1739.8533450249372,0.99825255029579,120.0
856,1739.8547338745504,0.99805403875372,120.0
857,1739.8561227241637,0.99826003063329,120.0
858,1739.8575115737779,0.99842721546551,120.0
859,1739.8589004231587,0.99869059881954,120.0
860,1739.860289272773,0.99781798826468,120.0
861,1739.8616781223864,0.99789935721562,120.0
862,1739.8630669720008,0.99834863324862,120.0
863,1739.864455821615,0.99820928437035,120.0
864,1739.865844671228,0.99809244095583,120.0
865,1739.8672335208414,0.99928729161307,120.0
866,1739.8686223702223,0.99888380714229,120.0
867,1739.8700112198364,0.99811944731936,120.0
868,1739.871400069451,0.9980098089969,120.0
869,1739.8727889190657,0.99851187418414,120.0
870,1739.8741777686798,0.99814223044343,120.0
871,1739.8755666182935,0.99769470922169,120.0
872,1739.8769554679072,0.99782737755106,120.0
873,1739.878344317753,0.99796968966768,120.0
874,1739.879733167367,0.99752944513624,120.0
875,1739.8811220169812,0.99770915393038,120.0
876,1739.882510866595,0.9984905881066,120.0
877,1739.883899716209,0.99819909541992,120.0
878,1739.8852885658232,0.99931086988954,120.0
879,1739.886677415437,0.99798067421317,120.0
880,1739.88806626505,0.99872909983091,120.0
881,1739.8894551148965,0.99805220212017,120.0
882,1739.8908439645104,0.99781582091725,120.0
883,1739.8922328141243,0.99829414679879,120.0
884,1739.8936216637383,0.99811262178367,120.0
885,1739.8950105135852,0.99887831999771,120.0
886,1739.8963993631994,0.9983496635144,120.0
887,1739.897788212813,0.99804214509505,120.0
888,1739.8991770626592,0.99804142711136,120.0
889,1739.9005659122724,0.9973644828323,120.0
890,1739.9019547618866,0.99685874331631,120.0
891,1739.9033436117336,0.99787342420799,120.0
892,1739.9047324613473,0.9975078020045,120.0
893,1739.9061213109615,0.99842171931112,120.0
894,1739.907510160808,0.99836940279478,120.0
895,1739.908899010422,0.99800134513852,120.0
896,1739.9102878602682,0.99784222946204,120.0
897,1739.9116767098815,0.99788609820418,120.0
898,1739.9130655597285,0.99707123412258,120.0
899,1739.914454409342,0.99791523109704,120.0
900,1739.9158432591892,0.99857608504701,120.0
901,1739.917232108803,0.99746821510674,120.0
902,1739.9186209586499,0.99765342531322,120.0
903,1739.920009808264,0.99763499206954,120.0
904,1739.92139865811,0.99801105286383,120.0
905,1739.922787507956,0.99804707563757,120.0
906,1739.9241763575703,0.99790341610353,120.0
907,1739.9255652074169,0.99733857960147,120.0
908,1739.9269540572639,0.99800888165432,120.0
909,1739.9283429068776,0.997909980924,120.0
910,1739.9297317567243,0.99823378135306,120.0
911,1739.9311206065715,0.9980566504898,120.0
912,1739.9325094561852,0.99800364282054,120.0
913,1739.933898306031,0.99791399572452,120.0
914,1739.9352871558776,0.99782781206349,120.0
915,1739.9366760057244,0.99751712707138,120.0
916,1739.9380648555712,0.9975040865246,120.0
917,1739.939453705185,0.99731752840131,120.0
918,1739.940842555032,0.99796458770967,120.0
919,1739.9422314048788,0.99706605131026,120.0
920,1739.9436202547256,0.99714657308054,120.0
921,1739.9450091045717,0.9972227764097,120.0
922,1739.9463979544175,0.99764468035468,120.0
923,1739.9477868042648,0.99787811098992,120.0
924,1739.9491756541115,0.99728418007882,120.0
925,1739.9505645039583,0.99672326110123,120.0
926,1739.9519533538053,0.99713210328536,120.0
927,1739.9533422036518,0.99781594540712,120.0
928,1739.9547310534988,0.99794180920622,120.0
929,1739.9561199033449,0.99814759197032,120.0
930,1739.9575087531907,0.99735772051268,120.0
931,1739.958897603038,0.99874093413001,120.0
932,1739.9602864528845,0.99706301691056,120.0
933,1739.963064152579,0.99737850937165,120.0
934,1739.9644530024264,0.99794800700331,120.0
935,1739.9658418522731,0.99827479898114,120.0
936,1739.9672307021194,0.99780993500868,120.0
937,1739.9686195521983,0.9975164569562,120.0
938,1739.970008402045,0.99640380306608,120.0
939,1739.9713972518919,0.99708307003268,120.0
940,1739.9727861017388,0.99676285225921,120.0
941,1739.9741749518184,0.99748212894672,120.0
942,1739.9755638016652,0.99780335295767,120.0
943,1739.976952651512,0.99753039967363,120.0
944,1739.9783415013583,0.99689836393981,120.0
945,1739.9797303514372,0.9967389772934,120.0
946,1739.981119201284,0.99725014410228,120.0
947,1739.9825080511307,0.99636896752915,120.0
948,1739.9838969012103,0.99732648498218,120.0
949,1739.985285751057,0.99719527923923,120.0
950,1739.9866746011369,0.99699912081948,120.0
951,1739.9880634509836,0.99778244989607,120.0
952,1739.98945230083,0.99714528654768,120.0
953,1739.9908411509089,0.99705702699861,120.0
954,1739.9922300007554,0.99693624042306,120.0
955,1739.9936188508352,0.99756980527305,120.0
956,1739.995007700682,0.99732878429778,120.0
957,1739.9963965507616,0.99749761647718,120.0
958,1739.999174250688,0.99722373589853,120.0
959,1740.0005631007668,0.99679489261563,120.0
960,1740.0019519506131,0.99685614318185,120.0
961,1740.0033408006927,0.99710964284743,120.0
962,1740.0047296505395,0.99704932981572,120.0
963,1740.006118500619,0.99710369716381,120.0
964,1740.0075073506987,0.99809334546826,120.0
965,1740.008896200546,0.99770784683732,120.0
966,1740.0102850506253,0.99674535063726,120.0
967,1740.011673900704,0.99666158895328,120.0
968,1740.013062750783,0.99659058306034,120.0
969,1740.01445160063,0.99725370753278,120.0
970,1740.01584045071,0.99733629354474,120.0
971,1740.0172293007893,0.9965676415332,120.0
972,1740.018618150869,0.99681973101982,120.0
973,1740.0200070007156,0.99727802987024,120.0
974,1740.0213958507954,0.99708233933643,120.0
975,1740.0227847008744,0.99666332834125,120.0
976,1740.0241735509533,0.99783374019046,120.0
977,1740.025562401033,0.99706510124008,120.0
978,1740.0269512511125,0.99662738348969,120.0
979,1740.0283401011923,0.99650648272635,120.0
980,1740.029728951272,0.99630225664745,120.0
981,1740.0311178013515,0.99642854953248,120.0
982,1740.0325066511984,0.99705324397368,120.0
983,1740.0338955012771,0.99781054950989,120.0
984,1740.0352843513563,0.99740398794527,120.0
985,1740.036673201436,0.99644333013545,120.0
986,1740.0380620515155,0.9967389878465,120.0
987,1740.039450901828,0.99653131102268,120.0
988,1740.0408397519077,0.99625372248689,120.0
989,1740.0422286019873,0.99666279387999,120.0
990,1740.043617452067,0.99659060186648,120.0
991,1740.045006302146,0.99630198051508,120.0
992,1740.0463951522247,0.99620488604067,120.0
993,1740.0477840023043,0.99537006534208,120.0
994,1740.049172852384,0.99706930525239,120.0
995,1740.050561702464,0.99695744343711,120.0
996,1740.051950552776,0.99680289654027,120.0
997,1740.053339402856,0.99720635364705,120.0
998,1740.0547282529362,0.99675231992804,120.0
999,1740.0561171030165,0.99641754686281,120.0
1000,1740.0575059533282,0.99731358498106,120.0
1001,1740.0588948034072,0.99710997663636,120.0
1002,1740.0602836534867,0.99782125245492,120.0
1003,1740.0616725037996,0.99672653258437,120.0
1004,1740.0630613538788,0.99586689975544,120.0
1005,1740.0644502039588,0.9952862024741,120.0
1006,1740.065839054271,0.99726404968916,120.0
1007,1740.0672279043508,0.9960990676501,120.0
1008,1740.0686167544295,0.99618520592253,120.0
1009,1740.0700056047415,0.99538793265828,120.0
1010,1740.0713944548213,0.99671387127685,120.0
1011,1740.0727833051335,0.99698122326357,120.0
1012,1740.074172155213,0.99540891131794,120.0
1013,1740.075561005526,0.99670119011373,120.0
1014,1740.076949855605,0.99614445968717,120.0
1015,1740.078338705918,0.99588702680984,120.0
1016,1740.079727555997,0.99680272176729,120.0
1017,1740.0811164063086,0.99649146036204,120.0
1018,1740.0825052563885,0.99734097242023,120.0
1019,1740.0838941067007,0.99712350656383,120.0
1020,1740.0852829567805,0.99679444547433,120.0
1021,1740.086671807093,0.99645833186648,120.0
1022,1740.088060657405,0.99713944044106,120.0
1023,1740.0894495074851,0.99581987206445,120.0
1024,1740.0908383577969,0.9959878844205,120.0
1025,1740.0922272081086,0.99653164395273,120.0
1026,1740.0936160581882,0.99677722854028,120.0
1027,1740.0950049085006,0.99656379201769,120.0
1028,1740.0963937588133,0.99583793595131,120.0
1029,1740.0977826088927,0.99625039696836,120.0
1030,1740.0991714592053,0.99666392662564,120.0
1031,1740.1005603095175,0.99656481436122,120.0
1032,1740.1019491598297,0.99644651902041,120.0
1033,1740.1033380101414,0.99597635258448,120.0
1034,1740.1047268602208,0.99672111452549,120.0
1035,1740.1061157105335,0.99676734769456,120.0
1036,1740.1075045608459,0.99649606673697,120.0
1037,1740.1088934111583,0.99690858214157,120.0
1038,1740.1102822614707,0.9963425530621,120.0
1039,1740.1116711117832,0.99626582938857,120.0
1040,1740.113059962095,0.9959838807791,120.0
1041,1740.1144488124069,0.99568012988074,120.0
1042,1740.1158376627193,0.99651203546521,120.0
1043,1740.117226513032,0.99603045636085,120.0
1044,1740.118615363344,0.99609752898157,120.0
1045,1740.1200042136568,0.99590369069111,120.0
1046,1740.1213930639694,0.9965779607028,120.0
1047,1740.1227819142816,0.99636200939445,120.0
1048,1740.1241707645931,0.99605134984571,120.0
1049,1740.1255596149051,0.99589080013403,120.0
1050,1740.1269484652175,0.99570219575985,120.0
1051,1740.1283373155304,0.99664295578972,120.0
1052,1740.1297261658426,0.99619084695958,120.0
1053,1740.1311150161553,0.99669326857778,120.0
1054,1740.1325038664675,0.99638215656622,120.0
1055,1740.1338927170127,0.99635284109337,120.0
1056,1740.1352815673256,0.99676536702227,120.0
1057,1740.136670417637,0.9953344579883,120.0
1058,1740.138059267949,0.99617538089215,120.0
1059,1740.1394481182613,0.99625358069579,120.0
1060,1740.1408369688068,0.99642406165391,120.0
1061,1740.1422258191194,0.99682505345691,120.0
1062,1740.1436146694316,0.99536866851293,120.0
1063,1740.1450035197443,0.99594985097777,120.0
1064,1740.14639237029,0.99580764593651,120.0
1065,1740.1477812206028,0.99580920953776,120.0
1066,1740.1491700709144,0.99604211345975,120.0
1067,1740.1505589214596,0.99600425917577,120.0
1068,1740.1519477717723,0.99514114024927,120.0
1069,1740.1533366223175,0.99532001871728,120.0
1070,1740.15472547263,0.99578482193073,120.0
1071,1740.1561143229424,0.99618229160787,120.0
1072,1740.1575031734876,0.99596274145736,120.0
1073,1740.1588920237991,0.9957688775612,120.0
1074,1740.160280874344,0.99548580782967,120.0
1075,1740.1616697246563,0.99605755103181,120.0
1076,1740.163058575202,0.99562866535738,120.0
1077,1740.1644474255143,0.99638408702043,120.0
1078,1740.1658362760595,0.99534092951174,120.0
1079,1740.1672251263724,0.99543249417141,120.0
1080,1740.1686139769174,0.99560344825233,120.0
1081,1740.170002827462,0.99505773604914,120.0
1082,1740.1713916777735,0.99555049990957,120.0
1083,1740.1727805283192,0.99531726011227,120.0
1084,1740.1741693786319,0.99532464013745,120.0
1085,1740.1755582291769,0.99484539152556,120.0
1086,1740.1769470797224,0.99563969309217,120.0
1087,1740.1783359300343,0.99456448249399,120.0
1088,1740.17972478058,0.9953156579147,120.0
1089,1740.1811136311246,0.99432791445586,120.0
1090,1740.1825024816692,0.9954078695189,120.0
1091,1740.1838913319818,0.99555630283121,120.0
1092,1740.1852801825269,0.9946572463889,120.0
1093,1740.1866690330723,0.99502609896747,120.0
1094,1740.1880578836178,0.99576160987093,120.0
1095,1740.18944673393,0.99528712537326,120.0
1096,1740.1908355844755,0.99553819381944,120.0
1097,1740.19222443502,0.99488921495572,120.0
1098,1740.1936132855647,0.99496093404516,120.0
1099,1740.19500213611,0.9952787953536,120.0
1100,1740.1963909866552,0.9954111007657,120.0
1101,1740.1977798372006,0.99505417637579,120.0
1102,1740.199168687746,0.9949573293634,120.0
1103,1740.2005575382912,0.99520533915502,120.0
1104,1740.2019463888366,0.99515328517719,120.0
1105,1740.2033352391484,0.9958807706718,120.0
1106,1740.2047240896927,0.99510152402103,120.0
1107,1740.2061129402382,0.99512956256407,120.0
1108,1740.2075017910163,0.99448044125514,120.0
1109,1740.2088906415615,0.99519379262542,120.0
1110,1740.2102794921068,0.99479183175595,120.0
1111,1740.2116683426523,0.99510593296158,120.0
1112,1740.2130571931975,0.99522036645703,120.0
1113,1740.2144460437428,0.99525694044409,120.0
1114,1740.2158348942871,0.995477510711,120.0
1115,1740.217223744832,0.99438177644035,120.0
1116,1740.2186125953774,0.99510249039944,120.0
1117,1740.2200014459227,0.99486251417678,120.0
1118,1740.2213902967007,0.99512666555294,120.0
1119,1740.2227791472462,0.99436238443596,120.0
1120,1740.2241679977913,0.9953352792372,120.0
1121,1740.2255568483367,0.99554796570821,120.0
1122,1740.2269456988813,0.99486745890425,120.0
1123,1740.2283345496587,0.99534695038062,120.0
1124,1740.229723400204,0.99507735017428,120.0
1125,1740.2311122507492,0.99436997925542,120.0
1126,1740.2325011015275,0.99426620027156,120.0
1127,1740.235278802618,0.99539185953111,120.0
1128,1740.2366676533964,0.99518633249062,120.0
1129,1740.2380565039412,0.9963785713503,120.0
1130,1740.2394453544869,0.9948363629356,120.0
1131,1740.2408342052652,0.99456602216189,120.0
1132,1740.2422230558102,0.99444312557567,120.0
1133,1740.2436119065885,0.99477461090177,120.0
1134,1740.2450007571335,0.99486575929608,120.0
1135,1740.2463896079119,0.99529999393714,120.0
1136,1740.247778458457,0.9953117199796,120.0
1137,1740.2491673092347,0.99508884816764,120.0
1138,1740.2505561597793,0.99512035046793,120.0
1139,1740.2519450105572,0.99551654605607,120.0
1140,1740.2533338611026,0.99497606250235,120.0
1141,1740.2547227118807,0.99437545328049,120.0
1142,1740.256111562426,0.99531234884205,120.0
1143,1740.2575004132043,0.99442273868764,120.0
1144,1740.2588892637496,0.99534633962769,120.0
1145,1740.2602781145272,0.99454531112974,120.0
1146,1740.2616669653044,0.99572195013026,120.0
1147,1740.2630558158496,0.9954424869716,120.0
1148,1740.264444666628,0.99528431368523,120.0
1149,1740.265833517406,0.99487291970616,120.0
1150,1740.2672223679513,0.9949371080808,120.0
1151,1740.2686112187296,0.99545100981964,120.0
1152,1740.2700000695074,0.99526901155983,120.0
1153,1740.2713889202855,0.99489811761239,120.0
1154,1740.2727777708303,0.99494317423536,120.0
1155,1740.2741666216075,0.99546294209111,120.0
1156,1740.275555472386,0.99492528397758,120.0
1157,1740.276944323164,0.99464313179375,120.0
1158,1740.2783331739422,0.9947712808284,120.0
1159,1740.2797220244877,0.99490083648388,120.0
1160,1740.2811108752655,0.99462009879953,120.0
1161,1740.2824997260439,0.99611859900355,120.0
1162,1740.2838885768213,0.99472713996971,120.0
1163,1740.2852774275987,0.99572803810356,120.0
1164,1740.2866662783767,0.99498314379069,120.0
1165,1740.2880551291548,0.9944126785589,120.0
1166,1740.2894439799331,0.99517293387099,120.0
1167,1740.290832830711,0.99548145740594,120.0
1168,1740.2922216814893,0.99531114438125,120.0
1169,1740.2936105322676,0.99509316737855,120.0
1170,1740.294999383045,0.99473819831303,120.0
1171,1740.2963882338224,0.99498536166426,120.0
1172,1740.2977770846003,0.99530287731063,120.0
1173,1740.2991659353786,0.99488057479013,120.0
1174,1740.300554786157,0.99504332479368,120.0
1175,1740.3019436369348,0.99426674689188,120.0
1176,1740.303332487713,0.99514085620721,120.0
1177,1740.3047213384912,0.99415457908271,120.0
1178,1740.3061101892688,0.99512684407421,120.0
1179,1740.307499040279,0.99464374456408,120.0
1180,1740.3088878910569,0.99484873875452,120.0
1181,1740.3102767418352,0.99537182981452,120.0
1182,1740.3116655926133,0.99518947950791,120.0
1183,1740.3130544433911,0.99411197735566,120.0
1184,1740.3144432944025,0.99565004009006,120.0
1185,1740.3158321451804,0.99532319486488,120.0
1186,1740.3172209959575,0.99437184353111,120.0
1187,1740.3186098467354,0.99478982073549,120.0
1188,1740.3199986977463,0.99487144949319,120.0
1189,1740.3213875485246,0.99528748774758,120.0
1190,1740.3227763993025,0.99437220335815,120.0
1191,1740.3241652503136,0.99483579130084,120.0
1192,1740.3255541010917,0.99533854919859,120.0
1193,1740.3269429518698,0.99454230461158,120.0
1194,1740.3283318028807,0.99489103837769,120.0
1195,1740.3297206536588,0.99432291479244,120.0
1196,1740.33110950467,0.995387946178,120.0
1197,1740.3324983554483,0.99467137332415,120.0
1198,1740.333887206226,0.99398406371453,120.0
1199,1740.3352760572373,0.99464699968675,120.0
1200,1740.336664908015,0.99439214812441,120.0
1201,1740.3380537590263,0.99475819394116,120.0
1202,1740.3394426098043,0.99573622198393,120.0
1203,1740.3408314608148,0.99523069403016,120.0
1204,1740.342220311825,0.99556816911067,120.0
1205,1740.343609162603,0.99474255016526,120.0
1206,1740.344998013614,0.99514424161758,120.0
1207,1740.3463868643923,0.99524994987224,120.0
1208,1740.347775715403,0.99442971374217,120.0
1209,1740.3491645661811,0.99461188491333,120.0
1210,1740.3505534171923,0.99494295995305,120.0
1211,1740.3519422682027,0.99461674665901,120.0
1212,1740.35333111898,0.99494570183434,120.0
1213,1740.3547199699908,0.99373317004239,120.0
1214,1740.356108821002,0.99540616381071,120.0
1215,1740.35749767178,0.994273124397,120.0
1216,1740.3588865227907,0.99498508762641,120.0
1217,1740.360275373802,0.99429570900654,120.0
1218,1740.3616642248128,0.9950637862038,120.0
1219,1740.3644419266006,0.99502289294193,120.0
1220,1740.3658307776116,0.99567825195194,120.0
1221,1740.3672196286227,0.99417378648842,120.0
1222,1740.3686084796332,0.99467652482505,120.0
1223,1740.3699973306443,0.99457259295887,120.0
1224,1740.3713861814226,0.99468821033629,120.0
1225,1740.3727750324335,0.99483904628952,120.0
1226,1740.3741638834435,0.99455717662883,120.0
1227,1740.375552734454,0.99502649799911,120.0
1228,1740.3769415854651,0.99470657713246,120.0
1229,1740.378330436476,0.99382732477208,120.0
1230,1740.3797192874868,0.99481961353013,120.0
1231,1740.381108138498,0.99499751106985,120.0
1232,1740.3824969895088,0.99451120238716,120.0
1233,1740.38388584052,0.99475280285623,120.0
1234,1740.385274691531,0.99463667583256,120.0
1235,1740.386663542541,0.99482260142391,120.0
1236,1740.3880523935516,0.99456436503597,120.0
1237,1740.3894412445622,0.9952502873363,120.0
1238,1740.3908300955732,0.99429605355307,120.0
1239,1740.3922189465843,0.99516621505125,120.0
1240,1740.3936077975952,0.99517575571658,120.0
1241,1740.3949966486064,0.99463872391944,120.0
1242,1740.3963854998499,0.99411136536042,120.0
1243,1740.3977743508603,0.99517728457763,120.0
1244,1740.3991632018708,0.99446788821071,120.0
1245,1740.4005520528815,0.9953906540797,120.0
1246,1740.4019409038926,0.99477860009462,120.0
1247,1740.403329755136,0.99464969628939,120.0
1248,1740.4047186061473,0.99448025817977,120.0
1249,1740.4061074571584,0.99601334146947,120.0
1250,1740.4074963081691,0.99479442102534,120.0
1251,1740.408885159412,0.99403466873131,120.0
1252,1740.4102740104227,0.99453683853839,120.0
1253,1740.4116628614336,0.99424686982962,120.0
1254,1740.4130517124447,0.99540970198478,120.0
1255,1740.4144405636882,0.99506289985495,120.0
1256,1740.4158294146991,0.99354886327711,120.0
1257,1740.4172182659431,0.99470963846435,120.0
1258,1740.418607116954,0.99527084360109,120.0
1259,1740.4199959679652,0.99514523356943,120.0
1260,1740.4213848192087,0.99459456608239,120.0
1261,1740.4227736702198,0.99393578111177,120.0
1262,1740.4241625214636,0.99507355838437,120.0
1263,1740.4255513724745,0.99391043520098,120.0
1264,1740.4269402237185,0.99481091705231,120.0
1265,1740.4283290747292,0.99521837350219,120.0
1266,1740.4297179259731,0.99568116156196,120.0
1267,1740.4311067769843,0.99478860396184,120.0
1268,1740.4324956282271,0.99375320711305,120.0
1269,1740.4338844792376,0.99422684332886,120.0
1270,1740.435273330481,0.99436656228804,120.0
1271,1740.4366621814922,0.99476190871951,120.0
1272,1740.4380510327362,0.99413004089736,120.0
1273,1740.439439883747,0.99462465804692,120.0
1274,1740.4408287349909,0.99476586710037,120.0
1275,1740.4422175862344,0.9948216974869,120.0
1276,1740.4436064372449,0.99505984837563,120.0
1277,1740.444995288488,0.99444518079675,120.0
1278,1740.4463841397317,0.9944989124179,120.0
1279,1740.4477729907428,0.9945021165475,120.0
1280,1740.4491618419863,0.99417352823959,120.0
1281,1740.4505506932303,0.99369711444257,120.0
1282,1740.4519395444743,0.99428081095544,120.0
1283,1740.4533283954847,0.99520761802555,120.0
1284,1740.454717246728,0.99442027413296,120.0
1285,1740.456106097971,0.99369016631758,120.0
1286,1740.457494949215,0.99402692469805,120.0
1287,1740.458883800459,0.99455580280643,120.0
1288,1740.4602726514695,0.99427755923431,120.0
1289,1740.4616615027137,0.99364516715964,120.0
1290,1740.4630503539574,0.99400018312773,120.0
1291,1740.4644392052012,0.99451421326686,120.0
1292,1740.4658280564443,0.99399596681477,120.0
1293,1740.467216907687,0.9945991511972,120.0
1294,1740.4686057589313,0.99442099564734,120.0
1295,1740.469994610175,0.99440692435386,120.0
1296,1740.4713834614188,0.99434654664473,120.0
1297,1740.4727723126628,0.99434082076717,120.0
1298,1740.4741611639063,0.99472330893302,120.0
1299,1740.4755500151502,0.99395498908984,120.0
1300,1740.476938866394,0.99402721146935,120.0
1301,1740.4783277176373,0.99416312417168,120.0
1302,1740.4797165688803,0.99489256833251,120.0
1303,1740.4811054201239,0.99364057564116,120.0
1304,1740.4824942713678,0.99368342821441,120.0
1305,1740.4838831226118,0.9942913617951,120.0
1306,1740.485271973855,0.99362139399977,120.0
1307,1740.4866608250993,0.99417909108281,120.0
1308,1740.4880496763428,0.99351952449836,120.0
1309,1740.489438527586,0.99372285073672,120.0
1310,1740.4908273790622,0.99443851739238,120.0
1311,1740.4922162303055,0.99353842836723,120.0
1312,1740.4936050815495,0.99422500324085,120.0
1313,1740.4949939327932,0.99372650649051,120.0
1314,1740.4963827840372,0.99441725975869,120.0
1315,1740.4991604867575,0.99382124536517,120.0
1316,1740.5005493380006,0.99428686539333,120.0
1317,1740.5019381892437,0.99380262161519,120.0
1318,1740.5033270407205,0.99338723711827,120.0
1319,1740.5047158919645,0.99438744766573,120.0
1320,1740.506104743208,0.9946527165915,120.0
1321,1740.5074935946848,0.99415695795759,120.0
1322,1740.5088824459283,0.99422523652486,120.0
1323,1740.5102712971723,0.99380728241169,120.0
1324,1740.511660148649,0.99330722744372,120.0
1325,1740.5130489998924,0.99449420283367,120.0
1326,1740.5144378513692,0.99374839068683,120.0
1327,1740.5158267026131,0.99512773891952,120.0
1328,1740.5172155540895,0.99360981751387,120.0
1329,1740.5186044053337,0.99402472931797,120.0
1330,1740.5199932565772,0.99450023806991,120.0
1331,1740.521382108054,0.99461171755068,120.0
1332,1740.5227709592975,0.99393461193963,120.0
1333,1740.5241598107739,0.99378349840011,120.0
1334,1740.5255486620167,0.99397159144624,120.0
1335,1740.5269375134933,0.99369664622071,120.0
1336,1740.52832636497,0.99399419116451,120.0
1337,1740.5297152162138,0.99419278726559,120.0
1338,1740.5311040676904,0.9939128470183,120.0
1339,1740.5324929189344,0.99422119588965,120.0
1340,1740.5338817704107,0.99486374243178,120.0
1341,1740.5352706218869,0.99419908299593,120.0
1342,1740.53665947313,0.99414820200005,120.0
1343,1740.5380483246065,0.99406188634712,120.0
1344,1740.5394371760833,0.99463571350849,120.0
1345,1740.5408260273268,0.99388018514372,120.0
1346,1740.5422148788036,0.99421401661991,120.0
1347,1740.5436037302804,0.99381160850093,120.0
1348,1740.5449925817568,0.99398777188393,120.0
1349,1740.5463814329999,0.99470208110038,120.0
1350,1740.5477702844755,0.99370241872584,120.0
1351,1740.5491591359523,0.99308066826932,120.0
1352,1740.5505479874291,0.99370955231131,120.0
1353,1740.5519368386729,0.99474484874445,120.0
1354,1740.5533256901497,0.99394419135514,120.0
1355,1740.554714541626,0.9936408406066,120.0
1356,1740.5561033931028,0.99384114980476,120.0
1357,1740.5574922445796,0.99417576168967,120.0
1358,1740.5588810960555,0.99471634287434,120.0
1359,1740.5602699475314,0.99427073222549,120.0
1360,1740.561658799008,0.99351717870315,120.0
1361,1740.5630476504844,0.99402496576691,120.0
1362,1740.5644365017283,0.99411244360846,120.0
1363,1740.565825353205,0.99383585011958,120.0
1364,1740.5672142046817,0.99376683274646,120.0
1365,1740.5686030561583,0.99277510376978,120.0
1366,1740.5699919076344,0.99330920047859,120.0
1367,1740.5713807591103,0.99359308567465,120.0
1368,1740.5727696105866,0.99393064734741,120.0
1369,1740.5741584622963,0.99457269028543,120.0
1370,1740.5755473137729,0.99443534080399,120.0
1371,1740.5769361652494,0.99276419312866,120.0
1372,1740.5783250167262,0.99400112224574,120.0
1373,1740.5797138682024,0.99378840516771,120.0
1374,1740.5811027196785,0.99429309635799,120.0
1375,1740.5824915711546,0.99410537276418,120.0
1376,1740.5838804226312,0.99415268130984,120.0
1377,1740.585269274108,0.99369782785493,120.0
1378,1740.5866581258172,0.99395357513537,120.0
1379,1740.588046977294,0.99317018630869,120.0
1380,1740.5894358287708,0.99383696391363,120.0
1381,1740.5908246802471,0.9942147981784,120.0
1382,1740.592213531723,0.99302122376074,120.0
1383,1740.5936023834315,0.99340211333394,120.0
1384,1740.5949912349083,0.99383168837201,120.0
1385,1740.5963800863851,0.99338122188945,120.0
1386,1740.5977689380943,0.99401658220001,120.0
1387,1740.599157789571,0.99408393311103,120.0
1388,1740.6005466410477,0.9934484993588,120.0
1389,1740.601935492757,0.99413789175313,120.0
1390,1740.6033243442344,0.99328311648582,120.0
1391,1740.6047131957112,0.99410539828167,120.0
1392,1740.60610204742,0.99370625019628,120.0
1393,1740.6074908988965,0.99407789648119,120.0
1394,1740.608879750606,0.99310302777204,120.0
1395,1740.610268602083,0.9939280666869,120.0
1396,1740.6116574535592,0.99364972568374,120.0
1397,1740.6130463052689,0.99367483306136,120.0
1398,1740.6144351567455,0.99348884839514,120.0
1399,1740.6158240084544,0.99346087307052,120.0
1400,1740.6172128599303,0.99428202338587,120.0
1401,1740.6186017116395,0.99428152469432,120.0
1402,1740.6199905631163,0.9941947041938,120.0
1403,1740.6213794148257,0.99406843295718,120.0
1404,1740.6227682663023,0.99378889189875,120.0
1405,1740.624157118012,0.99313141252769,120.0
1406,1740.625545969721,0.99387467486317,120.0
1407,1740.6269348211968,0.99300845769669,120.0
1408,1740.628323672906,0.99336625045481,120.0
1409,1740.6297125243825,0.99373693568323,120.0
1410,1740.631101376092,0.99393894862447,120.0
1411,1740.632490227801,0.99321459941163,120.0
1412,1740.633879079278,0.99400171040596,120.0
1413,1740.6352679309875,0.9943845266259,120.0
1414,1740.6366567826967,0.99383971043414,120.0
1415,1740.6380456344064,0.99333159668861,120.0
1416,1740.6394344858825,0.99373716127822,120.0
1417,1740.6408233375912,0.99366663738201,120.0
1418,1740.6422121893008,0.99406851141086,120.0
1419,1740.64360104101,0.9937667039411,120.0
1420,1740.6449898924868,0.99400394948623,120.0
1421,1740.646378744196,0.99362271751334,120.0
1422,1740.6477675959056,0.99407790411484,120.0
1423,1740.6491564476153,0.99344542186253,120.0
1424,1740.650545299324,0.99482104475119,120.0
1425,1740.6519341510327,0.99359131659491,120.0
1426,1740.653323002509,0.99405096204105,120.0
1427,1740.6547118542187,0.99334593262608,120.0
1428,1740.6561007059283,0.99363028318749,120.0
1429,1740.6574895576375,0.99306146830311,120.0
1430,1740.6588784093472,0.99336695988633,120.0
1431,1740.6602672610563,0.99391954085849,120.0
1432,1740.6616561127653,0.99368948834973,120.0
1433,1740.6630449644742,0.99401904068889,120.0
1434,1740.6644338161834,0.9932829216321,120.0
1435,1740.665822667893,0.99316404650347,120.0
1436,1740.6672115196025,0.9938718367693,120.0
1437,1740.6686003713119,0.99368070908905,120.0
1438,1740.6699892230215,0.99471792424357,120.0
1439,1740.6713780747307,0.99346657398868,120.0
1440,1740.6727669264403,0.9939531779181,120.0
1441,1740.674155778149,0.99329306325967,120.0
1442,1740.6755446298575,0.99339018115222,120.0
1443,1740.6769334818002,0.99301426468595,120.0
1444,1740.6783223335094,0.99328908934542,120.0
1445,1740.679711185219,0.99468906255225,120.0
1446,1740.6811000369285,0.99373392300898,120.0
1447,1740.6824888886379,0.99388926471228,120.0
1448,1740.6838777403475,0.99394978843503,120.0
1449,1740.685266592289,0.99325490969336,120.0
1450,1740.6866554439976,0.99298602201092,120.0
1451,1740.6880442957072,0.99317834459199,120.0
1452,1740.6894331474164,0.99385450565235,120.0
1453,1740.690821999359,0.99374807968207,120.0
1454,1740.6922108510682,0.99408010359246,120.0
1455,1740.6935997027779,0.99316973280089,120.0
1456,1740.694988554488,0.99331605378819,120.0
1457,1740.6963774064304,0.99349714128234,120.0
1458,1740.6977662581392,0.99262889359163,120.0
1459,1740.6991551098483,0.99426170060816,120.0
1460,1740.7005439617908,0.99352770963248,120.0
1461,1740.7019328135004,0.99298667740436,120.0
1462,1740.7033216654424,0.99290982953648,120.0
1463,1740.704710517152,0.99378477434295,120.0
1464,1740.7060993688613,0.99342736874486,120.0
1465,1740.7074882208035,0.99394563659238,120.0
1466,1740.7088770725125,0.99273365403064,120.0
1467,1740.710265924454,0.99322693946402,120.0
1468,1740.7116547761636,0.99282250049241,120.0
1469,1740.7144324798153,0.99344055590557,120.0
1470,1740.7158213317575,0.9925952455241,120.0
1471,1740.7172101834667,0.99253064999228,120.0
1472,1740.7185990354094,0.99403370193022,120.0
1473,1740.719987887118,0.99400510860165,120.0
1474,1740.7213767390597,0.99255055659539,120.0
1475,1740.722765591002,0.99306334345404,120.0
1476,1740.724154442711,0.99483279036536,120.0
1477,1740.7255432946536,0.99281100169115,120.0
1478,1740.7269321463632,0.9930579026226,120.0
1479,1740.7283209983054,0.9929429121943,120.0
1480,1740.729709850248,0.99303736999753,120.0
1481,1740.7310987019566,0.99326505854827,120.0
1482,1740.732487553898,0.99363487943117,120.0
1483,1740.7338764058404,0.99362785989931,120.0
1484,1740.7352652577827,0.99324240797036,120.0
1485,1740.7366541094923,0.99288064952219,120.0
1486,1740.7380429614343,0.99381955951618,120.0
1487,1740.7394318133768,0.99379659957866,120.0
1488,1740.740820665319,0.99348400168907,120.0
1489,1740.7422095170284,0.9934594318462,120.0
1490,1740.74359836897,0.9933555497839,120.0
1491,1740.7449872209115,0.99346404490652,120.0
1492,1740.746376072854,0.99334788304758,120.0
1493,1740.7477649247965,0.99396893768084,120.0
1494,1740.7491537767385,0.99329088300004,120.0
1495,1740.75193148039,0.99388084656091,120.0
1496,1740.7533203323324,0.99358040031513,120.0
1497,1740.754709184274,0.99382423924936,120.0
1498,1740.7560980362157,0.99312761643904,120.0
1499,1740.757486888158,0.99308535736073,120.0
1500,1740.7588757401,0.99343000331646,120.0
1501,1740.7602645920426,0.99370502976158,120.0
1502,1740.761653443985,0.99359466142744,120.0
1503,1740.763042295927,0.991863382587,120.0
1504,1740.7644311478696,0.99331024941129,120.0
1505,1740.7658199998116,0.99362377229253,120.0
1506,1740.7672088517531,0.99382276774598,120.0
1507,1740.7685977036951,0.99263570628666,120.0
1508,1740.7699865556372,0.99303907343199,120.0
1509,1740.7713754075796,0.99270950414543,120.0
1510,1740.7727642595219,0.99332927045885,120.0
1511,1740.7741531116967,0.99264579339432,120.0
1512,1740.7755419636394,0.99351318165199,120.0
1513,1740.7769308155814,0.99313299582914,120.0
1514,1740.7783196675227,0.99261831597863,120.0
1515,1740.7797085194647,0.99299212594784,120.0
1516,1740.7810973714068,0.9924527707059,120.0
1517,1740.7824862235823,0.99316144956753,120.0
1518,1740.7838750755243,0.99319799509718,120.0
1519,1740.7852639274668,0.99384359317561,120.0
1520,1740.7866527794097,0.99380564655855,120.0
1521,1740.7880416313526,0.9927966046464,120.0
1522,1740.7894304835268,0.99361907943089,120.0
1523,1740.7908193354683,0.99336327173878,120.0
1524,1740.792208187411,0.99356626446987,120.0
1525,1740.793597039586,0.99328945596461,120.0
1526,1740.7949858915283,0.99266412504717,120.0
1527,1740.7963747434708,0.99273442189011,120.0
1528,1740.7977635956456,0.99364318366589,120.0
1529,1740.799152447588,0.99248745556695,120.0
1530,1740.8005412995303,0.99283142544331,120.0
1531,1740.8019301517047,0.99329165939499,120.0
1532,1740.8033190036465,0.99314652695442,120.0
1533,1740.804707855821,0.99282096264936,120.0
1534,1740.8060967077638,0.99314459895171,120.0
1535,1740.807485559939,0.99336957452835,120.0
1536,1740.808874411881,0.99355125492126,120.0
1537,1740.8102632640564,0.99314443187212,120.0
1538,1740.8116521159984,0.99403843965886,120.0
1539,1740.813040968173,0.9939296718134,120.0
1540,1740.8144298201148,0.99304602891461,120.0
1541,1740.8158186722897,0.9933971209595,120.0
1542,1740.817207524232,0.99298144380202,120.0
1543,1740.8185963764072,0.99342964283174,120.0
1544,1740.8199852283494,0.99343093450668,120.0
1545,1740.8213740805247,0.9937545852864,120.0
1546,1740.8227629326996,0.99297798342229,120.0
1547,1740.8255406368155,0.99317806910225,120.0
1548,1740.826929488758,0.99337215467632,120.0
1549,1740.8283183409333,0.99240590164726,120.0
1550,1740.829707193108,0.99359984064683,120.0
1551,1740.8310960450503,0.99392968256948,120.0
1552,1740.8324848972256,0.99272816701483,120.0
1553,1740.8338737494007,0.99325150984701,120.0
1554,1740.835262601576,0.99285373306274,120.0
1555,1740.8366514535176,0.99343253135538,120.0
1556,1740.838040305692,0.99293956283556,120.0
1557,1740.839429157867,0.99242060615599,120.0
1558,1740.840818010042,0.99238440825612,120.0
1559,1740.8422068619843,0.99301514939094,120.0
1560,1740.8435957141592,0.99314930633727,120.0
1561,1740.8449845663347,0.99287557439856,120.0
1562,1740.84637341851,0.99251103472425,120.0
1563,1740.8477622706844,0.99291462073006,120.0
1564,1740.8491511228588,0.99411057111782,120.0
1565,1740.8505399750336,0.99189788954805,120.0
1566,1740.851928826976,0.99295125466773,120.0
1567,1740.8533176791511,0.99355366621548,120.0
1568,1740.8547065313262,0.99262546555343,120.0
1569,1740.8560953835015,0.99295719519151,120.0
1570,1740.8574842356763,0.993139239602,120.0
1571,1740.8588730878516,0.99267068722775,120.0
1572,1740.860261940026,0.99335602601124,120.0
1573,1740.8616507922004,0.99319627653128,120.0
1574,1740.8630396443757,0.99326902226951,120.0
1575,1740.8644284965503,0.99272552595937,120.0
1576,1740.8658173487258,0.99275838525243,120.0
1577,1740.8672062009011,0.99320700368654,120.0
1578,1740.868595053076,0.99243142930225,120.0
1579,1740.8699839052513,0.99359615151998,120.0
1580,1740.8713727576585,0.99284534129627,120.0
1581,1740.8727616098329,0.9931007919235,120.0
1582,1740.874150462008,0.99307035797956,120.0
1583,1740.875539314183,0.99269263772435,120.0
1584,1740.8769281663583,0.99249636246095,120.0
1585,1740.878317018534,0.99316223210517,120.0
1586,1740.8797058707098,0.99321212369512,120.0
1587,1740.881094723118,0.99318889486184,120.0
1588,1740.8824835752923,0.99322614082728,120.0
1589,1740.8838724274667,0.99351294851979,120.0
1590,1740.8852612796416,0.99261852106583,120.0
1591,1740.8866501320497,0.9924483370723,120.0
1592,1740.8880389842247,0.99314312715173,120.0
1593,1740.8894278363998,0.99327534352639,120.0
1594,1740.8908166885751,0.99268905862674,120.0
1595,1740.892205540983,0.99366543743225,120.0
1596,1740.893594393158,0.99289498860936,120.0
1597,1740.8949832453325,0.9933194266514,120.0
1598,1740.8963720977397,0.99312175933454,120.0
1599,1740.8977609499148,0.99304359914056,120.0
1600,1740.8991498020903,0.99295763755511,120.0
1601,1740.900538654498,0.99325855351342,120.0
1602,1740.9019275066732,0.99198612648894,120.0
1603,1740.9033163590807,0.9929040975837,120.0
1604,1740.9047052112562,0.99275824285753,120.0
1605,1740.9060940634306,0.99386801367879,120.0
1606,1740.9074829158378,0.99353387000584,120.0
1607,1740.9088717680131,0.99318514551559,120.0
1608,1740.9102606204208,0.9924682826771,120.0
1609,1740.911649472596,0.99314615669344,120.0
1610,1740.9130383250042,0.99347074870889,120.0
1611,1740.914427177179,0.99360207046445,120.0
1612,1740.9158160295872,0.99261095182046,120.0
1613,1740.917204881762,0.99244421029863,120.0
1614,1740.9185937341695,0.99267919427693,120.0
1615,1740.919982586577,0.99296560865099,120.0
1616,1740.9213714387515,0.99305133736527,120.0
1617,1740.9227602911599,0.99386272821902,120.0
1618,1740.9241491433347,0.99179539416639,120.0
1619,1740.9255379957428,0.99252520413985,120.0
1620,1740.9269268481507,0.99221029013033,120.0
1621,1740.9283157003258,0.99326537689975,120.0
1622,1740.929704552733,0.99216801229894,120.0
1623,1740.9310934051405,0.99216639333281,120.0
1624,1740.9324822573155,0.99291606822126,120.0
1625,1740.9338711097237,0.99196240437382,120.0
1626,1740.935259962131,0.99225306163965,120.0
1627,1740.9366488145395,0.99267504717693,120.0
1628,1740.9380376667143,0.9922706146191,120.0
1629,1740.9394265191224,0.99300817222577,120.0
1630,1740.9408153715303,0.99334142057294,120.0
1631,1740.9422042239376,0.99248779876408,120.0
1632,1740.943593076345,0.9930887076163,120.0
1633,1740.94498192852,0.99309274310821,120.0
1634,1740.946370780928,0.99229569362887,120.0
1635,1740.947759633336,0.99342496190584,120.0
1636,1740.9491484857435,0.99317307637963,120.0
1637,1740.950537338152,0.99293951873038,120.0
1638,1740.95192619056,0.99435070392543,120.0
1639,1740.9533150429672,0.99298507390704,120.0
1640,1740.9547038951416,0.99295890763706,120.0
1641,1740.9560927475493,0.99280594400895,120.0
1642,1740.9574815999574,0.99319183475123,120.0
1643,1740.9588704523655,0.99319242678292,120.0
1644,1740.9602593047732,0.99286018187686,120.0
1645,1740.9616481571811,0.99220749096501,120.0
1646,1740.963037009589,0.99280027735557,120.0
1647,1740.965814714404,0.99243734577496,120.0
1648,1740.9672035668116,0.9929604415305,120.0
1649,1740.9685924192197,0.99274862524095,120.0
1650,1740.9699812716283,0.9926604152516,120.0
1651,1740.9713701242697,0.99240998739807,120.0
1652,1740.9727589766778,0.99302010957193,120.0
1653,1740.9741478290855,0.99303920311846,120.0
1654,1740.9755366814936,0.99237042350219,120.0
1655,1740.9769255339008,0.99273863003049,120.0
1656,1740.978314386308,0.99237789027438,120.0
1657,1740.979703238716,0.99254313545431,120.0
1658,1740.9810920913567,0.99291684546174,120.0
1659,1740.9824809437648,0.99311220743646,120.0
1660,1740.9838697961727,0.99263733229673,120.0
1661,1740.9852586485806,0.99307153947801,120.0
1662,1740.9866475009887,0.9925960821419,120.0
1663,1740.9880363536288,0.99301266051926,120.0
1664,1740.989425206036,0.9923638736918,120.0
1665,1740.990814058444,0.99335045967131,120.0
1666,1740.9922029108518,0.99199766658394,120.0
1667,1740.9935917634928,0.99259311281506,120.0
1668,1740.9949806159004,0.99279105593555,120.0
1669,1740.9963694683083,0.99281257897163,120.0
1670,1740.9977583209493,0.99326857868975,120.0
1671,1740.9991471733572,0.99251897148144,120.0
1672,1741.0005360257644,0.99308093910836,120.0
1673,1741.0019248784045,0.99297747273266,120.0
1674,1741.0033137308124,0.99270196818045,120.0
1675,1741.0047025834535,0.99230629300918,120.0
1676,1741.0060914358612,0.99280773523109,120.0
1677,1741.007480288502,0.99269889290478,120.0
1678,1741.0088691409098,0.99300622429316,120.0
1679,1741.010257993318,0.99291625524577,120.0
1680,1741.011646845958,0.99280325497824,120.0
1681,1741.0130356983652,0.99219333008942,120.0
1682,1741.014424551006,0.99264675616187,120.0
1683,1741.0158134034139,0.99235423804558,120.0
1684,1741.0172022560548,0.99298466647818,120.0
1685,1741.0185911086955,0.99185442860206,120.0
1686,1741.0199799611034,0.99304442197992,120.0
1687,1741.0213688137444,0.9928319402538,120.0
1688,1741.022757666152,0.99276703463475,120.0
1689,1741.0241465187923,0.99316511924523,120.0
1690,1741.0255353711996,0.99276346345328,120.0
1691,1741.0269242238403,0.99259576357466,120.0
1692,1741.0283130764813,0.99262157589157,120.0
1693,1741.0297019288892,0.99246917225565,120.0
1694,1741.0310907815299,0.99250309714158,120.0
1695,1741.0324796341708,0.99267670889365,120.0
1696,1741.0338684865785,0.99245174652411,120.0
1697,1741.0352573392183,0.99321913922295,120.0
1698,1741.0366461918588,0.99296847710621,120.0
1699,1741.0380350444996,0.99320160789764,120.0
1700,1741.0394238969077,0.99303220130682,120.0
1701,1741.040812749548,0.99277766281755,120.0
1702,1741.0422016021892,0.99204885797711,120.0
1703,1741.0435904548299,0.99314299663225,120.0
1704,1741.0449793072376,0.99265748427608,120.0
1705,1741.0463681598787,0.99204252477081,120.0
1706,1741.0477570125188,0.99339379639148,120.0
1707,1741.0491458651588,0.99254775417884,120.0
1708,1741.0505347177996,0.99218855749638,120.0
1709,1741.0519235704403,0.99275216474596,120.0
1710,1741.0533124230813,0.99310863589469,120.0
1711,1741.0547012754887,0.99246282862568,120.0
1712,1741.0560901281299,0.99354080923784,120.0
1713,1741.0574789807708,0.99372817731792,120.0
1714,1741.0588678334109,0.99258919056369,120.0
1715,1741.0602566860507,0.99293029654118,120.0
1716,1741.0616455386923,0.99314641527419,120.0
1717,1741.0630343913335,0.9919430625608,120.0
1718,1741.0644232439747,0.99268910839864,120.0
1719,1741.0658120966152,0.99199538094997,120.0
1720,1741.067200949256,0.99341408281319,120.0
1721,1741.0685898018967,0.99305651299067,120.0
1722,1741.0699786545376,0.9935977238035,120.0
1723,1741.0713675071777,0.9929554796959,120.0
1724,1741.0727563598175,0.99315639073164,120.0
1725,1741.0741452124587,0.99413904247831,120.0
1726,1741.0755340650992,0.99282184818967,120.0
1727,1741.0769229179728,0.99329506624608,120.0
1728,1741.078311770614,0.99294047599301,120.0
1729,1741.0797006232544,0.99311308798427,120.0
1730,1741.0810894758954,0.99334965837769,120.0
1731,1741.0824783285354,0.992334000282,120.0
1732,1741.0838671811755,0.99245741136972,120.0
1733,1741.0852560338164,0.99288487044073,120.0
1734,1741.0866448866896,0.99294060440951,120.0
1735,1741.0880337393307,0.99269768416113,120.0
1736,1741.0894225919715,0.99278659746005,120.0
1737,1741.0908114446122,0.99283098231332,120.0
1738,1741.092200297486,0.99243430778834,120.0
1739,1741.0935891501265,0.99267388025029,120.0
1740,1741.0949780027663,0.99265647797677,120.0
1741,1741.0963668556396,0.99284172549327,120.0
1742,1741.0977557082804,0.99322788831365,120.0
1743,1741.099144560921,0.99225334609211,120.0
1744,1741.1005334135618,0.99268407314618,120.0
1745,1741.1019222664356,0.99330646149302,120.0
1746,1741.1033111190764,0.9932835426632,120.0
1747,1741.10469997195,0.99335684724859,120.0
1748,1741.10608882459,0.99355728589559,120.0
1749,1741.10747767723,0.99276410213534,120.0
1750,1741.1088665301038,0.99301488389038,120.0
1751,1741.1102553827448,0.99264657637325,120.0
1752,1741.111644235618,0.99335151709399,120.0
1753,1741.113033088259,0.99313260046948,120.0
1754,1741.1144219411324,0.99375125339865,120.0
1755,1741.115810793773,0.99288064318763,120.0
1756,1741.1171996466471,0.99270138869443,120.0
1757,1741.1185884992872,0.9935091189093,120.0
1758,1741.11997735216,0.99261943431849,120.0
1759,1741.1213662048003,0.99262631541534,120.0
1760,1741.1227550576743,0.99289093822052,120.0
1761,1741.1241439103153,0.99285309325501,120.0
1762,1741.1255327631886,0.99263371603471,120.0
1763,1741.1269216158296,0.99261560309639,120.0
1764,1741.1283104687027,0.9928287844067,120.0
1765,1741.129699321576,0.99268628735622,120.0
1766,1741.1310881742163,0.99275058624763,120.0
1767,1741.1324770270896,0.99305154146978,120.0
1768,1741.1338658799634,0.99373546648442,120.0
1769,1741.135254732604,0.99233725472897,120.0
1770,1741.1366435854775,0.99260846328451,120.0
1771,1741.1380324383515,0.99255204566459,120.0
1772,1741.139421290992,0.9926024033585,120.0
1773,1741.1408101438656,0.9925911374455,120.0
1774,1741.1421989967387,0.99251828276906,120.0
1775,1741.1435878496115,0.99300012623801,120.0
1776,1741.1449767022525,0.99318625905963,120.0
1777,1741.1463655551258,0.99290823207295,120.0
1778,1741.1477544079996,0.99232280160237,120.0
1779,1741.1491432608732,0.99383910077289,120.0
1780,1741.150532113514,0.99327893262433,120.0
1781,1741.1519209663877,0.99292112244425,120.0
1782,1741.153309819261,0.9921718749456,120.0
1783,1741.1546986721348,0.99255626025341,120.0
1784,1741.1560875250084,0.99204422642571,120.0
1785,1741.157476377882,0.99305574853943,120.0
1786,1741.1588652307555,0.99289037770658,120.0
1787,1741.160254083629,0.99239797099432,120.0
1788,1741.16164293627,0.99280237012555,120.0
1789,1741.1630317891438,0.99283109215452,120.0
1790,1741.1644206420171,0.99197406003804,120.0
1791,1741.16580949489,0.99252824608078,120.0
1792,1741.167198347763,0.99287084306312,120.0
1793,1741.1685872006367,0.99262011548146,120.0
1794,1741.1699760535105,0.9924014209409,120.0
1795,1741.1713649063838,0.9927119826818,120.0
1796,1741.1727537592576,0.99285560022177,120.0
1797,1741.1741426121307,0.99224941748382,120.0
1798,1741.1755314650047,0.99318690007476,120.0
1799,1741.1769203181104,0.99338190459721,120.0
1800,1741.1783091709833,0.99369241939745,120.0
1801,1741.179698023857,0.99210964263294,120.0
1802,1741.1810868767307,0.99225911724533,120.0
1803,1741.1824757296042,0.99341196424065,120.0
1804,1741.183864582478,0.99294441298686,120.0
1805,1741.1852534353511,0.99328117484091,120.0
1806,1741.1866422882251,0.99258756994581,120.0
1807,1741.1880311413315,0.99344573868919,120.0
1808,1741.1894199942046,0.99250153389009,120.0
1809,1741.1908088470775,0.99327878410499,120.0
1810,1741.1921976999508,0.99254074264787,120.0
1811,1741.1935865528246,0.99236287757566,120.0
1812,1741.194975405931,0.99416403016426,120.0
1813,1741.1963642588044,0.99307036925938,120.0
1814,1741.1977531116784,0.99408011407052,120.0
1815,1741.1991419645517,0.99281616170896,120.0
1816,1741.2005308176574,0.99322555888011,120.0
1817,1741.2019196705303,0.99318554445672,120.0
1818,1741.203308523404,0.99289772382261,120.0
1819,1741.2046973765107,0.99291940941735,120.0
1820,1741.206086229384,0.99249500991891,120.0
1821,1741.2074750822578,0.99285646155349,120.0
1822,1741.2088639353644,0.99319523981567,120.0
1823,1741.2102527882375,0.99299018963386,120.0
1824,1741.2116416411116,0.99319900465347,120.0
1825,1741.2130304942173,0.99311406191649,120.0
1826,1741.21441934709,0.9928875317581,120.0
1827,1741.2158082001968,0.99239399817203,120.0
1828,1741.21719705307,0.99391553760325,120.0
1829,1741.2185859061767,0.99191024688414,120.0
1830,1741.21997475905,0.99279349340831,120.0
1831,1741.2213636121567,0.99346271644395,120.0
1832,1741.2227524650305,0.99299228275997,120.0
1833,1741.224141318136,0.99289393300342,120.0
1834,1741.225530171009,0.99362655901759,120.0
1835,1741.2269190241152,0.99285452299454,120.0
1836,1741.2283078769888,0.9930923188451,120.0
1837,1741.2296967300956,0.99345157682474,120.0
1838,1741.2310855829687,0.99318022232935,120.0
1839,1741.2324744360756,0.99273479759533,120.0
1840,1741.233863289182,0.9926953243346,120.0
1841,1741.2352521420555,0.99337518102981,120.0
1842,1741.2366409951612,0.99315299930764,120.0
1843,1741.2380298482667,0.99267906366628,120.0
1844,1741.2394187011407,0.99341256972689,120.0
1845,1741.240807554247,0.99179623425144,120.0
1846,1741.2421964073535,0.99401060639808,120.0
1847,1741.2435852602273,0.99314871426723,120.0
1848,1741.2449741133344,0.99291472686849,120.0
1849,1741.2463629664414,0.9923336878571,120.0
1850,1741.2477518193143,0.99274134253227,120.0
1851,1741.24914067242,0.9935067689946,120.0
1852,1741.2505295255266,0.99301553590265,120.0
1853,1741.2519183786328,0.99331680746979,120.0
1854,1741.2533072315066,0.99286447357729,120.0
1855,1741.2546960846128,0.99360063559507,120.0
1856,1741.257473790826,0.9931344226066,120.0
1857,1741.258862643932,0.99279979771243,120.0
1858,1741.260251497038,0.99328775262088,120.0
1859,1741.2616403499112,0.99430586986068,120.0
1860,1741.2630292030171,0.99313643203585,120.0
1861,1741.264418056124,0.99334383746067,120.0
1862,1741.26580690923,0.99362109102252,120.0
1863,1741.2671957623368,0.99334393811818,120.0
1864,1741.2685846154432,0.99321776649117,120.0
1865,1741.2699734685496,0.99260388810333,120.0
1866,1741.2713623216553,0.99301168644387,120.0
1867,1741.2727511747607,0.99311188203011,120.0
1868,1741.2741400278676,0.9931895094807,120.0
1869,1741.2755288809742,0.99325458824944,120.0
1870,1741.2769177340804,0.99294582821054,120.0
1871,1741.2783065871868,0.99307223383918,120.0
1872,1741.2796954402932,0.99319136179031,120.0
1873,1741.2810842933995,0.99311207724493,120.0
1874,1741.2824731465064,0.99318938368997,120.0
1875,1741.283861999612,0.99263898715314,120.0
1876,1741.2852508527178,0.99278774541003,120.0
1877,1741.2866397058242,0.9929598816447,120.0
1878,1741.2880285589304,0.99231785861168,120.0
1879,1741.28941741227,0.99249141850395,120.0
1880,1741.2908062653762,0.99265613015458,120.0
1881,1741.2921951184828,0.99283849035118,120.0
1882,1741.2935839715892,0.99315453748429,120.0
1883,1741.2949728246952,0.99320799784693,120.0
1884,1741.2963616778009,0.99227331013088,120.0
1885,1741.2977505311399,0.9933871580386,120.0
1886,1741.2991393842465,0.99364177738353,120.0
1887,1741.3005282373529,0.993433371006,120.0
1888,1741.3019170904593,0.99260085921232,120.0
1889,1741.3033059437987,0.99286092941791,120.0
1890,1741.3046947969049,0.9935093474447,120.0
1891,1741.3060836500115,0.99270089819478,120.0
1892,1741.3074725031172,0.99349802664912,120.0
1893,1741.3088613564555,0.9929667328119,120.0
1894,1741.3102502095624,0.99316941880767,120.0
1895,1741.3116390626683,0.99286013146429,120.0
1896,1741.313027916008,0.99250262137613,120.0
1897,1741.3144167691144,0.99326500268326,120.0
1898,1741.3158056222208,0.9931956683144,120.0
1899,1741.3171944755602,0.99284957375499,120.0
1900,1741.3185833286664,0.99322696199632,120.0
1901,1741.3199721820051,0.99220741412329,120.0
1902,1741.321361035111,0.99226594613138,120.0
1903,1741.32274988845,0.99340356707858,120.0
1904,1741.3241387415567,0.99368508918597,120.0
1905,1741.3255275946628,0.9927353964587,120.0
1906,1741.3269164480023,0.99372416849899,120.0
1907,1741.328305301109,0.99223678412977,120.0
1908,1741.329694154448,0.99260763074721,120.0
1909,1741.3310830075536,0.99376399596542,120.0
1910,1741.332471860892,0.99274540140243,120.0
1911,1741.3338607142316,0.99337009253424,120.0
1912,1741.3352495673382,0.99354634374927,120.0
1913,1741.336638420678,0.99306712731781,120.0
1914,1741.3380272737852,0.99311970251737,120.0
1915,1741.3394161271244,0.99358014417222,120.0
1916,1741.3408049802308,0.9931955941936,120.0
1917,1741.3421938335703,0.99323239176778,120.0
1918,1741.3435826869088,0.99381336872373,120.0
1919,1741.3449715400145,0.99291221956156,120.0
1920,1741.3463603933535,0.99333773558841,120.0
1921,1741.3477492466927,0.9933944110634,120.0
1922,1741.3491380997996,0.99328328737971,120.0
1923,1741.3505269531383,0.99254090524077,120.0
1924,1741.351915806478,0.99291282842285,120.0
1925,1741.3533046598172,0.99313400357997,120.0
1926,1741.3546935129232,0.99315465793302,120.0
1927,1741.3560823662615,0.99368461660288,120.0
1928,1741.3574712196007,0.99307147281474,120.0
1929,1741.35886007294,0.99257301743079,120.0
1930,1741.3602489260463,0.99282942528902,120.0
1931,1741.3616377793855,0.99333872911795,120.0
1932,1741.3630266327252,0.99315602412251,120.0
1933,1741.3644154860642,0.9930059298563,120.0
1934,1741.3658043394037,0.99245863482896,120.0
1935,1741.3671931925091,0.9933012119603,120.0
1936,1741.368582045848,0.99395126012293,120.0
1937,1741.3699708991871,0.99366684698144,120.0
1938,1741.3713597525264,0.99414609525708,120.0
1939,1741.3727486058658,0.99304861540574,120.0
1940,1741.3741374592053,0.99301583843001,120.0
1941,1741.3755263125443,0.99323568171905,120.0
1942,1741.3769151658837,0.99360459527401,120.0
1943,1741.3783040192227,0.99327015108979,120.0
1944,1741.3796928725615,0.99322834678778,120.0
1945,1741.3810817259002,0.99359979829069,120.0
1946,1741.3824705792392,0.99335667984619,120.0
1947,1741.3838594325787,0.9937063298673,120.0
1948,1741.3852482859177,0.99342218475031,120.0
1949,1741.3866371392571,0.99376937005357,120.0
1950,1741.3880259925963,0.99354599026827,120.0
1951,1741.3894148459356,0.99379765320943,120.0
1952,1741.390803699274,0.99336015413558,120.0
1953,1741.3921925526129,0.99295802521498,120.0
1954,1741.393581405952,0.9939407939806,120.0
1955,1741.3949702592915,0.99361301885782,120.0
1956,1741.3963591126303,0.99297726686012,120.0
1957,1741.39774796597,0.99381103639818,120.0
1958,1741.399136819542,0.99369476528389,120.0
1959,1741.4005256728813,0.99354714267838,120.0
1960,1741.4019145262207,0.99465065625605,120.0
1961,1741.4033033795592,0.99419766848743,120.0
1962,1741.4046922328976,0.99434968582257,120.0
1963,1741.4060810864698,0.99322774665547,120.0
1964,1741.407469939809,0.99451179406065,120.0
1965,1741.4088587931485,0.99396991471335,120.0
1966,1741.4102476464875,0.99312887713541,120.0
1967,1741.4116365000596,0.99306165267106,120.0
1968,1741.413025353399,0.99424353255172,120.0
1969,1741.4144142067375,0.99422358375806,120.0
1970,1741.4158030600763,0.99282537304766,120.0
1971,1741.417191913648,0.99362168577943,120.0
1972,1741.4185807669876,0.99309055999239,120.0
1973,1741.419969620327,0.9930212611162,120.0
1974,1741.4213584738989,0.99406781009938,120.0
1975,1741.4227473272383,0.99307505991641,120.0
1976,1741.4241361805773,0.99382858176951,120.0
1977,1741.4255250341496,0.9935168457649,120.0
1978,1741.426913887488,0.99306001958402,120.0
1979,1741.4296915944003,0.99478781058331,120.0
1980,1741.431080447972,0.99286259121762,120.0
1981,1741.4324693013116,0.99352406656875,120.0
1982,1741.433858154651,0.99338028395204,120.0
1983,1741.4352470082229,0.99377980793441,120.0
1984,1741.4366358615623,0.99307824023439,120.0
1985,1741.4380247151344,0.99303987078243,120.0
1986,1741.4394135684731,0.99319534239518,120.0
1987,1741.4408024220445,0.99331469781598,120.0
1988,1741.4421912756163,0.99328440811922,120.0
1989,1741.4435801289555,0.99295039066448,120.0
1990,1741.4449689825278,0.99388572485417,120.0
1991,1741.446357835867,0.9935194813024,120.0
1992,1741.447746689439,0.99361683590143,120.0
1993,1741.4491355427783,0.99426206762874,120.0
1994,1741.4505243963497,0.99347506805921,120.0
1995,1741.4519132499213,0.99344155261886,120.0
1996,1741.4533021032605,0.99364012949132,120.0
1997,1741.4546909568328,0.99376089930494,120.0
1998,1741.4560798104046,0.99369325502655,120.0
1999,1741.457468663744,0.99428569359485,120.0
2000,1741.458857517316,0.99338580094644,120.0
2001,1741.460246370888,0.99355529768953,120.0
2002,1741.4616352244605,0.99364800363662,120.0
2003,1741.4630240777988,0.99346754915218,120.0
2004,1741.4644129313704,0.99370487179527,120.0
2005,1741.4658017849424,0.99364835965578,120.0
2006,1741.4671906385145,0.99379413838573,120.0
2007,1741.468579491854,0.99323687935471,120.0
2008,1741.4699683454255,0.99332790592384,120.0
2009,1741.471357198998,0.99448510736749,120.0
2010,1741.4727460525703,0.99417273754367,120.0
2011,1741.474134906142,0.99359102454325,120.0
2012,1741.4755237594807,0.99465083396929,120.0
2013,1741.476912613052,0.99419326756977,120.0
2014,1741.4783014666243,0.99432357078014,120.0
2015,1741.4796903201966,0.99430550820203,120.0
2016,1741.4810791737684,0.99384016927102,120.0
2017,1741.4824680273407,0.99326157993218,120.0
2018,1741.4838568809123,0.99372421062803,120.0
2019,1741.4852457344848,0.99362624310866,120.0
2020,1741.486634588056,0.99337496310158,120.0
2021,1741.4880234416275,0.99408897331339,120.0
2022,1741.4894122951998,0.99447215600013,120.0
2023,1741.4908011487717,0.9944753683246,120.0
2024,1741.492190002344,0.9941545744108,120.0
2025,1741.4935788559162,0.99434680139521,120.0
2026,1741.494967709488,0.9943776613068,120.0
2027,1741.4963565630603,0.99338969947371,120.0
2028,1741.4977454166324,0.99413151307981,120.0
2029,1741.499134270204,0.9942453520647,120.0
2030,1741.500523123775,0.99382543477986,120.0
2031,1741.5019119773472,0.99406603916219,120.0
2032,1741.5033008309194,0.99382422045076,120.0
2033,1741.5046896844915,0.99301419736932,120.0
2034,1741.5060785380635,0.99336521616231,120.0
2035,1741.5074673918687,0.99410741529401,120.0
2036,1741.5088562454405,0.99365711252006,120.0
2037,1741.5102450990119,0.99287711239017,120.0
2038,1741.5116339525835,0.99487423107268,120.0
2039,1741.5130228061555,0.99385194083215,120.0
2040,1741.5144116597276,0.99374325180387,120.0
2041,1741.5158005135324,0.99480273110741,120.0
2042,1741.5171893671047,0.9936794232838,120.0
2043,1741.5185782206768,0.99465156222627,120.0
2044,1741.5199670742495,0.99374779909945,120.0
2045,1741.5213559280553,0.99393681007887,120.0
2046,1741.5227447816267,0.99330971341017,120.0
2047,1741.524133635198,0.99400687528717,120.0
2048,1741.5255224887703,0.99421956877954,120.0
2049,1741.5269113425747,0.99404361360195,120.0
2050,1741.5283001961473,0.99413249612077,120.0
2051,1741.529689049719,0.99400192476988,120.0
2052,1741.531077903524,0.99441912632756,120.0
2053,1741.5324667570965,0.99473572781732,120.0
2054,1741.5338556109011,0.99399114189734,120.0
2055,1741.5352444644725,0.99394480816926,120.0
2056,1741.5366333180439,0.99381425065648,120.0
2057,1741.5380221718488,0.99477681173559,120.0
2058,1741.540799879226,0.99379990236119,120.0
2059,1741.542188732798,0.99420361359537,120.0
2060,1741.543577586603,0.99395840848969,120.0
2061,1741.5449664401751,0.99441263183254,120.0
2062,1741.546355293979,0.99395119600701,120.0
2063,1741.5477441475507,0.99387988205931,120.0
2064,1741.5491330013558,0.99396986666021,120.0
2065,1741.5505218549279,0.99503296823171,120.0
2066,1741.5519107087327,0.99427890279156,120.0
2067,1741.553299562305,0.99448931500205,120.0
2068,1741.5546884161097,0.99415393787867,120.0
2069,1741.556077269682,0.99438227842744,120.0
2070,1741.5574661234868,0.99431378569688,120.0
2071,1741.5588549772913,0.99351755126319,120.0
2072,1741.5602438308626,0.99412969972922,120.0
2073,1741.5616326846673,0.99413114706788,120.0
2074,1741.5630215384724,0.99428009894631,120.0
2075,1741.5644103920445,0.99447763835491,120.0
2076,1741.5657992458491,0.99394132242779,120.0
2077,1741.5671880996545,0.9944480319081,120.0
2078,1741.5685769532263,0.99395304780732,120.0
2079,1741.5699658070312,0.9943274536664,120.0
2080,1741.5713546608356,0.99371024671459,120.0
2081,1741.5727435144067,0.99430671325425,120.0
2082,1741.574132368212,0.99427770830644,120.0
2083,1741.5755212220167,0.99379753534361,120.0
2084,1741.5769100758218,0.99420091355279,120.0
2085,1741.578298929394,0.99454954402139,120.0
2086,1741.5796877831988,0.99431795030338,120.0
2087,1741.581076637004,0.99484258883507,120.0
2088,1741.582465490808,0.99414272179952,120.0
2089,1741.5838543446123,0.99365331136625,120.0
2090,1741.5852431984174,0.99460446154109,120.0
2091,1741.5866320519892,0.9946300872022,120.0
2092,1741.5880209057943,0.9944849480559,120.0
2093,1741.5894097595988,0.9940738158547,120.0
2094,1741.590798613404,0.99392293694995,120.0
2095,1741.5921874672092,0.99490159967603,120.0
2096,1741.5935763210139,0.99393615086247,120.0
2097,1741.594965174818,0.9950000440666,120.0
2098,1741.5963540286225,0.99457172370025,120.0
2099,1741.5977428824272,0.99403248976864,120.0
2100,1741.5991317362325,0.99449191850862,120.0
2101,1741.6005205900371,0.99438152736977,120.0
2102,1741.6019094438423,0.99421114103806,120.0
2103,1741.6032982976471,0.99432026606087,120.0
2104,1741.604687151452,0.99410946878336,120.0
2105,1741.6060760052571,0.99433576222187,120.0
2106,1741.607464859061,0.99380711322822,120.0
2107,1741.6088537128655,0.99449414443961,120.0
2108,1741.6102425666704,0.99485130445742,120.0
2109,1741.6116314204762,0.99442508191577,120.0
2110,1741.6130202742816,0.99457612628133,120.0
2111,1741.6144091280864,0.99473913034039,120.0
2112,1741.6157979818915,0.99373343782543,120.0
2113,1741.6171868356967,0.99478772222572,120.0
2114,1741.618575689734,0.99438821672972,120.0
2115,1741.6199645435383,0.99480835344025,120.0
2116,1741.6213533973423,0.99422532932839,120.0
2117,1741.6227422511477,0.99458339782886,120.0
2118,1741.6241311049528,0.99348192858798,120.0
2119,1741.6255199589903,0.99388581819519,120.0
2120,1741.6269088127951,0.99427922606358,120.0
2121,1741.6282976666,0.99382824028522,120.0
2122,1741.6296865204051,0.99456721405369,120.0
2123,1741.631075374442,0.99454370754679,120.0
2124,1741.6324642282464,0.99477713310022,120.0
2125,1741.6338530820515,0.9940359292279,120.0
2126,1741.635241935856,0.99447149256002,120.0
2127,1741.636630789894,0.99491102796059,120.0
2128,1741.6380196436992,0.99504405102608,120.0
2129,1741.6394084975038,0.99502271552222,120.0
2130,1741.6407973515416,0.9943756850159,120.0
2131,1741.6421862053467,0.99446327269878,120.0
2132,1741.643575059151,0.99437064185704,120.0
2133,1741.644963913188,0.99559943751782,120.0
2134,1741.6463527669928,0.99472030842726,120.0
2135,1741.6477416210307,0.99504817748159,120.0
2136,1741.6491304748356,0.99422645410988,120.0
2137,1741.6505193286405,0.99541145057775,120.0
2138,1741.6519081826784,0.99466443043709,120.0
2139,1741.653297036483,0.99533552164122,120.0
2140,1741.654685890521,0.99417318384384,120.0
2141,1741.6560747443252,0.99479778660482,120.0
2142,1741.6574635983623,0.99472977958777,120.0
2143,1741.6588524521671,0.9952326812533,120.0
2144,1741.6602413062049,0.99618042097022,120.0
2145,1741.66163016001,0.99516263935457,120.0
2146,1741.6630190140477,0.99426834957595,120.0
2147,1741.6644078678523,0.99479731477588,120.0
2148,1741.6657967218905,0.9954615840484,120.0
2149,1741.6671855759275,0.9949910150297,120.0
2150,1741.6685744297315,0.99434351878689,120.0
2151,1741.6699632837694,0.994115236865,120.0
2152,1741.6713521375743,0.99455545576949,120.0
2153,1741.6727409916123,0.99406014536829,120.0
2154,1741.6741298456495,0.99465613213817,120.0
2155,1741.6755186994549,0.99437702263512,120.0
2156,1741.6769075534928,0.99512720629806,120.0
2157,1741.6782964075303,0.99473239005581,120.0
2158,1741.6796852613345,0.99515627773624,120.0
2159,1741.6810741153715,0.99548839969598,120.0
2160,1741.6824629694095,0.99420074311266,120.0
2161,1741.6838518234474,0.99494757670623,120.0
2162,1741.685240677252,0.99449992109298,120.0
2163,1741.68662953129,0.99472840712766,120.0
2164,1741.6880183853275,0.99490028381929,120.0
2165,1741.6894072393654,0.99523364822554,120.0
2166,1741.6907960931703,0.99433412356247,120.0
2167,1741.6921849472076,0.99447810955927,120.0
2168,1741.6935738012446,0.99486889922009,120.0
2169,1741.694962655282,0.99452432933265,120.0
2170,1741.69635150932,0.99496437811358,120.0
2171,1741.697740363358,0.99545217655682,120.0
2172,1741.6991292171626,0.99456952332399,120.0
2173,1741.7005180712003,0.99472261014107,120.0
2174,1741.7019069252387,0.99553063939209,120.0
2175,1741.7032957792767,0.99450599374371,120.0
2176,1741.704684633314,0.99498302837516,120.0
2177,1741.7060734873514,0.99419503318084,120.0
2178,1741.7074623413891,0.99546732074972,120.0
2179,1741.708851195427,0.9949449353519,120.0
2180,1741.7102400494648,0.99514196631722,120.0
2181,1741.7116289035027,0.99463656294643,120.0
2182,1741.7130177575402,0.99554118121081,120.0
2183,1741.714406611578,0.99555755904046,120.0
2184,1741.7157954656152,0.99529710833752,120.0
2185,1741.7171843196522,0.99474815102967,120.0
2186,1741.71857317369,0.994910625574,120.0
2187,1741.7199620277277,0.99473464827746,120.0
2188,1741.7213508817656,0.99608092633669,120.0
2189,1741.7227397358035,0.99517407450059,120.0
2190,1741.724128589841,0.99425860214242,120.0
2191,1741.7255174438787,0.99530964761454,120.0
2192,1741.7269062979165,0.99569791639253,120.0
2193,1741.7282951521863,0.99479216587712,120.0
2194,1741.7296840062238,0.9955633585598,120.0
2195,1741.7310728602613,0.99547173081634,120.0
2196,1741.7324617142992,0.99507044238316,120.0
2197,1741.7338505683367,0.99484908272141,120.0
2198,1741.7352394223747,0.99597126540751,120.0
2199,1741.7366282766454,0.99496015642517,120.0
2200,1741.7380171306827,0.99615642939696,120.0
2201,1741.7394059847209,0.99582563104333,120.0
2202,1741.740794838758,0.99403961671894,120.0
2203,1741.7421836930275,0.99500685826195,120.0
2204,1741.7435725470657,0.99580557768,120.0
2205,1741.7449614011032,0.99570229021849,120.0
2206,1741.7463502551411,0.99546118817828,120.0
2207,1741.7477391094117,0.99473183888032,120.0
2208,1741.7491279634492,0.99560291472937,120.0
2209,1741.750516817487,0.99544034153551,120.0
2210,1741.7519056717572,0.99538548426451,120.0
2211,1741.7532945257942,0.99569652767573,120.0
2212,1741.754683379832,0.99434569480548,120.0
2213,1741.7560722341025,0.99549203019459,120.0
2214,1741.7574610881404,0.99527312822586,120.0
2215,1741.758849942178,0.99528894520758,120.0
2216,1741.7602387964487,0.99613022410903,120.0
2217,1741.7616276504864,0.99575058474016,120.0
2218,1741.7630165047567,0.99588012074341,120.0
2219,1741.764405358794,0.99566011562388,120.0
2220,1741.7657942130638,0.99581869357828,120.0
2221,1741.7671830671015,0.9955297889435,120.0
2222,1741.7685719213723,0.99582309658252,120.0
2223,1741.76996077541,0.99493523128632,120.0
2224,1741.7713496296808,0.99560524905521,120.0
2225,1741.7727384837183,0.99555209152722,120.0
2226,1741.774127337989,0.99544594992087,120.0
2227,1741.775516192027,0.99599157799164,120.0
2228,1741.7769050462969,0.99586177194553,120.0
2229,1741.778293900334,0.99539101172852,120.0
2230,1741.7796827546042,0.99561359056786,120.0
2231,1741.7810716088748,0.99503737553031,120.0
2232,1741.7824604629127,0.9945228623852,120.0
2233,1741.7838493171832,0.99701776575674,120.0
2234,1741.7852381712212,0.994825792787,120.0
2235,1741.7866270254915,0.99670798831479,120.0
2236,1741.7880158797623,0.99593377570547,120.0
2237,1741.7894047337993,0.99570670517963,120.0
2238,1741.7907935880692,0.99534024097493,120.0
2239,1741.79218244234,0.99621311209815,120.0
2240,1741.7935712963783,0.9960180151584,120.0
2241,1741.7949601506496,0.99541250708906,120.0
2242,1741.7963490049203,0.99498193625259,120.0
2243,1741.7977378591906,0.99612452976277,120.0
2244,1741.7991267132284,0.99518324591219,120.0
2245,1741.8005155674985,0.99564578905204,120.0
2246,1741.8019044217683,0.99593089915711,120.0
2247,1741.803293276039,0.99578903233142,120.0
2248,1741.8046821303094,0.99534062378014,120.0
2249,1741.8060709843471,0.99540083978541,120.0
2250,1741.807459838618,0.99551772935605,120.0
2251,1741.8088486928884,0.99528731929492,120.0
2252,1741.8102375471592,0.9955634459954,120.0
2253,1741.8116264014295,0.99647771503873,120.0
2254,1741.8130152556992,0.99461993558587,120.0
2255,1741.8144041099695,0.99589276177226,120.0
2256,1741.8157929640072,0.99610970394929,120.0
2257,1741.817181818278,0.99514890342741,120.0
2258,1741.8185706725483,0.99540931153201,120.0
2259,1741.819959526819,0.99531175479974,120.0
2260,1741.8213483810898,0.99631124844553,120.0
2261,1741.82273723536,0.99675451940574,120.0
2262,1741.824126089631,0.9958372704241,120.0
2263,1741.8255149439008,0.99668690852786,120.0
2264,1741.8269037981706,0.99588158141447,120.0
2265,1741.8282926524414,0.99627671843621,120.0
2266,1741.8296815067115,0.99586856209173,120.0
2267,1741.8310703609825,0.99526712768101,120.0
2268,1741.8324592152528,0.99599574724951,120.0
2269,1741.8338480695236,0.99607188660705,120.0
2270,1741.8352369237944,0.9951745196831,120.0
2271,1741.8366257780647,0.99587407777639,120.0
2272,1741.8380146325671,0.99527671055513,120.0
2273,1741.8394034868372,0.99596113397482,120.0
2274,1741.840792341108,0.99613952018491,120.0
2275,1741.8421811953788,0.99612769974822,120.0
2276,1741.843570049649,0.99551204632743,120.0
2277,1741.8449589039199,0.99579374248411,120.0
2278,1741.8463477581904,0.99594752857504,120.0
2279,1741.8477366126936,0.99491920151558,120.0
2280,1741.8491254669643,0.99557046438182,120.0
2281,1741.8505143212344,0.99565319209663,120.0
2282,1741.8519031755043,0.99577229099251,120.0
2283,1741.8532920297748,0.99612744818053,120.0
2284,1741.8546808842782,0.99583341532458,120.0
2285,1741.8560697385487,0.99583343857496,120.0
2286,1741.8574585928193,0.9965715370215,120.0
2287,1741.85884744709,0.99616116588283,120.0
2288,1741.8602363015934,0.99607779467299,120.0
2289,1741.8616251558635,0.99502692197945,120.0
2290,1741.8630140101332,0.99623386549927,120.0
2291,1741.8644028646363,0.99615139254738,120.0
2292,1741.8657917189073,0.99614499605109,120.0
2293,1741.8671805731778,0.9961604012897,120.0
2294,1741.8685694276812,0.99613749539303,120.0
2295,1741.869958281952,0.99633500933697,120.0
2296,1741.8713471364551,0.9953675210872,120.0
2297,1741.872735990726,0.99551174606166,120.0
2298,1741.8741248449955,0.99714403150724,120.0
2299,1741.8755136994985,0.99505314545867,120.0
2300,1741.8769025537692,0.99590604413564,120.0
2301,1741.8782914082724,0.99649675164061,120.0
2302,1741.8796802625432,0.99679927856246,120.0
2303,1741.8810691170468,0.99599417644361,120.0
2304,1741.882457971317,0.99613398951072,120.0
2305,1741.8838468258207,0.99595927329192,120.0
2306,1741.885235680092,0.99607819893997,120.0
2307,1741.8866245345955,0.99648330649678,120.0
2308,1741.8880133888651,0.99634952740366,120.0
2309,1741.8894022433683,0.99506658858146,120.0
2310,1741.8907910976393,0.99672829212493,120.0
2311,1741.8921799521427,0.99546035419171,120.0
2312,1741.8935688064132,0.99594180318923,120.0
2313,1741.8949576609168,0.99740110818878,120.0
2314,1741.89634651542,0.99696470190197,120.0
2315,1741.8977353696907,0.99646217785545,120.0
2316,1741.8991242241934,0.99708177701437,120.0
2317,1741.900513078696,0.99666425822929,120.0
2318,1741.901901932967,0.99692763677918,120.0
2319,1741.90329078747,0.99643015658041,120.0
2320,1741.9046796419736,0.99704088261759,120.0
2321,1741.906068496244,0.99572056816866,120.0
2322,1741.9074573507476,0.99657007526581,120.0
2323,1741.9088462052512,0.99664470088536,120.0
2324,1741.9102350595215,0.99692056709278,120.0
2325,1741.911623914024,0.99624579796416,120.0
2326,1741.913012768527,0.99701604181334,120.0
2327,1741.9144016230305,0.99640789891978,120.0
2328,1741.9157904773012,0.99643699590815,120.0
2329,1741.9171793318044,0.99664681785272,120.0
2330,1741.918568186308,0.99609934197311,120.0
2331,1741.9199570408116,0.99601110044715,120.0
2332,1741.9213458953147,0.99664852588571,120.0
2333,1741.9227347498174,0.9960055595871,120.0
2334,1741.9241236040873,0.99595987487827,120.0
2335,1741.925512458591,0.99591225591787,120.0
2336,1741.9269013130945,0.99683281790395,120.0
2337,1741.9282901675977,0.99646819884677,120.0
2338,1741.9296790221013,0.99611882744512,120.0
2339,1741.9310678766044,0.99640957182286,120.0
2340,1741.932456731108,0.99601671506404,120.0
2341,1741.9338455856116,0.99629254921454,120.0
2342,1741.9352344401143,0.99672158823023,120.0
2343,1741.9366232946168,0.99698386290147,120.0
2344,1741.93801214912,0.99656896594821,120.0
2345,1741.9394010036235,0.99764556643191,120.0
2346,1741.9407898581271,0.99614356960057,120.0
2347,1741.9421787126305,0.99604623018916,120.0
2348,1741.943567567134,0.99661831641796,120.0
2349,1741.9449564216375,0.99622992888825,120.0
2350,1741.9463452761408,0.99637232589403,120.0
2351,1741.9477341306435,0.99573266940428,120.0
2352,1741.9491229851462,0.9961278985592,120.0
2353,1741.9505118396498,0.99705173869269,120.0
2354,1741.9519006941532,0.99678734666817,120.0
2355,1741.9532895486564,0.99671732230241,120.0
2356,1741.95467840316,0.99691840212276,120.0
2357,1741.956067257663,0.99612675959454,120.0
2358,1741.9574561121667,0.99651834806605,120.0
2359,1741.9588449669031,0.99715324317926,120.0
2360,1741.960233821406,0.99600248421634,120.0
2361,1741.9616226759088,0.9957882024945,120.0
2362,1741.963011530412,0.99715924620357,120.0
2363,1741.9644003849155,0.99683929101353,120.0
2364,1741.9657892396517,0.99744495199399,120.0
2365,1741.967178094155,0.99559097753345,120.0
2366,1741.9685669486587,0.99697656521412,120.0
2367,1741.9699558031618,0.99649705763265,120.0
2368,1741.9713446578983,0.99545085979859,120.0
2369,1741.9727335124007,0.99727621661711,120.0
2370,1741.9741223669037,0.99705808881683,120.0
2371,1741.9755112214073,0.99684599602644,120.0
2372,1741.976900076144,0.99628833644809,120.0
2373,1741.9782889306482,0.9965851075274,120.0
2374,1741.9796777851518,0.99610092446727,120.0
2375,1741.9810666398876,0.99679741571526,120.0
2376,1741.9824554943912,0.9962718404409,120.0
2377,1741.9838443488943,0.99623427564084,120.0
2378,1741.9852332036303,0.99751181561903,120.0
2379,1741.9866220581332,0.99695881075597,120.0
2380,1741.9880109128692,0.99716918879894,120.0
2381,1741.9893997673728,0.99721916669337,120.0
2382,1741.990788621876,0.99707385851097,120.0
2383,1741.9921774766124,0.99735353141316,120.0
2384,1741.993566331116,0.99708293422379,120.0
2385,1741.994955185852,0.99783735593417,120.0
2386,1741.9963440403546,0.99753376796198,120.0
2387,1741.9977328950904,0.99685384782639,120.0
2388,1741.9991217495935,0.99685595296084,120.0
2389,1742.0005106043302,0.99655929792732,120.0
2390,1742.0018994588331,0.99645125124114,120.0
2391,1742.0032883135696,0.99756615019316,120.0
2392,1742.0046771680732,0.99650289337976,120.0
2393,1742.0060660228091,0.99611559527859,120.0
2394,1742.0074548775458,0.99728816327631,120.0
2395,1742.0088437320485,0.99661138025236,120.0
2396,1742.010232586784,0.99709091656304,120.0
2397,1742.0116214412872,0.99756580582339,120.0
2398,1742.0130102960236,0.99610986010796,120.0
2399,1742.01439915076,0.99777257853661,120.0
2400,1742.0157880052632,0.99695456950376,120.0
2401,1742.0171768599996,0.99719440826549,120.0
2402,1742.018565714736,0.99665223807561,120.0
2403,1742.0199545692392,0.99754986380721,120.0
2404,1742.0213434239747,0.99693520982315,120.0
2405,1742.0227322787102,0.99690793776557,120.0
2406,1742.0241211332138,0.99694532249576,120.0
2407,1742.0255099879503,0.99632607014796,120.0
2408,1742.0268988426863,0.99795982165258,120.0
2409,1742.0282876974227,0.99698071581197,120.0
2410,1742.0296765519258,0.99686532396204,120.0
2411,1742.0310654066623,0.99692174015323,120.0
2412,1742.0324542613987,0.99664766309885,120.0
2413,1742.0338431161342,0.99668713284001,120.0
2414,1742.0352319708695,0.99712837373869,120.0
2415,1742.036620825373,0.99656777853804,120.0
2416,1742.038009680109,0.99689252436471,120.0
2417,1742.0393985348455,0.99702120496513,120.0
2418,1742.0407873895815,0.99702742118805,120.0
2419,1742.042176244318,0.99796518220926,120.0
2420,1742.0435650990544,0.99742614709729,120.0
2421,1742.0449539537904,0.99618548252334,120.0
2422,1742.046342808526,0.997799353864,120.0
2423,1742.0477316630288,0.99680994913043,120.0
2424,1742.0491205177652,0.99685684883595,120.0
2425,1742.0505093725014,0.99654290571822,120.0
2426,1742.0518982272376,0.99723815736748,120.0
2427,1742.053287081974,0.99746091724847,120.0
2428,1742.05467593671,0.99736081580996,120.0
2429,1742.0560647914465,0.99699187761837,120.0
2430,1742.0574536461827,0.9971208793369,120.0
2431,1742.0588425009184,0.99754309440458,120.0
2432,1742.060231355654,0.99691612922507,120.0
2433,1742.06162021039,0.99815132505994,120.0
2434,1742.0630090651264,0.99674859618734,120.0
2435,1742.0643979198624,0.99767739238155,120.0
2436,1742.0657867748316,0.99700128653051,120.0
2437,1742.067175629568,0.99632097773498,120.0
2438,1742.0685644843047,0.99769079722335,120.0
2439,1742.0699533390418,0.99736047504386,120.0
2440,1742.0713421937771,0.99765838350068,120.0
2441,1742.0727310485129,0.99704870746111,120.0
2442,1742.0741199032493,0.99760029408883,120.0
2443,1742.0755087579853,0.99760465002977,120.0
2444,1742.0768976129543,0.99697142326682,120.0
2445,1742.0782864676908,0.99716106693526,120.0
2446,1742.0796753224267,0.99760475809874,120.0
2447,1742.0810641771634,0.99688668675356,120.0
2448,1742.0824530318987,0.99732341585122,120.0
2449,1742.0838418868673,0.99727446857569,120.0
2450,1742.0852307416037,0.99731991204936,120.0
2451,1742.0866195963397,0.99749722553507,120.0
2452,1742.088008451076,0.99648817821574,120.0
2453,1742.0893973060447,0.99738848765584,120.0
2454,1742.0907861607811,0.99669808419118,120.0
2455,1742.0921750155178,0.99705904077181,120.0
2456,1742.0935638704866,0.99748943789467,120.0
2457,1742.094952725222,0.99686938847436,120.0
2458,1742.0963415799579,0.99761866027519,120.0
2459,1742.0977304349267,0.99717595426464,120.0
2460,1742.0991192896631,0.9971197059918,120.0
2461,1742.100508144399,0.9971067917738,120.0
2462,1742.1018969993684,0.99746163362251,120.0
2463,1742.1032858541048,0.99708913714409,120.0
2464,1742.1046747090738,0.99739472755503,120.0
2465,1742.1060635638103,0.99683275666408,120.0
2466,1742.1074524185456,0.99781075572816,120.0
2467,1742.108841273514,0.99756336165768,120.0
2468,1742.1102301282504,0.99779921826181,120.0
2469,1742.1116189832192,0.996981804974,120.0
2470,1742.1130078379558,0.99772372010954,120.0
2471,1742.1143966929246,0.99741599261981,120.0
2472,1742.115785547661,0.99734355026778,120.0
2473,1742.11717440263,0.99733581175842,120.0
2474,1742.1185632573663,0.99748298926309,120.0
2475,1742.1199521123347,0.99778026961376,120.0
2476,1742.121340967303,0.9968398911747,120.0
2477,1742.1227298220394,0.99696569316753,120.0
2478,1742.1241186770087,0.99713814732113,120.0
2479,1742.1255075317447,0.99745529083614,120.0
2480,1742.126896386714,0.9973167060077,120.0
2481,1742.12828524145,0.99710955035404,120.0
2482,1742.1296740964192,0.99631576894382,120.0
2483,1742.1310629513885,0.99735558793027,120.0
2484,1742.132451806124,0.99683190792451,120.0
2485,1742.1338406610923,0.99750559176061,120.0
2486,1742.1352295160611,0.99812434966763,120.0
2487,1742.1366183707976,0.99731667665059,120.0
2488,1742.1380072257668,0.99670608775159,120.0
2489,1742.1407849357047,0.99671586395349,120.0
2490,1742.1421737904411,0.9968460140716,120.0
2491,1742.14356264541,0.99797628469781,120.0
2492,1742.1449515003785,0.99788580908186,120.0
2493,1742.1463403553469,0.99725839888416,120.0
2494,1742.1477292100833,0.99688949158559,120.0
2495,1742.1491180650523,0.99636452899895,120.0
2496,1742.1505069200211,0.99698374931127,120.0
2497,1742.1518957749906,0.99759177418012,120.0
2498,1742.1532846299594,0.99640667954895,120.0
2499,1742.1546734846959,0.99660653625013,120.0
2500,1742.156062339665,0.99748411329847,120.0
2501,1742.1574511946335,0.99720648795343,120.0
2502,1742.1588400496018,0.99655466778163,120.0
2503,1742.1602289045716,0.99791464268463,120.0
2504,1742.1616177595413,0.99626972933287,120.0
2505,1742.1630066145103,0.99689686427424,120.0
2506,1742.1643954694791,0.99743240432304,120.0
2507,1742.1657843244486,0.99687725458251,120.0
2508,1742.1671731794174,0.99741925635382,120.0
2509,1742.1685620341539,0.99732930850237,120.0
2510,1742.1699508891222,0.99679560949183,120.0
2511,1742.1713397440903,0.99693307509344,120.0
2512,1742.1727285990598,0.99703806579343,120.0
2513,1742.1741174540286,0.99744707997495,120.0
2514,1742.175506308998,0.99690821885705,120.0
2515,1742.1768951642,0.99733537042677,120.0
2516,1742.1782840191688,0.99801298738362,120.0
2517,1742.179672874138,0.99737715807868,120.0
2518,1742.181061729107,0.99815934834551,120.0
2519,1742.1824505840755,0.99747050707407,120.0
2520,1742.183839439044,0.99726180658323,120.0
2521,1742.1852282940129,0.99714940300763,120.0
2522,1742.186617148982,0.99709541106996,120.0
2523,1742.1880060039507,0.99731555093337,120.0
2524,1742.1893948589202,0.99766500882434,120.0
2525,1742.1907837138895,0.99750208814439,120.0
2526,1742.192172569091,0.99720292105704,120.0
2527,1742.1935614240604,0.99765767758993,120.0
2528,1742.1949502790287,0.9973577996423,120.0
2529,1742.196339133997,0.99671634300583,120.0
2530,1742.1977279889663,0.99785762655094,120.0
2531,1742.199116844168,0.99792834058909,120.0
2532,1742.2005056991372,0.99753999215845,120.0
2533,1742.2018945541063,0.99719091155725,120.0
2534,1742.2032834090753,0.99759583577123,120.0
2535,1742.2046722642774,0.99701389779426,120.0
2536,1742.2060611192455,0.99790499858951,120.0
2537,1742.207449974214,0.997702182918,120.0
2538,1742.2088388291832,0.99753208233516,120.0
2539,1742.210227684385,0.99705483583509,120.0
2540,1742.2116165393543,0.99726363343703,120.0
2541,1742.213005394323,0.99754665046401,120.0
2542,1742.2143942495252,0.99726900638365,120.0
2543,1742.2157831044942,0.99751793837918,120.0
2544,1742.217171959696,0.99747630982227,120.0
2545,1742.2185608146644,0.99758235090637,120.0
2546,1742.2199496696328,0.99629034796656,120.0
2547,1742.221338524835,0.99676307148725,120.0
2548,1742.222727379804,0.99754160451674,120.0
2549,1742.2241162350056,0.99791166032744,120.0
2550,1742.225505089975,0.99776021594052,120.0
2551,1742.2268939449439,0.99845108277231,120.0
2552,1742.228282800146,0.99692013198117,120.0
2553,1742.2296716551152,0.99701284292708,120.0
2554,1742.2310605103164,0.99739847969006,120.0
2555,1742.2324493652848,0.9977671892095,120.0
2556,1742.2338382204864,0.99761208937487,120.0
2557,1742.2352270754557,0.9976768725962,120.0
2558,1742.2366159306575,0.99751169115233,120.0
2559,1742.2380047858594,0.99800431218349,120.0
2560,1742.2393936408287,0.99811507092157,120.0
2561,1742.2407824960303,0.99710493127298,120.0
2562,1742.2421713509996,0.99772586264213,120.0
2563,1742.2435602062008,0.99812609498398,120.0
2564,1742.244949061169,0.99757486841749,120.0
2565,1742.2463379163712,0.99742083661345,120.0
2566,1742.247726771573,0.99762482588376,120.0
2567,1742.249115626542,0.99776768120614,120.0
2568,1742.2505044817442,0.99815422294199,120.0
2569,1742.2518933369468,0.9979112238378,120.0
2570,1742.2532821919165,0.99742004554132,120.0
2571,1742.2546710471183,0.99742487313187,120.0
2572,1742.2560599023195,0.99793904817395,120.0
2573,1742.2574487575207,0.99724159878017,120.0
2574,1742.2588376124895,0.99636791489188,120.0
2575,1742.2602264676918,0.99761770996803,120.0
2576,1742.2616153228937,0.99712329404573,120.0
2577,1742.2630041778627,0.99769331798294,120.0
2578,1742.2643930330648,0.99751101369633,120.0
2579,1742.2657818882665,0.99796324644419,120.0
2580,1742.2671707434683,0.99709862523002,120.0
2581,1742.2685595986695,0.99787009198153,120.0
2582,1742.269948453638,0.99740728199857,120.0
2583,1742.2713373088402,0.99751546894956,120.0
2584,1742.2727261640418,0.99769696615841,120.0
2585,1742.274115019244,0.99725784868949,120.0
2586,1742.275503874446,0.99803042258169,120.0
2587,1742.2768927296477,0.99751373954942,120.0
2588,1742.2782815848495,0.99717228684658,120.0
2589,1742.2796704400514,0.99765383604094,120.0
2590,1742.28105929502,0.99708437791672,120.0
2591,1742.2824481502214,0.99663200363598,120.0
2592,1742.283837005423,0.99769965247676,120.0
2593,1742.2852258606251,0.99752619271407,120.0
2594,1742.2866147158268,0.99704303308167,120.0
2595,1742.2880035710289,0.99682419419453,120.0
2596,1742.2893924262307,0.99665976128212,120.0
2597,1742.2907812814326,0.99720330613217,120.0
2598,1742.2921701366347,0.99691760832548,120.0
2599,1742.2935589918359,0.99758243194411,120.0
2600,1742.294947847037,0.99743995161651,120.0
2601,1742.2963367022392,0.99750563593874,120.0
2602,1742.2977255574408,0.99760518169391,120.0
2603,1742.2991144128755,0.99826185462645,120.0
2604,1742.3005032680776,0.99745974211256,120.0
2605,1742.3018921232795,0.99723936657399,120.0
2606,1742.3032809784816,0.99761093999573,120.0
2607,1742.3046698336832,0.99918105516603,120.0
2608,1742.3060586888844,0.99762617584077,120.0
2609,1742.3074475440856,0.99712078603249,120.0
2610,1742.3088363992877,0.99782351599772,120.0
2611,1742.3102252544895,0.99739418246345,120.0
2612,1742.3116141099242,0.99692492587968,120.0
2613,1742.3130029651263,0.99791672582531,120.0
2614,1742.314391820328,0.99744187967812,120.0
2615,1742.31578067553,0.99718711505389,120.0
2616,1742.317169530732,0.99692949372689,120.0
2617,1742.318558386166,0.99709170514737,120.0
2618,1742.3199472413671,0.99723456974291,120.0
2619,1742.3213360965692,0.99813631127558,120.0
2620,1742.322724951771,0.99739040078365,120.0
2621,1742.324113807206,0.99760602664116,120.0
2622,1742.3255026624076,0.99697695886874,120.0
2623,1742.3268915176095,0.99638077464528,120.0
2624,1742.3282803730447,0.99806821456988,120.0
2625,1742.3296692282463,0.99742629046785,120.0
2626,1742.3310580834475,0.99719162669905,120.0
2627,1742.3324469388815,0.99738605764119,120.0
2628,1742.3338357940836,0.99657981348548,120.0
2629,1742.3352246492857,0.99754459325577,120.0
2630,1742.33661350472,0.99680349214555,120.0
2631,1742.3380023599223,0.99787258914689,120.0
2632,1742.3393912153567,0.99821646090982,120.0
2633,1742.3407800705588,0.99746663493456,120.0
2634,1742.3421689257607,0.99789719141665,120.0
2635,1742.3435577811952,0.99821598359817,120.0
2636,1742.3449466363975,0.99776562617038,120.0
2637,1742.346335491832,0.99686925355922,120.0
2638,1742.347724347034,0.99752138965379,120.0
2639,1742.3491132024687,0.99643785107439,120.0
2640,1742.3505020576706,0.99751697747669,120.0
2641,1742.3518909131055,0.99716350411275,120.0
2642,1742.3532797683074,0.99729333855768,120.0
2643,1742.354668623742,0.99737766089129,120.0
2644,1742.3560574789433,0.99757165931334,120.0
2645,1742.3574463343773,0.99773007483842,120.0
2646,1742.3588351898122,0.99696721168098,120.0
2647,1742.360224045014,0.997625270857,120.0
2648,1742.3616129004488,0.99752505905296,120.0
2649,1742.3630017556509,0.99773510650516,120.0
2650,1742.3643906110851,0.99712900666201,120.0
2651,1742.3657794665203,0.99734401160594,120.0
2652,1742.3671683217224,0.99739304696611,120.0
2653,1742.3685571771564,0.99823413354357,120.0
2654,1742.3699460325904,0.99752885645227,120.0
2655,1742.371334887792,0.99846406486426,120.0
2656,1742.3727237432267,0.99784236495537,120.0
2657,1742.374112598662,0.99807281274006,120.0
2658,1742.3755014538635,0.99789068799317,120.0
2659,1742.3768903092985,0.99758238541723,120.0
2660,1742.3782791647327,0.9980142645762,120.0
2661,1742.3796680201679,0.99770799354447,120.0
2662,1742.381056875369,0.99769164626365,120.0
2663,1742.382445730803,0.99736921560055,120.0
2664,1742.383834586238,0.9970494719115,120.0
2665,1742.3852234416725,0.99671600364886,120.0
2666,1742.3866122968743,0.99732274598763,120.0
2667,1742.3880011523095,0.99787325521161,120.0
2668,1742.389390007744,0.9979830432764,120.0
2669,1742.3907788631789,0.99717113394536,120.0
2670,1742.3921677186136,0.99715971031075,120.0
2671,1742.3935565740478,0.99718418831774,120.0
2672,1742.3949454292488,0.99772256583181,120.0
2673,1742.3963342846835,0.99789321515607,120.0
2674,1742.3977231401184,0.99703252835725,120.0
2675,1742.399111995553,0.99697504482982,120.0
2676,1742.4005008509876,0.99707620253864,120.0
2677,1742.4018897064227,0.99683293854075,120.0
2678,1742.4032785618572,0.99725765832883,120.0
2679,1742.404667417292,0.99793927450157,120.0
2680,1742.406056272726,0.99702798833145,120.0
2681,1742.40744512816,0.99793652374537,120.0
2682,1742.408833983595,0.99874509678155,120.0
2683,1742.4102228390295,0.99739548945231,120.0
2684,1742.4116116944645,0.99674161920751,120.0
2685,1742.4130005498992,0.99756987205389,120.0
2686,1742.4143894053338,0.99778592291389,120.0
2687,1742.4157782607688,0.99787317132821,120.0
2688,1742.4171671162032,0.99789372153291,120.0
2689,1742.4185559716373,0.99737244179315,120.0
2690,1742.4199448270715,0.99825664338757,120.0
2691,1742.4213336825062,0.9972211017609,120.0
2692,1742.4227225379411,0.99781448712631,120.0
2693,1742.4241113936084,0.99725844459207,120.0
2694,1742.4255002490431,0.99688939377535,120.0
2695,1742.4268891044783,0.99751390625874,120.0
2696,1742.4282779599127,0.99770509742543,120.0
2697,1742.4296668153477,0.99805736319895,120.0
2698,1742.4310556707817,0.99828323766244,120.0
2699,1742.4324445262157,0.99756213743518,120.0
2700,1742.4338333818835,0.99848356308654,120.0
2701,1742.4352222373188,0.99751728534759,120.0
2702,1742.4366110927542,0.99710503533261,120.0
2703,1742.4379999481887,0.99704699951357,120.0
2704,1742.4393888038564,0.99769145860218,120.0
2705,1742.4407776592911,0.99757443111573,120.0
2706,1742.4421665147258,0.99765024222527,120.0
2707,1742.4435553701599,0.99734467603807,120.0
2708,1742.4449442258267,0.99771072230515,120.0
2709,1742.4463330812616,0.99706140357922,120.0
2710,1742.4477219366963,0.99830319049979,120.0
2711,1742.4491107923639,0.99700501514595,120.0
2712,1742.4504996477988,0.99736410544586,120.0
2713,1742.4518885032335,0.99745392419137,120.0
2714,1742.453277358901,0.99740546511136,120.0
2715,1742.454666214336,0.99741434359983,120.0
2716,1742.45605506977,0.99731331997961,120.0
2717,1742.4574439254368,0.9981150625855,120.0
2718,1742.4588327808715,0.99766485832684,120.0
2719,1742.460221636539,0.99866631674552,120.0
2720,1742.461610491974,0.99731108215938,120.0
2721,1742.4629993476412,0.99884126683317,120.0
2722,1742.464388203076,0.99755319893974,120.0
2723,1742.465777058511,0.99727663362582,120.0
2724,1742.4671659141784,0.99685828280358,120.0
2725,1742.4685547696124,0.99750738443323,120.0
2726,1742.4699436252793,0.99751041125927,120.0
2727,1742.471332480714,0.99757900271307,120.0
2728,1742.472721336382,0.99748788975027,120.0
2729,1742.4741101920492,0.99779409291459,120.0
2730,1742.475499047484,0.99718108316245,120.0
2731,1742.4768879031515,0.99749496431572,120.0
2732,1742.4782767585864,0.99820505021898,120.0
2733,1742.479665614254,0.99690628363087,120.0
2734,1742.481054469688,0.99699599094694,120.0
2735,1742.482443325355,0.99738864060137,120.0
2736,1742.4838321810223,0.99759234642891,120.0
2737,1742.4852210364572,0.99944816608338,120.0
2738,1742.4866098921248,0.99708635060057,120.0
2739,1742.4879987477923,0.99825509979435,120.0
2740,1742.4893876032272,0.99804599845798,120.0
2741,1742.4907764588947,0.99726505334524,120.0
2742,1742.4921653145623,0.99778672178608,120.0
2743,1742.4935541699963,0.99748326148169,120.0
2744,1742.4949430256631,0.9981974706589,120.0
2745,1742.496331881331,0.99775363578503,120.0
2746,1742.4977207367656,0.99777479474441,120.0
2747,1742.4991095924331,0.99711963071847,120.0
2748,1742.5004984481009,0.99776600976789,120.0
2749,1742.501887303768,0.99804766860829,120.0
2750,1742.503276159203,0.99750636144511,120.0
2751,1742.5046650148706,0.99797138266692,120.0
2752,1742.5060538705377,0.99718255332601,120.0
2753,1742.5074427262043,0.99750217061635,120.0
2754,1742.5088315818718,0.99886961787522,120.0
2755,1742.5102204375396,0.99777260072461,120.0
2756,1742.5116092929743,0.99692307343761,120.0
2757,1742.5129981486418,0.99804580985938,120.0
2758,1742.5143870043096,0.99742998636087,120.0
2759,1742.5157758599769,0.99768996151148,120.0
2760,1742.5171647156446,0.99810365713724,120.0
2761,1742.5185535713124,0.99631343571338,120.0
2762,1742.5199424269792,0.9971217535345,120.0
2763,1742.521331282646,0.99679065762976,120.0
2764,1742.5227201383132,0.99786501765944,120.0
2765,1742.5241089939811,0.99753850360052,120.0
2766,1742.525497849649,0.99693895856254,120.0
2767,1742.5268867050843,0.99827775534383,120.0
2768,1742.5282755607525,0.99694042151663,120.0
2769,1742.5296644164196,0.99750592206866,120.0
2770,1742.5310532720875,0.99786308798614,120.0
2771,1742.5324421277544,0.99715917553961,120.0
2772,1742.533830983654,0.9973712703578,120.0
2773,1742.5352198393218,0.99772423218855,120.0
2774,1742.5366086949891,0.997421783744,120.0
2775,1742.5379975506569,0.99794003306427,120.0
2776,1742.5393864063246,0.99795636264257,120.0
2777,1742.540775261992,0.99746876886918,120.0
2778,1742.5421641176597,0.9969142528027,120.0
2779,1742.5435529733272,0.99776714986181,120.0
2780,1742.5449418289943,0.99722368307333,120.0
2781,1742.5463306846611,0.99712486966585,120.0
2782,1742.5477195403284,0.99803370134199,120.0
2783,1742.549108396229,0.99730150368881,120.0
2784,1742.5504972518963,0.99769139369495,120.0
2785,1742.551886107564,0.99730878347416,120.0
2786,1742.5532749632318,0.99797848424524,120.0
2787,1742.5546638188991,0.99707434425001,120.0
2788,1742.5560526747995,0.99653330004967,120.0
2789,1742.5574415304663,0.9982377156862,120.0
2790,1742.5588303861334,0.99650908515995,120.0
2791,1742.5602192418012,0.99789477839014,120.0
2792,1742.5616080977013,0.99749887082966,120.0
2793,1742.562996953369,0.99734297482538,120.0
2794,1742.5643858090368,0.99780194763266,120.0
2795,1742.565774664704,0.99733088829362,120.0
2796,1742.5671635206047,0.99802983437108,120.0
2797,1742.568552376272,0.99745378185459,120.0
2798,1742.569941231939,0.99723956769455,120.0
2799,1742.5713300878388,0.99793936394522,120.0
2800,1742.5727189435063,0.99736492968056,120.0
2801,1742.5741077994069,0.9974136192159,120.0
2802,1742.575496655074,0.99723666812772,120.0
2803,1742.576885510742,0.99703748139722,120.0
2804,1742.5782743666423,0.99795379548161,120.0
2805,1742.5796632223098,0.9973449782505,120.0
2806,1742.5810520782104,0.99717414289207,120.0
2807,1742.5824409338773,0.99784203147943,120.0
2808,1742.583829789544,0.99660740233641,120.0
2809,1742.5852186454447,0.99660810535855,120.0
2810,1742.586607501112,0.99725132303493,120.0
2811,1742.5879963570123,0.99781446597265,120.0
2812,1742.58938521268,0.99724604142608,120.0
2813,1742.5907740685805,0.99733222875974,120.0
2814,1742.5921629242482,0.99748758287913,120.0
2815,1742.5935517801483,0.99774927847114,120.0
2816,1742.5949406358152,0.99798523843935,120.0
2817,1742.596329491715,0.99736408802665,120.0
2818,1742.5977183476155,0.99927675995032,120.0
2819,1742.5991072032832,0.99773110560094,120.0
2820,1742.6004960591831,0.99786483387438,120.0
2821,1742.601884914851,0.99729309545001,120.0
2822,1742.6032737707515,0.99724613785302,120.0
2823,1742.6046626264188,0.99768711198436,120.0
2824,1742.6060514823196,0.99810213531794,120.0
2825,1742.6074403382192,0.99779873401715,120.0
2826,1742.608829193886,0.99791483939458,120.0
2827,1742.6102180497865,0.99710825133094,120.0
2828,1742.6116069056868,0.99745415655497,120.0
2829,1742.6129957613543,0.99755601680271,120.0
2830,1742.6157734731553,0.99687508840745,120.0
2831,1742.6171623290559,0.99767037518942,120.0
2832,1742.618551184724,0.99784465467492,120.0
2833,1742.6199400406242,0.99782852698349,120.0
2834,1742.621328896524,0.99695606140891,120.0
2835,1742.6227177524245,0.9975581918818,120.0
2836,1742.6241066080922,0.99669884695104,120.0
2837,1742.6254954639924,0.99776303023567,120.0
2838,1742.6268843198927,0.99813074742746,120.0
2839,1742.628273175793,0.99674896188848,120.0
2840,1742.6296620316937,0.99861618243763,120.0
2841,1742.6310508873614,0.99792946639892,120.0
2842,1742.632439743261,0.99640165985492,120.0
2843,1742.6338285991608,0.9969931830351,120.0
2844,1742.635217455061,0.99684428485589,120.0
2845,1742.6366063109615,0.99768347549231,120.0
2846,1742.637995166862,0.99725499859364,120.0
2847,1742.6393840227622,0.99704069842601,120.0
2848,1742.6407728786628,0.99715214247913,120.0
2849,1742.6421617345632,0.9978911913132,120.0
2850,1742.6435505902307,0.99718155735975,120.0
2851,1742.6449394461304,0.99794709868532,120.0
2852,1742.64632830203,0.99653039982877,120.0
2853,1742.6477171579306,0.99731678840155,120.0
2854,1742.6491060138308,0.99758647529892,120.0
2855,1742.6504948697311,0.99729860350973,120.0
2856,1742.651883725632,0.99776165289484,120.0
2857,1742.653272581532,0.99652424204648,120.0
2858,1742.6546614374327,0.99701326513698,120.0
2859,1742.656050293333,0.99713400113401,120.0
2860,1742.6574391494662,0.99732335006022,120.0
2861,1742.6588280053659,0.99772591484057,120.0
2862,1742.6602168612656,0.99760316102471,120.0
2863,1742.661605717166,0.99722584446888,120.0
2864,1742.6629945730665,0.99753712256614,120.0
2865,1742.6643834289669,0.99640662832395,120.0
2866,1742.6657722848674,0.99714254181394,120.0
2867,1742.6671611407676,0.99674085694994,120.0
2868,1742.668549996668,0.99736049611103,120.0
2869,1742.6699388528016,0.99692809851423,120.0
2870,1742.6713277087013,0.99746772580634,120.0
2871,1742.6727165646007,0.99744634793676,120.0
2872,1742.674105420501,0.99772618931886,120.0
2873,1742.6754942764017,0.9971028831651,120.0
2874,1742.6768831323022,0.99689044449452,120.0
2875,1742.6782719884352,0.99678905020139,120.0
2876,1742.6796608443356,0.99687699747518,120.0
2877,1742.681049700236,0.99812714142518,120.0
2878,1742.6824385561365,0.99776122374666,120.0
2879,1742.683827412269,0.99729010239599,120.0
2880,1742.6852162681687,0.99771364045773,120.0
2881,1742.6866051240693,0.9974679846466,120.0
2882,1742.6879939802022,0.99757313306822,120.0
2883,1742.6893828361028,0.99800958958423,120.0
2884,1742.6907716920034,0.9974387720541,120.0
2885,1742.6921605481364,0.99810378603479,120.0
2886,1742.6935494040367,0.99758009471618,120.0
2887,1742.694938259937,0.99763833513695,120.0
2888,1742.69632711607,0.99746359556369,120.0
2889,1742.6977159719695,0.99720068742467,120.0
2890,1742.6991048278699,0.99751817524607,120.0
2891,1742.7004936840033,0.99672864518131,120.0
2892,1742.7018825399036,0.99685992689725,120.0
2893,1742.7032713960368,0.99753390747579,120.0
2894,1742.7046602519374,0.9978094425706,120.0
2895,1742.7060491080704,0.99727230966689,120.0
2896,1742.7074379639707,0.9977495122091,120.0
2897,1742.7088268201035,0.99734130686455,120.0
2898,1742.710215676004,0.99756187862993,120.0
2899,1742.711604532138,0.99750519363379,120.0
2900,1742.712993388038,0.9975099679633,120.0
2901,1742.7143822441715,0.99868000376999,120.0
2902,1742.715771100072,0.99816971957282,120.0
2903,1742.717159956205,0.99670286696254,120.0
2904,1742.7185488121056,0.99791949537602,120.0
2905,1742.7199376682383,0.99742099957342,120.0
2906,1742.7227153802712,0.99752212438192,120.0
2907,1742.724104236404,0.99729907122704,120.0
2908,1742.7254930923048,0.99821957660866,120.0
2909,1742.7268819484375,0.99792109219371,120.0
2910,1742.7282708043383,0.99729110573484,120.0
2911,1742.7296596604715,0.99699920076539,120.0
2912,1742.7310485166047,0.99716943840731,120.0
2913,1742.7324373725053,0.99782527646359,120.0
2914,1742.7338262286376,0.99785001031457,120.0
2915,1742.7352150847703,0.99821519824102,120.0
2916,1742.7366039409037,0.99747665765729,120.0
2917,1742.7379927968038,0.99776092749131,120.0
2918,1742.7393816529373,0.99806860793598,120.0
2919,1742.7407705090704,0.99756214670755,120.0
2920,1742.7421593649708,0.99858141021793,120.0
2921,1742.7435482211042,0.99718549177091,120.0
2922,1742.7449370772372,0.99791167495577,120.0
2923,1742.7463259333706,0.99741174568464,120.0
2924,1742.747714789503,0.9977042191068,120.0
2925,1742.7491036454028,0.99760957529833,120.0
2926,1742.7504925015362,0.9982362580711,120.0
2927,1742.7518813576692,0.99779570594223,120.0
2928,1742.7532702138024,0.99806285947569,120.0
2929,1742.7546590699355,0.99764257591231,120.0
2930,1742.7560479260687,0.99826829085649,120.0
2931,1742.7574367819695,0.99753102235695,120.0
2932,1742.7588256381025,0.99745952730175,120.0
2933,1742.760214494235,0.9973877964081,120.0
2934,1742.7616033503675,0.99679070784085,120.0
2935,1742.7629922065007,0.99799433061273,120.0
2936,1742.7643810626344,0.99818969456861,120.0
2937,1742.765769918767,0.99699206006813,120.0
2938,1742.7671587749007,0.9972765463055,120.0
2939,1742.768547631034,0.99751653896251,120.0
2940,1742.7699364871671,0.99712450700521,120.0
2941,1742.7713253433003,0.9972695926525,120.0
2942,1742.772714199433,0.99756899953491,120.0
2943,1742.7741030555655,0.99922162813796,120.0
2944,1742.7754919116987,0.99777598373348,120.0
2945,1742.776880767832,0.99743062670036,120.0
2946,1742.7782696239651,0.99761727321067,120.0
2947,1742.7796584800983,0.99778250889078,120.0
2948,1742.7810473362315,0.99746284369936,120.0
2949,1742.7824361923651,0.99743854979414,120.0
2950,1742.783825048498,0.99735321609638,120.0
2951,1742.7852139046306,0.99756030395421,120.0
2952,1742.7866027607631,0.99760602167497,120.0
2953,1742.7879916171291,0.99772094313728,120.0
2954,1742.7893804732628,0.99764259849162,120.0
2955,1742.7907693293955,0.99707493468288,120.0
2956,1742.7921581855292,0.99790897256124,120.0
2957,1742.7935470416624,0.99704821587557,120.0
2958,1742.7949358977955,0.99725940585103,120.0
2959,1742.7963247541616,0.99772947809533,120.0
2960,1742.7977136102943,0.99736640427247,120.0
2961,1742.7991024664268,0.99684464794492,120.0
2962,1742.80049132256,0.99783815544597,120.0
2963,1742.8018801789267,0.9976213395465,120.0
2964,1742.8032690350608,0.99763138442449,120.0
2965,1742.8046578911935,0.99733635176466,120.0
2966,1742.8060467473272,0.9984987287182,120.0
2967,1742.8074356036934,0.99743090848714,120.0
2968,1742.8088244598264,0.99739900631356,120.0
2969,1742.8102133159598,0.99806187409089,120.0
2970,1742.8116021720923,0.99760507846941,120.0
2971,1742.8129910284576,0.99697385273286,120.0
2972,1742.814379884591,0.99774682870066,120.0
2973,1742.8157687409569,0.99734839546144,120.0
2974,1742.8171575970903,0.99669613250382,120.0
2975,1742.8185464532232,0.99811161017688,120.0
2976,1742.8199353095895,0.99786730851729,120.0
2977,1742.821324165723,0.99792415688048,120.0
2978,1742.8227130218559,0.99751181086091,120.0
2979,1742.8241018782212,0.99815075570123,120.0
2980,1742.8254907343537,0.99728590796213,120.0
2981,1742.82687959072,0.99674992687093,120.0
2982,1742.8282684468531,0.99760116240145,120.0
2983,1742.8296573032192,0.99780533273917,120.0
2984,1742.8310461593524,0.99700600868634,120.0
2985,1742.8324350157186,0.99791193725117,120.0
2986,1742.8338238718516,0.99697646925663,120.0
2987,1742.835212728218,0.99740694439256,120.0
2988,1742.8366015843503,0.99699023225756,120.0
2989,1742.8379904407159,0.99710361344484,120.0
2990,1742.839379296849,0.99806700151872,120.0
2991,1742.840768153215,0.99822019043677,120.0
2992,1742.8421570093485,0.99749322298601,120.0
2993,1742.8435458657143,0.99693589893319,120.0
2994,1742.8449347220803,0.99760090407967,120.0
2995,1742.8463235782135,0.99716867369393,120.0
2996,1742.8477124345795,0.9978251309021,120.0
2997,1742.8491012907123,0.99810874456725,120.0
2998,1742.8504901470776,0.99743437613329,120.0
2999,1742.8518790034439,0.99766387543827,120.0
3000,1742.853267859577,0.99784648534354,120.0
3001,1742.854656715943,0.99733448863183,120.0
3002,1742.8560455723093,0.99672173656235,120.0
3003,1742.8574344284423,0.99770051427813,120.0
3004,1742.8588232848083,0.99672564135108,120.0
3005,1742.8602121411748,0.99783291730682,120.0
3006,1742.8616009973073,0.99762238393832,120.0
3007,1742.8629898536726,0.99826636928499,120.0
3008,1742.8643787100384,0.99802084832943,120.0
3009,1742.8657675664047,0.99770629474276,120.0
3010,1742.867156422771,0.99778476134922,120.0
3011,1742.8685452789039,0.99742178197597,120.0
3012,1742.86993413527,0.99803601285264,120.0
3013,1742.871322991636,0.99722782002236,120.0
3014,1742.872711848002,0.99732179331832,120.0
3015,1742.8741007043684,0.99756746113776,120.0
3016,1742.875489560501,0.9971548625169,120.0
3017,1742.8768784168662,0.99780114135343,120.0
3018,1742.878267273232,0.99802180692987,120.0
3019,1742.8796561295983,0.99806904740559,120.0
3020,1742.8810449859643,0.99734349845214,120.0
3021,1742.8824338423303,0.99749456048458,120.0
3022,1742.8838226986963,0.99820789930282,120.0
3023,1742.8852115550626,0.99729527280098,120.0
3024,1742.8866004111956,0.99750673738499,120.0
3025,1742.8879892675611,0.99717789412489,120.0
3026,1742.8893781239265,0.9969800489972,120.0
3027,1742.8907669802927,0.997787268039,120.0
3028,1742.8921558366594,0.99785814567748,120.0
3029,1742.893544693026,0.99764388374794,120.0
3030,1742.8949335493924,0.99760638908979,120.0
3031,1742.896322405758,0.99763375866964,120.0
3032,1742.8977112621244,0.99751517248121,120.0
3033,1742.8991001184904,0.99764226581866,120.0
3034,1742.900488974856,0.99874163092705,120.0
3035,1742.901877831221,0.99702855544686,120.0
3036,1742.9032666875871,0.9971208841562,120.0
3037,1742.9046555441862,0.99888000733275,120.0
3038,1742.9060444005524,0.99815020159259,120.0
3039,1742.9074332569182,0.99789068167699,120.0
3040,1742.9088221132845,0.99746114507665,120.0
3041,1742.9102109696503,0.99820262140276,120.0
3042,1742.9115998260163,0.99731630452616,120.0
3043,1742.9129886823819,0.99738714321465,120.0
3044,1742.9143775387472,0.99699680978786,120.0
3045,1742.9157663953463,0.9975377188853,120.0
3046,1742.917155251712,0.99763324822141,120.0
3047,1742.9185441080783,0.99744969827494,120.0
3048,1742.9199329644443,0.9974424354221,120.0
3049,1742.9213218208104,0.99716502741151,120.0
3050,1742.9227106774094,0.99794813238839,120.0
3051,1742.9240995337752,0.99797496163179,120.0
3052,1742.9254883901415,0.99735502891217,120.0
3053,1742.9268772465068,0.99738072710827,120.0
3054,1742.9282661031048,0.99781820994154,120.0
3055,1742.9296549594712,0.99791825188586,120.0
3056,1742.9310438158373,0.99693775676555,120.0
3057,1742.9324326722033,0.99720894117286,120.0
3058,1742.9338215288024,0.99795956661224,120.0
3059,1742.935210385168,0.99724780073492,120.0
3060,1742.9365992415344,0.99713611247685,120.0
3061,1742.9379880981332,0.99746052624611,120.0
3062,1742.9393769544988,0.99753606676366,120.0
3063,1742.940765810864,0.99809379486313,120.0
3064,1742.9421546674628,0.99774356586587,120.0
3065,1742.943543523829,0.99782458428834,120.0
3066,1742.9449323804279,0.99814963664788,120.0
3067,1742.946321236794,0.99702901942482,120.0
3068,1742.94771009316,0.99688962104054,120.0
3069,1742.9490989497588,0.99788347405799,120.0
3070,1742.950487806125,0.9970423364608,120.0
3071,1742.9518766627232,0.99741442933194,120.0
3072,1742.9532655190883,0.99757407203091,120.0
3073,1742.9546543756876,0.99789158416816,120.0
3074,1742.9560432320532,0.99733243354422,120.0
3075,1742.9574320886525,0.99775093212709,120.0
3076,1742.9588209450187,0.99784630058395,120.0
3077,1742.960209801617,0.99717347121092,120.0
3078,1742.9615986579836,0.99767356570825,120.0
3079,1742.9629875145822,0.99725195130922,120.0
3080,1742.9643763709475,0.99761799721384,120.0
3081,1742.965765227546,0.99738448564153,120.0
3082,1742.9671540841448,0.99694505745677,120.0
3083,1742.968542940511,0.99769595301665,120.0
3084,1742.9699317971097,0.99845034675666,120.0
3085,1742.971320653476,0.99768711152606,120.0
3086,1742.9727095100748,0.99745263165212,120.0
3087,1742.9740983666736,0.99823178275794,120.0
3088,1742.9754872230399,0.9969399450092,120.0
3089,1742.9768760796387,0.99809290072687,120.0
3090,1742.978264936237,0.99821083021633,120.0
3091,1742.9796537926024,0.99792355079962,120.0
3092,1742.981042649201,0.99798895941457,120.0
3093,1742.9824315058,0.99796592332921,120.0
3094,1742.9838203621669,0.99703927836936,120.0
3095,1742.9852092187664,0.99814757976631,120.0
3096,1742.9865980753655,0.99769317801038,120.0
3097,1742.987986931964,0.99746862445902,120.0
3098,1742.9893757883303,0.99783114695678,120.0
3099,1742.9907646449285,0.99831155610759,120.0
3100,1742.9921535015267,0.99827975166094,120.0
3101,1742.9935423581255,0.99687190099355,120.0
3102,1742.9949312147244,0.99774150879909,120.0
3103,1742.9963200710906,0.99890868892085,120.0
3104,1742.9977089276895,0.9979069101596,120.0
3105,1742.9990977842883,0.99763343341655,120.0
3106,1743.0004866408874,0.9978705821562,120.0
3107,1743.001875497486,0.99830296176285,120.0
3108,1743.0032643540844,0.99728321676157,120.0
3109,1743.0046532106828,0.99791958194519,120.0
3110,1743.0060420670486,0.99859587011884,120.0
3111,1743.0074309236477,0.99751889194259,120.0
3112,1743.0088197802463,0.99863964374041,120.0
3113,1743.0102086368452,0.99752216839524,120.0
3114,1743.0115974934445,0.99797797211673,120.0
3115,1743.012986350043,0.99761262916288,120.0
3116,1743.014375206642,0.99754727268327,120.0
3117,1743.0157640632403,0.9979728161818,120.0
3118,1743.0171529198385,0.99751473481251,120.0
3119,1743.0185417764376,0.99759652144406,120.0
3120,1743.0199306330362,0.99779861711778,120.0
3121,1743.0213194896353,0.99705317080072,120.0
3122,1743.022708346234,0.99756046501967,120.0
3123,1743.0240972028328,0.99795252653834,120.0
3124,1743.025486059432,0.99892552381968,120.0
3125,1743.0268749160307,0.99803076813486,120.0
3126,1743.0282637726295,0.99751688313118,120.0
3127,1743.029652629228,0.99769477662317,120.0
3128,1743.031041485826,0.99824453698039,120.0
3129,1743.032430342658,0.99781112638093,120.0
3130,1743.0338191992566,0.99868852613723,120.0
3131,1743.0352080558555,0.99775538184397,120.0
3132,1743.0365969124543,0.997891104396,120.0
3133,1743.0379857690534,0.99862923685919,120.0
3134,1743.0393746256525,0.99869052618596,120.0
3135,1743.0407634822511,0.99729886096288,120.0
3136,1743.042152339082,0.99831609308103,120.0
3137,1743.0435411956803,0.99827272538486,120.0
3138,1743.0449300522791,0.99759270068442,120.0
3139,1743.0463189088784,0.99836700158899,120.0
3140,1743.047707765477,0.99799039410847,120.0
3141,1743.0490966223088,0.99732333179295,120.0
3142,1743.0504854789078,0.99794969971582,120.0
3143,1743.0518743355067,0.99812247385064,120.0
3144,1743.0532631921055,0.9988025290903,120.0
3145,1743.0546520489368,0.99830196965897,120.0
3146,1743.0560409055347,0.99689578827397,120.0
3147,1743.057429762134,0.99770929308973,120.0
3148,1743.0588186189655,0.99810692400809,120.0
3149,1743.0602074755643,0.99811703133321,120.0
3150,1743.0615963321632,0.99783029753408,120.0
3151,1743.062985188995,0.99733273347532,120.0
3152,1743.064374045594,0.99713997882227,120.0
3153,1743.0657629021928,0.99728467243078,120.0
3154,1743.0671517590247,0.99849478179483,120.0
3155,1743.0685406156229,0.99856163717639,120.0
3156,1743.0699294724539,0.99850764982222,120.0
3157,1743.0713183290527,0.99862913252686,120.0
3158,1743.0727071858844,0.99857243256462,120.0
3159,1743.0740960424835,0.99775996894866,120.0
3160,1743.0754848990828,0.99733661966168,120.0
3161,1743.0768737559151,0.99737053786827,120.0
3162,1743.0782626125144,0.99877651053524,120.0
3163,1743.079651469346,0.99845797162064,120.0
3164,1743.081040325944,0.99764314110356,120.0
3165,1743.0824291827753,0.99760929165687,120.0
3166,1743.083818039374,0.99774186466351,120.0
3167,1743.085206896206,0.99783064906917,120.0
3168,1743.0865957528047,0.99794507858366,120.0
3169,1743.0879846096364,0.99813086064809,120.0
3170,1743.0893734664683,0.99901716976393,120.0
3171,1743.090762323067,0.99841207449473,120.0
3172,1743.092151179899,0.9983509526141,120.0
3173,1743.0935400364972,0.99782777025793,120.0
3174,1743.094928893328,0.99754088420378,120.0
3175,1743.0963177501599,0.99806484671591,120.0
3176,1743.0977066067587,0.99796084661433,120.0
3177,1743.0990954635906,0.9982892847021,120.0
3178,1743.1004843201893,0.99806970956914,120.0
3179,1743.1018731770212,0.99839036469923,120.0
3180,1743.103262033853,0.99839352393065,120.0
3181,1743.1046508906843,0.99865801306417,120.0
3182,1743.1060397472836,0.99831543067947,120.0
3183,1743.1074286041146,0.99831761174899,120.0
3184,1743.1088174609456,0.99781005576311,120.0
3185,1743.1102063175447,0.99885203979236,120.0
3186,1743.111595174376,0.99777153215545,120.0
3187,1743.112984031208,0.99805639221707,120.0
3188,1743.1143728880395,0.99773311338896,120.0
3189,1743.1157617446383,0.99835371418569,120.0
3190,1743.1171506014705,0.99844527874419,120.0
3191,1743.118539458302,0.99812823334576,120.0
3192,1743.1199283151327,0.99769104726549,120.0
3193,1743.121317171964,0.99735601231799,120.0
3194,1743.122706028563,0.99710251080509,120.0
3195,1743.1240948853947,0.99709236122726,120.0
3196,1743.1254837422264,0.99777668446706,120.0
3197,1743.1268725990583,0.99813791458455,120.0
3198,1743.12826145589,0.99850930136965,120.0
3199,1743.1296503127217,0.99833534062109,120.0
3200,1743.1310391695536,0.99817213436813,120.0
3201,1743.1324280263843,0.99838738246293,120.0
3202,1743.1338168832156,0.9982535142908,120.0
3203,1743.1352057398144,0.99767697434355,120.0
3204,1743.136594596646,0.99816036920349,120.0
3205,1743.137983453478,0.99831592661439,120.0
3206,1743.1393723103095,0.99816690348164,120.0
3207,1743.1407611671411,0.99855458666846,120.0
3208,1743.142150023973,0.99850682515828,120.0
3209,1743.1435388808047,0.99843069834562,120.0
3210,1743.1449277376366,0.99791674119622,120.0
3211,1743.1463165944676,0.99851961819722,120.0
3212,1743.1477054512986,0.99774264985086,120.0
3213,1743.1490943081303,0.99815907257973,120.0
3214,1743.150483164962,0.99802264635237,120.0
3215,1743.1518720220267,0.99799480452118,120.0
3216,1743.153260878858,0.99810905718556,120.0
3217,1743.15464973569,0.99753575471918,120.0
3218,1743.156038592522,0.99786147992281,120.0
3219,1743.1574274493535,0.99817923753326,120.0
3220,1743.1588163061845,0.99807526610661,120.0
3221,1743.1602051630155,0.99763419556544,120.0
3222,1743.1615940198471,0.99875990245625,120.0
3223,1743.1629828766793,0.99764476254941,120.0
3224,1743.1643717337436,0.99820513180685,120.0
3225,1743.1657605905755,0.99852125650307,120.0
3226,1743.1671494474078,0.9978342282487,120.0
3227,1743.1685383042402,0.99838963654244,120.0
3228,1743.169927161072,0.99859390705318,120.0
3229,1743.171316018136,0.99852573475567,120.0
3230,1743.1727048749667,0.99746253070026,120.0
3231,1743.1740937317986,0.99803051599289,120.0
3232,1743.1754825886303,0.9987382143339,120.0
3233,1743.176871445695,0.99801690911334,120.0
3234,1743.1782603025265,0.99870434911414,120.0
3235,1743.1796491593584,0.99830640968457,120.0
3236,1743.18103801619,0.99751150192469,120.0
3237,1743.1824268732546,0.99878745145303,120.0
3238,1743.1838157300865,0.99790542494871,120.0
3239,1743.1852045869175,0.99822131406423,120.0
3240,1743.186593443981,0.9984866977837,120.0
3241,1743.187982300813,0.99784805202506,120.0
3242,1743.1893711578775,0.99742599328527,120.0
3243,1743.1907600147094,0.99853452207342,120.0
3244,1743.192148871541,0.99772585877572,120.0
3245,1743.1935377286056,0.99806050882723,120.0
3246,1743.1949265854375,0.99803895212384,120.0
3247,1743.1963154425018,0.99732222026164,120.0
3248,1743.1977042993328,0.99807426626346,120.0
3249,1743.1990931561638,0.99965931175827,120.0
3250,1743.2004820132283,0.99834979213433,120.0
3251,1743.2018708700605,0.99840360124549,120.0
3252,1743.2032597271248,0.99819181578969,120.0
3253,1743.2046485839567,0.99765339138035,120.0
3254,1743.2060374410207,0.99802792390397,120.0
3255,1743.2074262978529,0.99781876349826,120.0
3256,1743.2088151549176,0.99819037903358,120.0
3257,1743.2102040117486,0.99825483640512,120.0
3258,1743.2115928688124,0.9977237174444,120.0
3259,1743.2129817256439,0.99777111844524,120.0
3260,1743.2143705827086,0.99773665169927,120.0
3261,1743.2157594397731,0.99745852496325,120.0
3262,1743.2171482966048,0.99910801165905,120.0
3263,1743.2185371536696,0.99871704899074,120.0
3264,1743.2199260105012,0.9981147663941,120.0
3265,1743.2213148675655,0.99793470378415,120.0
3266,1743.2227037246305,0.9989295272618,120.0
3267,1743.2240925814615,0.99773598476233,120.0
3268,1743.225481438525,0.99793277057278,120.0
3269,1743.2268702955898,0.99771698272725,120.0
3270,1743.2282591524215,0.99826799288182,120.0
3271,1743.2296480094863,0.99753772609437,120.0
3272,1743.2310368665503,0.99818007469807,120.0
3273,1743.2324257233824,0.99774223698053,120.0
3274,1743.2338145804467,0.99845819291881,120.0
3275,1743.2352034375115,0.99817229575848,120.0
3276,1743.2365922945753,0.99874553887564,120.0
3277,1743.2379811514063,0.99820663130513,120.0
3278,1743.239370008471,0.99804987690772,120.0
3279,1743.2407588655356,0.99919269434537,120.0
3280,1743.2421477226,0.99728469609839,120.0
3281,1743.243536579432,0.99744036272493,120.0
3282,1743.2449254364963,0.99874079370478,120.0
3283,1743.246314293561,0.99871591111388,120.0
3284,1743.2477031506255,0.99801508488349,120.0
3285,1743.24909200769,0.99857321746092,120.0
3286,1743.2504808647539,0.9979318062384,120.0
3287,1743.2518697215849,0.99879036057036,120.0
3288,1743.2532585786496,0.99788453082337,120.0
3289,1743.2546474357143,0.99900735471061,120.0
3290,1743.2560362927786,0.99815979627139,120.0
3291,1743.2574251498431,0.99751337476795,120.0
3292,1743.2588140069083,0.99860869568237,120.0
3293,1743.2602028639735,0.99819846664075,120.0
3294,1743.2615917210385,0.99779616988869,120.0
3295,1743.2629805781023,0.99857071639081,120.0
3296,1743.264369435166,0.99895609075178,120.0
3297,1743.2657582922307,0.99801255161871,120.0
3298,1743.2671471492952,0.99989981581515,120.0
3299,1743.26853600636,0.99839820351968,120.0
3300,1743.269924863424,0.99811047444222,120.0
3301,1743.2713137204887,0.99851549358518,120.0
3302,1743.2727025775534,0.99830485918059,120.0
3303,1743.274091434618,0.99847647040774,120.0
3304,1743.2754802916816,0.99904099281236,120.0
3305,1743.2768691487456,0.99920176202051,120.0
3306,1743.2782580058104,0.99821895509348,120.0
3307,1743.2796468628749,0.99892476436835,120.0
3308,1743.2810357199392,0.99896740103322,120.0
3309,1743.282424577004,0.99825252374615,120.0
3310,1743.2838134340684,0.99881916633451,120.0
3311,1743.2852022911331,0.99841763654966,120.0
3312,1743.2865911484305,0.99835859433184,120.0
3313,1743.287980005495,0.99887468606243,120.0
3314,1743.2893688625588,0.99862070843529,120.0
3315,1743.2907577196227,0.99787774258575,120.0
3316,1743.2921465766874,0.99795986128572,120.0
3317,1743.2935354339847,0.99929858527023,120.0
3318,1743.2949242910493,0.99830520541589,120.0
3319,1743.296313148114,0.99877990728219,120.0
3320,1743.2977020051783,0.99898080655484,120.0
3321,1743.299090862243,0.99813052097843,120.0
3322,1743.3004797195404,0.99947076995281,120.0
3323,1743.3018685766044,0.99849461261982,120.0
3324,1743.3032574336683,0.99894629941778,120.0
3325,1743.3046462907323,0.9991482396206,120.0
3326,1743.30603514803,0.99892385794306,120.0
3327,1743.3074240050948,0.99835612996454,120.0
3328,1743.3088128621591,0.99867395685956,120.0
3329,1743.3102017194567,0.998012078687,120.0
3330,1743.3115905765208,0.99873333680132,120.0
3331,1743.3129794335855,0.99849268551037,120.0
3332,1743.3143682908833,0.99847451241645,120.0
3333,1743.3157571479471,0.99861406085603,120.0
3334,1743.3171460052436,0.99902477095521,120.0
3335,1743.3185348623083,0.99829984268246,120.0
3336,1743.3199237193728,0.9983314607431,120.0
3337,1743.3213125766704,0.99933059488985,120.0
3338,1743.3227014337347,0.99891786221702,120.0
3339,1743.3240902910322,0.99856784291737,120.0
3340,1743.3254791480967,0.99829214253032,120.0
3341,1743.326868005394,0.99983269951645,120.0
3342,1743.328256862458,0.99934548377166,120.0
3343,1743.3296457195215,0.99913128966783,120.0
3344,1743.331034576819,0.99862407547063,120.0
3345,1743.3324234338838,0.99875598602502,120.0
3346,1743.3338122911812,0.99833996663132,120.0
3347,1743.335201148246,0.99852014974081,120.0
3348,1743.336590005543,0.99895233634021,120.0
3349,1743.3379788628406,0.99912015946475,120.0
3350,1743.339367719905,0.99934673012971,120.0
3351,1743.3407565772025,0.99906103107108,120.0
3352,1743.3421454342663,0.99919334936918,120.0
3353,1743.3435342915627,0.99855358808953,120.0
3354,1743.3449231486277,0.99906690806827,120.0
3355,1743.3463120059253,0.99874915566843,120.0
3356,1743.3477008632224,0.99880087233621,120.0
3357,1743.349089720287,0.99876062402149,120.0
3358,1743.3504785775851,0.9984923310556,120.0
3359,1743.3518674348832,0.99926662279372,120.0
3360,1743.353256291948,0.99821598037438,120.0
3361,1743.3546451492443,0.99882701671331,120.0
3362,1743.3560340065412,0.99901249623005,120.0
3363,1743.3574228636055,0.99848522283625,120.0
3364,1743.358811720903,0.9982928590053,120.0
3365,1743.3602005782006,0.99871708113376,120.0
3366,1743.3615894354975,0.99878296507891,120.0
3367,1743.3629782925625,0.99859385656835,120.0
3368,1743.3643671498598,0.99939753220147,120.0
3369,1743.3657560071572,0.9993441018361,120.0
3370,1743.3671448644548,0.99876248649508,120.0
3371,1743.3685337215184,0.99806610866581,120.0
3372,1743.3699225788152,0.99855555960797,120.0
3373,1743.3713114361124,0.99906865211074,120.0
3374,1743.37270029341,0.99874572956559,120.0
3375,1743.3740891507075,0.99837614421639,120.0
3376,1743.3754780080046,0.99920089107671,120.0
3377,1743.3768668650691,0.99917775274155,120.0
3378,1743.3782557223667,0.99958711007328,120.0
3379,1743.379644579664,0.99871198004611,120.0
3380,1743.3810334369607,0.99885959976767,120.0
3381,1743.3824222942571,0.99890871149747,120.0
3382,1743.3838111515547,0.99884544423357,120.0
3383,1743.3852000088523,0.99926806233569,120.0
3384,1743.3865888661496,0.99847421220377,120.0
3385,1743.3879777234472,0.9983455189801,120.0
3386,1743.3893665807443,0.99916817864826,120.0
3387,1743.3907554380419,0.99969046800584,120.0
3388,1743.3921442953394,0.99948346829893,120.0
3389,1743.393533152636,0.99877457209649,120.0
3390,1743.3949220099328,0.99928058939599,120.0
3391,1743.3963108672299,0.99937230356367,120.0
3392,1743.3976997245275,0.99896320464253,120.0
3393,1743.399088581825,0.998961523974,120.0
3394,1743.400477439122,0.99931828605647,120.0
3395,1743.4018662964197,0.99893936201459,120.0
3396,1743.4032551537168,0.99887492086894,120.0
3397,1743.4046440110144,0.99955969710916,120.0
3398,1743.406032868312,0.99932116129531,120.0
3399,1743.4074217256086,0.99892568385147,120.0
3400,1743.4088105829053,0.99847567672565,120.0
3401,1743.4101994402024,0.99853311534469,120.0
3402,1743.4115882975,0.99907449386482,120.0
3403,1743.4129771550304,0.99838140343918,120.0
3404,1743.4143660123275,0.99855123859744,120.0
3405,1743.415754869625,0.99976024437434,120.0
3406,1743.4171437269224,0.99831491133136,120.0
3407,1743.4185325842195,0.99907092423617,120.0
3408,1743.4199214415164,0.99879063399915,120.0
3409,1743.421310299046,0.99877761052363,120.0
3410,1743.4226991563435,0.99845835103185,120.0
3411,1743.4240880136408,0.99804039897711,120.0
3412,1743.425476870938,0.99936105330679,120.0
3413,1743.4268657284683,0.99941184633942,120.0
3414,1743.4282545857657,0.99822776212573,120.0
3415,1743.4296434430632,0.99954706130729,120.0
3416,1743.4310323003604,0.9994788222309,120.0
3417,1743.4324211578908,0.99916951902466,120.0
3418,1743.4338100151874,0.99905280712805,120.0
3419,1743.435198872484,0.9995378155875,120.0
3420,1743.4365877300145,0.99873613143112,120.0
3421,1743.4379765873118,0.99909358455111,120.0
3422,1743.4393654446092,0.99961761323098,120.0
3423,1743.4407543021396,0.9993448196961,120.0
3424,1743.4421431594376,0.99884998578127,120.0
3425,1743.4435320167356,0.99902331102925,120.0
3426,1743.444920874266,0.99993793183274,120.0
3427,1743.4463097315627,0.9994369470117,120.0
3428,1743.447698589092,0.99934317565519,120.0
3429,1743.4490874463893,0.99910800364046,120.0
3430,1743.4504763036869,0.99861441148041,120.0
3431,1743.4518651612173,0.9993571942354,120.0
3432,1743.4532540185144,0.99877112138756,120.0
3433,1743.4546428760448,0.99972201785719,120.0
3434,1743.456031733342,0.99879096811803,120.0
3435,1743.4574205908723,0.99957005575927,120.0
3436,1743.4588094481699,0.9992511485709,120.0
3437,1743.4601983056991,0.99933946312408,120.0
3438,1743.461587162996,0.99925646253213,120.0
3439,1743.462976020526,0.99837280878376,120.0
3440,1743.4643648778235,0.9990721572648,120.0
3441,1743.465753735354,0.99944836625673,120.0
3442,1743.4671425928839,0.99913679083218,120.0
3443,1743.4685314501814,0.99973910442563,120.0
3444,1743.4699203077116,0.99877164422271,120.0
3445,1743.4713091650087,0.99932868537295,120.0
3446,1743.4726980225385,0.99969874752167,120.0
3447,1743.474086880068,0.9998662782146,120.0
3448,1743.4754757373655,0.99888872851912,120.0
3449,1743.4768645948957,0.99853632311323,120.0
3450,1743.4782534524259,0.99919924316075,120.0
3451,1743.4796423097234,0.99942149701602,120.0
3452,1743.4810311672531,0.99983921035277,120.0
3453,1743.4824200247836,0.99909553896981,120.0
3454,1743.4838088820811,0.99903748690466,120.0
3455,1743.4851977396113,0.99923156547491,120.0
3456,1743.4865865971408,0.99931755666143,120.0
3457,1743.4879754544374,0.99975677139171,120.0
3458,1743.4893643119678,0.99901610510165,120.0
3459,1743.4907531694982,0.99800759261846,120.0
3460,1743.492142027028,0.99909019018749,120.0
3461,1743.4935308843255,0.99974454666219,120.0
3462,1743.4949197418557,0.99974635792183,120.0
3463,1743.496308599386,0.99908604162803,120.0
3464,1743.4976974569165,0.99831659726508,120.0
3465,1743.499086314446,0.99896064741979,120.0
3466,1743.5004751719755,0.99975614485445,120.0
3467,1743.5018640292726,0.9989489165074,120.0
3468,1743.503252886803,0.99901006938242,120.0
3469,1743.5046417443334,0.99913335909207,120.0
3470,1743.5060306018631,0.99914591444163,120.0
3471,1743.5074194593935,0.99890966848358,120.0
3472,1743.508808316924,0.99927918562457,120.0
3473,1743.510197174454,0.99882500983074,120.0
3474,1743.5115860319845,0.99896847239488,120.0
3475,1743.5129748892812,0.99941956963529,120.0
3476,1743.5143637468107,0.9995146484221,120.0
3477,1743.5157526043408,0.99951552764848,120.0
3478,1743.517141461871,0.99947982635088,120.0
3479,1743.5185303194014,0.99906022609437,120.0
3480,1743.5199191769311,0.99874584269602,120.0
3481,1743.5213080344615,0.99895850731728,120.0
3482,1743.522696891992,0.9988319162813,120.0
3483,1743.524085749522,0.99895059545175,120.0
3484,1743.5254746070516,0.99913788739644,120.0
3485,1743.526863464581,0.99962179518375,120.0
3486,1743.5282523221115,0.99886742219454,120.0
3487,1743.5296411796417,0.99896755211564,120.0
3488,1743.5310300374047,0.99926954100256,120.0
3489,1743.532418894935,0.99930099198972,120.0
3490,1743.533807752466,0.99848655927545,120.0
3491,1743.5351966099968,0.99929056267203,120.0
3492,1743.5365854675272,0.99862982394272,120.0
3493,1743.5379743250571,0.99941910427064,120.0
3494,1743.5393631825866,0.99974601189877,120.0
3495,1743.540752040116,0.99914213278761,120.0
3496,1743.542140897879,0.99918438648297,120.0
3497,1743.5435297554095,0.99988692573663,120.0
3498,1743.5449186129397,0.9995139303301,120.0
3499,1743.54630747047,0.99949642612422,120.0
3500,1743.547696328,0.99936195345076,120.0
3501,1743.5490851855304,0.99929115629241,120.0
3502,1743.5504740432937,0.99887236207563,120.0
3503,1743.5518629008232,0.99949257038575,120.0
3504,1743.5532517583526,0.99947629483168,120.0
3505,1743.5546406158828,0.99978350294729,120.0
3506,1743.5560294736458,0.99903359518869,120.0
3507,1743.5574183311762,0.99926984536266,120.0
3508,1743.558807188706,0.99935902310319,120.0
3509,1743.5601960464694,0.99921456399608,120.0
3510,1743.5615849039996,0.99944174705045,120.0
3511,1743.5629737615295,0.99955680396277,120.0
3512,1743.5643626192928,0.99950679848802,120.0
3513,1743.5657514768225,0.99974485015102,120.0
3514,1743.567140334352,0.99870811370948,120.0
3515,1743.5685291921147,0.99851536489376,120.0
3516,1743.5699180496451,0.99899029394228,120.0
3517,1743.5713069071755,0.99922461832979,120.0
3518,1743.5726957649383,0.9986212210352,120.0
3519,1743.5740846224687,0.99962563166847,120.0
3520,1743.5754734802315,0.99950048258514,120.0
3521,1743.576862337762,0.99998766914847,120.0
3522,1743.5782511952923,0.99921015248595,120.0
3523,1743.5796400530546,0.99915128406612,120.0
3524,1743.581028910584,0.9995273348806,120.0
3525,1743.582417768347,0.99874664417859,120.0
3526,1743.5838066258773,0.99855006541766,120.0
3527,1743.5851954836403,0.99956495512016,120.0
3528,1743.5865843411705,0.99843078226467,120.0
3529,1743.5879731989337,0.99838580086468,120.0
3530,1743.589362056464,0.99930120818446,120.0
3531,1743.5907509142269,0.99960152034141,120.0
3532,1743.5921397719892,0.99942007296226,120.0
3533,1743.5935286295187,0.99960721860184,120.0
3534,1743.594917487282,0.99968232687058,120.0
3535,1743.5963063448123,0.99854059870825,120.0
3536,1743.597695202575,0.99947109122804,120.0
3537,1743.5990840601055,0.99891360633331,120.0
3538,1743.6004729178683,1.00005098635178,120.0
3539,1743.6018617756315,0.99929306381089,120.0
3540,1743.603250633162,0.99993661210618,120.0
3541,1743.6046394909247,0.99931952871205,120.0
3542,1743.606028348687,0.99928440526663,120.0
3543,1743.6074172062167,0.99931487150672,120.0
3544,1743.6088060639795,1.00013262152707,120.0
3545,1743.6101949217427,0.9997642322705,120.0
3546,1743.611583779273,0.99951250479917,120.0
3547,1743.612972637036,0.99919471004557,120.0
3548,1743.6143614947991,0.99957979785001,120.0
3549,1743.615750352562,0.99937162304775,120.0
3550,1743.6171392100923,1.00030625354841,120.0
3551,1743.6185280678549,0.99933793527754,120.0
3552,1743.6199169256172,0.99907127910736,120.0
3553,1743.62130578338,0.99884148977066,120.0
3554,1743.6226946409104,0.99995420002476,120.0
3555,1743.6240834986736,0.99954523887127,120.0
3556,1743.6254723564373,0.99945344301448,120.0
3557,1743.6268612142007,0.99921450267127,120.0
3558,1743.6282500719642,0.99991693784249,120.0
3559,1743.629638929494,0.99944599993996,120.0
3560,1743.6310277872572,0.99908229893858,120.0
3561,1743.6324166450197,0.99885656842936,120.0
3562,1743.633805502782,0.99941054256936,120.0
3563,1743.6351943605453,0.99944492865432,120.0
3564,1743.636583218308,0.99935338238178,120.0
3565,1743.6379720760713,1.00017350524359,120.0
3566,1743.639360933834,0.99948328554659,120.0
3567,1743.6407497915973,1.00017649570145,120.0
3568,1743.6421386493605,1.00018236881148,120.0
3569,1743.6435275071233,0.99964894815973,120.0
3570,1743.6449163648856,0.99967166016554,120.0
3571,1743.646305222415,0.99918092019462,120.0
3572,1743.6476940801783,0.99917611300235,120.0
3573,1743.6490829379416,0.99890042618063,120.0
3574,1743.6504717957043,0.99966196590126,120.0
3575,1743.6518606534676,0.99906785236293,120.0
3576,1743.6532495114634,0.99938962729765,120.0
3577,1743.6546383692264,0.99934998414761,120.0
3578,1743.6560272269896,0.99870076198848,120.0
3579,1743.6574160847524,0.99932290180018,120.0
3580,1743.6588049425147,0.99883431106562,120.0
3581,1743.6601938002773,0.99843919369657,120.0
3582,1743.6615826580403,0.99939077625003,120.0
3583,1743.6629715158035,0.99859342638494,120.0
3584,1743.6643603735663,0.99910933649034,120.0
3585,1743.6657492313295,0.99873492056782,120.0
3586,1743.6671380890923,0.99985360621199,120.0
3587,1743.6685269470884,0.99900305019179,120.0
3588,1743.6699158048516,0.99821660257212,120.0
3589,1743.6713046626144,0.99804202428145,120.0
3590,1743.6726935203767,0.99796164454147,120.0
3591,1743.6740823781392,0.99927375407284,120.0
3592,1743.6754712359023,0.99788467958258,120.0
3593,1743.6768600938983,0.99801647286091,120.0
3594,1743.678248951661,0.9986741701656,120.0
3595,1743.6796378094243,0.99819696215573,120.0
3596,1743.6810266671876,0.99847028360044,120.0
3597,1743.6824155251832,0.99929660988579,120.0
3598,1743.6838043829464,0.99852016429668,120.0
3599,1743.6851932407087,0.99872954527669,120.0
3600,1743.686582098471,0.99803698407518,120.0
3601,1743.687970956467,0.99891446828375,120.0
3602,1743.6893598142299,0.99831263764878,120.0
3603,1743.690748671993,0.9986804462696,120.0
3604,1743.6921375299887,0.99841436215502,120.0
3605,1743.693526387752,0.99981563002111,120.0
3606,1743.6949152455152,0.99927098986043,120.0
3607,1743.6963041035108,0.9985015874903,120.0
3608,1743.697692961274,0.9981639277682,120.0
3609,1743.6990818192692,0.99852212995876,120.0
3610,1743.7004706770315,0.99845738835756,120.0
3611,1743.7018595347947,0.99913085659949,120.0
3612,1743.7032483927903,0.99927697433909,120.0
3613,1743.7046372505536,0.99856775618397,120.0
3614,1743.7060261085492,0.99879603048963,120.0
3615,1743.7074149663124,0.99928217426507,120.0
3616,1743.7088038243085,0.99922288237734,120.0
3617,1743.7101926820712,0.99965354474835,120.0
3618,1743.7115815400664,0.99879215201754,120.0
3619,1743.7129703978287,0.99956144505672,120.0
3620,1743.7143592558248,0.9991807078633,120.0
3621,1743.715748113588,0.99886152941722,120.0
3622,1743.7171369715843,0.99946419584222,120.0
3623,1743.7185258293482,0.99928298502671,120.0
3624,1743.7199146873443,0.99950852194498,120.0
3625,1743.721303545107,0.99894338279651,120.0
3626,1743.722692403103,0.99857892031932,120.0
3627,1743.724081260866,0.99973908291895,120.0
3628,1743.7254701188613,0.99833376389619,120.0
3629,1743.7268589768566,0.99959548123739,120.0
3630,1743.7282478346194,0.99882436601714,120.0
3631,1743.7296366926155,0.99837636118962,120.0
3632,1743.7310255503783,0.99791994261058,120.0
3633,1743.7324144083743,0.99886434130007,120.0
3634,1743.7338032663704,0.99823895856216,120.0
3635,1743.7351921241332,0.99972308565153,120.0
3636,1743.7365809821292,0.99896562351219,120.0
3637,1743.737969840125,0.99958172639654,120.0
3638,1743.7393586978876,0.99833765947884,120.0
3639,1743.7407475558828,0.99867015749641,120.0
3640,1743.7421364138784,0.99913425489905,120.0
3641,1743.7435252718744,0.99931613675587,120.0
3642,1743.7449141296374,0.9988949101543,120.0
3643,1743.7463029876333,0.99833258729636,120.0
3644,1743.747691845629,0.99885148515227,120.0
3645,1743.7490807036247,0.99955686907299,120.0
3646,1743.750469561388,0.99891653997822,120.0
3647,1743.751858419383,0.99904604376699,120.0
3648,1743.7532472773785,0.99910151054952,120.0
3649,1743.7546361353743,0.99904019246558,120.0
3650,1743.75602499337,0.99938778886934,120.0
3651,1743.7574138513662,0.9992975304671,120.0
3652,1743.7588027091292,0.99887732847503,120.0
3653,1743.760191567125,0.99934087140461,120.0
3654,1743.761580425121,0.99784150098466,120.0
3655,1743.7629692831167,0.99898462839042,120.0
3656,1743.7643581411128,0.99888416345385,120.0
3657,1743.765746999108,0.99887646005663,120.0
3658,1743.767135857103,0.99960606602235,120.0
3659,1743.7685247150991,0.99907109136373,120.0
3660,1743.7699135730948,0.99949017725072,120.0
3661,1743.7713024310908,0.99919060316846,120.0
3662,1743.7726912890869,0.99896010979161,120.0
3663,1743.7740801470825,0.99903605569676,120.0
3664,1743.7754690050783,0.99904245065762,120.0
3665,1743.776857863074,0.99958364897868,120.0
3666,1743.7782467210702,0.99942146327242,120.0
3667,1743.7796355790651,0.99990325761379,120.0
3668,1743.7810244370603,1.00030817782877,120.0
3669,1743.7824132950564,0.99912663836493,120.0
3670,1743.783802153052,1.00008811966487,120.0
3671,1743.7851910110483,0.99993725201697,120.0
3672,1743.7865798690443,0.99952873283055,120.0
3673,1743.78796872704,0.99998659693537,120.0
3674,1743.789357585036,1.00023453235626,120.0
3675,1743.7907464430318,1.00023596338485,120.0
3676,1743.7921353010272,1.0007928742796,120.0
3677,1743.7935241590224,1.00036150197039,120.0
3678,1743.794913017018,0.99962042144129,120.0
3679,1743.7963018752469,1.00044970131408,120.0
3680,1743.7976907332427,1.00035760694269,120.0
3681,1743.7990795912383,1.00053305486671,120.0
3682,1743.8004684492344,1.00029092863494,120.0
3683,1743.80185730723,1.00059205924321,120.0
3684,1743.8032461652263,0.99975687953739,120.0
3685,1743.8046350234547,0.99995740484675,120.0
3686,1743.8060238814503,1.0007382661385,120.0
3687,1743.8074127394455,1.00006562431119,120.0
3688,1743.808801597442,1.00020726222158,120.0
3689,1743.810190455671,1.00022690788421,120.0
3690,1743.8115793136672,1.00027400458148,120.0
3691,1743.8129681716628,1.00116531941192,120.0
3692,1743.814357029659,0.9994908127703,120.0
3693,1743.8157458878875,0.99936306428344,120.0
3694,1743.8171347458835,1.00004417438672,120.0
3695,1743.8185236038796,1.00063105275699,120.0
3696,1743.8199124621076,1.00048349005067,120.0
3697,1743.8213013201027,1.00051275241678,120.0
3698,1743.8226901780984,0.99957851288378,120.0
3699,1743.8240790363272,1.00004149197104,120.0
3700,1743.8254678943233,1.00119065709007,120.0
3701,1743.8268567523187,1.00071447364131,120.0
3702,1743.8282456105478,1.00192543832375,120.0
3703,1743.8296344685434,1.00045111801223,120.0
3704,1743.8310233267723,1.00057252373573,120.0
3705,1743.8324121847675,1.00067865843581,120.0
3706,1743.8338010427626,1.00064063575905,120.0
3707,1743.8351899009915,1.00065584340412,120.0
3708,1743.8365787589871,1.00109209107592,120.0
3709,1743.837967617216,1.00014900310546,120.0
3710,1743.839356475212,1.00119678063028,120.0
3711,1743.8407453334405,1.00062662780369,120.0
3712,1743.8421341914363,1.00003711086784,120.0
3713,1743.8435230496652,1.00025347326089,120.0
3714,1743.844911907661,1.00036375233044,120.0
3715,1743.846300765889,1.00041286858535,120.0
3716,1743.8476896238842,1.00079127076607,120.0
3717,1743.849078482113,1.00076357908944,120.0
3718,1743.8504673403415,1.00068856977859,120.0
3719,1743.8518561983376,1.00046294081137,120.0
3720,1743.8532450565665,1.00037997626118,120.0
3721,1743.854633914562,0.99992119254424,120.0
3722,1743.8560227727908,1.00106346598944,120.0
3723,1743.8574116310197,1.00152849084989,120.0
3724,1743.8588004890155,1.0008951647959,120.0
3725,1743.8601893472435,1.00036572103902,120.0
3726,1743.8615782052386,1.00090406599801,120.0
3727,1743.8629670634675,1.00029272485202,120.0
3728,1743.864355921696,1.00128386216753,120.0
3729,1743.865744779692,1.00019678301228,120.0
3730,1743.8671336379207,1.00098443831069,120.0
3731,1743.8685224961491,0.99990107732968,120.0
3732,1743.8699113543782,1.0008294370138,120.0
3733,1743.8713002123743,1.00068332039389,120.0
3734,1743.8726890706023,1.00028581512781,120.0
3735,1743.8740779288303,1.00142411148188,120.0
3736,1743.8754667870587,1.00102424498789,120.0
3737,1743.8768556450548,1.00026910046434,120.0
3738,1743.8782445032837,1.00076055336854,120.0
3739,1743.879633361512,1.00075788285723,120.0
3740,1743.881022219741,1.00061295902597,120.0
3741,1743.8824110777366,1.00165874192945,120.0
3742,1743.8837999359655,1.00051037590705,120.0
3743,1743.8851887941944,1.00083046478776,120.0
3744,1743.8865776524224,1.00075371425132,120.0
3745,1743.8879665106504,1.00081533794788,120.0
3746,1743.8893553688788,1.00095696982392,120.0
3747,1743.8907442271077,1.00027320932054,120.0
3748,1743.8921330851035,1.00082382550369,120.0
3749,1743.893521943332,1.00118279451856,120.0
3750,1743.894910801561,1.00076919034045,120.0
3751,1743.8962996597895,1.00172174980649,120.0
3752,1743.8976885180184,1.00053858720437,120.0
3753,1743.8990773762473,1.00094946076439,120.0
3754,1743.9004662344755,0.99996184036617,120.0
3755,1743.9018550927046,1.00046475245537,120.0
3756,1743.9032439509333,1.0003679661204,120.0
3757,1743.904632809162,1.00077191746303,120.0
3758,1743.9060216673909,1.00100386251185,120.0
3759,1743.9074105256193,1.00068286884214,120.0
3760,1743.908799383848,1.00187413616076,120.0
3761,1743.910188242077,1.00116939384209,120.0
3762,1743.9115771003055,1.00062673190991,120.0
3763,1743.9129659585344,1.0010523984954,120.0
3764,1743.9143548167624,1.00031730808944,120.0
3765,1743.9157436749904,1.00187630988976,120.0
3766,1743.9171325332193,0.99996772527407,120.0
3767,1743.9185213914477,1.00108764527354,120.0
3768,1743.9199102496766,1.00088549998668,120.0
3769,1743.9212991081379,1.00083594247404,120.0
3770,1743.9226879663668,1.00109445552716,120.0
3771,1743.9240768245957,1.00099157027838,120.0
3772,1743.925465682824,1.00095604611044,120.0
3773,1743.926854541052,1.00118116813093,120.0
3774,1743.92824339928,1.00091358042127,120.0
3775,1743.9296322575087,1.00137028001044,120.0
3776,1743.9310211159707,1.0014095214815,120.0
3777,1743.9324099741991,1.00125201876607,120.0
3778,1743.933798832428,1.00096053760459,120.0
3779,1743.9351876906567,1.00081003244546,120.0
3780,1743.936576549118,1.00040509649395,120.0
3781,1743.937965407347,1.00099355315766,120.0
3782,1743.9393542655755,1.00057277397686,120.0
3783,1743.9407431238035,1.00047118801725,120.0
3784,1743.9421319822643,1.00153224265214,120.0
3785,1743.9435208404932,1.00104803843988,120.0
3786,1743.944909698722,1.00068445317018,120.0
3787,1743.9462985569503,1.0004331946659,120.0
3788,1743.9476874154122,1.00063150064768,120.0
3789,1743.949076273641,1.00047669068189,120.0
3790,1743.9504651318696,1.00124879255596,120.0
3791,1743.9518539903313,1.00105612183675,120.0
3792,1743.9532428485595,1.00071025893063,120.0
3793,1743.9546317067875,1.00111871086392,120.0
3794,1743.9560205652488,1.00152814557192,120.0
3795,1743.9574094234774,1.00107698473533,120.0
3796,1743.9587982819392,1.0006029940704,120.0
3797,1743.9601871401676,1.00078511872496,120.0
3798,1743.961575998629,1.00068220830949,120.0
3799,1743.9629648568582,1.00077913321993,120.0
3800,1743.9643537150866,1.00138421586552,120.0
3801,1743.9657425735484,1.00113725825662,120.0
3802,1743.9671314317768,1.0008614415175,120.0
3803,1743.9685202902378,1.00088451454985,120.0
3804,1743.969909148466,1.00082520673832,120.0
3805,1743.971298006927,1.00101071243472,120.0
3806,1743.9726868651562,1.00135213201101,120.0
3807,1743.9740757236175,1.00122535252165,120.0
3808,1743.9754645818464,1.00093902897513,120.0
3809,1743.976853440308,1.00199392562903,120.0
3810,1743.9782422985363,1.00137764636376,120.0
3811,1743.9796311569983,1.00053027350222,120.0
3812,1743.981020015459,1.0003850602616,120.0
3813,1743.982408873687,1.00101378034521,120.0
3814,1743.9837977321488,1.00186406531463,120.0
3815,1743.9851865903772,1.00114139096148,120.0
3816,1743.9865754488387,1.00132788940782,120.0
3817,1743.9879643073004,1.00239603744165,120.0
3818,1743.989353165529,1.00085214733428,120.0
3819,1743.9907420239908,1.0020056328919,120.0
3820,1743.992130882453,1.00068786150678,120.0
3821,1743.9935197406824,1.00164802669902,120.0
3822,1743.9949085991432,1.00077446606242,120.0
3823,1743.996297457604,1.00155347722234,120.0
3824,1743.9976863158329,1.00122471259858,120.0
3825,1743.999075174294,1.0006737634667,120.0
3826,1744.0004640327559,1.00170263573543,120.0
3827,1744.0018528909848,1.00101536909482,120.0
3828,1744.003241749446,1.00160899246226,120.0
3829,1744.0046306079075,1.00208971161989,120.0
3830,1744.006019466369,1.00134275864642,120.0
3831,1744.007408324598,1.00154305380476,120.0
3832,1744.0087971830587,1.00145409438065,120.0
3833,1744.0101860415195,1.00080607671617,120.0
3834,1744.0115748999813,1.00167088594481,120.0
3835,1744.0129637584423,1.0016265754255,120.0
3836,1744.0143526169043,1.0012021309738,120.0
3837,1744.0157414751332,1.00162362442373,120.0
3838,1744.0171303335944,1.00143905188429,120.0
3839,1744.018519192056,1.00189103765224,120.0
3840,1744.0199080505174,1.00074354884857,120.0
3841,1744.0212969089791,1.00157490128449,120.0
3842,1744.02268576744,1.00072647004428,120.0
3843,1744.0240746259008,1.00205629398172,120.0
3844,1744.0254634843625,1.00196740108618,120.0
3845,1744.0268523425912,1.00150355986239,120.0
3846,1744.0282412010527,1.00149741244879,120.0
3847,1744.0296300595144,1.00186055829551,120.0
3848,1744.0310189179756,1.00195964424307,120.0
3849,1744.0324077764371,1.00152839185303,120.0
3850,1744.0337966348989,1.00191221604295,120.0
3851,1744.03518549336,1.00238911091893,120.0
3852,1744.0365743518207,1.00151770081492,120.0
3853,1744.037963210282,1.00125213681077,120.0
3854,1744.0393520687437,1.00157064940391,120.0
3855,1744.0407409272052,1.00196619124004,120.0
3856,1744.0421297856667,1.00136322678705,120.0
3857,1744.0435186441284,1.00168852674339,120.0
3858,1744.0449075028223,1.00226017661043,120.0
3859,1744.0462963612842,1.00109680028916,120.0
3860,1744.0476852197455,1.00102603219655,120.0
3861,1744.0490740782068,1.00163532721019,120.0
3862,1744.0504629366676,1.00082468431668,120.0
3863,1744.0518517951289,1.00157284020685,120.0
3864,1744.0532406535904,1.0015535442953,120.0
3865,1744.0546295120523,1.00134035261973,120.0
3866,1744.0560183705136,1.00118562114817,120.0
3867,1744.057407229208,1.00152949100463,120.0
3868,1744.0587960876694,1.00175442588838,120.0
3869,1744.0601849461311,1.00188835783853,120.0
3870,1744.0615738045929,1.00238644523942,120.0
3871,1744.0629626630537,1.00217205815625,120.0
3872,1744.0643515217473,1.00185532591972,120.0
3873,1744.0657403802084,1.00209221735224,120.0
3874,1744.0671292386703,1.00260570147632,120.0
3875,1744.068518097132,1.001723964972,120.0
3876,1744.069906955826,1.00165586383261,120.0
3877,1744.0712958142879,1.00249709121328,120.0
3878,1744.0726846727491,1.00219064568588,120.0
3879,1744.0740735312108,1.00200225101025,120.0
3880,1744.0754623899054,1.00178592792331,120.0
3881,1744.0768512483662,1.00226873078964,120.0
3882,1744.078240106827,1.00252233651563,120.0
3883,1744.0796289655211,1.00232552941931,120.0
3884,1744.0810178239828,1.00216036446186,120.0
3885,1744.0824066824443,1.0012273368926,120.0
3886,1744.0837955411396,1.00334200468758,120.0
3887,1744.0851843996015,1.00213774687632,120.0
3888,1744.0865732580633,1.00219702962011,120.0
3889,1744.0879621167576,1.00217243869973,120.0
3890,1744.0893509752193,1.00240026646048,120.0
3891,1744.0907398339127,1.00134277241982,120.0
3892,1744.0921286923735,1.00193147519203,120.0
3893,1744.093517551068,1.00239826625065,120.0
3894,1744.0949064095296,1.00188244010767,120.0
3895,1744.0962952679913,1.00185152634705,120.0
3896,1744.0976841266854,1.00258321809777,120.0
3897,1744.0990729851471,1.00232291660938,120.0
3898,1744.1004618438417,1.00180076803064,120.0
3899,1744.1018507023027,1.00160784715401,120.0
3900,1744.1032395609966,1.00307646552111,120.0
3901,1744.1046284194574,1.00209199744531,120.0
3902,1744.106017278152,1.00226246294374,120.0
3903,1744.1074061368463,1.00272089049926,120.0
3904,1744.1087949953076,1.00202622405988,120.0
3905,1744.1101838540023,1.00220512488548,120.0
3906,1744.1115727124636,1.00165077919504,120.0
3907,1744.112961571158,1.00154849238001,120.0
3908,1744.11435042962,1.00208813998966,120.0
3909,1744.115739288314,1.00209459664202,120.0
3910,1744.1171281470076,1.00230062654561,120.0
3911,1744.1185170054684,1.00241050271261,120.0
3912,1744.119905864163,1.00185037853948,120.0
3913,1744.1212947228576,1.00214585578474,120.0
3914,1744.1226835813188,1.0026061215868,120.0
3915,1744.1240724400132,1.00246180387144,120.0
3916,1744.1254612987077,1.002026088144,120.0
3917,1744.1268501571692,1.0016595788496,120.0
3918,1744.1282390158635,1.00209556874062,120.0
3919,1744.1296278745579,1.00205676040186,120.0
3920,1744.1310167330187,1.00249390046073,120.0
3921,1744.1324055917123,1.00267512254795,120.0
3922,1744.1337944504069,1.0024457988148,120.0
3923,1744.1351833091014,1.00229989233467,120.0
3924,1744.1365721675627,1.00263834417953,120.0
3925,1744.1379610262572,1.00149086065702,120.0
3926,1744.1393498849516,1.00165834256402,120.0
3927,1744.140738743646,1.00256785674933,120.0
3928,1744.1421276023405,1.00207679683419,120.0
3929,1744.1435164608015,1.00208407505138,120.0
3930,1744.1449053194951,1.00214477326069,120.0
3931,1744.1462941781892,1.00221175715751,120.0
3932,1744.1476830368836,1.00209994496095,120.0
3933,1744.149071895578,1.00218612842856,120.0
3934,1744.1504607542722,1.00275380438504,120.0
3935,1744.1518496129668,1.00212147826321,120.0
3936,1744.153238471661,1.00147548471687,120.0
3937,1744.1546273301224,1.00314570543067,120.0
3938,1744.1560161888171,1.00175843069351,120.0
3939,1744.1574050475112,1.00215887174129,120.0
3940,1744.1587939062051,1.00288100780567,120.0
3941,1744.1601827648988,1.00330171900315,120.0
3942,1744.161571623593,1.00292182376452,120.0
3943,1744.1629604822876,1.0022111718618,120.0
3944,1744.1643493409815,1.00259212115554,120.0
3945,1744.1657381996763,1.00186504512797,120.0
3946,1744.1671270583709,1.00265343523165,120.0
3947,1744.1685159170647,1.00180819109682,120.0
3948,1744.1699047757595,1.00213893851149,120.0
3949,1744.1712936344538,1.00320371634992,120.0
3950,1744.1726824931477,1.00292135882473,120.0
3951,1744.1740713518411,1.00240326313788,120.0
3952,1744.1754602105364,1.0019482126253,120.0
3953,1744.1768490692311,1.00324706183078,120.0
3954,1744.1782379279257,1.00247058800289,120.0
3955,1744.1796267868529,1.00329725975939,120.0
3956,1744.1810156455474,1.00271392964383,120.0
3957,1744.1824045042415,1.00231323206023,120.0
3958,1744.183793362936,1.00200430796359,120.0
3959,1744.1851822216297,1.00299129621587,120.0
3960,1744.1865710803231,1.00199879138344,120.0
3961,1744.187959939018,1.00252878514969,120.0
3962,1744.1893487979448,1.00290933673105,120.0
3963,1744.1907376566392,1.00195226429431,120.0
3964,1744.192126515334,1.00235090962117,120.0
3965,1744.193515374028,1.00233950451653,120.0
3966,1744.1949042327224,1.00206716017417,120.0
3967,1744.1962930916495,1.00231262663984,120.0
3968,1744.197681950344,1.00256605094302,120.0
3969,1744.1990708090375,1.00310019372375,120.0
3970,1744.2004596677311,1.00200079522196,120.0
3971,1744.2018485266588,1.00256528548393,120.0
3972,1744.2032373853528,1.00168189171926,120.0
3973,1744.2046262440474,1.00221273266351,120.0
3974,1744.206015102742,1.00204042378863,120.0
3975,1744.207403961669,1.00269691988053,120.0
3976,1744.2087928203634,1.00241495775408,120.0
3977,1744.2101816790575,1.00220634198213,120.0
3978,1744.2115705379847,1.00273698164458,120.0
3979,1744.2129593966783,1.00243780146137,120.0
3980,1744.214348255605,1.00335419438047,120.0
3981,1744.2157371142996,1.00254320496537,120.0
3982,1744.217125972994,1.00217125296674,120.0
3983,1744.218514831921,1.00198734605935,120.0
3984,1744.2199036906156,1.00261262497789,120.0
3985,1744.2212925495423,1.0028832505023,120.0
3986,1744.2226814082371,1.00238387491001,120.0
3987,1744.2240702669314,1.00243431083106,120.0
3988,1744.2254591258586,1.00227926319173,120.0
3989,1744.2268479845523,1.00249586734906,120.0
3990,1744.2282368434787,1.00187597780537,120.0
3991,1744.2296257021733,1.00212268140696,120.0
3992,1744.2310145611004,1.00285276675099,120.0
3993,1744.2324034197948,1.00244018078875,120.0
3994,1744.233792278722,1.00242464595791,120.0
3995,1744.2351811374162,1.00220138384169,120.0
3996,1744.2365699963436,1.00243975466733,120.0
3997,1744.237958855038,1.00264155011798,120.0
3998,1744.2393477139651,1.00280096629527,120.0
3999,1744.2407365726588,1.00304727392894,120.0
4000,1744.2421254315852,1.00306316917614,120.0
4001,1744.2435142905126,1.00243084698286,120.0
4002,1744.2449031492072,1.00358938291183,120.0
4003,1744.246292008134,1.00255294277449,120.0
4004,1744.2476808668287,1.00248943964738,120.0
4005,1744.2490697257556,1.00248994262938,120.0
4006,1744.2504585846827,1.0029046420349,120.0
4007,1744.2518474433775,1.00278831411845,120.0
4008,1744.2532363023045,1.00224972991807,120.0
4009,1744.2546251612307,1.0028956378891,120.0
4010,1744.2560140199244,1.00220103065572,120.0
4011,1744.257402878852,1.00293300956735,120.0
4012,1744.2587917377791,1.00321853071479,120.0
4013,1744.2601805967063,1.00352455634677,120.0
4014,1744.2615694554008,1.00268617430846,120.0
4015,1744.262958314328,1.00372703578135,120.0
4016,1744.2643471732551,1.00207282420512,120.0
4017,1744.2657360321828,1.00281301335521,120.0
4018,1744.267124890878,1.00302924574039,120.0
4019,1744.2685137498045,1.00306239649194,120.0
4020,1744.2699026087312,1.00255194229825,120.0
4021,1744.2712914676583,1.00204326544842,120.0
4022,1744.2726803263529,1.00293195937615,120.0
4023,1744.2740691852798,1.00261217417255,120.0
4024,1744.2754580442072,1.00381920762188,120.0
4025,1744.2768469031344,1.00285164507319,120.0
4026,1744.2782357620615,1.00291045560094,120.0
4027,1744.279624620989,1.00274379690764,120.0
4028,1744.2810134799158,1.00276528763276,120.0
4029,1744.2824023386095,1.0031191033223,120.0
4030,1744.283791197536,1.0022992334244,120.0
4031,1744.285180056463,1.00300749430794,120.0
4032,1744.2865689153907,1.0041646408009,120.0
4033,1744.2879577743176,1.00293517490627,120.0
4034,1744.289346633245,1.0031527638727,120.0
4035,1744.2907354921724,1.00264698419013,120.0
4036,1744.2921243510991,1.00276430641264,120.0
4037,1744.2935132100267,1.00306940379268,120.0
4038,1744.2949020689537,1.00251862603267,120.0
4039,1744.2962909278804,1.00289969438373,120.0
4040,1744.297679786807,1.00255869310772,120.0
4041,1744.299068645734,1.00283257298259,120.0
4042,1744.3004575046612,1.00293172029117,120.0
4043,1744.3018463635883,1.00357797674904,120.0
4044,1744.3032352225157,1.00264753182437,120.0
4045,1744.304624081443,1.00315693481757,120.0
4046,1744.30601294037,1.00305152901806,120.0
4047,1744.3074017992972,1.00286983583067,120.0
4048,1744.3087906582239,1.00314213184029,120.0
4049,1744.3101795171503,1.00280190717787,120.0
4050,1744.3115683760775,1.00241696438382,120.0
4051,1744.3129572352375,1.0027829960169,120.0
4052,1744.3143460941649,1.00303153300285,120.0
4053,1744.315734953092,1.00294985073591,120.0
4054,1744.3171238120192,1.00343150354549,120.0
4055,1744.3185126709463,1.00320376370106,120.0
4056,1744.3199015298735,1.00288441045853,120.0
4057,1744.3212903890335,1.00335381787666,120.0
4058,1744.3226792479602,1.0034623520379,120.0
4059,1744.3240681068867,1.00293026884613,120.0
4060,1744.325456965814,1.00301092566963,120.0
4061,1744.3268458247408,1.00272592219693,120.0
4062,1744.3282346839012,1.00279224677027,120.0
4063,1744.3296235428284,1.00293908564945,120.0
4064,1744.3310124017555,1.00287641254569,120.0
4065,1744.332401260683,1.00342625733671,120.0
4066,1744.3337901198427,1.00378583249038,120.0
4067,1744.33517897877,1.00297239975315,120.0
4068,1744.3365678376963,1.00278123509837,120.0
4069,1744.3379566968558,1.00292826397087,120.0
4070,1744.3393455557832,1.00339196516385,120.0
4071,1744.34073441471,1.00265983926317,120.0
4072,1744.3421232738704,1.00221560409786,120.0
4073,1744.3435121327975,1.00291589735197,120.0
4074,1744.3449009917247,1.00297338870474,120.0
4075,1744.346289850885,1.00288631122009,120.0
4076,1744.3476787098118,1.00204302960001,120.0
4077,1744.3490675687392,1.00253291137119,120.0
4078,1744.3504564278985,1.0021720632484,120.0
4079,1744.3518452868248,1.00370401326215,120.0
4080,1744.3532341459852,1.00352786456443,120.0
4081,1744.354623004912,1.00356056810778,120.0
4082,1744.3560118638395,1.00353475927088,120.0
4083,1744.357400723,1.00343155386034,120.0
4084,1744.358789581928,1.00327405488088,120.0
4085,1744.3601784410882,1.00373889440141,120.0
4086,1744.3615673000152,1.00322896458848,120.0
4087,1744.3629561591752,1.00385223389903,120.0
4088,1744.3643450181019,1.00292848516311,120.0
4089,1744.3657338772612,1.00302937519427,120.0
4090,1744.3671227361883,1.00320832843193,120.0
4091,1744.3685115953483,1.00304645107261,120.0
4092,1744.3699004545083,1.00271518073952,120.0
4093,1744.371289313436,1.00373174219174,120.0
4094,1744.3726781725957,1.00350517953754,120.0
4095,1744.374067031523,1.00353441088522,120.0
4096,1744.3754558906833,1.00327791773755,120.0
4097,1744.3768447496102,1.00233404550108,120.0
4098,1744.3782336087695,1.00297202437882,120.0
4099,1744.3796224679288,1.00367680859999,120.0
4100,1744.3810113268562,1.00308155594574,120.0
4101,1744.3824001860164,1.00382493644907,120.0
4102,1744.383789045176,1.00353309554871,120.0
4103,1744.3851779041036,1.00325306406454,120.0
4104,1744.386566763263,1.00363698987369,120.0
4105,1744.3879556224235,1.00346584727543,120.0
4106,1744.3893444813507,1.00319742070009,120.0
4107,1744.3907333405107,1.00325461069014,120.0
4108,1744.39212219967,1.00339923394243,120.0
4109,1744.3935110588293,1.00416376988756,120.0
4110,1744.3948999177567,1.00303452907731,120.0
4111,1744.396288776917,1.00395122872849,120.0
4112,1744.3976776360767,1.00281383701809,120.0
4113,1744.3990664952369,1.00308346119866,120.0
4114,1744.400455354164,1.00333955816887,120.0
4115,1744.401844213324,1.00456989257246,120.0
4116,1744.4032330724842,1.00389956044683,120.0
4117,1744.404621931644,1.00328820927432,120.0
4118,1744.4060107908033,1.00353046263675,120.0
4119,1744.40739964973,1.00325879153571,120.0
4120,1744.40878850889,1.00325701883836,120.0
4121,1744.4101773680502,1.00373437178666,120.0
4122,1744.41156622721,1.00360942468046,120.0
4123,1744.41295508637,1.00412381889022,120.0
4124,1744.41434394553,1.00355706251696,120.0
4125,1744.41573280469,1.00341089575783,120.0
4126,1744.4171216638504,1.00290866713408,120.0
4127,1744.41851052301,1.00358593763497,120.0
4128,1744.4198993819366,1.00424588921538,120.0
4129,1744.421288241096,1.0040910909457,120.0
4130,1744.422677100256,1.00360976996052,120.0
4131,1744.4240659594163,1.00473503793865,120.0
4132,1744.425454818576,1.00318898314473,120.0
4133,1744.4268436777363,1.00426281912526,120.0
4134,1744.4282325368963,1.00427811825601,120.0
4135,1744.4296213960563,1.0034871395097,120.0
4136,1744.4310102552165,1.0041747569767,120.0
4137,1744.4323991143763,1.00357080895379,120.0
4138,1744.4337879735358,1.00380450304331,120.0
4139,1744.435176832695,1.00382749245354,120.0
4140,1744.436565691855,1.00298478639435,120.0
4141,1744.437954551248,1.00321007371333,120.0
4142,1744.439343410408,1.00385888821466,120.0
4143,1744.440732269568,1.00418875682901,120.0
4144,1744.4421211287283,1.00410266348496,120.0
4145,1744.443509987888,1.00354482854153,120.0
4146,1744.4448988470483,1.00396626686231,120.0
4147,1744.4462877062083,1.00330946955835,120.0
4148,1744.4476765653678,1.00352130827862,120.0
4149,1744.4490654245276,1.00345532210332,120.0
4150,1744.450454283921,1.004457311886,120.0
4151,1744.4518431430813,1.00356140236575,120.0
4152,1744.4532320022413,1.00425223297478,120.0
4153,1744.4546208614013,1.00478353210264,120.0
4154,1744.4560097205615,1.00368949743349,120.0
4155,1744.457398579954,1.00403679180752,120.0
4156,1744.4587874391143,1.00358396545893,120.0
4157,1744.4601762982743,1.00333155109148,120.0
4158,1744.4615651574338,1.00330915209933,120.0
4159,1744.462954016826,1.00458687038954,120.0
4160,1744.4643428759855,1.00363594744535,120.0
4161,1744.465731735146,1.00421311688135,120.0
4162,1744.467120594306,1.00373384601204,120.0
4163,1744.4685094536987,1.00410411548075,120.0
4164,1744.4698983128587,1.00433315913696,120.0
4165,1744.4712871720187,1.00393930828446,120.0
4166,1744.4726760314115,1.00421916867173,120.0
4167,1744.474064890572,1.00327907887365,120.0
4168,1744.4754537497313,1.00374430475017,120.0
4169,1744.4768426091234,1.00425064408935,120.0
4170,1744.4782314682832,1.00370705237719,120.0
4171,1744.4796203274434,1.00386664673916,120.0
4172,1744.4810091868364,1.00391922569748,120.0
4173,1744.4823980459962,1.00388898456305,120.0
4174,1744.4837869053893,1.00402025794649,120.0
4175,1744.485175764549,1.0041410438404,120.0
4176,1744.486564623942,1.00369605319858,120.0
4177,1744.4879534831023,1.00425481904379,120.0
4178,1744.4893423422616,1.0036404741819,120.0
4179,1744.4907312016535,1.00430630809982,120.0
4180,1744.4921200608135,1.00377336946593,120.0
4181,1744.4935089202063,1.00345334910175,120.0
4182,1744.4948977793667,1.00440563257145,120.0
4183,1744.496286638759,1.00411855896473,120.0
4184,1744.4976754979195,1.00382881495955,120.0
4185,1744.4990643573124,1.00384713240215,120.0
4186,1744.5004532167052,1.00437377280935,120.0
4187,1744.5018420758654,1.00391705873203,120.0
4188,1744.5032309352575,1.00395128977527,120.0
4189,1744.5046197944168,1.00435277979719,120.0
4190,1744.5060086538097,1.00481536586761,120.0
4191,1744.5073975129696,1.00374437233348,120.0
4192,1744.5087863723627,1.00462573784052,120.0
4193,1744.5101752317553,1.00399835262639,120.0
4194,1744.5115640909155,1.00424406581969,120.0
4195,1744.5129529503083,1.00409505644232,120.0
4196,1744.5143418097011,1.00362315358493,120.0
4197,1744.5157306688611,1.0038568930415,120.0
4198,1744.5171195282535,1.00312099574564,120.0
4199,1744.5185083876456,1.00486755005696,120.0
4200,1744.52961926209,1.00423583572874,120.0
4201,1744.5310081214823,1.00443809617871,120.0
4202,1744.5323969808744,1.0046041343147,120.0
4203,1744.5337858402675,1.00485566799178,120.0
4204,1744.5351746994272,1.00430995672985,120.0
4205,1744.5365635588203,1.00503723918696,120.0
4206,1744.5379524182129,1.00549954196579,120.0
4207,1744.539341277606,1.0045293872663,120.0
4208,1744.5407301369994,1.00465818728831,120.0
4209,1744.542118996393,1.00494630818611,120.0
4210,1744.543507855786,1.00448682551127,120.0
4211,1744.5448967149453,1.00454725394988,120.0
4212,1744.5462855743372,1.00466880633989,120.0
4213,1744.5476744337304,1.00554423089191,120.0
4214,1744.549063293123,1.00501229548891,120.0
4215,1744.550452152516,1.00525186473842,120.0
4216,1744.551841011909,1.00482816317934,120.0
4217,1744.5532298713017,1.00488607655854,120.0
4218,1744.5546187306948,1.00502089429361,120.0
4219,1744.5560075900871,1.00441973017041,120.0
4220,1744.5573964494804,1.00494711404573,120.0
4221,1744.5587853088723,1.00387414827631,120.0
4222,1744.5601741682647,1.0040354919475,120.0
4223,1744.5615630276577,1.00429086941265,120.0
4224,1744.5629518870503,1.00438999592262,120.0
4225,1744.5643407464431,1.00419723863413,120.0
4226,1744.5657296058364,1.00370505298537,120.0
4227,1744.5671184652288,1.00418209366261,120.0
4228,1744.568507324622,1.00497969970355,120.0
4229,1744.5712850434077,1.0046936334071,120.0
4230,1744.5726739027998,1.00434615016626,120.0
4231,1744.574062762192,1.00472735389017,120.0
4232,1744.5768404812104,1.00453830282979,120.0
4233,1744.5782293406035,1.00401013217729,120.0
4234,1744.5796181999965,1.00409088115414,120.0
4235,1744.581007059389,1.00462530989449,120.0
4236,1744.5837847781747,1.00447798927536,120.0
4237,1744.5851736375676,1.00420183655913,120.0
4238,1744.5865624971927,1.00529066868934,120.0
4239,1744.5879513565849,1.00419473487463,120.0
4240,1744.589340215978,1.00480479176064,120.0
4241,1744.5907290753707,1.00455190265011,120.0
4242,1744.594895653782,1.00531457191166,120.0
4243,1744.596284513175,1.00512036527956,120.0
4244,1744.5976733728007,1.00462454052932,120.0
4245,1744.6004510915864,1.00468705370916,120.0
4246,1744.6018399509787,1.00501246338004,120.0
4247,1744.6032288106037,1.00469973336304,120.0
4248,1744.6046176699963,1.00493415712597,120.0
4249,1744.606006529389,1.0042474004831,120.0
4250,1744.6073953890152,1.00471252713219,120.0
4251,1744.6087842484078,1.00515243729215,120.0
4252,1744.6101731080337,1.00393591906496,120.0
4253,1744.6115619674267,1.00452926925069,120.0
4254,1744.612950826819,1.00535166106466,120.0
4255,1744.6143396864452,1.00463531505041,120.0
4256,1744.615728545837,1.00404210444437,120.0
4257,1744.6171174054623,1.00552630013453,120.0
4258,1744.6185062648551,1.00473581016419,120.0
4259,1744.619895124248,1.00562528263496,120.0
4260,1744.6212839838738,1.00494060773263,120.0
4261,1744.6226728432664,1.00407190664834,120.0
4262,1744.6240617028923,1.00555516250238,120.0
4263,1744.625450562285,1.00492347312165,120.0
4264,1744.6268394219107,1.00539204456391,120.0
4265,1744.6282282813036,1.00476462965615,120.0
4266,1744.6296171409288,1.00522621677432,120.0
4267,1744.631006000321,1.00512765707801,120.0
4268,1744.6323948599472,1.00503581335228,120.0
4269,1744.6337837193407,1.00561549270567,120.0
4270,1744.6351725789666,1.00548909082212,120.0
4271,1744.6365614385923,1.00507180439145,120.0
4272,1744.637950297985,1.00539306511113,120.0
4273,1744.6393391576107,1.00507954444714,120.0
4274,1744.6407280170035,1.00495763169514,120.0
4275,1744.6421168766294,1.00476888278911,120.0
4276,1744.6435057362544,1.00420038008471,120.0
4277,1744.6448945956463,1.0049375741475,120.0
4278,1744.6462834552724,1.00513245922924,120.0
4279,1744.6476723148978,1.00439296898508,120.0
4280,1744.6490611742909,1.00528223316386,120.0
4281,1744.6504500339165,1.00529711380936,120.0
4282,1744.651838893542,1.00501820029658,120.0
4283,1744.6532277529352,1.00505331172961,120.0
4284,1744.6546166125606,1.00481879025627,120.0
4285,1744.6560054721865,1.00551504471087,120.0
4286,1744.6573943315786,1.00539576716014,120.0
4287,1744.6587831912036,1.00542573322963,120.0
4288,1744.6601720508295,1.0054824058853,120.0
4289,1744.661560910455,1.00518511655743,120.0
4290,1744.662949769848,1.00559966104492,120.0
4291,1744.6643386294738,1.00511745887437,120.0
4292,1744.6657274890993,1.00459505503423,120.0
4293,1744.6671163487251,1.00494367532426,120.0
4294,1744.6685052083503,1.00575442398045,120.0
4295,1744.6698940677436,1.00594356063356,120.0
4296,1744.6726717869935,1.00525145259163,120.0
4297,1744.6754495062448,1.00567298095612,120.0
4298,1744.6768383658707,1.0053416621818,120.0
4299,1744.6782272254964,1.00573169334444,120.0
4300,1744.679616085122,1.00487929092647,120.0
4301,1744.681004944515,1.00474119510656,120.0
4302,1744.6823938041407,1.00511190224978,120.0
4303,1744.6837826637664,1.00606972303174,120.0
4304,1744.685171523391,1.00550564499487,120.0
4305,1744.6865603830163,1.00528063510872,120.0
4306,1744.687949242642,1.00558934718307,120.0
4307,1744.6893381022678,1.00503094820207,120.0
4308,1744.6907269618935,1.00502682928153,120.0
4309,1744.692115821519,1.00625885530673,120.0
4310,1744.6935046811448,1.00619364498832,120.0
4311,1744.6948935407706,1.00628731311722,120.0
4312,1744.6962824003963,1.00596773600311,120.0
4313,1744.697671260022,1.00593834111751,120.0
4314,1744.699060119647,1.00573854430021,120.0
4315,1744.7004489792719,1.00512086008863,120.0
4316,1744.7032266985232,1.00576829365775,120.0
4317,1744.704615558149,1.00548181019583,120.0
4318,1744.7060044180075,1.00492254023549,120.0
4319,1744.7073932776332,1.0060114979261,120.0
4320,1744.708782137259,1.00525853827218,120.0
4321,1744.7101709968847,1.00502074898024,120.0
4322,1744.7115598565103,1.00590118303152,120.0
4323,1744.712948716135,1.00580560771402,120.0
4324,1744.7143375757603,1.00543294562878,120.0
4325,1744.715726435386,1.00601704262473,120.0
4326,1744.7171152952449,1.00532111932924,120.0
4327,1744.7185041548703,1.00591786776789,120.0
4328,1744.719893014496,1.00569663032447,120.0
4329,1744.7212818741216,1.00578381346754,120.0
4330,1744.7226707337475,1.0061528519249,120.0
4331,1744.7240595936066,1.00488038144088,120.0
4332,1744.7254484532327,1.00570603754094,120.0
4333,1744.7268373128588,1.00616322069716,120.0
4334,1744.7282261724838,1.00562814280432,120.0
4335,1744.7296150323416,1.00693985093303,120.0
4336,1744.7310038919675,1.00578082649845,120.0
4337,1744.732392751593,1.00648004922518,120.0
4338,1744.7337816114516,1.00626306759246,120.0
4339,1744.7351704710773,1.00562516934486,120.0
4340,1744.736559330703,1.00501557044426,120.0
4341,1744.7379481905616,1.00574341925889,120.0
4342,1744.739337050187,1.00649612543093,120.0
4343,1744.740725909813,1.0061139858942,120.0
4344,1744.7421147696707,1.00625518426911,120.0
4345,1744.7435036292957,1.00469140820007,120.0
4346,1744.7448924889216,1.00590779741583,120.0
4347,1744.7462813487798,1.0060305148171,120.0
4348,1744.7476702084057,1.00507433963892,120.0
4349,1744.7490590682644,1.00647512590136,120.0
4350,1744.7504479278898,1.00577222683897,120.0
4351,1744.7518367877483,1.00636390097896,120.0
4352,1744.753225647374,1.00595865633177,120.0
4353,1744.7546145069998,1.00639171384378,120.0
4354,1744.7560033668576,1.00623428960174,120.0
4355,1744.7573922264824,1.00632504773964,120.0
4356,1744.7587810863413,1.00588262539588,120.0
4357,1744.7601699459667,1.00559400164489,120.0
4358,1744.7615588058254,1.00685786785216,120.0
4359,1744.7629476654513,1.00569269526499,120.0
4360,1744.7643365253095,1.00577136583102,120.0
4361,1744.7657253849354,1.00585969360384,120.0
4362,1744.767114244794,1.00662488079602,120.0
4363,1744.7685031046524,1.00564572631316,120.0
4364,1744.7698919642771,1.00613769272884,120.0
4365,1744.7712808241351,1.00586133591508,120.0
4366,1744.772669683761,1.00615899943408,120.0
4367,1744.7740585436195,1.00682393243437,120.0
4368,1744.775447403478,1.0063832374592,120.0
4369,1744.7768362631039,1.00623636177898,120.0
4370,1744.778225122962,1.00658315209672,120.0
4371,1744.779613982588,1.00607917045873,120.0
4372,1744.7810028424465,1.00645703203622,120.0
4373,1744.7823917023047,1.00609235574573,120.0
4374,1744.78378056193,1.00668263358709,120.0
4375,1744.7851694217875,1.00592712091534,120.0
4376,1744.7865582816464,1.00591781937303,120.0
4377,1744.787947141505,1.00642067713013,120.0
4378,1744.7893360011303,1.00573875739089,120.0
4379,1744.7907248609893,1.00672390342051,120.0
4380,1744.7921137208475,1.00620420082697,120.0
4381,1744.7935025807062,1.0062548636091,120.0
4382,1744.7962803001903,1.0063204596504,120.0
4383,1744.797669160048,1.00646012477055,120.0
4384,1744.799058019906,1.00615285488577,120.0
4385,1744.8004468795318,1.00579290124623,120.0
4386,1744.8018357393903,1.00671730288794,120.0
4387,1744.8032245992488,1.00597358296301,120.0
4388,1744.8046134591075,1.00672206665682,120.0
4389,1744.8060023189655,1.0060405967713,120.0
4390,1744.8073911788244,1.00685553098576,120.0
4391,1744.8087800384503,1.00610288722869,120.0
4392,1744.8101688983083,1.00626789608667,120.0
4393,1744.8115577581673,1.00678714937877,120.0
4394,1744.812946618025,1.00662662859968,120.0
4395,1744.8143354778829,1.00578650033748,120.0
4396,1744.815724337742,1.0060471868208,120.0
4397,1744.8171131976012,1.00639232908099,120.0
4398,1744.81850205746,1.00604224372351,120.0
4399,1744.8198909173184,1.0056608638992,120.0
4400,1744.8212797771769,1.00641033055124,120.0
4401,1744.8226686370356,1.00688096041236,120.0
4402,1744.8240574968938,1.00633319793742,120.0
4403,1744.8254463567523,1.00670602266606,120.0
4404,1744.8268352166103,1.00747189449824,120.0
4405,1744.828224076468,1.00672304223296,120.0
4406,1744.8296129363268,1.00569427361341,120.0
4407,1744.831001796185,1.00674276301751,120.0
4408,1744.8323906560438,1.00587117027259,120.0
4409,1744.8337795159023,1.00601894645263,120.0
4410,1744.8351683757608,1.00574690749696,120.0
4411,1744.8365572356195,1.00681610051135,120.0
4412,1744.8379460954775,1.00670426019249,120.0
4413,1744.8393349553364,1.00626429582352,120.0
4414,1744.8407238151942,1.00688648858109,120.0
4415,1744.842112675052,1.00631132667386,120.0
4416,1744.8435015351436,1.00619094715695,120.0
4417,1744.8448903950018,1.0061013532153,120.0
4418,1744.8462792548603,1.0053763048502,120.0
4419,1744.8476681147192,1.00617988467589,120.0
4420,1744.8490569745775,1.00672593842882,120.0
4421,1744.850445834436,1.00624562523618,120.0
4422,1744.8518346945273,1.00652353784971,120.0
4423,1744.853223554386,1.00629012974017,120.0
4424,1744.8546124142435,1.00657372743638,120.0
4425,1744.8560012741016,1.00701084360241,120.0
4426,1744.8573901339603,1.0067232880607,120.0
4427,1744.8587789940511,1.00629230751718,120.0
4428,1744.86016785391,1.00673959490777,120.0
4429,1744.8615567137688,1.00617281616209,120.0
4430,1744.862945573627,1.00679534858384,120.0
4431,1744.8643344337183,1.00655090950306,120.0
4432,1744.865723293577,1.00703092563538,120.0
4433,1744.8671121534355,1.00732698209103,120.0
4434,1744.868501013527,1.00705493349977,120.0
4435,1744.8698898733849,1.00703076231534,120.0
4436,1744.8712787332427,1.00701615974421,120.0
4437,1744.872667593334,1.00735752403147,120.0
4438,1744.8740564531925,1.00622043777307,120.0
4439,1744.8754453130512,1.0071089991786,120.0
4440,1744.8768341731422,1.00750103476347,120.0
4441,1744.8782230330007,1.0064766044729,120.0
4442,1744.8796118928594,1.00736243015433,120.0
4443,1744.8810007529507,1.00631959612547,120.0
4444,1744.8823896128094,1.00681726337232,120.0
4445,1744.8837784729,1.00610127319616,120.0
4446,1744.8851673327579,1.00691967207308,120.0
4447,1744.8865561928492,1.00854702858399,120.0
4448,1744.8879450527077,1.00761182474066,120.0
4449,1744.8893339127992,1.00763910330878,120.0
4450,1744.8907227726575,1.00702666754376,120.0
4451,1744.8921116327488,1.00803604766472,120.0
4452,1744.8948893526988,1.00673270206231,120.0
4453,1744.8962782125575,1.00666540166864,120.0
4454,1744.897667072648,1.00735049970159,120.0
4455,1744.899055932506,1.00700186706782,120.0
4456,1744.9004447925975,1.00693670453677,120.0
4457,1744.9018336524557,1.0071608741699,120.0
4458,1744.9032225125472,1.0071670392008,120.0
4459,1744.9046113724055,1.00792827127078,120.0
4460,1744.906000232497,1.00721552024004,120.0
4461,1744.907389092589,1.00826187169948,120.0
4462,1744.908777952448,1.00695904012488,120.0
4463,1744.9101668125395,1.00755079977798,120.0
4464,1744.9115556723975,1.00758531967344,120.0
4465,1744.912944532488,1.0073159997213,120.0
4466,1744.9143333925797,1.00713351039071,120.0
4467,1744.915722252438,1.00707458136692,120.0
4468,1744.9171111125295,1.00628898718325,120.0
4469,1744.9184999726208,1.00670895158266,120.0
4470,1744.919888832712,1.00743030023174,120.0
4471,1744.9212776925708,1.00638815531379,120.0
4472,1744.922666552662,1.00837820001301,120.0
4473,1744.9240554127534,1.00784138499906,120.0
4474,1744.925444272612,1.00776435103866,120.0
4475,1744.9268331327028,1.00711901172868,120.0
4476,1744.9282219927934,1.00781870757043,120.0
4477,1744.9296108528845,1.00669490510057,120.0
4478,1744.9309997127432,1.00786321399859,120.0
4479,1744.9323885728347,1.00739052514499,120.0
4480,1744.9337774329258,1.00694644503061,120.0
4481,1744.9351662930171,1.00691529233221,120.0
4482,1744.9365551531084,1.00769539002963,120.0
4483,1744.9379440132,1.00747474959027,120.0
4484,1744.9393328730587,1.00716272687973,120.0
4485,1744.9407217331493,1.00822647964368,120.0
4486,1744.94211059324,1.0074946940828,120.0
4487,1744.943499453331,1.00811744207572,120.0
4488,1744.9448883134223,1.00732754326645,120.0
4489,1744.946277173514,1.00710181450123,120.0
4490,1744.9476660336052,1.00687410532688,120.0
4491,1744.9490548936967,1.00762618854495,120.0
4492,1744.9504437535552,1.00707426118527,120.0
4493,1744.9518326136465,1.00717514165648,120.0
4494,1744.953221473738,1.00703350706154,120.0
4495,1744.9546103338287,1.00755066102726,120.0
4496,1744.9559991939193,1.00787732516296,120.0
4497,1744.9573880540106,1.00763504361743,120.0
4498,1744.958776914102,1.00710257384676,120.0
4499,1744.9601657741935,1.00705565962317,120.0
4500,1744.9615546342843,1.00783515618413,120.0
4501,1744.962943494376,1.00717445405819,120.0
4502,1744.9643323544672,1.00834624066615,120.0
4503,1744.9657212145587,1.00778909169495,120.0
4504,1744.9671100746502,1.00708556653449,120.0
4505,1744.9684989347409,1.00790862108995,120.0
4506,1744.9698877950643,1.0071296474518,120.0
4507,1744.9712766551556,1.00740540440369,120.0
4508,1744.9726655152467,1.00845202217883,120.0
4509,1744.9754432354296,1.0066326163324,120.0
4510,1744.976832095521,1.00703037940303,120.0
4511,1744.9782209556126,1.00741859263576,120.0
4512,1744.9796098157035,1.00752892494149,120.0
4513,1744.980998676028,1.00785359834303,120.0
4514,1744.9823875361192,1.00722891742223,120.0
4515,1744.98377639621,1.00752652020423,120.0
4516,1744.985165256301,1.00793704052392,120.0
4517,1744.986554116392,1.00793652486483,120.0
4518,1744.9879429764835,1.00758236262202,120.0
4519,1744.9893318368074,1.0081633686641,120.0
4520,1744.9907206968987,1.00669796884426,120.0
4521,1744.9934984170816,1.00745572961986,120.0
4522,1744.994887277406,1.00780405603589,120.0
4523,1744.996276137497,1.00792879654539,120.0
4524,1744.997664997588,1.0078889823549,120.0
4525,1744.9990538576792,1.00766617300984,120.0
4526,1745.000442718004,1.00731166879099,120.0
4527,1745.0018315780956,1.00821204332658,120.0
4528,1745.0032204381869,1.00803821278712,120.0
4529,1745.004609298511,1.00715744890857,120.0
4530,1745.0059981586023,1.00803744141535,120.0
4531,1745.0073870186936,1.00706038013155,120.0
4532,1745.008775879018,1.00752243906041,120.0
4533,1745.010164739109,1.00753696092927,120.0
4534,1745.011553599433,1.00825073274274,120.0
4535,1745.0129424595236,1.00859671194377,120.0
4536,1745.0143313196147,1.0080296950654,120.0
4537,1745.015720179939,1.00838616565964,120.0
4538,1745.0171090400304,1.00825919926685,120.0
4539,1745.0184979003543,1.00795696182323,120.0
4540,1745.019886760446,1.00722679559465,120.0
4541,1745.0212756205372,1.00827006049903,120.0
4542,1745.0226644808615,1.00833119801592,120.0
4543,1745.024053340953,1.00809173851904,120.0
4544,1745.0254422012767,1.00810504879984,120.0
4545,1745.0268310613676,1.00794275615123,120.0
4546,1745.028219921691,1.00690610394428,120.0
4547,1745.0296087817826,1.00774684071911,120.0
4548,1745.0309976421067,1.00761370324501,120.0
4549,1745.0323865024309,1.00764384783649,120.0
4550,1745.0337753625224,1.00861095025019,120.0
4551,1745.0351642228463,1.00844389363736,120.0
4552,1745.0365530829379,1.00738792476977,120.0
4553,1745.0379419432622,1.00853452999463,120.0
4554,1745.039330803353,1.00791852363182,120.0
4555,1745.0407196636768,1.00792902320861,120.0
4556,1745.0421085240002,1.00770279389023,120.0
4557,1745.0434973840916,1.0084332550856,120.0
4558,1745.044886244416,1.00873739654344,120.0
4559,1745.0462751045072,1.0079033680008,120.0
4560,1745.0476639648316,1.00818951913697,120.0
4561,1745.0490528251555,1.00831381450678,120.0
4562,1745.050441685247,1.00800035192116,120.0
4563,1745.0518305455714,1.00870237975211,120.0
4564,1745.053219405895,1.00736475453061,120.0
4565,1745.0546082662188,1.00823303577456,120.0
4566,1745.0559971263096,1.00776244008021,120.0
4567,1745.0573859866336,1.00740964109683,120.0
4568,1745.058774846958,1.0090774770016,120.0
4569,1745.0601637070492,1.00814170067431,120.0
4570,1745.0615525673736,1.0080146073123,120.0
4571,1745.0629414276975,1.00777368926098,120.0
4572,1745.064330288022,1.00753772264615,120.0
4573,1745.0657191483463,1.00836244211479,120.0
4574,1745.0671080084371,1.00855780142305,120.0
4575,1745.0684968687617,1.00824986773972,120.0
4576,1745.0698857290852,1.00782803017179,120.0
4577,1745.0712745894086,1.00850537364226,120.0
4578,1745.074052309824,1.00867717185093,120.0
4579,1745.0754411701485,1.00825499247955,120.0
4580,1745.0768300304728,1.00777989604356,120.0
4581,1745.0782188907967,1.00823133746359,120.0
4582,1745.079607751121,1.00789947197736,120.0
4583,1745.080996611445,1.00883350399494,120.0
4584,1745.0823854717692,1.00923751074328,120.0
4585,1745.0837743320928,1.00774892881312,120.0
4586,1745.0851631924163,1.00884945252448,120.0
4587,1745.0865520527407,1.00834454933569,120.0
4588,1745.0879409130644,1.00862785905218,120.0
4589,1745.089329773156,1.00895258997405,120.0
4590,1745.0907186334807,1.00805883955315,120.0
4591,1745.0921074938055,1.00925074317879,120.0
4592,1745.09349635413,1.00858658654146,120.0
4593,1745.0948852144543,1.00825035779163,120.0
4594,1745.0962740747784,1.00879267039981,120.0
4595,1745.0976629351019,1.00875288035108,120.0
4596,1745.099051795425,1.00819994811936,120.0
4597,1745.1004406559823,1.00880609707459,120.0
4598,1745.1018295163067,1.0087664739245,120.0
4599,1745.1032183766308,1.008665928021,120.0
4600,1745.1046072369552,1.00832254891317,120.0
4601,1745.105996097279,1.00892357303747,120.0
4602,1745.1073849576035,1.00820259319937,120.0
4603,1745.1087738179278,1.00929051079351,120.0
4604,1745.1101626782515,1.00867481957178,120.0
4605,1745.111551538576,1.00918873218185,120.0
4606,1745.1129403988996,1.00813348421403,120.0
4607,1745.1143292594559,1.00922445169141,120.0
4608,1745.1157181197802,1.00868267071461,120.0
4609,1745.117106980104,1.00828543943091,120.0
4610,1745.1184958404283,1.00920999491276,120.0
4611,1745.1198847007524,1.008839432319,120.0
4612,1745.1212735610768,1.00844692585025,120.0
4613,1745.122662421634,1.00864541513248,120.0
4614,1745.124051281958,1.00842228422977,120.0
4615,1745.1254401422823,1.00829892299791,120.0
4616,1745.1268290026055,1.00871094405357,120.0
4617,1745.128217863162,1.00830388907433,120.0
4618,1745.1296067234864,1.0079767172977,120.0
4619,1745.1309955838103,1.00884708143803,120.0
4620,1745.1323844441347,1.00891862798018,120.0
4621,1745.1337733046917,1.00905551544448,120.0
4622,1745.1351621650158,1.00846263396439,120.0
4623,1745.13655102534,1.0092849945389,120.0
4624,1745.137939885897,1.00803354322742,120.0
4625,1745.1393287462213,1.00902155009041,120.0
4626,1745.1407176065447,1.00805288882326,120.0
4627,1745.142106467101,1.00843689584053,120.0
4628,1745.1434953274254,1.00892452645664,120.0
4629,1745.1448841877493,1.00946196083766,120.0
4630,1745.1462730483065,1.0085214317076,120.0
4631,1745.1476619086307,1.00891473039228,120.0
4632,1745.1490507691876,1.00903188382121,120.0
4633,1745.150439629512,1.00843334625537,120.0
4634,1745.151828489836,1.00860918064677,120.0
4635,1745.153217350393,1.0079666041166,120.0
4636,1745.1546062107172,1.00883511481136,120.0
4637,1745.1559950712735,1.0096309244033,120.0
4638,1745.1573839315972,1.00804163067582,120.0
4639,1745.158772792154,1.00885833454978,120.0
4640,1745.1601616524783,1.00896997787289,120.0
4641,1745.1615505130355,1.00862736712799,120.0
4642,1745.1629393733594,1.00828232054754,120.0
4643,1745.1643282339166,1.00968796826277,120.0
4644,1745.1657170942403,1.00913561336173,120.0
4645,1745.168494815122,1.00928783076643,120.0
4646,1745.1698836756784,1.00879884460826,120.0
4647,1745.1712725360019,1.00864624607758,120.0
4648,1745.1726613965586,1.00861235502864,120.0
4649,1745.1740502571158,1.00883924856548,120.0
4650,1745.17543911744,1.00898375591095,120.0
4651,1745.1768279779967,1.00883026476872,120.0
4652,1745.1782168383213,1.00844754925356,120.0
4653,1745.179605698878,1.00945279840272,120.0
4654,1745.1809945594352,1.00923737573531,120.0
4655,1745.18238341976,1.00901732659025,120.0
4656,1745.1837722803175,1.00913095092551,120.0
4657,1745.185161140874,1.00919736292466,120.0
4658,1745.1865500011977,1.00805829387579,120.0
4659,1745.1893277223119,1.0075967005183,120.0
4660,1745.1907165828686,1.0084792054069,120.0
4661,1745.1921054431928,1.00858347845953,120.0
4662,1745.19349430375,1.00884305209969,120.0
4663,1745.1948831643067,1.00893729628584,120.0
4664,1745.196272024864,1.00870558694635,120.0
4665,1745.197660885188,1.00809242764473,120.0
4666,1745.1990497457443,1.01007838455421,120.0
4667,1745.2004386063008,1.00901260040962,120.0
4668,1745.2018274668578,1.00779459766942,120.0
4669,1745.203216327182,1.0089579101468,120.0
4670,1745.2046051877387,1.00871033938034,120.0
4671,1745.205994048296,1.00916410098289,120.0
4672,1745.207382908853,1.00902941431782,120.0
4673,1745.20877176941,1.00718812289845,120.0
4674,1745.2101606299673,1.00958513911748,120.0
4675,1745.211549490524,1.00885134649376,120.0
4676,1745.2129383508477,1.00879842928205,120.0
4677,1745.2143272114042,1.00908930038358,120.0
4678,1745.2157160719607,1.00825835516925,120.0
4679,1745.217104932518,1.00925012342205,120.0
4680,1745.218493793075,1.00840861006346,120.0
4681,1745.219882653632,1.00871187211012,120.0
4682,1745.2212715141893,1.00943834260818,120.0
4683,1745.222660374746,1.00892878828882,120.0
4684,1745.2240492353033,1.00945712494412,120.0
4685,1745.2254380958602,1.00868043779478,120.0
4686,1745.2268269564172,1.00932585440917,120.0
4687,1745.2282158169735,1.00913900021371,120.0
4688,1745.2296046775296,1.00962041030922,120.0
4689,1745.2309935380868,1.00919437473495,120.0
4690,1745.232382398644,1.00916829653127,120.0
4691,1745.2337712592007,1.00965018431653,120.0
4692,1745.235160119758,1.00896689492104,120.0
4693,1745.2365489803149,1.00940463311725,120.0
4694,1745.237937840872,1.00903549858843,120.0
4695,1745.239326701429,1.00933841079439,120.0
4696,1745.240715561986,1.0088046698724,120.0
4697,1745.2421044225423,1.00906546241061,120.0
4698,1745.2434932830984,1.00930199293102,120.0
4699,1745.2448821436556,1.00922276743926,120.0
4700,1745.2462710044456,1.00941400789669,120.0
4701,1745.2476598650023,1.00880792450164,120.0
4702,1745.2490487255595,1.00900089098991,120.0
4703,1745.2504375861165,1.00929594637809,120.0
4704,1745.2518264466737,1.00901110785808,120.0
4705,1745.253215307231,1.00935035631623,120.0
4706,1745.2546041680205,1.01034048854641,120.0
4707,1745.2559930285777,1.00957457792805,120.0
4708,1745.257381889134,1.00847202040664,120.0
4709,1745.2587707496903,1.00963462799,120.0
4710,1745.2601596102475,1.00925500475233,120.0
4711,1745.261548471037,1.00996770635861,120.0
4712,1745.2629373315942,1.00979224026345,120.0
4713,1745.2643261921507,1.00961291989561,120.0
4714,1745.265715052708,1.01024590968634,120.0
4715,1745.2671039134982,1.00961683962714,120.0
4716,1745.2684927740547,1.0096239251582,120.0
4717,1745.269881634612,1.0105651582871,120.0
4718,1745.2712704954013,1.00905493032328,120.0
4719,1745.2726593559576,1.00926211570583,120.0
4720,1745.2740482165152,1.00938589846066,120.0
4721,1745.2754370773057,1.00986917557136,120.0
4722,1745.276825937863,1.00909318389706,120.0
4723,1745.2782147984199,1.00934242863252,120.0
4724,1745.2796036592097,1.00971530255488,120.0
4725,1745.2809925197669,1.0094947064577,120.0
4726,1745.2823813803236,1.00918331627896,120.0
4727,1745.2837702411136,1.00922356142932,120.0
4728,1745.2851591016706,1.00929845739216,120.0
4729,1745.28654796246,1.00992280324041,120.0
4730,1745.2879368230163,1.01026860202786,120.0
4731,1745.2893256838058,1.00973562737626,120.0
4732,1745.290714544363,1.00911547351454,120.0
4733,1745.292103405153,1.00989815810407,120.0
4734,1745.2934922657098,1.00964943548368,120.0
4735,1745.294881126267,1.00984892935049,120.0
4736,1745.2962699870563,1.00979938652183,120.0
4737,1745.2976588476135,1.00888056687923,120.0
4738,1745.2990477084038,1.00946289680486,120.0
4739,1745.3004365691927,1.00976724476519,120.0
4740,1745.3018254297492,1.00918054775988,120.0
4741,1745.3032142905388,1.00961091562178,120.0
4742,1745.304603151096,1.00978868614432,120.0
4743,1745.305992011886,1.00939754695483,120.0
4744,1745.3073808724428,1.00941157886114,120.0
4745,1745.3087697332328,1.01013395510755,120.0
4746,1745.3101585940224,1.00862849731861,120.0
4747,1745.3115474545796,1.0095026897512,120.0
4748,1745.3129363153696,1.00967607465059,120.0
4749,1745.3143251759263,1.00946026218053,120.0
4750,1745.3157140367155,1.01006837083839,120.0
4751,1745.3171028975048,1.00915590684999,120.0
4752,1745.3184917580616,1.00944256708962,120.0
4753,1745.3198806188518,1.00922565791456,120.0
4754,1745.3212694796412,1.00991169424531,120.0
4755,1745.3226583401984,1.01157990049978,120.0
4756,1745.3240472009884,1.00923453148712,120.0
4757,1745.325436061778,1.00925116208801,120.0
4758,1745.3268249223352,1.00944809169423,120.0
4759,1745.3282137831247,1.00931001245873,120.0
4760,1745.329602643914,1.00950728606043,120.0
4761,1745.3309915047034,1.00946314422102,120.0
4762,1745.3323803652604,1.00885901604161,120.0
4763,1745.3337692260504,1.01017941870644,120.0
4764,1745.33515808684,1.01035290372035,120.0
4765,1745.33654694763,1.00978451253668,120.0
4766,1745.3379358084198,1.00895196006781,120.0
4767,1745.3393246689768,1.00983234978098,120.0
4768,1745.3407135297668,1.01047787550513,120.0
4769,1745.3421023905564,1.0092579359299,120.0
4770,1745.3434912513464,1.00958162079141,120.0
4771,1745.3448801121356,1.0092512530256,120.0
4772,1745.3462689729247,1.00962828898793,120.0
4773,1745.3476578337147,1.00973221886963,120.0
4774,1745.3490466942715,1.01051016750762,120.0
4775,1745.3504355550615,1.0100546156383,120.0
4776,1745.3518244158515,1.00972581507743,120.0
4777,1745.353213276641,1.01161543856693,120.0
4778,1745.3546021374311,1.010149003867,120.0
4779,1745.3559909982207,1.00934067732081,120.0
4780,1745.3573798590107,1.00916012190433,120.0
4781,1745.3587687197999,1.00924566298429,120.0
4782,1745.3601575805887,1.00909251057546,120.0
4783,1745.361546441379,1.01001077752863,120.0
4784,1745.3629353021684,1.00994328874443,120.0
4785,1745.3643241629586,1.00965627681649,120.0
4786,1745.365713023749,1.00986334458491,120.0
4787,1745.3671018845396,1.00928693150428,120.0
4788,1745.3684907453296,1.01067656650884,120.0
4789,1745.3698796061194,1.00983076932936,120.0
4790,1745.3712684669092,1.01022365576743,120.0
4791,1745.3726573276992,1.00942803479374,120.0
4792,1745.3740461884884,1.00970795403549,120.0
4793,1745.3754350492775,1.01005555602436,120.0
4794,1745.3768239100673,1.00994302526859,120.0
4795,1745.378212770857,1.01001067725948,120.0
4796,1745.37960163188,1.01001358581716,120.0
4797,1745.3809904926695,1.00983892827767,120.0
4798,1745.3823793534596,1.01036343731778,120.0
4799,1745.3837682142496,1.00964061419537,120.0
4800,1745.3851570750392,1.00956630764559,120.0
4801,1745.3865459358292,1.01044909520988,120.0
4802,1745.3879347966183,1.01003715776185,120.0
4803,1745.3893236576403,1.00926268906734,120.0
4804,1745.3907125184303,1.00977175886107,120.0
4805,1745.3921013792199,1.00933576983049,120.0
4806,1745.39349024001,1.00914363028864,120.0
4807,1745.3948791007995,1.00987802910822,120.0
4808,1745.3962679618223,1.00978637157141,120.0
4809,1745.3976568226124,1.00988963870851,120.0
4810,1745.399045683402,1.0097262755187,120.0
4811,1745.400434544192,1.00939316351026,120.0
4812,1745.4018234052146,1.01053970220044,120.0
4813,1745.403212266004,1.01018893932762,120.0
4814,1745.404601126793,1.01071522777195,120.0
4815,1745.4059899878155,1.00985308981362,120.0
4816,1745.4073788486055,1.01025043045636,120.0
4817,1745.4087677093953,1.01045564869242,120.0
4818,1745.410156570418,1.00998999215994,120.0
4819,1745.411545431208,1.01070696081412,120.0
4820,1745.4129342919975,1.00946469386056,120.0
4821,1745.4143231530204,1.00992443036637,120.0
4822,1745.4157120138102,1.00967815803784,120.0
4823,1745.4171008745996,1.00943386729907,120.0
4824,1745.4184897356215,1.00976295093752,120.0
4825,1745.419878596411,1.0101585873083,120.0
4826,1745.421267457434,1.0099969602651,120.0
4827,1745.4226563182235,1.01034543106642,120.0
4828,1745.4240451790135,1.00968381099145,120.0
4829,1745.4254340400364,1.00940946542301,120.0
4830,1745.426822900826,1.00961402668871,120.0
4831,1745.4282117618488,1.01039568000756,120.0
4832,1745.4296006226389,1.00927799852423,120.0
4833,1745.4309894836613,1.0107275183221,120.0
4834,1745.4323783444504,1.01052449308346,120.0
4835,1745.4337672054723,1.00936514023079,120.0
4836,1745.4351560662624,1.01047915344757,120.0
4837,1745.4365449272852,1.01010060489482,120.0
4838,1745.4379337880748,1.01034966175917,120.0
4839,1745.4393226490977,1.01040794019822,120.0
4840,1745.44071151012,1.01031854012924,120.0
4841,1745.44210037091,1.01076583759261,120.0
4842,1745.4434892319327,1.00972829985793,120.0
4843,1745.4448780927223,1.00975777226703,120.0
4844,1745.4462669537445,1.01036870745404,120.0
4845,1745.4476558147664,1.00975466548591,120.0
4846,1745.4490446755565,1.00949406629221,120.0
4847,1745.450433536579,1.01009660701951,120.0
4848,1745.4518223973687,1.00999613557078,120.0
4849,1745.4532112583915,1.01024474913736,120.0
4850,1745.4546001194144,1.01009566297483,120.0
4851,1745.4559889802051,1.01020852057326,120.0
4852,1745.4573778412284,1.0101266691511,120.0
4853,1745.4587667022508,1.00972736208854,120.0
4854,1745.4601555632737,1.01013528038377,120.0
4855,1745.4615444240628,1.00978191591022,120.0
4856,1745.4629332850848,1.00990034020791,120.0
4857,1745.4643221461076,1.0101156571434,120.0
4858,1745.4657110068972,1.00992327692006,120.0
4859,1745.46709986792,1.00968226178533,120.0
4860,1745.4684887289427,1.01025088771335,120.0
4861,1745.469877589965,1.01002886284173,120.0
4862,1745.4712664509882,1.01025286111427,120.0
4863,1745.4726553117775,1.01030139337156,120.0
4864,1745.4740441728006,1.00976442382067,120.0
4865,1745.4768218948454,1.01096628357089,120.0
4866,1745.4782107558672,1.01095131710649,120.0
4867,1745.4795996166567,1.01054612922283,120.0
4868,1745.4809884776798,1.0095775617926,120.0
4869,1745.4823773387027,1.01033475070581,120.0
4870,1745.483766199725,1.0099644642283,120.0
4871,1745.485155060748,1.01030137382341,120.0
4872,1745.4865439217704,1.01062826724758,120.0
4873,1745.4879327827932,1.01046214846112,120.0
4874,1745.489321643816,1.01005806120708,120.0
4875,1745.490710504838,1.01017152467314,120.0
4876,1745.49209936586,1.01024884602777,120.0
4877,1745.4934882266496,1.01099792054844,120.0
4878,1745.4948770876724,1.00995441312651,120.0
4879,1745.4962659486953,1.00994518845427,120.0
4880,1745.4976548097177,1.00947518616082,120.0
4881,1745.4990436707403,1.01062746354695,120.0
4882,1745.5004325317632,1.01019387727317,120.0
4883,1745.5018213927858,1.00970996679152,120.0
4884,1745.5032102538087,1.01077408378832,120.0
4885,1745.504599114831,1.01074256563757,120.0
4886,1745.505987975853,1.01059255526601,120.0
4887,1745.507376837108,1.010066391386,120.0
4888,1745.5087656981307,1.01052272981416,120.0
4889,1745.5101545591535,1.01004981799326,120.0
4890,1745.511543420176,1.01044723492083,120.0
4891,1745.5129322811988,1.00976165163325,120.0
4892,1745.5143211422214,1.01005626711449,120.0
4893,1745.515710003244,1.01002218104615,120.0
4894,1745.5170988642667,1.01035083065215,120.0
4895,1745.518487725289,1.01034329052192,120.0
4896,1745.5198765863113,1.01034446705225,120.0
4897,1745.5212654475663,1.01022132166089,120.0
4898,1745.5226543085887,1.01051643747591,120.0
4899,1745.5240431696116,1.00980569166965,120.0
4900,1745.525432030634,1.01065571766033,120.0
4901,1745.526820891657,1.01009670459543,120.0
4902,1745.5282097529127,1.01015572158014,120.0
4903,1745.5295986139351,1.01065867207307,120.0
4904,1745.530987474958,1.01054186770009,120.0
4905,1745.5323763359804,1.01026093573981,120.0
4906,1745.5337651970033,1.01051395773541,120.0
4907,1745.535154058258,1.01099163118079,120.0
4908,1745.53654291928,1.01031017526445,120.0
4909,1745.5379317803029,1.00973649057331,120.0
4910,1745.539320641558,1.01163224201899,120.0
4911,1745.5407095025807,1.0106992995132,120.0
4912,1745.5420983636038,1.01086177791205,120.0
4913,1745.5434872246262,1.0111556229915,120.0
4914,1745.544876085882,1.01095152526127,120.0
4915,1745.5462649469043,1.0106886104695,120.0
4916,1745.547653807928,1.00994850482597,120.0
4917,1745.5490426691842,1.01045074874921,120.0
4918,1745.5504315302062,1.01055721738411,120.0
4919,1745.5518203914608,1.01029709644208,120.0
4920,1745.5532092524836,1.01088731538062,120.0
4921,1745.5545981135062,1.01012719949076,120.0
4922,1745.555986974762,1.01046686318909,120.0
4923,1745.5573758357843,1.01047330289031,120.0
4924,1745.55876469704,1.01066646071531,120.0
4925,1745.560153558063,1.01002316977205,120.0
4926,1745.561542419318,1.01028377174885,120.0
4927,1745.5629312803408,1.01061453719586,120.0
4928,1745.5643201413627,1.00992347990052,120.0
4929,1745.5657090026175,1.01009297182084,120.0
4930,1745.5670978636404,1.01033670610384,120.0
4931,1745.5684867248958,1.01018259787053,120.0
4932,1745.5698755859187,1.01018334242823,120.0
4933,1745.571264447174,1.01018642445606,120.0
4934,1745.5726533081968,1.01004437604876,120.0
4935,1745.5740421694525,1.01023691691774,120.0
4936,1745.5768198917303,1.01002452564738,120.0
4937,1745.5782087529858,1.01067214069376,120.0
4938,1745.579597614008,1.00988513817628,120.0
4939,1745.5809864752628,1.01073425112606,120.0
4940,1745.5823753362852,1.01060986254604,120.0
4941,1745.583764197541,1.00975403145351,120.0
4942,1745.5851530587963,1.01070835640962,120.0
4943,1745.5865419198192,1.01058527035781,120.0
4944,1745.5879307810749,1.01094396718106,120.0
4945,1745.58931964233,1.01085928171409,120.0
4946,1745.5907085033527,1.01045720612286,120.0
4947,1745.5920973646084,1.01074041523951,120.0
4948,1745.593486225864,1.01015343407236,120.0
4949,1745.5948750868858,1.01028024814855,120.0
4950,1745.5962639481406,1.01008977399066,120.0
4951,1745.5976528093963,1.01153597545446,120.0
4952,1745.5990416706516,1.01076708412506,120.0
4953,1745.6004305316744,1.0098587773828,120.0
4954,1745.60181939293,1.01044937826714,120.0
4955,1745.6032082541851,1.01035626738231,120.0
4956,1745.604597115441,1.01079309965531,120.0
4957,1745.6059859764637,1.01060613105364,120.0
4958,1745.6073748377191,1.01098489433913,120.0
4959,1745.608763698974,1.0113382330666,120.0
4960,1745.6101525602287,1.01073380011473,120.0
4961,1745.6115414212516,1.01081544016644,120.0
4962,1745.6129302825073,1.01019247367691,120.0
4963,1745.6143191437625,1.01065312778983,120.0
4964,1745.615708005018,1.01035658319119,120.0
4965,1745.6170968662734,1.01082671047079,120.0
4966,1745.618485727529,1.01101734799882,120.0
4967,1745.6198745887848,1.01160909232028,120.0
4968,1745.6212634498072,1.01029755740777,120.0
4969,1745.622652311063,1.01139634908996,120.0
4970,1745.6240411723177,1.01058545779191,120.0
4971,1745.6254300335725,1.01055603404164,120.0
4972,1745.626818894828,1.01029271675129,120.0
4973,1745.6282077560832,1.00935384211849,120.0
4974,1745.629596617339,1.01065308591872,120.0
4975,1745.6309854785943,1.01103813993956,120.0
4976,1745.63237433985,1.01133173945745,120.0
4977,1745.6337632011057,1.01034118961814,120.0
4978,1745.6351520623607,1.01056684867918,120.0
4979,1745.6365409236166,1.0099938950996,120.0
4980,1745.637929784872,1.01143814433666,120.0
4981,1745.6393186461275,1.01076032411351,120.0
4982,1745.6407075073832,1.009945168893,120.0
4983,1745.6420963686385,1.01085977886127,120.0
4984,1745.643485229894,1.01157507712566,120.0
4985,1745.6448740911496,1.01088484158315,120.0
4986,1745.646262952405,1.0113019011953,120.0
4987,1745.6476518136608,1.01016118465532,120.0
4988,1745.649040674916,1.01067849481198,120.0
4989,1745.6504295361715,1.01015332004691,120.0
4990,1745.6518183976602,1.01041821275926,120.0
4991,1745.653207258915,1.00976941481774,120.0
4992,1745.6545961201698,1.01046951871082,120.0
4993,1745.655984981425,1.01129415860248,120.0
4994,1745.6573738426807,1.01059485644892,120.0
4995,1745.6587627039364,1.01052275089791,120.0
4996,1745.6601515651917,1.01083585862295,120.0
4997,1745.66154042668,1.0101365595441,120.0
4998,1745.6629292879354,1.01079271188235,120.0
4999,1745.664318149191,1.01080706249485,120.0
5000,1745.6657070104468,1.01091085862797,120.0
5001,1745.667095871702,1.01056291414381,120.0
5002,1745.6684847331896,1.01102104153666,120.0
5003,1745.6698735944444,1.01009665862219,120.0
5004,1745.6712624557,1.01135442311413,120.0
5005,1745.6726513169558,1.01033389750538,120.0
5006,1745.6740401784439,1.01059971496942,120.0
5007,1745.6754290396996,1.01124215387412,120.0
5008,1745.676817900955,1.01086486607968,120.0
5009,1745.678206762443,1.01053857564661,120.0
5010,1745.679595623699,1.01177809388055,120.0
5011,1745.6809844849543,1.01108010427961,120.0
5012,1745.6823733464428,1.01106488867952,120.0
5013,1745.6851510689523,1.01137062831831,120.0
5014,1745.6865399304409,1.01025282020875,120.0
5015,1745.687928791696,1.01094732865408,120.0
5016,1745.6893176529516,1.01087059947983,120.0
5017,1745.69070651444,1.01081291034186,120.0
5018,1745.6920953756955,1.01128703996471,120.0
5019,1745.693484237184,1.01075096519752,120.0
5020,1745.6948730984393,1.01156141812602,120.0
5021,1745.6962619596948,1.01064837305694,120.0
5022,1745.6976508211826,1.01106673000913,120.0
5023,1745.6990396824372,1.01092769213618,120.0
5024,1745.700428543926,1.01109397806705,120.0
5025,1745.7018174051811,1.01103780709345,120.0
5026,1745.7032062666697,1.01114440096698,120.0
5027,1745.7045951279251,1.01113853980507,120.0
5028,1745.7059839894134,1.01054050383098,120.0
5029,1745.7073728506691,1.01088170694977,120.0
5030,1745.7087617121572,1.01045496155642,120.0
5031,1745.7101505734129,1.01103966496032,120.0
5032,1745.7115394349014,1.01056829441822,120.0
5033,1745.712928296389,1.01052565163053,120.0
5034,1745.7143171576436,1.01034613508868,120.0
5035,1745.7157060191319,1.01082579499287,120.0
5036,1745.7170948803875,1.00991206953823,120.0
5037,1745.718483741876,1.01110820544623,120.0
5038,1745.7198726031313,1.01049170387772,120.0
5039,1745.7212614646198,1.01107404053154,120.0
5040,1745.722650326108,1.01083003420147,120.0
5041,1745.7240391873636,1.01183748944533,120.0
5042,1745.725428048852,1.01097521976817,120.0
5043,1745.72681691034,1.01216148924987,120.0
5044,1745.7282057715947,1.01058438748059,120.0
5045,1745.7295946330828,1.01052317915397,120.0
5046,1745.730983494572,1.01077494951689,120.0
5047,1745.732372355828,1.01106930654698,120.0
5048,1745.7337612173162,1.01124197584876,120.0
5049,1745.7351500788047,1.01069379730365,120.0
5050,1745.736538940293,1.01165011993137,120.0
5051,1745.7379278015485,1.01131246862532,120.0
5052,1745.739316663037,1.0109025646221,120.0
5053,1745.740705524525,1.01105594529451,120.0
5054,1745.7420943860136,1.01088940223223,120.0
5055,1745.7434832472684,1.01095054277132,120.0
5056,1745.744872108756,1.01131375338338,120.0
5057,1745.7462609702443,1.01050884136865,120.0
5058,1745.7476498317324,1.01016566365948,120.0
5059,1745.749038693221,1.01123365070347,120.0
5060,1745.7504275544768,1.01092507817442,120.0
5061,1745.7518164159649,1.01180598705003,120.0
5062,1745.7532052774532,1.01050312808404,120.0
5063,1745.7545941389415,1.01105329663245,120.0
5064,1745.75598300043,1.01080945368078,120.0
5065,1745.7573718619176,1.01142057098768,120.0
5066,1745.7587607234052,1.01157025902123,120.0
5067,1745.7601495848935,1.01106174123139,120.0
5068,1745.7615384461487,1.01063236173092,120.0
5069,1745.7629273076375,1.01184123008392,120.0
5070,1745.764316169126,1.01095271514834,120.0
5071,1745.765705030614,1.01115592059695,120.0
5072,1745.7670938921024,1.0104809738998,120.0
5073,1745.768482753591,1.0106540387828,120.0
5074,1745.7698716150792,1.01126351882797,120.0
5075,1745.7712604765677,1.01111015967676,120.0
5076,1745.772649338055,1.01200203359905,120.0
5077,1745.7740381995427,1.0108232140237,120.0
5078,1745.7754270610312,1.01019683576961,120.0
5079,1745.7768159225195,1.01066946315543,120.0
5080,1745.778204784008,1.01168901887419,120.0
5081,1745.779593645496,1.01136809998932,120.0
5082,1745.7809825069846,1.01026261999688,120.0
5083,1745.7823713684727,1.01188203242688,120.0
5084,1745.7837602299612,1.01122025478344,120.0
5085,1745.7851490914495,1.0108710575585,120.0
5086,1745.7865379531706,1.01070281078738,120.0
5087,1745.7879268146582,1.01029332773825,120.0
5088,1745.789315676146,1.01128735310463,120.0
5089,1745.7907045376344,1.01136692692034,120.0
5090,1745.792093399123,1.01047109224465,120.0
5091,1745.7934822606107,1.01108428253659,120.0
5092,1745.7948711220995,1.01059868862602,120.0
5093,1745.7962599838208,1.0103598015777,120.0
5094,1745.797648845309,1.0109558774196,120.0
5095,1745.7990377067974,1.01056950906034,120.0
5096,1745.8004265682855,1.01075752435261,120.0
5097,1745.801815429774,1.01135482143201,120.0
5098,1745.8032042912616,1.01089095984478,120.0
5099,1745.804593152982,1.01014952070601,120.0
5100,1745.8059820144706,1.01089015086116,120.0
5101,1745.8073708759587,1.01113375260663,120.0
5102,1745.8087597374472,1.0111060736932,120.0
5103,1745.8101485991683,1.0108929387449,120.0
5104,1745.8115374606566,1.01127685528257,120.0
5105,1745.8129263221451,1.01059408041477,120.0
5106,1745.8143151838663,1.01114594543242,120.0
5107,1745.8157040453543,1.01030788455696,120.0
5108,1745.817092906843,1.0098687678512,120.0
5109,1745.8184817685635,1.01043843885805,120.0
5110,1745.8198706300511,1.01023782211292,120.0
5111,1745.8212594915394,1.01083996446468,120.0
5112,1745.8226483532615,1.01111599615368,120.0
5113,1745.8240372147504,1.01062501003606,120.0
5114,1745.8254260762385,1.0117047668813,120.0
5115,1745.8268149379599,1.01091821479907,120.0
5116,1745.8282037994484,1.01098772593021,120.0
5117,1745.8295926611693,1.01105153332852,120.0
5118,1745.8309815226576,1.01059356563257,120.0
5119,1745.8323703841454,1.01210766844594,120.0
5120,1745.8337592458658,1.0107970967093,120.0
5121,1745.8351481073544,1.0107161710707,120.0
5122,1745.8365369690753,1.01040916858037,120.0
5123,1745.8379258305636,1.01027871213374,120.0
5124,1745.8393146922847,1.01073435527197,120.0
5125,1745.8407035537732,1.0110704396292,120.0
5126,1745.8434812769826,1.01065941392684,120.0
5127,1745.844870138704,1.01109527729859,120.0
5128,1745.8462590001923,1.01090036127278,120.0
5129,1745.8476478619127,1.01067496121224,120.0
5130,1745.8490367234003,1.01077730458739,120.0
5131,1745.8504255851215,1.01067166582517,120.0
5132,1745.85181444661,1.01058864591907,120.0
5133,1745.853203308331,1.01092152928805,120.0
5134,1745.8545921700522,1.01064623288607,120.0
5135,1745.8559810315408,1.01024960123127,120.0
5136,1745.8573698932616,1.01083309436344,120.0
5137,1745.85875875475,1.01067167422083,120.0
5138,1745.8601476164713,1.01086442522374,120.0
5139,1745.8615364781924,1.01084826703139,120.0
5140,1745.86292533968,1.01040987657439,120.0
5141,1745.8643142014005,1.01083596081766,120.0
5142,1745.8657030631218,1.01113636434286,120.0
5143,1745.86709192461,1.01086346601808,120.0
5144,1745.8684807863312,1.01072364129872,120.0
5145,1745.8698696480526,1.01060727733047,120.0
5146,1745.8712585095407,1.01133262261754,120.0
5147,1745.872647371262,1.01066882408778,120.0
5148,1745.8740362329831,1.01128495078348,120.0
5149,1745.8754250947043,1.01070520405667,120.0
5150,1745.8768139561928,1.01057452989215,120.0
5151,1745.8782028179132,1.01033953759036,120.0
5152,1745.8795916796337,1.01153798677326,120.0
5153,1745.880980541355,1.01039447406769,120.0
5154,1745.882369403076,1.01108904833072,120.0
5155,1745.8837582645644,1.01095359376556,120.0
5156,1745.8851471262851,1.01064179039968,120.0
5157,1745.8865359880067,1.01125543040045,120.0
5158,1745.887924849728,1.01052802229992,120.0
5159,1745.8893137114487,1.01113904966179,120.0
5160,1745.8907025729375,1.01119105827146,120.0
5161,1745.8920914346584,1.01069486387688,120.0
5162,1745.893480296379,1.01141792825411,120.0
5163,1745.8948691580997,1.00999133261539,120.0
5164,1745.8962580198206,1.01047396126826,120.0
5165,1745.897646881542,1.01113051384044,120.0
5166,1745.899035743263,1.01132689670043,120.0
5167,1745.9004246049842,1.01175720326843,120.0
5168,1745.9018134667056,1.01103910784559,120.0
5169,1745.9032023284265,1.01121940080975,120.0
5170,1745.9045911901478,1.01121930768625,120.0
5171,1745.9059800518687,1.01081038231331,120.0
5172,1745.9073689133572,1.01074259070067,120.0
5173,1745.9087577750777,1.01193875024039,120.0
5174,1745.910146636798,1.01107855034312,120.0
5175,1745.9115354985195,1.01171339456776,120.0
5176,1745.9129243602404,1.01025248900954,120.0
5177,1745.9143132219626,1.01121216880603,120.0
5178,1745.9157020839173,1.01044613823495,120.0
5179,1745.917090945638,1.01252543898872,120.0
5180,1745.9184798073595,1.0106694694477,120.0
5181,1745.9198686690809,1.01072358168107,120.0
5182,1745.9212575308015,1.01039266682123,120.0
5183,1745.9226463925222,1.01012872173751,120.0
5184,1745.9240352542427,1.01115407557165,120.0
5185,1745.925424115964,1.01086021231297,120.0
5186,1745.9268129776851,1.01035661341765,120.0
5187,1745.9282018394063,1.01072440208721,120.0
5188,1745.9295907011276,1.00995587932356,120.0
5189,1745.930979563081,1.01016730375149,120.0
5190,1745.9323684248027,1.0107723877472,120.0
5191,1745.933757286524,1.01055597732339,120.0
5192,1745.9351461482447,1.01093586917848,120.0
5193,1745.9365350099663,1.01044183277959,120.0
5194,1745.9379238716867,1.01078326628979,120.0
5195,1745.93931273364,1.0105214654947,120.0
5196,1745.9407015953611,1.01117741969565,120.0
5197,1745.9420904570823,1.01100524726068,120.0
5198,1745.9434793188036,1.01006650031136,120.0
5199,1745.9448681807576,1.01114999629617,120.0
5200,1745.9462570424787,1.01039371723469,120.0
5201,1745.9476459042,1.01042770380811,120.0
5202,1745.9490347659207,1.01099881651396,120.0
5203,1745.9504236278751,1.01138989302407,120.0
5204,1745.9518124895963,1.01052843704481,120.0
5205,1745.9532013513167,1.0112389383163,120.0
5206,1745.95459021327,1.01038310147357,120.0
5207,1745.955979074991,1.01148013253536,120.0
5208,1745.9573679367124,1.01056883541464,120.0
5209,1745.9587567986664,1.01076141374642,120.0
5210,1745.9601456603875,1.01047330872229,120.0
5211,1745.9615345221089,1.01095597048666,120.0
5212,1745.9629233840626,1.01158862149976,120.0
5213,1745.964312245784,1.01084765193423,120.0
5214,1745.9657011075053,1.0110198977205,120.0
5215,1745.967089969459,1.01031207366895,120.0
5216,1745.9684788311795,1.01089221837623,120.0
5217,1745.9698676931328,1.01089746227659,120.0
5218,1745.971256554854,1.0103733872603,120.0
5219,1745.9726454168083,1.01067999177347,120.0
5220,1745.9740342785292,1.01069125888966,120.0
5221,1745.9754231404831,1.01111280376848,120.0
5222,1745.9768120022043,1.01118766668935,120.0
5223,1745.9782008639256,1.0102030604277,120.0
5224,1745.9795897258798,1.01110454922341,120.0
5225,1745.9809785876007,1.01180369246841,120.0
5226,1745.9823674495549,1.01072038450341,120.0
5227,1745.983756311508,1.01069833807588,120.0
5228,1745.9851451732286,1.01028412385313,120.0
5229,1745.9865340351828,1.01044181251554,120.0
5230,1745.9879228969037,1.01066538448884,120.0
5231,1745.9893117588579,1.01033963789834,120.0
5232,1745.9907006205788,1.01049540404669,120.0
5233,1745.9920894825327,1.01024936349114,120.0
5234,1745.9934783442543,1.01120754017101,120.0
5235,1745.994867206208,1.01087251890614,120.0
5236,1745.9962560681622,1.01006367093968,120.0
5237,1745.997644929883,1.01035399625776,120.0
5238,1745.9990337918368,1.01091656372135,120.0
5239,1746.00042265379,1.01002277832226,120.0
5240,1746.001811515511,1.01083096423879,120.0
5241,1746.0032003774652,1.01170259139792,120.0
5242,1746.0045892394191,1.01165593295537,120.0
5243,1746.0059781011412,1.01108339345783,120.0
5244,1746.0073669630958,1.0103583442245,120.0
5245,1746.0087558250495,1.01105412049218,120.0
5246,1746.010144686771,1.01075177212338,120.0
5247,1746.011533548725,1.01084307742262,120.0
5248,1746.0129224106788,1.01107166594429,120.0
5249,1746.014311272632,1.01044527689145,120.0
5250,1746.0157001343523,1.01008621129331,120.0
5251,1746.0170889963067,1.01081941467888,120.0
5252,1746.018477858261,1.01098246069366,120.0
5253,1746.0198667202146,1.01094411043463,120.0
5254,1746.0212555821688,1.01064886305321,120.0
5255,1746.0226444438897,1.01027937011569,120.0
5256,1746.024033305844,1.01102744281737,120.0
5257,1746.025422167798,1.01082064618366,120.0
5258,1746.0268110297518,1.01076798205259,120.0
5259,1746.028199891706,1.01107270573851,120.0
5260,1746.0295887536593,1.01029774127443,120.0
5261,1746.0309776153797,1.01069663251069,120.0
5262,1746.0323664773339,1.0107005047009,120.0
5263,1746.0337553392876,1.01026597937734,120.0
5264,1746.0351442012416,1.01108087538533,120.0
5265,1746.0365330631955,1.00991411647351,120.0
5266,1746.0379219251497,1.01038076829336,120.0
5267,1746.039310787104,1.01009630366529,120.0
5268,1746.0406996490576,1.01086935106942,120.0
5269,1746.0420885110118,1.01054646607823,120.0
5270,1746.0434773729655,1.01090773058896,120.0
5271,1746.0448662349193,1.01059272274089,120.0
5272,1746.0462550968723,1.01114046933276,120.0
5273,1746.0490328207804,1.00996665267157,120.0
5274,1746.0504216827344,1.0105534203745,120.0
5275,1746.0518105446884,1.01096069819322,120.0
5276,1746.0531994066423,1.01132820697458,120.0
5277,1746.0545882685963,1.01028317854316,120.0
5278,1746.0559771305504,1.0107169364955,120.0
5279,1746.0573659925046,1.01019178802706,120.0
5280,1746.0587548544584,1.01077678549635,120.0
5281,1746.0601437164116,1.01019228709727,120.0
5282,1746.061532578365,1.01085846053188,120.0
5283,1746.062921440319,1.01105145378208,120.0
5284,1746.0643103022733,1.01102504919601,120.0
5285,1746.065699164227,1.0108997867381,120.0
5286,1746.067088026414,1.01039737296467,120.0
5287,1746.0684768883675,1.01142555806541,120.0
5288,1746.069865750322,1.01028194442659,120.0
5289,1746.071254612276,1.01008555777955,120.0
5290,1746.0726434742298,1.01094980943363,120.0
5291,1746.074032336184,1.01014196899339,120.0
5292,1746.07542119837,1.01036906703021,120.0
5293,1746.0768100603234,1.01168289868421,120.0
5294,1746.0781989222776,1.01044436479542,120.0
5295,1746.0795877842313,1.01090599810795,120.0
5296,1746.0809766461855,1.01085430514984,120.0
5297,1746.0823655083723,1.00995633119558,120.0
5298,1746.0837543703262,1.01087043332486,120.0
5299,1746.0851432322804,1.00966422278626,120.0
5300,1746.086532094234,1.010867944418,120.0
5301,1746.0879209564212,1.01061043403345,120.0
5302,1746.0893098183744,1.0103341870406,120.0
5303,1746.0906986803277,1.01000534817698,120.0
5304,1746.0920875425147,1.00991701799517,120.0
5305,1746.0934764044684,1.01048046834089,120.0
5306,1746.0948652664226,1.01068863450036,120.0
5307,1746.0962541286094,1.01100887542592,120.0
5308,1746.0976429905643,1.01082758204181,120.0
5309,1746.0990318525187,1.01055159802463,120.0
5310,1746.1004207147055,1.01021865623699,120.0
5311,1746.1018095766597,1.00993734636109,120.0
5312,1746.1031984386138,1.01072837842763,120.0
5313,1746.1045873008,1.01063260504375,120.0
5314,1746.1059761627532,1.00991208258516,120.0
5315,1746.1073650249396,1.01013970378142,120.0
5316,1746.108753886894,1.00992060178312,120.0
5317,1746.1101427490808,1.01083019141486,120.0
5318,1746.1115316110347,1.01002139534521,120.0
5319,1746.112920472989,1.01036893372167,120.0
5320,1746.1143093351757,1.00937490934402,120.0
5321,1746.1156981971296,1.01031247589256,120.0
5322,1746.1170870593166,1.00990788624672,120.0
5323,1746.1184759212704,1.0101563485304,120.0
5324,1746.1198647834565,1.00969524122802,120.0
5325,1746.12125364541,1.0099352130811,120.0
5326,1746.1226425075968,1.01093998773469,120.0
5327,1746.1240313695507,1.00941557687222,120.0
5328,1746.1254202317375,1.01034761962878,120.0
5329,1746.1268090939243,1.01040412493184,120.0
5330,1746.1281979558785,1.00999730799505,120.0
5331,1746.1295868180653,1.01009747275398,120.0
5332,1746.1309756800194,1.01033112565074,120.0
5333,1746.132364542206,1.01100141873991,120.0
5334,1746.133753404393,1.01037485157609,120.0
5335,1746.1351422663463,1.0102528100191,120.0
5336,1746.1365311285324,1.01059995150156,120.0
5337,1746.1379199904864,1.00986462016409,120.0
5338,1746.1393088526731,1.00991898678265,120.0
5339,1746.14069771486,1.0102804756549,120.0
5340,1746.1420865768143,1.0106237595523,120.0
5341,1746.143475439001,1.01034943631942,120.0
5342,1746.144864301188,1.00982028809791,120.0
5343,1746.1462531631416,1.00925438968142,120.0
5344,1746.1476420253287,1.00968706755543,120.0
5345,1746.1490308875157,1.01001023257688,120.0
5346,1746.1504197497015,1.01012916378471,120.0
5347,1746.151808611655,1.0113269806904,120.0
5348,1746.1531974738416,1.00953380910314,120.0
5349,1746.1545863360286,1.00951796450332,120.0
5350,1746.1559751982156,1.01005361527555,120.0
5351,1746.1573640601691,1.01033081409556,120.0
5352,1746.1587529223564,1.01003510488312,120.0
5353,1746.1601417845427,1.00977923297907,120.0
5354,1746.16153064673,1.01030132127388,120.0
5355,1746.1629195089167,1.01018448731187,120.0
5356,1746.1643083708707,1.01028487652521,120.0
5357,1746.1656972330568,1.01123653011157,120.0
5358,1746.1670860952431,1.01101107251779,120.0
5359,1746.16847495743,1.01058293086866,120.0
5360,1746.1698638196167,1.00968125209282,120.0
5361,1746.1712526818035,1.00935171861691,120.0
5362,1746.1726415439905,1.00935241940298,120.0
5363,1746.1740304061773,1.01014099896878,120.0
5364,1746.1754192681312,1.01000412451621,120.0
5365,1746.1768081303182,1.00914901545553,120.0
5366,1746.1781969925048,1.01062911552328,120.0
5367,1746.1795858546918,1.01010866972747,120.0
5368,1746.180974716878,1.00999447403855,120.0
5369,1746.182363579064,1.00976820795618,120.0
5370,1746.183752441251,1.01034780606488,120.0
5371,1746.1851413034376,1.00977702510777,120.0
5372,1746.1865301656246,1.00943836872917,120.0
5373,1746.1879190278114,1.01000726291153,120.0
5374,1746.189307889999,1.01011151951428,120.0
5375,1746.1906967521863,1.00968189525436,120.0
5376,1746.1920856143731,1.00958962337782,120.0
5377,1746.19347447656,1.00977392111522,120.0
5378,1746.1948633387472,1.00999513457148,120.0
5379,1746.1962522009337,1.01064504090885,120.0
5380,1746.1976410631198,1.01027153197064,120.0
5381,1746.1990299255388,1.00925320341957,120.0
5382,1746.2004187877255,1.01031688168775,120.0
5383,1746.2018076499128,1.00995722311631,120.0
5384,1746.203196512099,1.00953651395091,120.0
5385,1746.2045853742864,1.00933428969433,120.0
5386,1746.2059742364731,1.01059454037624,120.0
5387,1746.20736309866,1.0096965308595,120.0
5388,1746.2087519608467,1.00919149166319,120.0
5389,1746.2101408232663,1.01138378868134,120.0
5390,1746.2115296854531,1.01136694954369,120.0
5391,1746.2129185476394,1.01024983853062,120.0
5392,1746.2143074098256,1.0096054553514,120.0
5393,1746.2156962720123,1.00950642860347,120.0
5394,1746.2170851341991,1.00998659558042,120.0
5395,1746.2184739966187,1.00943351814593,120.0
5396,1746.2198628588055,1.00878062459283,120.0
5397,1746.2212517209923,1.0090376849671,120.0
5398,1746.2226405831796,1.00890711277827,120.0
5399,1746.2240294455987,1.01006694326774,120.0
5400,1746.225418307786,1.01044428107492,120.0
5401,1746.2268071699727,1.00919010891993,120.0
5402,1746.228196032159,1.00955500352309,120.0
5403,1746.229584894578,1.01001296880551,120.0
5404,1746.2309737567643,1.01002454694697,120.0
5405,1746.2323626189516,1.00986240600792,120.0
5406,1746.2337514813714,1.00926072169834,120.0
5407,1746.235140343558,1.00960841650328,120.0
5408,1746.236529205745,1.0100432535868,120.0
5409,1746.2379180681644,1.00858028900811,120.0
5410,1746.2393069303514,1.00878046107643,120.0
5411,1746.2406957927712,1.01001219263264,120.0
5412,1746.2420846549578,1.00893234259764,120.0
5413,1746.2448623795628,1.00872736469003,120.0
5414,1746.2462512417499,1.00857361920815,120.0
5415,1746.2476401041697,1.00942097918149,120.0
5416,1746.2490289663563,1.0092314897794,120.0
5417,1746.2504178285433,1.00948825373033,120.0
5418,1746.251806690963,1.00920964875775,120.0
5419,1746.2531955531497,1.00951151461942,120.0
5420,1746.2545844155695,1.00967978786766,120.0
5421,1746.255973277756,1.00925618693378,120.0
5422,1746.257362140176,1.00940778982709,120.0
5423,1746.258751002362,1.01002850910175,120.0
5424,1746.2601398647807,1.00967970941491,120.0
5425,1746.261528726968,1.00956387152973,120.0
5426,1746.2629175893871,1.00954000821193,120.0
5427,1746.2643064518072,1.00879659665535,120.0
5428,1746.265695313994,1.00905101131977,120.0
5429,1746.2670841764136,1.00946876626924,120.0
5430,1746.2684730386006,1.00923670617086,120.0
5431,1746.26986190102,1.00933677905773,120.0
5432,1746.271250763207,1.01001281805688,120.0
5433,1746.2726396256269,1.00942369511424,120.0
5434,1746.2740284880458,1.0097025569093,120.0
5435,1746.275417350232,1.00978750872902,120.0
5436,1746.2768062126513,1.00939585629583,120.0
5437,1746.2781950750712,1.00956104176689,120.0
5438,1746.279583937258,1.00839889123253,120.0
5439,1746.2809727996785,1.00900420222982,120.0
5440,1746.2823616620988,1.00863164544361,120.0
5441,1746.283750524285,1.00956082965835,120.0
5442,1746.2851393867052,1.00901550699974,120.0
5443,1746.286528249125,1.00899819809755,120.0
5444,1746.2879171113116,1.00936970047173,120.0
5445,1746.2893059737305,1.00917285981026,120.0
5446,1746.2906948361494,1.00952172557571,120.0
5447,1746.2920836985693,1.009290589945,120.0
5448,1746.2934725607563,1.00959453593951,120.0
5449,1746.2948614231757,1.00864883500814,120.0
5450,1746.2962502855955,1.00906844901042,120.0
5451,1746.2976391480152,1.00930694079656,120.0
5452,1746.299028010202,1.00851167235678,120.0
5453,1746.3004168726216,1.00897165492596,120.0
5454,1746.3018057350412,1.00928595931545,120.0
5455,1746.303194597461,1.00913984824956,120.0
5456,1746.30458345988,1.00935728521825,120.0
5457,1746.3059723222989,1.00866567869557,120.0
5458,1746.307361184486,1.00889821450113,120.0
5459,1746.3087500469053,1.00928571560026,120.0
5460,1746.3101389093251,1.00898785445148,120.0
5461,1746.3115277717447,1.0094115590319,120.0
5462,1746.3143054965842,1.00832368641817,120.0
5463,1746.3156943590036,1.00833488893629,120.0
5464,1746.3170832214234,1.00862421990753,120.0
5465,1746.3184720838433,1.00926825829298,120.0
5466,1746.3198609462622,1.00957213767502,120.0
5467,1746.3212498086812,1.00970143299276,120.0
5468,1746.3226386711003,1.00878304361413,120.0
5469,1746.3240275335204,1.00830805897374,120.0
5470,1746.3254163959402,1.00917129133808,120.0
5471,1746.3268052583596,1.00909342608995,120.0
5472,1746.3281941207795,1.0088544839544,120.0
5473,1746.3295829831989,1.00891795105816,120.0
5474,1746.3309718456187,1.00934310507915,120.0
5475,1746.3323607080383,1.00928642512941,120.0
5476,1746.333749570458,1.00927942138029,120.0
5477,1746.3351384328769,1.00843509893023,120.0
5478,1746.3365272952958,1.00872930646294,120.0
5479,1746.3379161577157,1.00890405196997,120.0
5480,1746.3393050201355,1.00884587587838,120.0
5481,1746.340693882555,1.00926113676094,120.0
5482,1746.3420827449747,1.00845429383831,120.0
5483,1746.3434716073943,1.0093659279053,120.0
5484,1746.344860469814,1.007651695643,120.0
5485,1746.3462493324666,1.00925156437132,120.0
5486,1746.347638194886,1.00918021828244,120.0
5487,1746.3490270573059,1.00828480619868,120.0
5488,1746.3504159197248,1.00877941002236,120.0
5489,1746.3518047821435,1.00906257351256,120.0
5490,1746.3531936445636,1.00875909762609,120.0
5491,1746.3545825072158,1.00925962622805,120.0
5492,1746.3559713696357,1.00876902887493,120.0
5493,1746.3573602320553,1.00893241312131,120.0
5494,1746.358749094475,1.00930955554371,120.0
5495,1746.3601379568947,1.00831102113967,120.0
5496,1746.3615268195467,1.00803216178939,120.0
5497,1746.3629156819668,1.0084136617682,120.0
5498,1746.3643045443866,1.00804815051506,120.0
5499,1746.365693406806,1.00867150979253,120.0
5500,1746.3670822694578,1.00804089962905,120.0
5501,1746.3684711318767,1.00827310431059,120.0
5502,1746.3698599942963,1.00872003156309,120.0
5503,1746.3712488569493,1.00872197763587,120.0
5504,1746.3726377193695,1.00729267366243,120.0
5505,1746.3740265817898,1.00835899168419,120.0
5506,1746.3754154444423,1.00846633627037,120.0
5507,1746.376804306862,1.00866454048336,120.0
5508,1746.3781931692815,1.00834527895837,120.0
5509,1746.379582031934,1.00899940614148,120.0
5510,1746.3809708943538,1.0082706475868,120.0
5511,1746.3823597570056,1.00898140007687,120.0
5512,1746.3837486194243,1.00891878743426,120.0
5513,1746.3851374818444,1.00788758170742,120.0
5514,1746.3865263444964,1.00809089159162,120.0
5515,1746.3879152069164,1.00841483021699,120.0
5516,1746.3893040695689,1.00862400626951,120.0
5517,1746.3906929319885,1.00860979960849,120.0
5518,1746.3920817946412,1.00864692334304,120.0
5519,1746.3934706570603,1.0083670181198,120.0
5520,1746.3948595197132,1.00907879005236,120.0
5521,1746.3962483821329,1.00747554993194,120.0
5522,1746.3976372447848,1.00838611367251,120.0
5523,1746.3990261072036,1.00841607021373,120.0
5524,1746.400414969856,1.00810346622275,120.0
5525,1746.4018038322758,1.00852169553713,120.0
5526,1746.4031926949283,1.00825899140499,120.0
5527,1746.404581557348,1.00932326016113,120.0
5528,1746.4059704200004,1.00805079317492,120.0
5529,1746.40735928242,1.00951038693774,120.0
5530,1746.4087481450727,1.0085808872047,120.0
5531,1746.410137007725,1.00837267554262,120.0
5532,1746.4115258701447,1.00817899871384,120.0
5533,1746.4129147327965,1.00801641225022,120.0
5534,1746.4143035952154,1.00852216252007,120.0
5535,1746.415692457868,1.00884494999242,120.0
5536,1746.4170813205208,1.00804166967634,120.0
5537,1746.41847018294,1.00838431210126,120.0
5538,1746.4198590455928,1.00900292636458,120.0
5539,1746.421247908245,1.0093453460414,120.0
5540,1746.422636770665,1.00840972744212,120.0
5541,1746.4240256333176,1.00772677963994,120.0
5542,1746.4254144959696,1.00846143024766,120.0
5543,1746.4268033583896,1.00813106789633,120.0
5544,1746.4281922210414,1.0083634676981,120.0
5545,1746.4295810836932,1.0086506699666,120.0
5546,1746.4309699463458,1.00912812254109,120.0
5547,1746.4323588087652,1.00908623018954,120.0
5548,1746.433747671418,1.00892034133526,120.0
5549,1746.4351365340704,1.00835461382021,120.0
5550,1746.4365253967228,1.00925889742724,120.0
5551,1746.4379142591426,1.00841098062835,120.0
5552,1746.4393031217949,1.0078454714257,120.0
5553,1746.4406919844475,1.00795859394436,120.0
5554,1746.4420808471,1.00828871390077,120.0
5555,1746.4434697097524,1.00762434945684,120.0
5556,1746.4448585724042,1.00822717925859,120.0
5557,1746.4462474348231,1.00749950764973,120.0
5558,1746.4476362974758,1.00844186326823,120.0
5559,1746.4490251601283,1.00766460973484,120.0
5560,1746.4504140227807,1.0081370102487,120.0
5561,1746.4518028854332,1.00725360852346,120.0
5562,1746.4531917480856,1.00859008529202,120.0
5563,1746.4545806107383,1.00770500256447,120.0
5564,1746.4559694733907,1.00864929942066,120.0
5565,1746.4573583360432,1.00823416517721,120.0
5566,1746.4587471986958,1.00830332545342,120.0
5567,1746.4601360611148,1.00868994211851,120.0
5568,1746.4615249237663,1.00768673570936,120.0
5569,1746.4629137864192,1.00841607521011,120.0
5570,1746.4643026490724,1.00804259566028,120.0
5571,1746.4656915117255,1.00823881464711,120.0
5572,1746.467080374378,1.00825666715107,120.0
5573,1746.4684692370304,1.00803231607976,120.0
5574,1746.469858099683,1.00738502448412,120.0
5575,1746.4712469623353,1.00765216277712,120.0
5576,1746.472635824988,1.00768175327668,120.0
5577,1746.4740246876404,1.00791310252542,120.0
5578,1746.4754135505252,1.00903527641864,120.0
5579,1746.4768024131768,1.00882521362908,120.0
5580,1746.4781912758292,1.00746446281194,120.0
5581,1746.4795801384819,1.00838114999977,120.0
5582,1746.4809690011343,1.00736495252615,120.0
5583,1746.4823578637868,1.00776652533237,120.0
5584,1746.4837467264394,1.00744403105354,120.0
5585,1746.4851355890917,1.00784727782669,120.0
5586,1746.4865244517443,1.00728672944924,120.0
5587,1746.4879133146298,1.00792737528537,120.0
5588,1746.489302177282,1.00768905013746,120.0
5589,1746.4906910399338,1.00763518851406,120.0
5590,1746.4920799025856,1.00747126866882,120.0
5591,1746.4934687652383,1.00742066993358,120.0
5592,1746.4948576278907,1.00751101638734,120.0
5593,1746.496246490776,1.00823588886756,120.0
5594,1746.4976353534287,1.00801329480678,120.0
5595,1746.499024216081,1.00675813953027,120.0
5596,1746.5004130787336,1.00764434690864,120.0
5597,1746.501801941619,1.00790095882921,120.0
5598,1746.5031908042713,1.00795357600765,120.0
5599,1746.504579666924,1.00765059149439,120.0
5600,1746.5059685295755,1.0081438275688,120.0
5601,1746.5073573924603,1.00713842809875,120.0
5602,1746.508746255113,1.00715654902964,120.0
5603,1746.5101351177652,1.00843216346008,120.0
5604,1746.5115239806507,1.0084293617739,120.0
5605,1746.5129128433032,1.00871459447722,120.0
5606,1746.5143017059556,1.00780842742665,120.0
5607,1746.5156905688411,1.00726036174658,120.0
5608,1746.5170794314931,1.00777869049001,120.0
5609,1746.518468294146,1.00713435425343,120.0
5610,1746.5198571570313,1.00799969825787,120.0
5611,1746.5212460196835,1.00733381679666,120.0
5612,1746.5226348823355,1.00717284607972,120.0
5613,1746.52402374522,1.00844133062138,120.0
5614,1746.5254126078728,1.00738471201173,120.0
5615,1746.526801470758,1.0073931870022,120.0
5616,1746.5281903334103,1.00713189638958,120.0
5617,1746.5295791960632,1.00768671503404,120.0
5618,1746.5309680589482,1.00722039036164,120.0
5619,1746.5323569216007,1.00708063290427,120.0
5620,1746.5337457844862,1.0081932218341,120.0
5621,1746.5351346471386,1.0066049406288,120.0
5622,1746.536523510024,1.00724800666892,120.0
5623,1746.537912372676,1.00702614983863,120.0
5624,1746.5393012355603,1.00736197845373,120.0
5625,1746.5406900982132,1.00751327409679,120.0
5626,1746.5420789610982,1.00642962540228,120.0
5627,1746.5434678237507,1.00730728847213,120.0
5628,1746.544856686636,1.00701319615502,120.0
5629,1746.5462455495215,1.00791869246881,120.0
5630,1746.547634412174,1.0065274116799,120.0
5631,1746.5490232750592,1.0064991125626,120.0
5632,1746.5504121377119,1.00747357602205,120.0
5633,1746.5518010005967,1.00655654764997,120.0
5634,1746.5531898634815,1.0073233388283,120.0
5635,1746.5545787261335,1.00716592953737,120.0
5636,1746.5559675890197,1.00687606938737,120.0
5637,1746.5573564516728,1.00696441996066,120.0
5638,1746.558745314558,1.00694318220041,120.0
5639,1746.5601341774432,1.00666918594656,120.0
5640,1746.561523040096,1.00689601081043,120.0
5641,1746.562911902981,1.00738025170049,120.0
5642,1746.5643007658666,1.00766417175673,120.0
5643,1746.565689628519,1.00701508451382,120.0
5644,1746.5670784914043,1.00767161081162,120.0
5645,1746.5684673542899,1.00659373213712,120.0
5646,1746.5698562171744,1.00746615844501,120.0
5647,1746.5712450798262,1.00680607426893,120.0
5648,1746.5726339427115,1.00733318512398,120.0
5649,1746.5740228055968,1.0068032181564,120.0
5650,1746.5754116684823,1.0076334959769,120.0
5651,1746.5768005311345,1.00708475720766,120.0
5652,1746.57818939402,1.00604019051172,120.0
5653,1746.5795782569055,1.00650522246263,120.0
5654,1746.5809671197903,1.0071429662136,120.0
5655,1746.582355982676,1.00766334015796,120.0
5656,1746.5837448453283,1.00737786089842,120.0
5657,1746.585133708213,1.00753524945041,120.0
5658,1746.586522571098,1.00723278871142,120.0
5659,1746.5879114339828,1.0081414341365,120.0
5660,1746.5893002968685,1.00699410478677,120.0
5661,1746.5906891597535,1.00671725080542,120.0
5662,1746.592078022639,1.00704659430956,120.0
5663,1746.5934668855243,1.0073532905499,120.0
5664,1746.5948557481768,1.00697131193383,120.0
5665,1746.5962446110623,1.00699321848974,120.0
5666,1746.5976334739476,1.00638973736364,120.0
5667,1746.5990223368328,1.00848469912224,120.0
5668,1746.6004111997174,1.00667594586962,120.0
5669,1746.601800062602,1.00790950523157,120.0
5670,1746.6031889254875,1.00793390779184,120.0
5671,1746.6045777883728,1.00683768892156,120.0
5672,1746.605966651258,1.00742459124271,120.0
5673,1746.6073555141436,1.00689376502949,120.0
5674,1746.6087443770286,1.00742934311006,120.0
5675,1746.610133239914,1.0071641431411,120.0
5676,1746.6115221027994,1.00711611974563,120.0
5677,1746.6129109656847,1.0069424671932,120.0
5678,1746.6142998285702,1.00691735520286,120.0
5679,1746.6156886914548,1.00706489964611,120.0
5680,1746.6170775543394,1.0072772480742,120.0
5681,1746.6184664172247,1.0076939758738,120.0
5682,1746.61985528011,1.00686776217492,120.0
5683,1746.6212441432283,1.00772420154483,120.0
5684,1746.6226330061131,1.00703009826267,120.0
5685,1746.6240218689989,1.00640958307327,120.0
5686,1746.6254107318844,1.00663482402184,120.0
5687,1746.6267995947694,1.00634018127877,120.0
5688,1746.6281884576547,1.00687500182707,120.0
5689,1746.62957732054,1.00669744306228,120.0
5690,1746.6309661834255,1.00728924643109,120.0
5691,1746.632355046543,1.00819977155685,120.0
5692,1746.6337439094275,1.00707818299182,120.0
5693,1746.635132772313,1.00641000221248,120.0
5694,1746.636521635198,1.00689668349615,120.0
5695,1746.6379104980836,1.00703820641835,120.0
5696,1746.639299361202,1.0073068554022,120.0
5697,1746.6406882240867,1.00657741443684,120.0
5698,1746.6420770869724,1.0071742548215,120.0
5699,1746.6434659498575,1.00676609916604,120.0
5700,1746.6448548129758,1.00724016258571,120.0
5701,1746.6462436758611,1.00683759059279,120.0
5702,1746.6476325387464,1.00600037896794,120.0
5703,1746.649021401632,1.00749932385562,120.0
5704,1746.65041026475,1.00629747920205,120.0
5705,1746.6517991276353,1.00627958654794,120.0
5706,1746.6531879905208,1.00637846313019,120.0
5707,1746.6545768536387,1.00688337798055,120.0
5708,1746.655965716524,1.00628266949449,120.0
5709,1746.6573545794095,1.00617000180035,120.0
5710,1746.6587434425276,1.00633293427057,120.0
5711,1746.660132305413,1.00637457624222,120.0
5712,1746.661521168298,1.00556431576709,120.0
5713,1746.6629100314165,1.00633185150159,120.0
5714,1746.664298894301,1.0053058183994,120.0
5715,1746.6656877574185,1.00593417116654,120.0
5716,1746.667076620304,1.0061237224284,120.0
5717,1746.668465483189,1.00625178332728,120.0
5718,1746.6698543463071,1.00596795846365,120.0
5719,1746.6712432091929,1.00611225534083,120.0
5720,1746.6726320723108,1.00643265530131,120.0
5721,1746.6740209351963,1.00606098232415,120.0
5722,1746.675409798314,1.00598741105703,120.0
5723,1746.6767986611997,1.0063782837556,120.0
5724,1746.678187524318,1.00605954716359,120.0
5725,1746.6795763872024,1.00671342557634,120.0
5726,1746.68096525032,1.00645997071951,120.0
5727,1746.682354113205,1.00470897500673,120.0
5728,1746.6837429763234,1.00546834514933,120.0
5729,1746.685131839209,1.0055562479646,120.0
5730,1746.6865207023268,1.00630778839374,120.0
5731,1746.6879095652123,1.00618906942473,120.0
5732,1746.6892984283304,1.00634033210029,120.0
5733,1746.6906872914485,1.00535040864825,120.0
5734,1746.692076154334,1.00562640047831,120.0
5735,1746.693465017452,1.00579498018936,120.0
5736,1746.6948538803365,1.00637233914051,120.0
5737,1746.696242743454,1.00535402036789,120.0
5738,1746.6976316065723,1.00603270077806,120.0
5739,1746.6990204694575,1.00582663604072,120.0
5740,1746.7004093325756,1.0059602951496,120.0
5741,1746.701798195694,1.00541031013411,120.0
5742,1746.7031870585793,1.00519755012478,120.0
5743,1746.7045759216971,1.00587815077016,120.0
5744,1746.7059647848157,1.00546137628745,120.0
5745,1746.7073536477008,1.00586230684541,120.0
5746,1746.708742510819,1.00520372369638,120.0
5747,1746.7101313739374,1.00554633975422,120.0
5748,1746.7115202370549,1.005603825229,120.0
5749,1746.7129090999395,1.00597962775056,120.0
5750,1746.714297963057,1.00540982591497,120.0
5751,1746.7156868261757,1.00555843814751,120.0
5752,1746.717075689294,1.00616990986035,120.0
5753,1746.718464552179,1.00584929439071,120.0
5754,1746.7198534152972,1.005677611926,120.0
5755,1746.7212422784153,1.00627559404604,120.0
5756,1746.7226311415336,1.00603230062345,120.0
5757,1746.724020004652,1.00576684795495,120.0
5758,1746.725408867537,1.00541767675904,120.0
5759,1746.7267977306544,1.00577638328553,120.0
5760,1746.7281865937719,1.00604317505579,120.0
5761,1746.72957545689,1.00542167275106,120.0
5762,1746.7309643200083,1.00553238129458,120.0
5763,1746.7323531831264,1.00554383295453,120.0
5764,1746.7337420462447,1.00565415322209,120.0
5765,1746.73513090913,1.00542169629461,120.0
5766,1746.736519772248,1.00582858983862,120.0
5767,1746.7379086353665,1.00505649640545,120.0
5768,1746.7392974984853,1.00571336805541,120.0
5769,1746.740686361604,1.00508362032887,120.0
5770,1746.7420752247215,1.0048607021921,120.0
5771,1746.743464087839,1.00511793651043,120.0
5772,1746.7448529509572,1.00541752032224,120.0
5773,1746.7462418140751,1.00598107546481,120.0
5774,1746.7476306771935,1.0055161186955,120.0
5775,1746.7490195403116,1.00559442370987,120.0
5776,1746.7504084034297,1.0054009143406,120.0
5777,1746.751797266548,1.00594964538831,120.0
5778,1746.753186129666,1.00585759208628,120.0
5779,1746.7545749927842,1.00589342907431,120.0
5780,1746.7559638559023,1.00516289530981,120.0
5781,1746.7573527190204,1.00509424880316,120.0
5782,1746.7587415821379,1.00508675158615,120.0
5783,1746.7601304452553,1.00597189205371,120.0
5784,1746.7615193083736,1.00549892662671,120.0
5785,1746.762908171492,1.00581641510146,120.0
5786,1746.7642970348427,1.00470657986385,120.0
5787,1746.765685897961,1.00554207389321,120.0
5788,1746.767074761079,1.00577189021137,120.0
5789,1746.7684636241972,1.00541964071718,120.0
5790,1746.7698524873156,1.00525771186692,120.0
5791,1746.7712413504335,1.00534977358614,120.0
5792,1746.7726302135516,1.00604773911492,120.0
5793,1746.774019076902,1.00563619441467,120.0
5794,1746.7754079400195,1.00486678186848,120.0
5795,1746.7767968031378,1.00583468468356,120.0
5796,1746.7781856662557,1.00583332299649,120.0
5797,1746.779574529374,1.00593378275323,120.0
5798,1746.7809633927247,1.00500717651248,120.0
5799,1746.782352255843,1.0053542504782,120.0
5800,1746.7837411189614,1.00634767279869,120.0
5801,1746.7851299820793,1.00571248237101,120.0
5802,1746.7865188454305,1.00480561958244,120.0
5803,1746.7879077085483,1.00577051604931,120.0
5804,1746.7892965716667,1.00542885164049,120.0
5805,1746.790685434784,1.00494625661937,120.0
5806,1746.7920742981344,1.00597682649701,120.0
5807,1746.7934631612527,1.00556891492783,120.0
5808,1746.7948520243708,1.00618819754546,120.0
5809,1746.7962408877215,1.00482522790627,120.0
5810,1746.79762975084,1.0050993380241,120.0
5811,1746.799018613958,1.00517393834762,120.0
5812,1746.8004074773091,1.0046350494281,120.0
5813,1746.8017963404275,1.0045330979256,120.0
5814,1746.8031852035451,1.00454821898373,120.0
5815,1746.8045740668963,1.0055919106167,120.0
5816,1746.805962930014,1.00573028198689,120.0
5817,1746.8073517933642,1.00532328836959,120.0
5818,1746.8087406564823,1.00547376896193,120.0
5819,1746.8101295196004,1.00473042317767,120.0
5820,1746.8115183829516,1.00476042871171,120.0
5821,1746.8129072460695,1.00484618211408,120.0
5822,1746.8142961094206,1.00522099312177,120.0
5823,1746.8156849725387,1.00378635673597,120.0
5824,1746.8170738358897,1.00532707410705,120.0
5825,1746.818462699008,1.0049594179737,120.0
5826,1746.8198515623587,1.00521236037174,120.0
5827,1746.821240425477,1.00503429433333,120.0
5828,1746.822629288827,1.00393173617048,120.0
5829,1746.8240181519448,1.00494518280057,120.0
5830,1746.825407015296,1.00482313192237,120.0
5831,1746.826795878414,1.00455314189664,120.0
5832,1746.8281847417647,1.00457779296708,120.0
5833,1746.8295736048835,1.00493528359821,120.0
5834,1746.8309624682352,1.00451727255732,120.0
5835,1746.8323513313535,1.00457519205684,120.0
5836,1746.833740194705,1.00501824820529,120.0
5837,1746.8351290580556,1.00477727172476,120.0
5838,1746.836517921174,1.00437009999922,120.0
5839,1746.837906784524,1.00523037185236,120.0
5840,1746.8392956478745,1.00453403866839,120.0
5841,1746.8406845109928,1.00463797112356,120.0
5842,1746.8420733743435,1.00436413998591,120.0
5843,1746.8434622374618,1.00496420355924,120.0
5844,1746.8448511008123,1.00460340730627,120.0
5845,1746.8462399641635,1.00431045289116,120.0
5846,1746.8476288275149,1.00503853321153,120.0
5847,1746.8490176906328,1.00448275053052,120.0
5848,1746.850406553984,1.00510370146911,120.0
5849,1746.8517954173346,1.00474735655725,120.0
5850,1746.8531842804528,1.00422910201047,120.0
5851,1746.8545731438032,1.00420189927254,120.0
5852,1746.8559620071535,1.00429861265907,120.0
5853,1746.8573508705047,1.00421274181282,120.0
5854,1746.8587397336228,1.00365098728396,120.0
5855,1746.8601285969737,1.00406403857256,120.0
5856,1746.8615174603249,1.00500703440208,120.0
5857,1746.8629063236756,1.0045412215201,120.0
5858,1746.8642951870268,1.00420903363829,120.0
5859,1746.8656840501449,1.00487733005376,120.0
5860,1746.8670729134958,1.0039019074777,120.0
5861,1746.8684617768467,1.00356986436892,120.0
5862,1746.8698506401972,1.00391661529134,120.0
5863,1746.8712395035475,1.00507285380766,120.0
5864,1746.8726283668984,1.00485009546578,120.0
5865,1746.8740172300163,1.00409991380355,120.0
5866,1746.8754060933677,1.00502666726083,120.0
5867,1746.8767949567184,1.00417827087058,120.0
5868,1746.8781838200696,1.00368442687762,120.0
5869,1746.8795726834203,1.0036878730318,120.0
5870,1746.8809615467715,1.00494374716518,120.0
5871,1746.8823504101226,1.00373651817977,120.0
5872,1746.883739273473,1.00477012814624,120.0
5873,1746.8851281368245,1.00458003860234,120.0
5874,1746.8865170001748,1.00372037856431,120.0
5875,1746.887905863525,1.00334612954553,120.0
5876,1746.889294726876,1.00418565553671,120.0
5877,1746.890683590227,1.00423928061042,120.0
5878,1746.892072453578,1.00442297959201,120.0
5879,1746.8934613169292,1.00452598210379,120.0
5880,1746.89485018028,1.00445217266251,120.0
5881,1746.896239043631,1.00329602051741,120.0
5882,1746.8976279069818,1.00416971067331,120.0
5883,1746.8990167703328,1.00343897549819,120.0
5884,1746.900405633684,1.00357142607948,120.0
5885,1746.9017944970344,1.00388747965941,120.0
5886,1746.9031833603847,1.00324210988274,120.0
5887,1746.9045722237352,1.00382226755897,120.0
5888,1746.9059610870863,1.00457874881877,120.0
5889,1746.9073499504375,1.00475931333326,120.0
5890,1746.9087388137884,1.00418867722689,120.0
5891,1746.9101276771396,1.00443728898453,120.0
5892,1746.9115165407231,1.00408207970841,120.0
5893,1746.9129054040743,1.00421236712959,120.0
5894,1746.9142942674255,1.00421949150809,120.0
5895,1746.915683130776,1.003290925019,120.0
5896,1746.9170719941271,1.00400790617934,120.0
5897,1746.9184608574776,1.00345349891858,120.0
5898,1746.9198497210607,1.00363334868811,120.0
5899,1746.9212385844123,1.00394251729869,120.0
5900,1746.922627447764,1.0039390260428,120.0
5901,1746.924016311115,1.00339347656399,120.0
5902,1746.9254051744663,1.00387017340997,120.0
5903,1746.9267940380498,1.00336518739194,120.0
5904,1746.9281829014008,1.00411727712202,120.0
5905,1746.9295717647517,1.00431583358508,120.0
5906,1746.9309606281029,1.00319196097913,120.0
5907,1746.9323494916869,1.00420917007779,120.0
5908,1746.9337383550371,1.00388688108099,120.0
5909,1746.9351272183872,1.00335193062693,120.0
5910,1746.9365160819707,1.00383428556096,120.0
5911,1746.937904945322,1.00413481629681,120.0
5912,1746.9392938086733,1.00382272616987,120.0
5913,1746.9406826722568,1.00346896133756,120.0
5914,1746.942071535608,1.00307413304848,120.0
5915,1746.943460398959,1.00381261671716,120.0
5916,1746.9448492625427,1.00394862768572,120.0
5917,1746.9462381258938,1.00358640841415,120.0
5918,1746.9476269892443,1.00400205385918,120.0
5919,1746.9490158528283,1.00396962234198,120.0
5920,1746.9504047161788,1.00400226605898,120.0
5921,1746.951793579762,1.00399715148689,120.0
5922,1746.953182443113,1.00331533103852,120.0
5923,1746.9545713066966,1.00346850059658,120.0
5924,1746.9559601700475,1.00353198585489,120.0
5925,1746.9573490333987,1.00311351949046,120.0
5926,1746.9587378969825,1.00457533905719,120.0
5927,1746.9601267603337,1.00339416080111,120.0
5928,1746.9615156239172,1.00260741026505,120.0
5929,1746.9629044872684,1.00419645773202,120.0
5930,1746.9642933508524,1.00283484957767,120.0
5931,1746.9656822142026,1.00381292241519,120.0
5932,1746.9670710777857,1.00302632269694,120.0
5933,1746.9684599411364,1.00327748805619,120.0
5934,1746.9698488047204,1.00320263170334,120.0
5935,1746.9712376680716,1.00300566830098,120.0
5936,1746.9726265316551,1.00394168596047,120.0
5937,1746.9740153952391,1.00284876346185,120.0
5938,1746.9754042585898,1.00346563853353,120.0
5939,1746.9767931221738,1.00329856981365,120.0
5940,1746.978181985525,1.00211999599254,120.0
5941,1746.9795708491083,1.00229147462639,120.0
5942,1746.9809597126923,1.00303585481096,120.0
5943,1746.9823485760428,1.00292982207647,120.0
5944,1746.9837374396259,1.0026443842783,120.0
5945,1746.9851263032099,1.00337132876527,120.0
5946,1746.9865151665604,1.00341181171958,120.0
5947,1746.9879040301444,1.00271061868474,120.0
5948,1746.9892928937284,1.00283122576769,120.0
5949,1746.9906817570793,1.0032909364003,120.0
5950,1746.9920706206633,1.00312311277837,120.0
5951,1746.9934594842468,1.00343070130009,120.0
5952,1746.994848347598,1.00350755256836,120.0
5953,1746.9962372111816,1.00293884776949,120.0
5954,1746.9976260747655,1.00221264468716,120.0
5955,1746.9990149383486,1.00350097125481,120.0
5956,1747.000403801699,1.00363310769935,120.0
5957,1747.001792665283,1.00339660236454,120.0
5958,1747.0031815288667,1.00273211057008,120.0
5959,1747.0045703924504,1.00230180099926,120.0
5960,1747.0059592558016,1.00297872604318,120.0
5961,1747.0073481193851,1.00236104846413,120.0
5962,1747.0087369829691,1.00412885761093,120.0
5963,1747.010125846553,1.00309681018874,120.0
5964,1747.0115147101367,1.00205021799297,120.0
5965,1747.0129035734883,1.0027742032635,120.0
5966,1747.0142924370723,1.00316329519702,120.0
5967,1747.0156813006552,1.00380406573556,120.0
5968,1747.0170701642392,1.00235638646803,120.0
5969,1747.0184590278227,1.0024702426324,120.0
5970,1747.0198478914067,1.00319074154267,120.0
5971,1747.0212367549905,1.00249720934717,120.0
5972,1747.0226256185745,1.00306808873377,120.0
5973,1747.0240144821585,1.00284171588636,120.0
5974,1747.0254033455092,1.00225388101354,120.0
5975,1747.0267922090932,1.00238440384026,120.0
5976,1747.0281810726767,1.00273305900717,120.0
5977,1747.0295699362607,1.00323609943396,120.0
5978,1747.0309587998438,1.00291970324349,120.0
5979,1747.032347663427,1.00236320194852,120.0
5980,1747.033736527011,1.00374873643523,120.0
5981,1747.0351253905947,1.0026758708805,120.0
5982,1747.0365142541784,1.00270518782082,120.0
5983,1747.0379031177624,1.00252511429666,120.0
5984,1747.039291981346,1.00298182145622,120.0
5985,1747.04068084493,1.00207400193375,120.0
5986,1747.0420697085135,1.00278044559905,120.0
5987,1747.0434585720975,1.00277347673216,120.0
5988,1747.0448474356815,1.00210387543468,120.0
5989,1747.0462362994974,1.00311466858225,120.0
5990,1747.0476251630805,1.00221008797633,120.0
5991,1747.0490140266643,1.00276542706951,120.0
5992,1747.050402890248,1.00293985798485,120.0
5993,1747.051791753832,1.00262531125065,120.0
5994,1747.0531806174156,1.00246687297801,120.0
5995,1747.0545694809996,1.00251617217128,120.0
5996,1747.0559583445836,1.00230494572904,120.0
5997,1747.0573472081671,1.00228350546047,120.0
5998,1747.058736071984,1.00222725038245,120.0
5999,1747.0601249355675,1.0029878378105,120.0
6000,1747.0615137991515,1.00262658297588,120.0
6001,1747.0629026627344,1.00271402214958,120.0
6002,1747.0642915263177,1.00200586311604,120.0
6003,1747.0656803899017,1.00264125340522,120.0
6004,1747.067069253718,1.00245864354657,120.0
6005,1747.068458117302,1.00233220736873,120.0
6006,1747.069846980886,1.00212854797434,120.0
6007,1747.0712358444696,1.00312908880244,120.0
6008,1747.0726247082864,1.00282986975791,120.0
6009,1747.07401357187,1.00237992184588,120.0
6010,1747.075402435454,1.00231028449987,120.0
6011,1747.076791299038,1.00311480344509,120.0
6012,1747.0781801628543,1.00265414533645,120.0
6013,1747.0795690264374,1.00279309960327,120.0
6014,1747.0809578900207,1.00202318069883,120.0
6015,1747.082346753837,1.00280410155232,120.0
6016,1747.083735617421,1.00333336229103,120.0
6017,1747.0851244810049,1.00158292525559,120.0
6018,1747.0865133448217,1.00271766802161,120.0
6019,1747.0879022084055,1.00209097286621,120.0
6020,1747.0892910719892,1.00244660084679,120.0
6021,1747.090679935806,1.00362894384788,120.0
6022,1747.0920687993896,1.0021525686774,120.0
6023,1747.0934576632064,1.00265323028225,120.0
6024,1747.0948465267895,1.00158442008336,120.0
6025,1747.0962353903726,1.00275905933732,120.0
6026,1747.0976242541894,1.00181523005742,120.0
6027,1747.0990131177728,1.00233157896838,120.0
6028,1747.1004019815898,1.00238255554792,120.0
6029,1747.1017908451738,1.00231152007802,120.0
6030,1747.10317970899,1.00230586766264,120.0
6031,1747.1045685725746,1.00225711240086,120.0
6032,1747.105957436392,1.00175123591929,120.0
6033,1747.107346299976,1.00216996819412,120.0
6034,1747.1087351637927,1.00296372770136,120.0
6035,1747.1101240273763,1.00151947375566,120.0
6036,1747.1115128911922,1.00153128268562,120.0
6037,1747.1129017547753,1.00155048710353,120.0
6038,1747.114290618592,1.00185465876736,120.0
6039,1747.115679482176,1.00169099196112,120.0
6040,1747.1170683459925,1.00137024105411,120.0
6041,1747.1184572095765,1.00145857889508,120.0
6042,1747.119846073393,1.00191235313118,120.0
6043,1747.1212349372097,1.00140014839146,120.0
6044,1747.1226238007937,1.00225126964718,120.0
6045,1747.12401266461,1.00186541240424,120.0
6046,1747.125401528194,1.00157645380916,120.0
6047,1747.1267903920107,1.00220578415741,120.0
6048,1747.1281792558268,1.00183838697781,120.0
6049,1747.12956811941,1.00227343841513,120.0
6050,1747.1309569832263,1.00214227498259,120.0
6051,1747.132345847043,1.00161661927639,120.0
6052,1747.1337347106269,1.00157530611836,120.0
6053,1747.1351235744435,1.00123709429661,120.0
6054,1747.1365124382603,1.00085287969103,120.0
6055,1747.1379013018438,1.00244350040065,120.0
6056,1747.1392901656607,1.0020039773187,120.0
6057,1747.1406790294775,1.00173702205746,120.0
6058,1747.1420678932939,1.00100374019657,120.0
6059,1747.1434567568767,1.00191713629139,120.0
6060,1747.1448456206929,1.00096260373468,120.0
6061,1747.1462344845097,1.00216311860166,120.0
6062,1747.1476233483263,1.0018291773673,120.0
6063,1747.14901221191,1.00161998549749,120.0
6064,1747.150401075727,1.00119883110373,120.0
6065,1747.1517899395433,1.00187953433356,120.0
6066,1747.15317880336,1.00103288943611,120.0
6067,1747.1545676671767,1.00189016728743,120.0
6068,1747.1559565307605,1.00129639767554,120.0
6069,1747.1573453945773,1.00111995866128,120.0
6070,1747.158734258394,1.00177817176429,120.0
6071,1747.16012312221,1.00179297904664,120.0
6072,1747.161511986026,1.00279056791748,120.0
6073,1747.1629008498423,1.00131400708906,120.0
6074,1747.1642897136592,1.00139738936664,120.0
6075,1747.1656785772427,1.00197941244408,120.0
6076,1747.1670674410595,1.00143237060364,120.0
6077,1747.1684563048764,1.00160718249839,120.0
6078,1747.1698451686927,1.00103341908569,120.0
6079,1747.1712340325096,1.00107664610962,120.0
6080,1747.172622896326,1.00140191706675,120.0
6081,1747.1740117601428,1.00199352526762,120.0
6082,1747.1754006239596,1.00161011255243,120.0
6083,1747.1767894877755,1.00089422723111,120.0
6084,1747.1781783515914,1.00149917198648,120.0
6085,1747.179567215408,1.00138769583591,120.0
6086,1747.1809560792246,1.00044134283302,120.0
6087,1747.1823449430415,1.00091161303614,120.0
6088,1747.1837338068578,1.00127469711594,120.0
6089,1747.1851226706747,1.00137043339019,120.0
6090,1747.1865115344915,1.00136716803323,120.0
6091,1747.1879003983079,1.00154488060614,120.0
6092,1747.1892892621247,1.00100280278062,120.0
6093,1747.190678125941,1.00110201134823,120.0
6094,1747.192066989758,1.00177314256163,120.0
6095,1747.1934558535738,1.00124482920507,120.0
6096,1747.1948447176223,1.00133016446727,120.0
6097,1747.1962335814399,1.00206396908593,120.0
6098,1747.1976224452571,1.00190926738006,120.0
6099,1747.199011309074,1.00097676019379,120.0
6100,1747.2004001728908,1.00129606065472,120.0
6101,1747.2017890367072,1.00078261371032,120.0
6102,1747.203177900524,1.00125364745424,120.0
6103,1747.2045667643406,1.00060394145002,120.0
6104,1747.20595562839,1.00113283013897,120.0
6105,1747.2073444922069,1.00094973264454,120.0
6106,1747.2087333560228,1.00091881632107,120.0
6107,1747.2101222198387,1.00117592282559,120.0
6108,1747.2115110836553,1.00020320769977,120.0
6109,1747.2128999477047,1.00112495720118,120.0
6110,1747.2142888115216,1.00097140667816,120.0
6111,1747.215677675338,1.00018985629892,120.0
6112,1747.2170665391548,1.00097565102314,120.0
6113,1747.218455403204,1.00128689876241,120.0
6114,1747.2198442670208,1.00050021256602,120.0
6115,1747.2212331308376,1.00125256873489,120.0
6116,1747.222621994654,1.00059003736535,120.0
6117,1747.2240108587037,1.00074657694618,120.0
6118,1747.2253997225196,1.00029163216239,120.0
6119,1747.2267885863355,1.00061659612955,120.0
6120,1747.2281774503851,1.00041843512818,120.0
6121,1747.2295663142015,1.0001560578751,120.0
6122,1747.2309551780183,1.00076024767934,120.0
6123,1747.232344042068,1.00001412823319,120.0
6124,1747.2337329058844,1.0013580148881,120.0
6125,1747.2351217697012,1.00048235417901,120.0
6126,1747.2365106337504,1.00028369514522,120.0
6127,1747.2378994975672,1.00109673105329,120.0
6128,1747.239288361617,1.00091712774073,120.0
6129,1747.2406772254333,1.00058924511234,120.0
6130,1747.2420660892492,1.00059761896872,120.0
6131,1747.243454953298,1.00084096986519,120.0
6132,1747.2448438171148,1.00065667953374,120.0
6133,1747.2462326811644,1.00080638119007,120.0
6134,1747.2476215449808,1.00086273785454,120.0
6135,1747.2490104090305,1.00048578974449,120.0
6136,1747.250399272847,1.00136897539814,120.0
6137,1747.2517881368965,1.00043722929441,120.0
6138,1747.253177000713,1.00001262547181,120.0
6139,1747.2545658647623,1.00114055231187,120.0
6140,1747.2559547285791,0.99999267371087,120.0
6141,1747.2573435926288,1.00075586532679,120.0
6142,1747.2587324564447,1.0006657575768,120.0
6143,1747.2601213204937,1.00030913463218,120.0
6144,1747.26151018431,0.99980288488884,120.0
6145,1747.2628990483597,1.00014571271218,120.0
6146,1747.2642879121763,1.00032410788006,120.0
6147,1747.2656767762255,1.00004324222681,120.0
6148,1747.2670656402754,1.00126174253984,120.0
6149,1747.2684545040916,1.00010486202676,120.0
6150,1747.2698433681414,1.00096748116159,120.0
6151,1747.2712322319583,1.00034263694749,120.0
6152,1747.2726210960075,1.00034559257441,120.0
6153,1747.2740099600571,1.00074369147371,120.0
6154,1747.275398823873,0.99919897984497,120.0
6155,1747.2767876879218,1.00000195636565,120.0
6156,1747.2781765519715,1.00013200769294,120.0
6157,1747.2795654157878,1.00088584973816,120.0
6158,1747.2809542798375,1.00024982966213,120.0
6159,1747.2823431438867,0.99973196503681,120.0
6160,1747.2837320077035,1.0011318408753,120.0
6161,1747.2851208717532,1.00005574775066,120.0
6162,1747.2865097358024,0.99981646881568,120.0
6163,1747.2878985998525,1.00004103558303,120.0
6164,1747.28928746367,0.99977040615393,120.0
6165,1747.2906763277188,0.99974049888208,120.0
6166,1747.2920651917675,1.0001578057171,120.0
6167,1747.2934540558167,0.99924913603809,120.0
6168,1747.2948429196335,1.00081489585849,120.0
6169,1747.2962317836832,1.00013758573542,120.0
6170,1747.2976206477326,1.00090170663752,120.0
6171,1747.2990095117823,1.00045070914476,120.0
6172,1747.3003983758315,0.99976130772575,120.0
6173,1747.3017872396483,0.99931943853498,120.0
6174,1747.3031761036975,1.0000801660598,120.0
6175,1747.3045649677472,1.00011416553084,120.0
6176,1747.3059538317968,1.00024444342938,120.0
6177,1747.3073426958456,1.00116453339281,120.0
6178,1747.3087315598943,1.00055245362989,120.0
6179,1747.310120423944,1.00084316911603,120.0
6180,1747.3115092879932,0.99966427505896,120.0
6181,1747.31289815181,1.00083371839626,120.0
6182,1747.3142870158592,0.99980522238428,120.0
6183,1747.315675879909,0.99978408387083,120.0
6184,1747.3170647439583,1.00045799421285,120.0
6185,1747.3184536080075,1.00024796563963,120.0
6186,1747.3198424720574,0.99924674211247,120.0
6187,1747.3212313361066,0.99958737164049,120.0
6188,1747.3226202001563,0.99952853364663,120.0
6189,1747.324009064205,0.99971312966186,120.0
6190,1747.3253979282536,0.99956721431393,120.0
6191,1747.3267867923034,0.999999859082,120.0
6192,1747.3281756563526,1.00021497672427,120.0
6193,1747.3295645204023,0.99976933272063,120.0
6194,1747.330953384452,0.99916396908322,120.0
6195,1747.3323422485012,0.99921831208878,120.0
6196,1747.3337311125508,1.00006410133433,120.0
6197,1747.3351199766003,0.99975697286819,120.0
6198,1747.3365088406497,0.99988429068665,120.0
6199,1747.3378977046991,0.99943437914933,120.0
6200,1747.3392865687483,0.99937024461202,120.0
6201,1747.34067543303,1.0002550839849,120.0
6202,1747.342064297079,0.99987279221348,120.0
6203,1747.3434531611283,0.99950129903119,120.0
6204,1747.3448420251782,0.99999932766212,120.0
6205,1747.3462308892274,0.99981728133147,120.0
6206,1747.347619753277,0.99900284263882,120.0
6207,1747.3490086173265,0.99921395306729,120.0
6208,1747.350397481376,0.99993043678902,120.0
6209,1747.3517863456584,0.99954597724789,120.0
6210,1747.3531752097076,0.99975579926557,120.0
6211,1747.3545640737573,0.99971645377607,120.0
6212,1747.3559529378067,0.99993675790465,120.0
6213,1747.3573418018557,1.00000591432908,120.0
6214,1747.3587306661373,0.99965815898574,120.0
6215,1747.3601195301865,1.00031432888492,120.0
6216,1747.361508394236,0.99996005223114,120.0
6217,1747.3628972582856,0.99912900586303,120.0
6218,1747.3642861225678,0.99877957637216,120.0
6219,1747.3656749866175,0.99943134584563,120.0
6220,1747.3670638506667,0.99952557756041,120.0
6221,1747.3684527147163,0.99974267098405,120.0
6222,1747.3698415789988,0.99933124160217,120.0
6223,1747.371230443048,0.99970877394857,120.0
6224,1747.3726193070977,1.00012156621889,120.0
6225,1747.3740081713793,0.99899111425977,120.0
6226,1747.375397035428,0.9992593591091,120.0
6227,1747.3767858994777,0.99902507959056,120.0
6228,1747.3781747637595,0.99919095782899,120.0
6229,1747.3795636278098,0.999139661311,120.0
6230,1747.38095249186,0.99999201225149,120.0
6231,1747.3823413561424,0.9992510959639,120.0
6232,1747.383730220192,0.9994061283668,120.0
6233,1747.3851190842413,0.99971225859591,120.0
6234,1747.3865079485236,0.9994086504994,120.0
6235,1747.3878968125732,0.9988212421852,120.0
6236,1747.389285676855,0.99923267122441,120.0
6237,1747.3906745409035,0.99899760588525,120.0
6238,1747.3920634051858,0.99961974639511,120.0
6239,1747.3934522692355,0.99865677558315,120.0
6240,1747.394841133518,0.99884419045438,120.0
6241,1747.3962299975672,0.9995852739613,120.0
6242,1747.3976188616168,0.99871548343578,120.0
6243,1747.3990077258989,0.99973910813011,120.0
6244,1747.4003965899483,0.99979724434628,120.0
6245,1747.401785454231,0.99913761083923,120.0
6246,1747.4031743182802,0.9992584158047,120.0
6247,1747.4045631825627,0.99853566861384,120.0
6248,1747.4059520468443,0.99903446471515,120.0
6249,1747.407340910893,0.99902600886759,120.0
6250,1747.4087297751755,0.99799105661381,120.0
6251,1747.4101186392247,0.99901438961717,120.0
6252,1747.4115075035072,0.99921533654695,120.0
6253,1747.4128963675566,0.99954688054459,120.0
6254,1747.414285231839,0.99833609129664,120.0
6255,1747.4156740961212,0.99938765052571,120.0
6256,1747.4170629601706,0.99903563366874,120.0
6257,1747.418451824453,0.99884503458907,120.0
6258,1747.4198406885023,0.9990719035235,120.0
6259,1747.4212295527848,0.99871762340988,120.0
6260,1747.4226184170664,0.99869142099853,120.0
6261,1747.424007281115,0.99837163282279,120.0
6262,1747.4253961453976,0.99893072718059,120.0
6263,1747.4267850096799,0.99920270907431,120.0
6264,1747.4281738737293,0.99976083184256,120.0
6265,1747.4295627380116,0.99917025314834,120.0
6266,1747.4309516022938,0.9991698016392,120.0
6267,1747.4323404665763,0.99952741432708,120.0
6268,1747.4337293306255,0.99928100578508,120.0
6269,1747.435118194908,0.99883332552274,120.0
6270,1747.4365070591905,0.99858153371171,120.0
6271,1747.4378959232397,0.99854142590918,120.0
6272,1747.4392847875215,0.99858579369942,120.0
6273,1747.4406736518033,0.99881948805869,120.0
6274,1747.4420625160851,0.99854750029009,120.0
6275,1747.4434513803678,0.99938462310984,120.0
6276,1747.444840244417,0.99812393820628,120.0
6277,1747.4462291086995,0.99891427140403,120.0
6278,1747.447617972982,0.99844671345358,120.0
6279,1747.449006837264,0.99808571135062,120.0
6280,1747.4503957015463,0.99845753483794,120.0
6281,1747.4517845658283,0.99836560129661,120.0
6282,1747.4531734298782,0.99877940825762,120.0
6283,1747.4545622941607,0.99935637145291,120.0
6284,1747.4559511584423,0.9978993082848,120.0
6285,1747.4573400227239,0.99838304633215,120.0
6286,1747.458728887006,0.99846719035911,120.0
6287,1747.4601177512884,0.99877612343019,120.0
6288,1747.461506615571,0.99823640837846,120.0
6289,1747.4628954798527,0.99943957853989,120.0
6290,1747.4642843441354,0.9984111307432,120.0
6291,1747.4656732081849,0.99855847187154,120.0
6292,1747.4670620724671,0.99867304952251,120.0
6293,1747.4684509367496,0.9983218556637,120.0
6294,1747.4698398010316,0.99913208588595,120.0
6295,1747.4712286653148,0.99897564389711,120.0
6296,1747.472617529597,0.9985280298586,120.0
6297,1747.4740063938787,0.99790321119792,120.0
6298,1747.4753952581611,0.99814053384488,120.0
6299,1747.4767841224432,0.99839141480256,120.0
6300,1747.4781729867257,0.99884638808226,120.0
6301,1747.479561851008,0.99795525556572,120.0
6302,1747.48095071529,0.99877457749911,120.0
6303,1747.4823395795727,0.99766646205102,120.0
6304,1747.4837284440875,0.99900887579953,120.0
6305,1747.48511730837,0.99839412933145,120.0
6306,1747.4865061726523,0.99837550148862,120.0
6307,1747.4878950369343,0.99803592587105,120.0
6308,1747.489283901216,0.9975290260932,120.0
6309,1747.4906727654975,0.99771878955892,120.0
6310,1747.4920616297802,0.99859282327584,120.0
6311,1747.4934504940627,0.99876748689359,120.0
6312,1747.4948393583447,0.99845567199838,120.0
6313,1747.49622822286,0.99803632502414,120.0
6314,1747.4976170871423,0.99774229529643,120.0
6315,1747.4990059514244,0.99864218064855,120.0
6316,1747.500394815707,0.99935389229054,120.0
6317,1747.501783679989,0.99808277367566,120.0
6318,1747.5031725442716,0.99781337648783,120.0
6319,1747.5045614087867,0.99805975133237,120.0
6320,1747.5059502730685,0.9981927261385,120.0
6321,1747.50733913735,0.99803901131408,120.0
6322,1747.508728001632,0.99805731521123,120.0
6323,1747.5101168659146,0.99743010267494,120.0
6324,1747.5115057304297,0.99790283535271,120.0
6325,1747.512894594712,0.99818128937564,120.0
6326,1747.5142834589944,0.99792413000351,120.0
6327,1747.5156723235093,0.99853184927871,120.0
6328,1747.5170611877918,0.99814473130865,120.0
6329,1747.518450052074,0.99753646049686,120.0
6330,1747.5198389163563,0.99789777521922,120.0
6331,1747.5212277808716,0.99861696616837,120.0
6332,1747.5226166451532,0.99825230276266,120.0
6333,1747.5240055094348,0.9979916022157,120.0
6334,1747.52539437395,0.99882660278079,120.0
6335,1747.526783238232,0.99709444325713,120.0
6336,1747.5281721025146,0.99724190011937,120.0
6337,1747.5295609670295,0.99793642384098,120.0
6338,1747.530949831312,0.99763012930483,120.0
6339,1747.532338695827,0.99738186294847,120.0
6340,1747.5337275601091,0.9974987801019,120.0
6341,1747.5351164243918,0.9979126544597,120.0
6342,1747.5365052889067,0.99784302836477,120.0
6343,1747.5378941531892,0.99826248016974,120.0
6344,1747.5392830177036,0.99825075979172,120.0
6345,1747.5406718819852,0.99794180381796,120.0
6346,1747.5420607465005,0.99813569376225,120.0
6347,1747.5434496107823,0.99732651920723,120.0
6348,1747.544838475065,0.99754483920981,120.0
6349,1747.5462273395804,0.9977347029916,120.0
6350,1747.5476162038624,0.99811218821482,120.0
6351,1747.5490050683777,0.99740219639389,120.0
6352,1747.55039393266,0.99771166584102,120.0
6353,1747.551782797175,0.99793469435954,120.0
6354,1747.5531716614576,0.9974018053966,120.0
6355,1747.5545605259724,0.9981965597188,120.0
6356,1747.5559493904868,0.99780627127041,120.0
6357,1747.5573382547686,0.99865788175453,120.0
6358,1747.5587271192835,0.99777841966535,120.0
6359,1747.5601159835662,0.99743188868219,120.0
6360,1747.561504848081,0.99723901638763,120.0
6361,1747.5628937123643,0.99744228188025,120.0
6362,1747.5642825768803,0.99800740024195,120.0
6363,1747.5656714413951,0.99730266283981,120.0
6364,1747.5670603056776,0.99737782586385,120.0
6365,1747.5684491701925,0.9980979509945,120.0
6366,1747.5698380347078,0.99826658278306,120.0
6367,1747.5712268989903,0.99737833932152,120.0
6368,1747.5726157635047,0.99764739904967,120.0
6369,1747.574004628019,0.99704790917272,120.0
6370,1747.5753934923011,0.99721508764427,120.0
6371,1747.5767823568165,0.99721010450928,120.0
6372,1747.5781712213316,0.99711381624358,120.0
6373,1747.5795600856138,0.99696252299803,120.0
6374,1747.5809489501291,0.99795972830385,120.0
6375,1747.5823378146442,0.99693817203695,120.0
6376,1747.5837266789265,0.99791240851038,120.0
6377,1747.5851155434418,0.9973072768935,120.0
6378,1747.5865044079567,0.99766358489767,120.0
6379,1747.587893272472,0.9979436763411,120.0
6380,1747.5892821367536,0.99718586622054,120.0
6381,1747.590671001268,0.99723921173599,120.0
6382,1747.5920598657833,0.99772673223386,120.0
6383,1747.593448730298,0.99741837416608,120.0
6384,1747.5948375948135,0.99739361457777,120.0
6385,1747.5962264590955,0.9972776387783,120.0
6386,1747.5976153236109,0.99791688910883,120.0
6387,1747.599004188126,0.99699977557322,120.0
6388,1747.600393052641,0.99709273326751,120.0
6389,1747.6017819171564,0.99692582819179,120.0
6390,1747.6031707816717,0.99706849784022,120.0
6391,1747.6045596459535,0.9967751853237,120.0
6392,1747.605948510468,0.99655319056585,120.0
6393,1747.6073373749823,0.99754320001858,120.0
6394,1747.6087262394979,0.99695041229739,120.0
6395,1747.6101151040132,0.99627206898933,120.0
6396,1747.611503968528,0.99649652206626,120.0
6397,1747.6128928330431,0.99722509656624,120.0
6398,1747.6142816975582,0.99798104770594,120.0
6399,1747.6156705620735,0.99656416791875,120.0
6400,1747.6170594265889,0.997373760378,120.0
6401,1747.6184482911035,0.99621817585704,120.0
6402,1747.619837155619,0.99745028321743,120.0
6403,1747.621226020134,0.99716164194065,120.0
6404,1747.6226148846483,0.99639231986012,120.0
6405,1747.6240037491632,0.99688847845907,120.0
6406,1747.625392613678,0.99674721791325,120.0
6407,1747.6267814781932,0.99673115856504,120.0
6408,1747.6281703427085,0.99728027023099,120.0
6409,1747.6295592072236,0.99713070653112,120.0
6410,1747.6309480717389,0.99639948668585,120.0
6411,1747.6323369362535,0.99791083178508,120.0
6412,1747.633725800769,0.99633529398862,120.0
6413,1747.635114665284,0.99655883557341,120.0
6414,1747.6365035297993,0.99687514705299,120.0
6415,1747.6378923943143,0.99629450821972,120.0
6416,1747.6392812588288,0.99772467923668,120.0
6417,1747.6406701233434,0.99650378837148,120.0
6418,1747.6420589878585,0.99728084351638,120.0
6419,1747.6434478526064,0.99725804876502,120.0
6420,1747.6448367171215,0.99651728726254,120.0
6421,1747.6462255816366,0.99654186954964,120.0
6422,1747.647614446152,0.99652975730052,120.0
6423,1747.649003310667,0.99645732786875,120.0
6424,1747.650392175182,0.99643234715016,120.0
6425,1747.6517810399303,0.99667021811514,120.0
6426,1747.6531699044451,0.99645082999906,120.0
6427,1747.6545587689611,0.99630241172937,120.0
6428,1747.6559476334762,0.99627897657434,120.0
6429,1747.6573364979906,0.99644549946754,120.0
6430,1747.6587253627388,0.99564121472224,120.0
6431,1747.6601142272536,0.9971407784603,120.0
6432,1747.6615030917687,0.99567714756346,120.0
6433,1747.6628919562843,0.99683542086385,120.0
6434,1747.664280821032,0.9968192893853,120.0
6435,1747.6656696855473,0.99667771859198,120.0
6436,1747.6670585500624,0.99661559383745,120.0
6437,1747.6684474145775,0.99640413081803,120.0
6438,1747.6698362793256,0.99649862253302,120.0
6439,1747.6712251438405,0.99635553756405,120.0
6440,1747.6726140083558,0.99662799378887,120.0
6441,1747.674002873103,0.99699938602219,120.0
6442,1747.6753917376175,0.99693967359165,120.0
6443,1747.6767806021328,0.99622621335927,120.0
6444,1747.6781694668805,0.9964880045349,120.0
6445,1747.6795583313958,0.99653282622575,120.0
6446,1747.6809471961435,0.99690247897999,120.0
6447,1747.6823360606588,0.99628992476804,120.0
6448,1747.683724925174,0.99620030786717,120.0
6449,1747.6851137899218,0.9975393996504,120.0
6450,1747.6865026544372,0.99647636023437,120.0
6451,1747.687891519185,0.99573420227253,120.0
6452,1747.6892803837,0.99544950437869,120.0
6453,1747.6906692482144,0.99596142747175,120.0
6454,1747.6920581129618,0.99633775948015,120.0
6455,1747.6934469774772,0.99608000660203,120.0
6456,1747.6948358422253,0.99653351616796,120.0
6457,1747.69622470674,0.99585656640678,120.0
6458,1747.6976135714883,0.99679939416359,120.0
6459,1747.6990024360032,0.99583683501975,120.0
6460,1747.700391300751,0.99620354146237,120.0
6461,1747.7017801652667,0.99633701441524,120.0
6462,1747.7031690300144,0.99680218732926,120.0
6463,1747.7045578945297,0.99519359587324,120.0
6464,1747.7059467592771,0.99634594160228,120.0
6465,1747.707335623792,0.99735773825277,120.0
6466,1747.7087244885395,0.99681446573419,120.0
6467,1747.7101133532872,0.99592332361827,120.0
6468,1747.7115022178025,0.99552611592978,120.0
6469,1747.7128910825504,0.99550548914472,120.0
6470,1747.7142799470655,0.9962321817585,120.0
6471,1747.7156688118137,0.99637541445135,120.0
6472,1747.7170576765611,0.99624830866268,120.0
6473,1747.7184465410767,0.99613333257856,120.0
6474,1747.7198354058246,0.99605207540672,120.0
6475,1747.7212242703397,0.99553309718669,120.0
6476,1747.7226131350878,0.99591237200345,120.0
6477,1747.724001999835,0.99620456648197,120.0
6478,1747.7253908643495,0.99615351076491,120.0
6479,1747.7267797290974,0.99657150677709,120.0
6480,1747.728168593845,0.99622683248623,120.0
6481,1747.7295574583607,0.99615455437648,120.0
6482,1747.7309463231084,0.99613920729561,120.0
6483,1747.7323351878565,0.99552813633389,120.0
6484,1747.7337240526044,0.99503940855367,120.0
6485,1747.7351129171195,0.99644847138701,120.0
6486,1747.7365017818677,0.99596919254455,120.0
6487,1747.7378906466151,0.99620260430336,120.0
6488,1747.7392795113635,0.99708399087422,120.0
6489,1747.740668375878,0.9960387709185,120.0
6490,1747.7420572406252,0.99636687563179,120.0
6491,1747.743446105373,0.99606536225116,120.0
6492,1747.744834970121,0.99631964992518,120.0
6493,1747.7462238348699,0.9959754057109,120.0
6494,1747.7476126993859,0.99578219847742,120.0
6495,1747.7490015641336,0.99554502633766,120.0
6496,1747.7503904288817,0.9955775053269,120.0
6497,1747.7517792936296,0.99592208889655,120.0
6498,1747.7531681583775,0.99578154217129,120.0
6499,1747.7545570231257,0.99533224271469,120.0
6500,1747.7559458876403,0.9958502246197,120.0
6501,1747.7573347523878,0.99546848637987,120.0
6502,1747.7587236171353,0.9955562172574,120.0
6503,1747.7601124818832,0.99652960608732,120.0
6504,1747.7615013466311,0.99587541649858,120.0
6505,1747.762890211379,0.99571930675262,120.0
6506,1747.7642790761272,0.99607806058602,120.0
6507,1747.7656679408751,0.99478846318433,120.0
6508,1747.767056805623,0.99665741539312,120.0
6509,1747.7684456703712,0.99611311289803,120.0
6510,1747.769834535119,0.99664155998487,120.0
6511,1747.771223399867,0.995322903328,120.0
6512,1747.7726122646152,0.99582227545295,120.0
6513,1747.774001129363,0.9958523194803,120.0
6514,1747.77538999411,0.99544135741783,120.0
6515,1747.7767788588571,0.99598769389311,120.0
6516,1747.7781677236055,0.99539592372531,120.0
6517,1747.7795565883537,0.99547004374502,120.0
6518,1747.7809454531011,0.99614390126936,120.0
6519,1747.7823343178495,0.99552190659502,120.0
6520,1747.7837231825972,0.99515740456605,120.0
6521,1747.7851120473451,0.99569862772695,120.0
6522,1747.7865009120935,0.99609813463718,120.0
6523,1747.7878897768412,0.99607976451569,120.0
6524,1747.7892786415891,0.99525926316938,120.0
6525,1747.7906675063373,0.99536826001177,120.0
6526,1747.7920563710848,0.99564268185742,120.0
6527,1747.793445235832,0.99583666542677,120.0
6528,1747.7948341005797,0.9957315554726,120.0
6529,1747.7962229655607,0.99669207337025,120.0
6530,1747.7976118303086,0.99544964762777,120.0
6531,1747.7990006950563,0.99584786229279,120.0
6532,1747.8003895598047,0.99547561278335,120.0
6533,1747.8017784245524,0.99517080070171,120.0
6534,1747.8031672893003,0.99591430140574,120.0
6535,1747.8045561542813,0.99543384698961,120.0
6536,1747.8059450190292,0.99669813175855,120.0
6537,1747.8073338837771,0.99563443510906,120.0
6538,1747.8087227485244,0.99518161902951,120.0
6539,1747.8101116132718,0.99613743344399,120.0
6540,1747.8115004782524,0.9956710166226,120.0
6541,1747.8128893430005,0.99575419510296,120.0
6542,1747.8142782077487,0.9954970574091,120.0
6543,1747.8156670724964,0.99602613347961,120.0
6544,1747.817055937477,0.9950419393068,120.0
6545,1747.8184448022255,0.995969704238,120.0
6546,1747.8198336669732,0.99581122584334,120.0
6547,1747.821222531954,0.99563275543796,120.0
6548,1747.8226113967019,0.99543686551482,120.0
6549,1747.82400026145,0.99497953776612,120.0
6550,1747.82538912643,0.99493007086174,120.0
6551,1747.826777991177,0.99535224436214,120.0
6552,1747.8281668559255,0.99495918868309,120.0
6553,1747.829555720906,0.99548807089531,120.0
6554,1747.830944585654,0.99608167584447,120.0
6555,1747.8323334504023,0.99506891915753,120.0
6556,1747.8337223153828,0.99543714505109,120.0
6557,1747.8351111801308,0.99463030115371,120.0
6558,1747.8365000448787,0.99506034632468,120.0
6559,1747.8378889098603,0.99596340044734,120.0
6560,1747.8392777746092,0.9952634777301,120.0
6561,1747.8406666395897,0.99462898135056,120.0
6562,1747.8420555043367,0.99452695809664,120.0
6563,1747.8434443693172,0.99507028471934,120.0
6564,1747.8448332340652,0.99502625742487,120.0
6565,1747.846222098813,0.99538147774103,120.0
6566,1747.8476109637938,0.99483576289951,120.0
6567,1747.848999828542,0.9948351950978,120.0
6568,1747.8503886935227,0.99535358856065,120.0
6569,1747.8517775582707,0.99469569362485,120.0
6570,1747.8531664232517,0.99502534938221,120.0
6571,1747.8545552879991,0.99546244170775,120.0
6572,1747.8559441529803,0.99475956962314,120.0
6573,1747.8573330177285,0.99567501272322,120.0
6574,1747.858721882709,0.99444592308892,120.0
6575,1747.860110747689,0.99550094564102,120.0
6576,1747.8614996124363,0.99513598684438,120.0
6577,1747.8628884774173,0.995065488253,120.0
6578,1747.8642773421655,0.99515340445204,120.0
6579,1747.865666207146,0.99402014268,120.0
6580,1747.867055071894,0.99508485613649,120.0
6581,1747.8684439368747,0.99453436121312,120.0
6582,1747.8698328018556,0.99495591534783,120.0
6583,1747.8712216666036,0.99486064721484,120.0
6584,1747.8726105315843,0.99537069159152,120.0
6585,1747.8739993965653,0.99496121750798,120.0
6586,1747.8753882613132,0.99437531286139,120.0
6587,1747.8767771262935,0.99532926806372,120.0
6588,1747.8781659910408,0.9942811119966,120.0
6589,1747.8795548560213,0.99472274651878,120.0
6590,1747.8809437210023,0.99447339297303,120.0
6591,1747.882332585983,0.99516536620486,120.0
6592,1747.8837214507307,0.9951089842796,120.0
6593,1747.885110315712,0.99438311213709,120.0
6594,1747.8864991806925,0.9950676592952,120.0
6595,1747.8878880454406,0.99438126936119,120.0
6596,1747.8892769104211,0.99439088508658,120.0
6597,1747.890665775402,0.995070123521,120.0
6598,1747.892054640383,0.99479973390395,120.0
6599,1747.8934435051303,0.99569657812097,120.0
6600,1747.8948323701104,0.99494737910946,120.0
6601,1747.8962212350912,0.99524120565788,120.0
6602,1747.897610100072,0.99509637166105,120.0
6603,1747.898998965053,0.99530531974669,120.0
6604,1747.9003878298004,0.99492445849821,120.0
6605,1747.9017766947816,0.99431589354978,120.0
6606,1747.9031655597623,0.99498760119598,120.0
6607,1747.904554424743,0.99493999867974,120.0
6608,1747.905943289724,0.99553308552704,120.0
6609,1747.9073321547044,0.99568366476562,120.0
6610,1747.9087210194527,0.99481800160108,120.0
6611,1747.9101098844335,0.99452975469886,120.0
6612,1747.9114987494136,0.99450045942226,120.0
6613,1747.9128876143939,0.99462840246445,120.0
6614,1747.9142764793744,0.99555683647133,120.0
6615,1747.9156653443551,0.99522189339498,120.0
6616,1747.9170542093364,0.99461855343246,120.0
6617,1747.9184430743169,0.9948645890213,120.0
6618,1747.9198319392979,0.99525042378314,120.0
6619,1747.9212208042786,0.99531510638801,120.0
6620,1747.9226096690263,0.99476634192755,120.0
6621,1747.9239985340075,0.99545468367027,120.0
6622,1747.925387398988,0.99459288934649,120.0
6623,1747.926776263969,0.99491300527348,120.0
6624,1747.928165128949,0.99430877532358,120.0
6625,1747.92955399393,0.99507422706101,120.0
6626,1747.9309428589115,0.9941249420883,120.0
6627,1747.932331723892,0.99481150964721,120.0
6628,1747.933720588873,0.99375930510243,120.0
6629,1747.9351094538536,0.99428175767691,120.0
6630,1747.9364983190671,0.99441528638496,120.0
6631,1747.9378871840483,0.99485913003666,120.0
6632,1747.9392760490289,0.99522124337339,120.0
6633,1747.9406649140099,0.9944393284644,120.0
6634,1747.9420537789908,0.99475919476216,120.0
6635,1747.9434426439711,0.99370392491947,120.0
6636,1747.9448315089514,0.994815782142,120.0
6637,1747.9462203739315,0.99701695968578,120.0
6638,1747.9476092389125,0.99455009267106,120.0
6639,1747.9489981038935,0.99514466472393,120.0
6640,1747.950386968874,0.99480751003538,120.0
6641,1747.9517758340878,0.99477443485538,120.0
6642,1747.9531646990683,0.99456553376993,120.0
6643,1747.954553564049,0.99496361774471,120.0
6644,1747.9559424290303,0.99559316577497,120.0
6645,1747.9573312940108,0.99522093887036,120.0
6646,1747.9587201589918,0.99499765372545,120.0
6647,1747.9601090242052,0.99458680199699,120.0
6648,1747.961497889186,0.99420920310629,120.0
6649,1747.9628867541662,0.99424651834899,120.0
6650,1747.9642756191463,0.99494451212568,120.0
6651,1747.9656644841273,0.99451872980242,120.0
6652,1747.9670533493409,0.99389764017943,120.0
6653,1747.9684422143216,0.99423362212733,120.0
6654,1747.9698310793024,0.99529568881611,120.0
6655,1747.9712199442831,0.99449082626431,120.0
6656,1747.9726088094967,0.99426544017562,120.0
6657,1747.9739976744777,0.99511432299271,120.0
6658,1747.9753865394584,0.994613455901,120.0
6659,1747.9767754046723,0.99410512421348,120.0
6660,1747.9781642696528,0.99636613485928,120.0
6661,1747.9795531346329,0.99482189476204,120.0
6662,1747.9809419996132,0.99359411567741,120.0
6663,1747.9823308648267,0.9945859401461,120.0
6664,1747.9837197298075,0.9944526309794,120.0
6665,1747.985108595021,0.9946223192529,120.0
6666,1747.986497460002,0.99531457752387,120.0
6667,1747.987886324983,0.994772650264,120.0
6668,1747.9892751901964,0.99479374756033,120.0
6669,1747.9906640551771,0.99455675022745,120.0
6670,1747.992052920158,0.99389864533431,120.0
6671,1747.9934417853715,0.99460383327952,120.0
6672,1747.9948306503527,0.99472045146681,120.0
6673,1747.9962195155656,0.99504736722071,120.0
6674,1747.9976083805457,0.99453525844079,120.0
6675,1747.998997245759,0.99412850758822,120.0
6676,1748.00038611074,0.99430004791638,120.0
6677,1748.0017749757208,0.99376939815962,120.0
6678,1748.0031638409343,0.99384909965773,120.0
6679,1748.004552705915,0.99467555098951,120.0
6680,1748.0059415711287,0.99462477217519,120.0
6681,1748.0073304361097,0.99504822574283,120.0
6682,1748.0087193013235,0.99475198613104,120.0
6683,1748.010108166304,0.99424341671395,120.0
6684,1748.0114970315178,0.99438059564467,120.0
6685,1748.0128858964983,0.99383396906777,120.0
6686,1748.0142747617117,0.99595729246339,120.0
6687,1748.0156636266915,0.99392424857753,120.0
6688,1748.0170524919051,0.99333228168086,120.0
6689,1748.0184413571187,0.99519817805136,120.0
6690,1748.0198302221004,0.99457510151691,120.0
6691,1748.0212190873146,0.99407771641341,120.0
6692,1748.0226079522956,0.99425520839053,120.0
6693,1748.0239968175088,0.99440856369349,120.0
6694,1748.0253856827228,0.99537596825272,120.0
6695,1748.0267745477036,0.99434732564406,120.0
6696,1748.0281634129171,0.99439577874874,120.0
6697,1748.029552277898,0.99435487775626,120.0
6698,1748.030941143111,0.99497492501744,120.0
6699,1748.032330008324,0.99448975324388,120.0
6700,1748.033718873305,0.99504133697888,120.0
6701,1748.0351077385183,0.99503983837041,120.0
6702,1748.036496603732,0.99427746922187,120.0
6703,1748.0378854687126,0.99487562545149,120.0
6704,1748.0392743339264,0.99393100951528,120.0
6705,1748.0406631991402,0.99461610946215,120.0
6706,1748.0420520643536,0.99450769937197,120.0
6707,1748.0434409293343,0.993151602712,120.0
6708,1748.044829794548,0.99440708089622,120.0
6709,1748.0462186597615,0.99476828112935,120.0
6710,1748.0476075247427,0.99371062758586,120.0
6711,1748.0489963899556,0.99440029818187,120.0
6712,1748.0503852551683,0.99364324887853,120.0
6713,1748.051774120382,0.99432617045523,120.0
6714,1748.0531629855957,0.99399249708121,120.0
6715,1748.0545518505767,0.99412748165687,120.0
6716,1748.05594071579,0.99413482223744,120.0
6717,1748.0573295810038,0.99413937295773,120.0
6718,1748.0587184462174,0.99473629841846,120.0
6719,1748.060107311431,0.99430495956149,120.0
6720,1748.061496176412,0.99351737069957,120.0
6721,1748.0628850416251,0.99444080238054,120.0
6722,1748.0642739068392,0.99420732606523,120.0
6723,1748.065662772052,0.99373057381578,120.0
6724,1748.0670516372647,0.99455482987857,120.0
6725,1748.0684405024788,0.99419369173464,120.0
6726,1748.069829367692,0.99284005813278,120.0
6727,1748.0712182326731,0.99449680809902,120.0
6728,1748.0726070978867,0.99368250713494,120.0
6729,1748.0739959631003,0.99390260792313,120.0
6730,1748.075384828314,0.99443909288254,120.0
6731,1748.0767736935275,0.99409316700975,120.0
6732,1748.0781625587413,0.99436274372294,120.0
6733,1748.079551423955,0.99421540699435,120.0
6734,1748.0809402891684,0.99407855714617,120.0
6735,1748.0823291543811,0.99421705389082,120.0
6736,1748.0837180195942,0.99383202840627,120.0
6737,1748.085106884808,0.99409650262558,120.0
6738,1748.0864957500219,0.99357359411472,120.0
6739,1748.0878846152352,0.99337082227903,120.0
6740,1748.089273480449,0.9937158213088,120.0
6741,1748.0906623456626,0.99407856741391,120.0
6742,1748.0920512108762,0.99440258982599,120.0
6743,1748.09344007609,0.9936041903141,120.0
6744,1748.0948289413031,0.99423537835503,120.0
6745,1748.0962178065172,0.99389706388088,120.0
6746,1748.0976066717308,0.99382743649488,120.0
6747,1748.0989955369444,0.99375797100277,120.0
6748,1748.1003844021573,0.99380994769108,120.0
6749,1748.10177326737,0.99409179046905,120.0
6750,1748.1031621328168,0.99392079403764,120.0
6751,1748.1045509980304,0.99394494589169,120.0
6752,1748.105939863244,0.9943396766129,120.0
6753,1748.1073287284576,0.99379108127853,120.0
6754,1748.1087175936711,0.9937073301702,120.0
6755,1748.1101064588847,0.99450291729962,120.0
6756,1748.1114953240992,0.99446604565532,120.0
6757,1748.1128841893135,0.99451504956398,120.0
6758,1748.11427305476,0.99384635709618,120.0
6759,1748.1156619199735,0.99352612757355,120.0
6760,1748.1170507851866,0.993561179445,120.0
6761,1748.1184396503995,0.99345715070456,120.0
6762,1748.119828515613,0.99441571682162,120.0
6763,1748.1212173810595,0.99443926502416,120.0
6764,1748.122606246273,0.99372125897156,120.0
6765,1748.1239951114867,0.99415464898617,120.0
6766,1748.1253839767007,0.99389570798625,120.0
6767,1748.126772841914,0.99435442498886,120.0
6768,1748.1281617073607,0.99409769647611,120.0
6769,1748.1295505725743,0.99367620707374,120.0
6770,1748.130939437788,0.99399531574619,120.0
6771,1748.1323283032343,0.99358634616443,120.0
6772,1748.133717168448,0.99356791601277,120.0
6773,1748.1351060336608,0.99471242792979,120.0
6774,1748.136494898874,0.99427250541565,120.0
6775,1748.1378837643203,0.99396266630159,120.0
6776,1748.139272629534,0.99420035916389,120.0
6777,1748.1406614947475,0.99326372601405,120.0
6778,1748.142050360194,0.99377693392999,120.0
6779,1748.1434392254075,0.99401992363863,120.0
6780,1748.144828090621,0.99297699109115,120.0
6781,1748.146216956068,0.99489317337409,120.0
6782,1748.147605821281,0.99391728565303,120.0
6783,1748.148994686728,0.99366014196432,120.0
6784,1748.1503835519416,0.99438550021527,120.0
6785,1748.1517724171547,0.99466131836207,120.0
6786,1748.1531612826004,0.99495319482816,120.0
6787,1748.1545501478136,0.99383537670293,120.0
6788,1748.1559390132604,0.99426846790968,120.0
6789,1748.1573278784742,0.99383164691897,120.0
6790,1748.1587167436876,0.99272800628069,120.0
6791,1748.1601056091342,0.99414101367168,120.0
6792,1748.1614944743476,0.99426104183312,120.0
6793,1748.1628833397942,0.99330324724449,120.0
6794,1748.164272205008,0.99411913855631,120.0
6795,1748.1656610704542,0.99418461702086,120.0
6796,1748.167049935668,0.9936599099382,120.0
6797,1748.1684388011145,0.99431122701913,120.0
6798,1748.1698276663276,0.99397498265941,120.0
6799,1748.171216531773,0.99355864707759,120.0
6800,1748.1726053969867,0.99360257776353,120.0
6801,1748.173994262433,0.99366893076031,120.0
6802,1748.175383127647,0.99414947762503,120.0
6803,1748.176771993093,0.99394340512262,120.0
6804,1748.17816085854,0.99430968282053,120.0
6805,1748.179549723753,0.99384883501949,120.0
6806,1748.1809385892,0.99406801404717,120.0
6807,1748.1823274544136,0.99428386325631,120.0
6808,1748.18371631986,0.99343613495801,120.0
6809,1748.1851051850736,0.99322119716146,120.0
6810,1748.1864940505195,0.99387915813427,120.0
6811,1748.1878829159652,0.99376098541017,120.0
6812,1748.1892717811788,0.9939183366715,120.0
6813,1748.1906606466252,0.99317830543927,120.0
6814,1748.192049512072,0.99375923409795,120.0
6815,1748.1934383772852,0.99307537469091,120.0
6816,1748.194827242732,0.9941753893061,120.0
6817,1748.1962161081783,0.99368924371378,120.0
6818,1748.197604973392,0.99349645566674,120.0
6819,1748.1989938388383,0.99356461891563,120.0
6820,1748.2003827042847,0.99371136287207,120.0
6821,1748.2017715694983,0.99414481357427,120.0
6822,1748.2031604349456,0.99490228350712,120.0
6823,1748.2045493003923,0.9938729338547,120.0
6824,1748.205938165838,0.99378106419058,120.0
6825,1748.2073270310511,0.99380729422513,120.0
6826,1748.208715896498,0.99336659915018,120.0
6827,1748.2101047619446,0.99371017469335,120.0
6828,1748.2114936273908,0.99405415945497,120.0
6829,1748.2128824926046,0.993787437144,120.0
6830,1748.214271358051,0.9942158426581,120.0
6831,1748.2156602234975,0.99369172038442,120.0
6832,1748.217049088944,0.99381753926852,120.0
6833,1748.2184379543903,0.99327719058159,120.0
6834,1748.219826819604,0.99341707486603,120.0
6835,1748.2212156850503,0.99387571582603,120.0
6836,1748.2226045504965,0.99378831631436,120.0
6837,1748.2239934159422,0.99362560042264,120.0
6838,1748.2253822813884,0.99344658130584,120.0
6839,1748.226771146835,0.99407385730343,120.0
6840,1748.2281600120486,0.99334986822885,120.0
6841,1748.229548877495,0.99325257926347,120.0
6842,1748.2309377429417,0.99356962660603,120.0
6843,1748.232326608388,0.99386790930018,120.0
6844,1748.2337154738343,0.9941399685743,120.0
6845,1748.2351043392812,0.99329045343709,120.0
6846,1748.2364932047271,0.99338861266505,120.0
6847,1748.237882070174,0.99371025691519,120.0
6848,1748.2392709356195,0.99343090897802,120.0
6849,1748.2406598010655,0.99411101204797,120.0
6850,1748.242048666512,0.99334027311452,120.0
6851,1748.2434375319583,0.99356202981642,120.0
6852,1748.2448263974047,0.99453466202996,120.0
6853,1748.2462152628511,0.99396282638033,120.0
6854,1748.2476041280647,0.9937448844197,120.0
6855,1748.2489929935116,0.99320730477758,120.0
6856,1748.2503818589576,0.99374097825712,120.0
6857,1748.2517707246373,0.993651547472,120.0
6858,1748.2531595900837,0.99287713903934,120.0
6859,1748.25454845553,0.99391082899123,120.0
6860,1748.2559373209767,0.99379208497261,120.0
6861,1748.2573261864225,0.99366967143431,120.0
6862,1748.258715051868,0.99331956902769,120.0
6863,1748.2601039173146,0.99374252302599,120.0
6864,1748.261492782761,0.99396527526749,120.0
6865,1748.2628816482077,0.99370626819009,120.0
6866,1748.2642705136539,0.99462216061909,120.0
6867,1748.2656593791005,0.99328716189911,120.0
6868,1748.267048244547,0.99335130773366,120.0
6869,1748.268437109993,0.9943162153047,120.0
6870,1748.26982597544,0.99385243444779,120.0
6871,1748.2712148411188,0.99329365416229,120.0
6872,1748.2726037065656,0.99307645240675,120.0
6873,1748.2739925720111,0.99362941282463,120.0
6874,1748.275381437457,0.99347645518263,120.0
6875,1748.2767703029035,0.99412203825988,120.0
6876,1748.27815916835,0.99412073849428,120.0
6877,1748.2795480340294,0.99384503472047,120.0
6878,1748.280936899476,0.99350682211289,120.0
6879,1748.2823257649222,0.99354579174944,120.0
6880,1748.2837146303689,0.99393007976854,120.0
6881,1748.285103495815,0.99341930649714,120.0
6882,1748.2864923614943,0.99366651638981,120.0
6883,1748.2878812269412,0.99388897299622,120.0
6884,1748.2892700923871,0.99341586265102,120.0
6885,1748.290658957834,0.99383899904698,120.0
6886,1748.2920478235123,0.99408492699367,120.0
6887,1748.2934366889583,0.99419300968101,120.0
6888,1748.2948255544054,0.99379122231581,120.0
6889,1748.2962144198525,0.99406047558976,120.0
6890,1748.297603285532,0.99404565754534,120.0
6891,1748.2989921509784,0.9930775962123,120.0
6892,1748.3003810164248,0.99296405083635,120.0
6893,1748.3017698821043,0.99370011803596,120.0
6894,1748.3031587475505,0.99444207027159,120.0
6895,1748.304547612997,0.99428745938263,120.0
6896,1748.3059364786764,0.99288187599443,120.0
6897,1748.3073253441228,0.99337270385164,120.0
6898,1748.3087142095694,0.99345894440549,120.0
6899,1748.310103075248,0.99326292978145,120.0
6900,1748.3114919406937,0.99401128360638,120.0
6901,1748.31288080614,0.99330436884285,120.0
6902,1748.3142696718191,0.99333941127937,120.0
6903,1748.315658537266,0.99379671297671,120.0
6904,1748.317047402945,0.99331625012897,120.0
6905,1748.3184362683917,0.99371217486701,120.0
6906,1748.3198251338383,0.99370969202847,120.0
6907,1748.321213999517,0.9938324698386,120.0
6908,1748.322602864964,0.99455294025347,120.0
6909,1748.323991730643,0.99272589048705,120.0
6910,1748.3253805960896,0.99340730446806,120.0
6911,1748.3267694617682,0.99351351021878,120.0
6912,1748.328158327214,0.99303302591617,120.0
6913,1748.3295471928934,0.99384472056094,120.0
6914,1748.3309360583396,0.99299800738355,120.0
6915,1748.332324924019,0.99314285473648,120.0
6916,1748.3337137894655,0.99394588352429,120.0
6917,1748.3351026551447,0.99328895726343,120.0
6918,1748.3364915205912,0.99408404467664,120.0
6919,1748.3378803862706,0.99276287891161,120.0
6920,1748.339269251717,0.99365692899175,120.0
6921,1748.3406581173963,0.99362847251058,120.0
6922,1748.3420469828427,0.99423889557119,120.0
6923,1748.343435848522,0.99384212511895,120.0
6924,1748.344824713968,0.99331766041302,120.0
6925,1748.3462135796465,0.99363554392651,120.0
6926,1748.347602445326,0.993383293011,120.0
6927,1748.348991310772,0.99299059268366,120.0
6928,1748.3503801764516,0.99380359500419,120.0
6929,1748.351769041898,0.9934628447688,120.0
6930,1748.3531579075773,0.99388487817369,120.0
6931,1748.3545467732567,0.99332464231373,120.0
6932,1748.3559356387027,0.99366366396306,120.0
6933,1748.3573245043824,0.99373975836348,120.0
6934,1748.3587133700619,0.99288675988782,120.0
6935,1748.360102235508,0.99366253048163,120.0
6936,1748.3614911011875,0.99363146825383,120.0
6937,1748.362879966866,0.99416855262623,120.0
6938,1748.3642688323118,0.99425415680751,120.0
6939,1748.3656576979913,0.99383481347528,120.0
6940,1748.3670465636703,0.99302863745827,120.0
6941,1748.3684354291167,0.99423418306591,120.0
6942,1748.369824294796,0.99375016247882,120.0
6943,1748.3712131604755,0.99421308861078,120.0
6944,1748.3726020261547,0.99409503266311,120.0
6945,1748.3739908916011,0.99290945486732,120.0
6946,1748.3753797572806,0.99391334885626,120.0
6947,1748.3767686229598,0.99342905805768,120.0
6948,1748.378157488639,0.99327047713854,120.0
6949,1748.3795463540848,0.9934678284077,120.0
6950,1748.3809352197632,0.99366660209566,120.0
6951,1748.3823240854429,0.9930946590993,120.0
6952,1748.383712951122,0.99296948043198,120.0
6953,1748.3851018168011,0.99273564272459,120.0
6954,1748.3864906822484,0.99346209800067,120.0
6955,1748.3878795479284,0.99338783353046,120.0
6956,1748.3892684136079,0.99305954707834,120.0
6957,1748.390657279287,0.99366758295975,120.0
6958,1748.3920461449663,0.99373136907258,120.0
6959,1748.3934350106458,0.99376000164909,120.0
6960,1748.3948238763248,0.99376592134675,120.0
6961,1748.3962127417715,0.99360097780652,120.0
6962,1748.39760160745,0.99442104523056,120.0
6963,1748.3989904731286,0.99366498098067,120.0
6964,1748.400379338808,0.99329503107834,120.0
6965,1748.401768204487,0.99384700223959,120.0
6966,1748.4031570701663,0.99355384373092,120.0
6967,1748.404545935846,0.99352486970579,120.0
6968,1748.405934801525,0.9931185570334,120.0
6969,1748.4073236672043,0.99260414830021,120.0
6970,1748.4087125328836,0.9932045439056,120.0
6971,1748.410101398563,0.9941008095866,120.0
6972,1748.4114902642425,0.99370308453369,120.0
6973,1748.4128791299215,0.99304179717081,120.0
6974,1748.4142679956008,0.9945061695774,120.0
6975,1748.4156568612796,0.99397104128033,120.0
6976,1748.417045726958,0.99316691183421,120.0
6977,1748.4184345926376,0.99337763448409,120.0
6978,1748.4198234583166,0.99239607158686,120.0
6979,1748.421212323996,0.99341385319088,120.0
6980,1748.422601189675,0.99370658578293,120.0
6981,1748.4239900553544,0.99315053758387,120.0
6982,1748.425378921034,0.99320018212151,120.0
6983,1748.426767786713,0.99287758621994,120.0
6984,1748.4281566523923,0.99290862699205,120.0
6985,1748.4295455180716,0.99294034812557,120.0
6986,1748.430934383751,0.99338587699937,120.0
6987,1748.4323232494305,0.99280811269125,120.0
6988,1748.433712115109,0.99271411219181,120.0
6989,1748.4351009807876,0.99306858667857,120.0
6990,1748.4364898464669,0.993084678253,120.0
6991,1748.4378787123787,0.99303744026361,120.0
6992,1748.4392675780584,0.99256408742724,120.0
6993,1748.4406564437375,0.99354844718891,120.0
6994,1748.4420453094167,0.99361052035688,120.0
6995,1748.4434341750964,0.99397144991244,120.0
6996,1748.4448230407754,0.99317569543401,120.0
6997,1748.446211906455,0.99280281753306,120.0
6998,1748.4476007723667,0.99375094228078,120.0
6999,1748.4489896380462,0.9929830286797,120.0
7000,1748.4503785037248,0.99367844757182,120.0
7001,1748.4517673694031,0.9934975738703,120.0
7002,1748.4531562350828,0.99414684276092,120.0
7003,1748.4545451009947,0.99279217320755,120.0
7004,1748.455933966674,0.99333513399193,120.0
7005,1748.4573228323536,0.99345173962324,120.0
7006,1748.4587116980326,0.99326056020405,120.0
7007,1748.4601005639447,0.99372934847681,120.0
7008,1748.461489429624,0.99288106682408,120.0
7009,1748.4628782953034,0.99383556065862,120.0
7010,1748.464267160983,0.9925111914441,120.0
7011,1748.4656560268947,0.99248624229239,120.0
7012,1748.4670448925742,0.99296023973612,120.0
7013,1748.4684337582528,0.99305075187347,120.0
7014,1748.469822624164,0.99353814817721,120.0
7015,1748.4712114898437,0.99387760052989,120.0
7016,1748.4726003555227,0.99316339645616,120.0
7017,1748.473989221202,0.99298114751335,120.0
7018,1748.4753780871142,0.99348136162175,120.0
7019,1748.4767669527935,0.99357195632335,120.0
7020,1748.4781558187062,0.99257708622209,120.0
7021,1748.479544684386,0.99303971013605,120.0
7022,1748.4809335500656,0.99394250704889,120.0
7023,1748.482322415978,0.99296606133909,120.0
7024,1748.4837112816567,0.99289237197827,120.0
7025,1748.4851001473364,0.99327252030352,120.0
7026,1748.4864890132478,0.99283970296665,120.0
7027,1748.4878778789264,0.99379861142644,120.0
7028,1748.4892667448387,0.99271118078679,120.0
7029,1748.4906556105177,0.99330792280115,120.0
7030,1748.4920444761972,0.99412991433748,120.0
7031,1748.493433342109,0.9932762933717,120.0
7032,1748.4948222077885,0.99393875153398,120.0
7033,1748.4962110737008,0.99340289629585,120.0
7034,1748.4975999393798,0.99283407789956,120.0
7035,1748.498988805292,0.99280563394335,120.0
7036,1748.5003776709711,0.99293278487226,120.0
7037,1748.5017665368835,0.99318255024109,120.0
7038,1748.5031554025627,0.99309911296023,120.0
7039,1748.5045442684743,0.992940752431,120.0
7040,1748.5059331341529,0.99304351667908,120.0
7041,1748.5073220000647,0.99370008694917,120.0
7042,1748.5087108657442,0.9930112937979,120.0
7043,1748.5100997316565,0.99298993028809,120.0
7044,1748.5114885973355,0.9933300737002,120.0
7045,1748.5128774632478,0.99296123796306,120.0
7046,1748.514266328927,0.99299813965432,120.0
7047,1748.5156551948392,0.99332797246236,120.0
7048,1748.5170440607515,0.99272288138476,120.0
7049,1748.5184329264305,0.99307585786008,120.0
7050,1748.5198217923428,0.99253054785266,120.0
7051,1748.5212106580223,0.99257407760756,120.0
7052,1748.5225995239336,0.99329266634424,120.0
7053,1748.523988389845,0.993336471018,120.0
7054,1748.525377255524,0.9935930104598,120.0
7055,1748.5267661214364,0.99401530199479,120.0
7056,1748.5281549873487,0.99337968193304,120.0
7057,1748.5295438530277,0.99442288627537,120.0
7058,1748.53093271894,0.99353953614486,120.0
7059,1748.532321584619,0.99348414759362,120.0
7060,1748.533710450531,0.99363048617144,120.0
7061,1748.5350993164436,0.99422279580516,120.0
7062,1748.5364881823555,0.99351869040762,120.0
7063,1748.5378770480347,0.9933786617709,120.0
7064,1748.5392659139463,0.99349630422541,120.0
7065,1748.5406547798575,0.99289954326168,120.0
7066,1748.5420436455372,0.99335005927666,120.0
7067,1748.543432511449,0.99350603155655,120.0
7068,1748.5448213773611,0.99391079195707,120.0
7069,1748.5462102432734,0.99360700688977,120.0
7070,1748.5475991089527,0.99326362767415,120.0
7071,1748.5489879748648,0.99359621924539,120.0
7072,1748.5503768407768,0.99337498416466,120.0
7073,1748.5517657066891,0.99336188520202,120.0
7074,1748.5531545723684,0.99388817316122,120.0
7075,1748.5545434382805,0.9931741446026,120.0
7076,1748.5559323041928,0.99362652546691,120.0
7077,1748.557321170104,0.99337551849368,120.0
7078,1748.5587100360156,0.99383413225569,120.0
7079,1748.5600989016948,0.99344175120432,120.0
7080,1748.5614877676069,0.99365015806492,120.0
7081,1748.5628766335192,0.99336304424119,120.0
7082,1748.564265499431,0.99361546972937,120.0
7083,1748.565654365343,0.99330423955446,120.0
7084,1748.5670432312556,0.99284334291735,120.0
7085,1748.5684320969347,0.99356937515378,120.0
7086,1748.5698209628474,0.9933647397718,120.0
7087,1748.57120982876,0.99316750063365,120.0
7088,1748.5725986946725,0.99388109939764,120.0
7089,1748.5739875605848,0.99370314613435,120.0
7090,1748.575376426496,0.99289383053922,120.0
7091,1748.5767652924076,0.99377185637948,120.0
7092,1748.5781541583194,0.99349663187316,120.0
7093,1748.5795430242315,0.99363942154718,120.0
7094,1748.580931890144,0.99357840310359,120.0
7095,1748.5823207560559,0.99349235021946,120.0
7096,1748.5837096217351,0.99328628023212,120.0
7097,1748.5850984876474,0.993121990777,120.0
7098,1748.5864873535595,0.99441364769837,120.0
7099,1748.5878762194718,0.99373182449278,120.0
7100,1748.5892650853837,0.99321870280055,120.0
7101,1748.590653951296,0.99405916262784,120.0
7102,1748.592042817208,0.99353365435883,120.0
7103,1748.5934316831197,0.99358896586026,120.0
7104,1748.594820549031,0.99311268787246,120.0
7105,1748.596209414943,0.99327942504552,120.0
7106,1748.5975982808552,0.99374252526146,120.0
7107,1748.5989871467673,0.9934107495805,120.0
7108,1748.6003760126791,0.99351147954929,120.0
7109,1748.6017648788245,0.99284787550156,120.0
7110,1748.6031537447363,0.99354989832158,120.0
7111,1748.6045426106487,0.99331516979485,120.0
7112,1748.6059314765607,0.9930815565913,120.0
7113,1748.6073203424728,0.99330976034296,120.0
7114,1748.608709208385,0.99292154092837,120.0
7115,1748.6100980742967,0.99276616089817,120.0
7116,1748.6114869402084,0.99222396087721,120.0
7117,1748.6128758061202,0.99228283742602,120.0
7118,1748.614264672032,0.99245559864054,120.0
7119,1748.6156535379444,0.99253129204863,120.0
7120,1748.617042404089,0.99178771383806,120.0
7121,1748.618431270001,0.99243700722362,120.0
7122,1748.6198201359136,0.99234270252848,120.0
7123,1748.6212090018255,0.99165283942982,120.0
7124,1748.6225978677378,0.99147132069646,120.0
7125,1748.6239867336499,0.9922709901017,120.0
7126,1748.6253755997948,0.99172883115433,120.0
7127,1748.626764465707,0.99203220343995,120.0
7128,1748.6281533316187,0.99247379873912,120.0
7129,1748.6295421975303,0.99231739227431,120.0
7130,1748.630931063442,0.99146212132089,120.0
7131,1748.6323199295869,0.99175947422765,120.0
7132,1748.6337087954992,0.99224898317023,120.0
7133,1748.635097661411,0.99183726525037,120.0
7134,1748.6364865273233,0.99148085909052,120.0
7135,1748.6378753932352,0.99215856359859,120.0
7136,1748.6392642593803,0.99180948683278,120.0
7137,1748.6406531252926,0.99209894435957,120.0
7138,1748.6420419912045,0.99183038720672,120.0
7139,1748.6434308573496,0.99169058894732,120.0
7140,1748.6448197232617,0.99134839324938,120.0
7141,1748.6462085891735,0.99097787098001,120.0
7142,1748.6475974550851,0.99084750890644,120.0
7143,1748.6489863212291,0.99151280849597,120.0
7144,1748.6503751871417,0.99179578417941,120.0
7145,1748.651764053054,0.99237396389123,120.0
7146,1748.6531529191986,0.99150532153355,120.0
7147,1748.6545417851107,0.99117093349178,120.0
7148,1748.6559306510228,0.99115613423139,120.0
7149,1748.657319517168,0.99186708876693,120.0
7150,1748.6587083830802,0.99095667123938,120.0
7151,1748.660097248992,0.99172242642552,120.0
7152,1748.6614861151377,0.99092369369756,120.0
7153,1748.6628749810507,0.99134317306053,120.0
7154,1748.6642638471956,0.99249425830225,120.0
7155,1748.6656527131067,0.99191546428427,120.0
7156,1748.6670415790184,0.99070474614667,120.0
7157,1748.6684304451635,0.99170080156717,120.0
7158,1748.6698193110756,0.99072477055703,120.0
7159,1748.6712081772205,0.99150220829102,120.0
7160,1748.6725970431328,0.99075478735806,120.0
7161,1748.6739859092775,0.99165358963376,120.0
7162,1748.6753747751895,0.99146150511186,120.0
7163,1748.6767636413347,0.99163431706723,120.0
7164,1748.6781525072468,0.99040870496025,120.0
7165,1748.679541373159,0.99134768276399,120.0
7166,1748.6809302393035,0.99119809439113,120.0
7167,1748.682319105216,0.99103588087052,120.0
7168,1748.6837079713603,0.99106964937961,120.0
7169,1748.6850968372717,0.99181848750047,120.0
7170,1748.6864857034168,0.99155879495811,120.0
7171,1748.6878745693286,0.99135710583423,120.0
7172,1748.6892634354735,0.99134504387792,120.0
7173,1748.690652301619,0.99140460908358,120.0
7174,1748.6920411675308,0.99147102933079,120.0
7175,1748.693430033676,0.9914274577539,120.0
7176,1748.6948188995875,0.99131407419159,120.0
7177,1748.6962077657329,0.99240914974569,120.0
7178,1748.6975966316452,0.99139828045229,120.0
7179,1748.6989854977899,0.99136759072456,120.0
7180,1748.700374363702,0.99257833394427,120.0
7181,1748.7017632298464,0.99120136629077,120.0
7182,1748.7031520959906,0.99202967761219,120.0
7183,1748.7045409619027,0.99212695300574,120.0
7184,1748.7059298280476,0.99144552461911,120.0
7185,1748.70731869396,0.99090127050455,120.0
7186,1748.7087075601048,0.99202962028743,120.0
7187,1748.7100964262495,0.99066799596292,120.0
7188,1748.711485292162,0.99182730433073,120.0
7189,1748.7128741583067,0.9917727393158,120.0
7190,1748.7142630244518,0.99116453268859,120.0
7191,1748.715651890364,0.99086313247689,120.0
7192,1748.7170407565088,0.9907874253445,120.0
7193,1748.718429622654,0.99179664530898,120.0
7194,1748.7198184885651,0.99221955382432,120.0
7195,1748.7212073547096,0.9916988681761,120.0
7196,1748.7225962208545,0.99205468456924,120.0
7197,1748.7239850869992,0.99052836548573,120.0
7198,1748.7253739529117,0.99237572393749,120.0
7199,1748.7267628190564,0.99187692886507,120.0
7200,1748.7281516852015,0.99196937939892,120.0
7201,1748.7295405511138,0.99158571758098,120.0
7202,1748.7309294172585,0.9921992514157,120.0
7203,1748.7323182834036,0.9912904222372,120.0
7204,1748.7337071495483,0.99176318677418,120.0
7205,1748.7350960154606,0.99250301738763,120.0
7206,1748.7364848816055,0.99135355510044,120.0
7207,1748.73787374775,0.99148086848893,120.0
7208,1748.7392626138942,0.9915721083712,120.0
7209,1748.7406514800389,0.99133614917054,120.0
7210,1748.7420403459512,0.99141874721184,120.0
7211,1748.7434292120963,0.99122476385346,120.0
7212,1748.744818078241,0.99172701607207,120.0
7213,1748.746206944386,0.99181268653131,120.0
7214,1748.7475958105308,0.99179526797249,120.0
7215,1748.748984676676,0.99189078612122,120.0
7216,1748.7503735425882,0.99165123013887,120.0
7217,1748.7517624087327,0.991337747077,120.0
7218,1748.7531512748783,0.99053562731577,120.0
7219,1748.7545401410243,0.99151401827823,120.0
7220,1748.7559290071688,0.99120355688742,120.0
7221,1748.757317873313,0.99259912897657,120.0
7222,1748.7587067394577,0.99135713983955,120.0
7223,1748.7600956056028,0.99220155435752,120.0
7224,1748.761484471515,0.99164826043052,120.0
7225,1748.7628733376598,0.99180543824646,120.0
7226,1748.7642622038047,0.99278911236473,120.0
7227,1748.7656510699496,0.99145256936305,120.0
7228,1748.7670399360948,0.9919102418463,120.0
7229,1748.76842880224,0.9918678168768,120.0
7230,1748.7698176683843,0.99303210025952,120.0
7231,1748.7712065345297,0.99205933443812,120.0
7232,1748.7725954006744,0.99212796557788,120.0
7233,1748.7739842668188,0.99233154721419,120.0
7234,1748.7753731329633,0.99235955625877,120.0
7235,1748.776761999108,0.99312593485045,120.0
7236,1748.778150865253,0.99367313313863,120.0
7237,1748.7795397313976,0.99382638964745,120.0
7238,1748.7809285975427,0.99425581284145,120.0
7239,1748.782317463688,0.99404914203184,120.0
7240,1748.7837063298327,0.99405807080431,120.0
7241,1748.7850951959779,0.99382553373578,120.0
7242,1748.7864840621228,0.99421224031316,120.0
7243,1748.7878729282677,0.99405617545794,120.0
7244,1748.7892617944128,0.99427310924219,120.0
7245,1748.7906506605575,0.99421543122907,120.0
7246,1748.7920395267015,0.99460494927438,120.0
7247,1748.793428392846,0.99421095419562,120.0
7248,1748.794817258991,0.99401689914127,120.0
7249,1748.7962061251362,0.99394018559929,120.0
7250,1748.797594991281,0.99391116423874,120.0
7251,1748.7989838576589,0.99430598984861,120.0
7252,1748.8003727238035,0.99413739396836,120.0
7253,1748.8017615899487,0.99426936360231,120.0
7254,1748.8031504560938,0.99358958949689,120.0
7255,1748.8045393222385,0.9946110327881,120.0
7256,1748.8059281883836,0.99369984165784,120.0
7257,1748.8073170545288,0.99452149760445,120.0
7258,1748.8087059206734,0.99451135569595,120.0
7259,1748.8100947870505,0.99454952247204,120.0
7260,1748.8114836531947,0.9942928439118,120.0
7261,1748.8128725193399,0.99462637986212,120.0
7262,1748.814261385485,0.99336847427487,120.0
7263,1748.8156502516297,0.9934732943156,120.0
7264,1748.8170391177748,0.99531371710081,120.0
7265,1748.8184279841523,0.99366184963362,120.0
7266,1748.8198168502975,0.99345319140417,120.0
7267,1748.8212057164424,0.993773304356,120.0
7268,1748.8225945825873,0.99356930484867,120.0
7269,1748.8239834489652,0.99443831323813,120.0
7270,1748.82537231511,0.99459389169074,120.0
7271,1748.826761181255,0.99387652661544,120.0
7272,1748.8281500473993,0.99450332135225,120.0
7273,1748.8295389135435,0.99420755725353,120.0
7274,1748.8309277799215,0.99477378010658,120.0
7275,1748.8323166460664,0.99456244373735,120.0
7276,1748.8337055122113,0.9939079257054,120.0
7277,1748.8350943785892,0.99439797489648,120.0
7278,1748.836483244734,0.99406414244358,120.0
7279,1748.837872110879,0.99355529297094,120.0
7280,1748.839260977024,0.99413554175758,120.0
7281,1748.8406498434017,0.99364862200315,120.0
7282,1748.8420387095468,0.99409737271093,120.0
7283,1748.8434275756915,0.9941617679073,120.0
7284,1748.84481644207,0.99313172596862,120.0
7285,1748.846205308215,0.99415132850422,120.0
7286,1748.8475941743593,0.99362898040949,120.0
7287,1748.8489830407373,0.99430105859504,120.0
7288,1748.850371906882,0.99430741503465,120.0
7289,1748.851760773027,0.99396942227615,120.0
7290,1748.853149639405,0.99419252099345,120.0
7291,1748.8545385055495,0.99459669992137,120.0
7292,1748.8559273719277,0.99452388333268,120.0
7293,1748.8573162380724,0.99396654577495,120.0
7294,1748.8587051042175,0.99412077078806,120.0
7295,1748.8600939705955,0.99421990679663,120.0
7296,1748.86148283674,0.99416224761973,120.0
7297,1748.862871703118,0.99470370534225,120.0
7298,1748.864260569263,0.99420870303538,120.0
7299,1748.8656494354075,0.99374476634341,120.0
7300,1748.8670383017843,0.99430361663649,120.0
7301,1748.8684271679292,0.99396736386067,120.0
7302,1748.8698160343072,0.99368871490724,120.0
7303,1748.871204900452,0.99426203613903,120.0
7304,1748.8725937668298,0.99422172872113,120.0
7305,1748.8739826329747,0.99489274753457,120.0
7306,1748.8753714993525,0.99437692800493,120.0
7307,1748.8767603654976,0.9939775250559,120.0
7308,1748.878149231875,0.99389705550699,120.0
7309,1748.8795380980202,0.99461098995807,120.0
7310,1748.8809269643982,0.99428129644801,120.0
7311,1748.882315830543,0.99441623478033,120.0
7312,1748.88370469692,0.99428196214896,120.0
7313,1748.8850935630644,0.99390530132368,120.0
7314,1748.886482429442,0.99399373552055,120.0
7315,1748.8878712955873,0.9941474259187,120.0
7316,1748.8892601619648,0.99396005942472,120.0
7317,1748.89064902811,0.99431511350101,120.0
7318,1748.8920378944879,0.9948788491981,120.0
7319,1748.8934267606323,0.99427871599738,120.0
7320,1748.8948156270103,0.9937235265972,120.0
7321,1748.896204493388,0.99440847069272,120.0
7322,1748.8975933595332,0.99389683550451,120.0
7323,1748.8989822259111,0.99389120093593,120.0
7324,1748.9003710920558,0.99382293105862,120.0
7325,1748.9017599584329,0.99418137829378,120.0
7326,1748.90314882481,0.99473752666364,120.0
7327,1748.904537690955,0.9944060110741,120.0
7328,1748.905926557333,0.99513134341316,120.0
7329,1748.9073154234777,0.99374660757419,120.0
7330,1748.9087042898557,0.99419940273105,120.0
7331,1748.9100931562332,0.99409595205653,120.0
7332,1748.9114820223783,0.99456149952546,120.0
7333,1748.9128708887563,0.99384672624506,120.0
7334,1748.9142597551338,0.99473654863099,120.0
7335,1748.9156486212787,0.99446342038403,120.0
7336,1748.9170374876567,0.99385835154936,120.0
7337,1748.9184263540344,0.99445975550719,120.0
7338,1748.9198152201786,0.99473238056029,120.0
7339,1748.9212040865557,0.9944994486661,120.0
7340,1748.9225929529337,0.99451713242547,120.0
7341,1748.9239818193112,0.99507840250665,120.0
7342,1748.9253706854563,0.99446516181271,120.0
7343,1748.9267595518343,0.99289892859032,120.0
7344,1748.9281484182115,0.99384344494018,120.0
7345,1748.929537284357,0.99440836223099,120.0
7346,1748.9309261507346,0.99519002287827,120.0
7347,1748.9323150171124,0.99482292601078,120.0
7348,1748.9337038834904,0.99456494550535,120.0
7349,1748.935092749635,0.99521626603945,120.0
7350,1748.9364816160137,0.99450555362444,120.0
7351,1748.9378704823914,0.9942739797276,120.0
7352,1748.9392593487685,0.99444041812305,120.0
7353,1748.9406482151464,0.99472576362855,120.0
7354,1748.9420370812911,0.99472035170296,120.0
7355,1748.943425947669,0.99460697354011,120.0
7356,1748.944814814047,0.99445322111852,120.0
7357,1748.9462036804243,0.99507206462631,120.0
7358,1748.9475925468023,0.99447062650429,120.0
7359,1748.9489814129474,0.99480143415286,120.0
7360,1748.9503702793252,0.99455314827391,120.0
7361,1748.9517591457031,0.99463924123536,120.0
7362,1748.9531480120806,0.99425805793807,120.0
7363,1748.9545368784586,0.99516370021767,120.0
7364,1748.9559257448363,0.99457935379474,120.0
7365,1748.9573146112136,0.99442782659359,120.0
7366,1748.9587034773579,0.9951116199277,120.0
7367,1748.9600923437351,0.99437015077297,120.0
7368,1748.961481210113,0.99426269747239,120.0
7369,1748.962870076491,0.99462318780429,120.0
7370,1748.9642589428688,0.99452185413911,120.0
7371,1748.9656478092468,0.99448362154753,120.0
7372,1748.9670366756243,0.99370591160268,120.0
7373,1748.9684255420023,0.99428350120348,120.0
7374,1748.9698144083802,0.99445802975478,120.0
7375,1748.9712032747575,0.9943050186362,120.0
7376,1748.9725921409029,0.99415880677625,120.0
7377,1748.9739810072804,0.99463070633383,120.0
7378,1748.9753698736577,0.99453327763721,120.0
7379,1748.9767587400347,0.99468500354482,120.0
7380,1748.9781476064124,0.99469031443083,120.0
7381,1748.9795364727904,0.99522936886339,120.0
7382,1748.980925339168,0.99467677708851,120.0
7383,1748.982314205546,0.99446204308226,120.0
7384,1748.9837030719239,0.99456334998864,120.0
7385,1748.9850919383011,0.99459835785591,120.0
7386,1748.986480804679,0.99498764618783,120.0
7387,1748.9878696710568,0.99475035259054,120.0
7388,1748.9892585374348,0.99441851429162,120.0
7389,1748.9906474038128,0.99487449884174,120.0
7390,1748.9920362701903,0.99432021073316,120.0
7391,1748.993425136567,0.99562476959862,120.0
7392,1748.9948140029446,0.99447743202439,120.0
7393,1748.9962028693224,0.99502662501192,120.0
7394,1748.9975917357003,0.99459500843818,120.0
7395,1748.9989806020778,0.99506679809136,120.0
7396,1749.0003694684558,0.99498547727063,120.0
7397,1749.0017583350664,0.99532242392821,120.0
7398,1749.003147201444,0.99458984474352,120.0
7399,1749.004536067822,0.99431259627949,120.0
7400,1749.0059249341996,0.9951000086633,120.0
7401,1749.0073138005775,0.99509865574835,120.0
7402,1749.0087026669553,0.99441319967619,120.0
7403,1749.010091533333,0.99500775388562,120.0
7404,1749.01148039971,0.99477679381304,120.0
7405,1749.0128692660871,0.99472575429253,120.0
7406,1749.014258132465,0.9946474712045,120.0
7407,1749.0156469990757,0.99489849167388,120.0
7408,1749.0170358654534,0.99471934083882,120.0
7409,1749.0184247318311,0.99474213827689,120.0
7410,1749.0198135982089,0.99464151003381,120.0
7411,1749.0212024645868,0.99453014598656,120.0
7412,1749.0225913309648,0.99478265665037,120.0
7413,1749.0239801973423,0.99525850372275,120.0
7414,1749.0253690639531,0.99411697346647,120.0
7415,1749.0267579303306,0.99489908027219,120.0
7416,1749.0281467967093,0.99465531785352,120.0
7417,1749.029535663088,0.99506007923372,120.0
7418,1749.0309245294648,0.99446882186616,120.0
7419,1749.0323133960749,0.99411575895068,120.0
7420,1749.0337022624526,0.99538962437571,120.0
7421,1749.0350911288303,0.99476028314883,120.0
7422,1749.0364799952083,0.99503812494054,120.0
7423,1749.0378688615858,0.99491924443682,120.0
7424,1749.0392577281966,0.99441627268022,120.0
7425,1749.0406465945744,0.99532354577126,120.0
7426,1749.042035460952,0.99435275067242,120.0
7427,1749.04342432733,0.99547111789203,120.0
7428,1749.0448131939404,0.99475120145956,120.0
7429,1749.0462020603184,0.99511785259838,120.0
7430,1749.047590926696,0.99446674960143,120.0
7431,1749.0489797930732,0.99459840136992,120.0
7432,1749.0503686596833,0.99460407723559,120.0
7433,1749.0517575260608,0.99514721241076,120.0
7434,1749.0531463924387,0.99483267952557,120.0
7435,1749.0545352590495,0.99452231397847,120.0
7436,1749.055924125427,0.99494611167701,120.0
7437,1749.057312991805,0.995221963813,120.0
7438,1749.0587018584151,0.99474922960139,120.0
7439,1749.060090724793,0.99576389546489,120.0
7440,1749.0614795911713,0.9950000110162,120.0
7441,1749.0628684577816,0.9954190798842,120.0
7442,1749.0642573241596,0.99498723974086,120.0
7443,1749.065646190537,0.99467865919967,120.0
7444,1749.0670350571472,0.99475077762085,120.0
7445,1749.0684239235245,0.99454969713517,120.0
7446,1749.069812789902,0.99510670299511,120.0
7447,1749.0712016565128,0.99475049980918,120.0
7448,1749.0725905228903,0.99503012129187,120.0
7449,1749.0739793892683,0.99534595815823,120.0
7450,1749.075368255879,0.99481956538726,120.0
7451,1749.0767571222564,0.99499625216807,120.0
7452,1749.0781459888672,0.99518588895089,120.0
7453,1749.0795348552451,0.99567863312369,120.0
7454,1749.0809237216229,0.99504655395612,120.0
7455,1749.0823125882337,0.99469651866858,120.0
7456,1749.0837014546112,0.99451694080577,120.0
7457,1749.085090321222,0.99534381014957,120.0
7458,1749.086479187599,0.99534005586512,120.0
7459,1749.087868053976,0.9954896779396,120.0
7460,1749.0892569205869,0.99560376174665,120.0
7461,1749.0906457869644,0.99521878738812,120.0
7462,1749.0920346535752,0.9960634043737,120.0
7463,1749.0934235199527,0.99554443554663,120.0
7464,1749.0948123865635,0.99491785821146,120.0
7465,1749.0962012529415,0.99555458223164,120.0
7466,1749.0975901195518,0.99519405250456,120.0
7467,1749.0989789859295,0.99420192899371,120.0
7468,1749.1003678525403,0.99476364340866,120.0
7469,1749.101756718918,0.99531210511154,120.0
7470,1749.1031455855289,0.99501196069656,120.0
7471,1749.104534451906,0.99494707298437,120.0
7472,1749.1059233185158,0.99499945004571,120.0
7473,1749.1073121848935,0.99499103836862,120.0
7474,1749.108701051504,0.99452000149677,120.0
7475,1749.110089917882,0.99624493225267,120.0
7476,1749.1114787844924,0.99588920606896,120.0
7477,1749.1128676508704,0.99522164847345,120.0
7478,1749.1142565174812,0.99529472781646,120.0
7479,1749.1156453838587,0.99531142307301,120.0
7480,1749.1170342504695,0.99559767140508,120.0
7481,1749.11842311708,0.99533489117329,120.0
7482,1749.1198119834587,0.99531275689557,120.0
7483,1749.12120085007,0.99539136755178,120.0
7484,1749.1225897164475,0.99473221446128,120.0
7485,1749.1239785830571,0.99516737551677,120.0
7486,1749.1253674494346,0.99549656510266,120.0
7487,1749.1267563160452,0.9962881893431,120.0
7488,1749.128145182656,0.9953232349426,120.0
7489,1749.1295340490335,0.99592234239411,120.0
7490,1749.1309229156443,0.99518167875186,120.0
7491,1749.1323117820223,0.99571914273844,120.0
7492,1749.1337006486326,0.99514503404706,120.0
7493,1749.1350895152434,0.99501883325098,120.0
7494,1749.1364783816207,0.99548747867316,120.0
7495,1749.1378672482315,0.99496405686809,120.0
7496,1749.1392561148425,0.995640457949,120.0
7497,1749.14064498122,0.99530064705486,120.0
7498,1749.14203384783,0.99522889685477,120.0
7499,1749.1434227144396,0.99566439457165,120.0
7500,1749.1448115808175,0.99550955045567,120.0
7501,1749.1462004474283,0.99581295397469,120.0
7502,1749.147589314039,0.99475210827842,120.0
7503,1749.1489781804169,0.9956343339056,120.0
7504,1749.1503670470272,0.99516156261822,120.0
7505,1749.151755913638,0.99599413175924,120.0
7506,1749.153144780016,0.99513769690507,120.0
7507,1749.1545336466263,0.99466153866843,120.0
7508,1749.155922513237,0.99612025765718,120.0
7509,1749.1573113796148,0.99520583995759,120.0
7510,1749.1587002462254,0.99593114337763,120.0
7511,1749.1600891128353,0.99564692468425,120.0
7512,1749.1614779794452,0.99623722357555,120.0
7513,1749.1628668458231,0.99590382459283,120.0
7514,1749.1642557124335,0.99451922407796,120.0
7515,1749.1656445790443,0.99544043749759,120.0
7516,1749.167033445655,0.9956969968076,120.0
7517,1749.1684223120324,0.99478295033858,120.0
7518,1749.1698111786432,0.99637219279851,120.0
7519,1749.171200045254,0.99435974458062,120.0
7520,1749.1725889118643,0.99544304385585,120.0
7521,1749.1739777782425,0.99544417517513,120.0
7522,1749.1753666448528,0.99620090225861,120.0
7523,1749.1767555114636,0.99545179380056,120.0
7524,1749.1781443780744,0.99542679225042,120.0
7525,1749.1795332446843,0.99478069051263,120.0
7526,1749.1809221110611,0.99489672957861,120.0
7527,1749.1823109776717,0.9955353743298,120.0
7528,1749.1836998442825,0.99535612283426,120.0
7529,1749.1850887108933,0.9961397874304,120.0
7530,1749.1864775775036,0.99458339022009,120.0
7531,1749.1878664438816,0.99545377027317,120.0
7532,1749.189255310492,0.99530073962028,120.0
7533,1749.1906441771027,0.99480284733497,120.0
7534,1749.1920330437135,0.99535013052634,120.0
7535,1749.1934219103239,0.99515437671737,120.0
7536,1749.1948107769347,0.99592531379588,120.0
7537,1749.1961996433124,0.99565881097407,120.0
7538,1749.1975885099223,0.99480061804908,120.0
7539,1749.1989773765324,0.9951085204152,120.0
7540,1749.2003662431428,0.99498648857854,120.0
7541,1749.2017551097535,0.99631161962291,120.0
7542,1749.203143976364,0.99504803327596,120.0
7543,1749.2045328429747,0.99522438747186,120.0
7544,1749.2059217095855,0.99513854092613,120.0
7545,1749.2073105761958,0.99546217998159,120.0
7546,1749.2086994425736,0.99539958503188,120.0
7547,1749.2100883091844,0.99552113854053,120.0
7548,1749.2114771757958,0.99533478155859,120.0
7549,1749.212866042407,0.99498423447678,120.0
7550,1749.2142549090174,0.99505437237032,120.0
7551,1749.2156437756282,0.99501206809224,120.0
7552,1749.217032642238,0.99654946950108,120.0
7553,1749.218421508848,0.99567728494826,120.0
7554,1749.2198103754588,0.99539961333398,120.0
7555,1749.2211992420691,0.99542191247211,120.0
7556,1749.22258810868,0.99597987278475,120.0
7557,1749.2239769752907,0.99546859477723,120.0
7558,1749.225365841901,0.99526157124787,120.0
7559,1749.2267547085119,0.99559901594115,120.0
7560,1749.2281435751222,0.99623515715773,120.0
7561,1749.229532441733,0.99533682106229,120.0
7562,1749.2309213083438,0.99638986091095,120.0
7563,1749.232310174954,0.99564046237145,120.0
7564,1749.233699041332,0.99545737790654,120.0
7565,1749.235087907942,0.99596594273976,120.0
7566,1749.2364767745519,0.99576772642477,120.0
7567,1749.2378656411627,0.99603230098085,120.0
7568,1749.2392545080058,0.99614480592349,120.0
7569,1749.2406433746166,0.99554029629278,120.0
7570,1749.2420322412272,0.9958320903052,120.0
7571,1749.2434211078375,0.99565331388697,120.0
7572,1749.2448099744483,0.995210173437,120.0
7573,1749.246198841059,0.99447397420909,120.0
7574,1749.2475877076697,0.99554061479988,120.0
7575,1749.2489765742803,0.99562353211145,120.0
7576,1749.2503654408908,0.99569943974968,120.0
7577,1749.2517543075016,0.99525149199235,120.0
7578,1749.253143174112,0.99588415107996,120.0
7579,1749.2545320407219,0.99524821042962,120.0
7580,1749.255920907332,0.9949663285581,120.0
7581,1749.2573097739423,0.99502185841469,120.0
7582,1749.2586986405531,0.99539242552708,120.0
7583,1749.2600875071637,0.99494139667755,120.0
7584,1749.2614763737745,0.99777562401541,120.0
7585,1749.2628652403853,0.9953066688446,120.0
7586,1749.2642541069956,0.99560034410322,120.0
7587,1749.2656429738392,0.99544414453239,120.0
7588,1749.2670318404496,0.99551680133889,120.0
7589,1749.2684207070604,0.9955657955638,120.0
7590,1749.2698095736712,0.99539699681874,120.0
7591,1749.2711984402815,0.99611943576965,120.0
7592,1749.2725873068914,0.99552980665052,120.0
7593,1749.2739761735013,0.99603290324232,120.0
7594,1749.275365040112,0.99577263626249,120.0
7595,1749.2767539069555,0.99635652143598,120.0
7596,1749.278142773566,0.99520039094293,120.0
7597,1749.2795316401769,0.99532912824933,120.0
7598,1749.2809205067874,0.99547049470749,120.0
7599,1749.282309373398,0.99587053143861,120.0
7600,1749.2836982400088,0.99507590715511,120.0
7601,1749.2850871066191,0.9953409955458,120.0
7602,1749.2864759734628,0.99628926239306,120.0
7603,1749.287864840073,0.99622536865474,120.0
7604,1749.289253706684,0.99553897906556,120.0
7605,1749.2906425732947,0.99548962241208,120.0
7606,1749.2920314399043,0.99494170998756,120.0
7607,1749.2934203065145,0.99559314079094,120.0
7608,1749.2948091733579,0.99647944285422,120.0
7609,1749.2961980399684,0.9960757094847,120.0
7610,1749.2975869065792,0.99577237354265,120.0
7611,1749.2989757731896,0.99605948121915,120.0
7612,1749.3003646398004,0.99591131281333,120.0
7613,1749.301753506644,0.99627524003983,120.0
7614,1749.3031423732552,0.99500469806441,120.0
7615,1749.3045312398665,0.99575035825198,120.0
7616,1749.3059201064768,0.99518163865758,120.0
7617,1749.3073089733205,0.99574345694518,120.0
7618,1749.3086978399313,0.99601467299305,120.0
7619,1749.3100867065416,0.99578796296279,120.0
7620,1749.3114755731515,0.99615856398638,120.0
7621,1749.3128644399942,0.99557359166523,120.0
7622,1749.314253306605,0.99528259988514,120.0
7623,1749.3156421732156,0.99596952555627,120.0
7624,1749.317031039826,0.9957405404003,120.0
7625,1749.3184199066695,0.99605389697859,120.0
7626,1749.3198087732803,0.99580676658422,120.0
7627,1749.321197639891,0.99567996727561,120.0
7628,1749.3225865065017,0.9954957562562,120.0
7629,1749.3239753733449,0.99547667737304,120.0
7630,1749.3253642399557,0.99634212736502,120.0
7631,1749.3267531065662,0.99645512959414,120.0
7632,1749.3281419731768,0.9958316048224,120.0
7633,1749.3295308400195,0.99646848460631,120.0
7634,1749.3309197066294,0.99598860049337,120.0
7635,1749.3323085732402,0.99590064477585,120.0
7636,1749.3336974400836,0.99552531310287,120.0
7637,1749.335086306694,0.99577356240303,120.0
7638,1749.3364751733047,0.99585862479464,120.0
7639,1749.337864040148,0.99599555062736,120.0
7640,1749.3392529067587,0.99508157550529,120.0
7641,1749.3406417733695,0.99601471272661,120.0
7642,1749.342030640213,0.99663934209829,120.0
7643,1749.3434195068237,0.99640421766057,120.0
7644,1749.344808373434,0.9960728901875,120.0
7645,1749.3461972402777,0.99673774075526,120.0
7646,1749.3475861068885,0.99707800906269,120.0
7647,1749.3489749734983,0.9956691720633,120.0
7648,1749.350363840341,0.99611425322875,120.0
7649,1749.3517527069514,0.99578958830487,120.0
7650,1749.3531415735622,0.99568236292946,120.0
7651,1749.3545304404058,0.99619689471534,120.0
7652,1749.355919307016,0.99670402154516,120.0
7653,1749.3573081738596,0.99567314762805,120.0
7654,1749.3586970404704,0.99662619000929,120.0
7655,1749.3600859070807,0.9965775246752,120.0
7656,1749.3614747739243,0.99733759315479,120.0
7657,1749.362863640535,0.99536843123509,120.0
7658,1749.3642525071457,0.9961935572646,120.0
7659,1749.365641373989,0.99597834232038,120.0
7660,1749.3670302405992,0.995996480109,120.0
7661,1749.368419107442,0.99602393348839,120.0
7662,1749.3698079740523,0.9965191937541,120.0
7663,1749.371196840663,0.99616555687707,120.0
7664,1749.3725857075065,0.99618203858186,120.0
7665,1749.373974574117,0.99616312309504,120.0
7666,1749.3753634409607,0.99587877965003,120.0
7667,1749.376752307571,0.99649104270713,120.0
7668,1749.3781411744146,0.99623718360175,120.0
7669,1749.3795300410254,0.99654295093066,120.0
7670,1749.3809189076355,0.99663664522274,120.0
7671,1749.3823077744792,0.99683641361275,120.0
7672,1749.3836966410895,0.9961168507425,120.0
7673,1749.3850855079331,0.99639240056553,120.0
7674,1749.3864743745432,0.99643775628285,120.0
7675,1749.387863241386,0.99600426793043,120.0
7676,1749.3892521079968,0.99674375138856,120.0
7677,1749.39064097484,0.99666001881215,120.0
7678,1749.3920298414507,0.99628713384189,120.0
7679,1749.3934187082948,0.99699918274476,120.0
7680,1749.394807574906,0.9964095738567,120.0
7681,1749.3961964415168,0.99663673823197,120.0
7682,1749.3975853083602,0.9960232737566,120.0
7683,1749.3989741749708,0.99638142776157,120.0
7684,1749.4003630418144,0.99640496357894,120.0
7685,1749.4017519084248,0.99637931995326,120.0
7686,1749.4031407752684,0.99680113030283,120.0
7687,1749.4045296418788,0.99633738775867,120.0
7688,1749.405918508722,0.99590747907328,120.0
7689,1749.4073073753318,0.99622845674219,120.0
7690,1749.4086962421748,0.99552934607387,120.0
7691,1749.4100851087856,0.9969602504345,120.0
7692,1749.4114739756292,0.99790931805858,120.0
7693,1749.4128628422395,0.99635455660652,120.0
7694,1749.4142517090831,0.99595987953322,120.0
7695,1749.4156405756935,0.99562843274941,120.0
7696,1749.4170294425371,0.99593572059328,120.0
7697,1749.418418309148,0.99619661298963,120.0
7698,1749.4198071759913,0.99608778908718,120.0
7699,1749.4211960428347,0.99668163960601,120.0
7700,1749.4225849094453,0.99679331313516,120.0
7701,1749.423973776289,0.99642800008299,120.0
7702,1749.4253626428988,0.99655621391818,120.0
7703,1749.4267515097415,0.99639027931903,120.0
7704,1749.4281403763523,0.99629565973293,120.0
7705,1749.4295292431955,0.99651050520842,120.0
7706,1749.4309181098063,0.99661701853752,120.0
7707,1749.43230697665,0.99614017114303,120.0
7708,1749.4336958432602,0.99737062863911,120.0
7709,1749.4350847101039,0.99576645723617,120.0
7710,1749.4364735769473,0.99622761237657,120.0
7711,1749.4378624435578,0.99600104176967,120.0
7712,1749.4392513104015,0.99610893445375,120.0
7713,1749.4406401770118,0.99617724075076,120.0
7714,1749.4420290438554,0.99702864759929,120.0
7715,1749.443417910465,0.99662878480835,120.0
7716,1749.444806777308,0.996513523146,120.0
7717,1749.4461956441517,0.99688584275607,120.0
7718,1749.447584510762,0.99700773116687,120.0
7719,1749.4489733776056,0.99630856349695,120.0
7720,1749.450362244216,0.99680517476269,120.0
7721,1749.4517511110596,0.99669850264,120.0
7722,1749.4531399779032,0.99696070178123,120.0
7723,1749.4545288445136,0.99714814997218,120.0
7724,1749.4559177113572,0.99739784653218,120.0
7725,1749.457306577968,0.99692256208413,120.0
7726,1749.4586954448112,0.99626527633779,120.0
7727,1749.4600843116548,0.99620106866628,120.0
7728,1749.4614731782651,0.99715189034271,120.0
7729,1749.462862045108,0.99692230548358,120.0
7730,1749.464250911951,0.99688865848915,120.0
7731,1749.4656397785611,0.99689464043715,120.0
7732,1749.4670286454048,0.99693465162391,120.0
7733,1749.468417512015,0.99644108315798,120.0
7734,1749.4698063788587,0.99674383119313,120.0
7735,1749.4711952457023,0.99642594611991,120.0
7736,1749.4725841123127,0.99619840810276,120.0
7737,1749.4739729791563,0.99614603631272,120.0
7738,1749.4753618459995,0.99744127809715,120.0
7739,1749.4767507126105,0.9967666195052,120.0
7740,1749.478139579454,0.99668978280604,120.0
7741,1749.4795284462973,0.99679343611689,120.0
7742,1749.480917312908,0.99714397441789,120.0
7743,1749.4823061797508,0.99636247604596,120.0
7744,1749.4836950465935,0.99639358061495,120.0
7745,1749.4850839132048,0.99717664311656,120.0
7746,1749.4864727800489,0.99650669547395,120.0
7747,1749.4878616468925,0.99666089789641,120.0
7748,1749.489250513503,0.99703925095595,120.0
7749,1749.4906393803465,0.99786682649511,120.0
7750,1749.49202824719,0.99576211845758,120.0
7751,1749.4934171138004,0.99632898837315,120.0
7752,1749.494805980644,0.99683970916563,120.0
7753,1749.4961948474877,0.99583306877228,120.0
7754,1749.497583714098,0.99639996586136,120.0
7755,1749.4989725809417,0.99762091741061,120.0
7756,1749.5003614477848,0.99641593158083,120.0
7757,1749.5017503143947,0.99671102973578,120.0
7758,1749.5031391812379,0.9963354669987,120.0
7759,1749.504528048081,0.99656271149573,120.0
7760,1749.5059169146919,0.99711257348978,120.0
7761,1749.507305781535,0.99623479985774,120.0
7762,1749.5086946483787,0.99692058020108,120.0
7763,1749.5100835152223,0.99631368491097,120.0
7764,1749.5114723818326,0.99759161462242,120.0
7765,1749.5128612486762,0.99703835468699,120.0
7766,1749.5142501155196,0.9969587727082,120.0
7767,1749.5156389821302,0.99651641547218,120.0
7768,1749.5170278489738,0.99595515375237,120.0
7769,1749.518416715817,0.99668501466072,120.0
7770,1749.5198055826595,0.99588304629304,120.0
7771,1749.5211944492698,0.996425708678,120.0
7772,1749.5225833161132,0.99614117572397,120.0
7773,1749.5239721829569,0.99704685687673,120.0
7774,1749.5253610498,0.99619183666392,120.0
7775,1749.5267499164108,0.99724929325838,120.0
7776,1749.5281387832542,0.99580256694993,120.0
7777,1749.5295276500976,0.99667656200475,120.0
7778,1749.5309165167084,0.99681583572864,120.0
7779,1749.5323053835516,0.99732370946125,120.0
7780,1749.5336942503952,0.99629526142331,120.0
7781,1749.5350831172389,0.99708963065039,120.0
7782,1749.5364719838492,0.99580626962955,120.0
7783,1749.5378608506928,0.99780813687013,120.0
7784,1749.5392497175355,0.99658068856323,120.0
7785,1749.5406385843783,0.99635099819421,120.0
7786,1749.542027450989,0.99651768020615,120.0
7787,1749.5434163178322,0.99750639634448,120.0
7788,1749.5448051846759,0.99694891210423,120.0
7789,1749.546194051519,0.99731104390753,120.0
7790,1749.5475829181298,0.99676750831955,120.0
7791,1749.5489717849734,0.99636876402609,120.0
7792,1749.5503606518166,0.99710679815355,120.0
7793,1749.5517495186602,0.99748702260538,120.0
7794,1749.5531383855034,0.99690012166713,120.0
7795,1749.5545272521142,0.99656652440342,120.0
7796,1749.5559161189578,0.99698622416385,120.0
7797,1749.557304985801,0.99719296089556,120.0
7798,1749.5586938526435,0.99712260010965,120.0
7799,1749.5600827192538,0.99650666096097,120.0
7800,1749.5614715860972,0.99681123152594,120.0
7801,1749.5628604529409,0.99603798842133,120.0
7802,1749.564249319784,0.99689905173447,120.0
7803,1749.5656381863948,0.99644320336333,120.0
7804,1749.5670270532382,0.99606463043256,120.0
7805,1749.5684159200816,0.99726083207371,120.0
7806,1749.5698047869253,0.99712188234135,120.0
7807,1749.5711936537684,0.99685292726576,120.0
7808,1749.5725825203792,0.99733945429949,120.0
7809,1749.5739713872226,0.9967312767697,120.0
7810,1749.575360254066,0.99655506437714,120.0
7811,1749.57674912091,0.99648224999941,120.0
7812,1749.5781379877535,0.99657002142967,120.0
7813,1749.5795268543636,0.99667651704049,120.0
7814,1749.5809157212072,0.99696681096189,120.0
7815,1749.5823045880504,0.99738616416916,120.0
7816,1749.583693454894,0.9959873068204,120.0
7817,1749.5850823217372,0.99709129597506,120.0
7818,1749.586471188348,0.99672089430161,120.0
7819,1749.5878600551916,0.99642618135782,120.0
7820,1749.5892489220348,0.99721647327936,120.0
7821,1749.5906377888784,0.99692905455484,120.0
7822,1749.5920266557218,0.99634214241995,120.0
7823,1749.5934155223324,0.99800372510688,120.0
7824,1749.594804389176,0.99826620857197,120.0
7825,1749.5961932560192,0.99612970232486,120.0
7826,1749.597582122862,0.99658000928418,120.0
7827,1749.5989709897049,0.9962547795971,120.0
7828,1749.6003598563154,0.99662968247497,120.0
7829,1749.601748723159,0.99741413816192,120.0
7830,1749.6031375900022,0.99691384178369,120.0
7831,1749.6045264568459,0.99739447500537,120.0
7832,1749.6059153236893,0.99754079556811,120.0
7833,1749.6073041902998,0.99745779854144,120.0
7834,1749.6086930571435,0.99728111583668,120.0
7835,1749.6100819239866,0.99640513642393,120.0
7836,1749.6114707908303,0.99666783102096,120.0
7837,1749.6128596576737,0.99716189120965,120.0
7838,1749.614248524517,0.99713088404424,120.0
7839,1749.6156373911278,0.99749216927753,120.0
7840,1749.6170262579703,0.9964912331388,120.0
7841,1749.6184151248133,0.99680826341455,120.0
7842,1749.619803991657,0.99742160487834,120.0
7843,1749.6211928585,0.99690104891678,120.0
7844,1749.6225817251109,0.99773421681573,120.0
7845,1749.623970591954,0.99738879431167,120.0
7846,1749.6253594587977,0.99722706023663,120.0
7847,1749.6267483256413,0.99718294647926,120.0
7848,1749.6281371924845,0.99721653049817,120.0
7849,1749.629526059328,0.99679663522129,120.0
7850,1749.6309149259384,0.9966417918471,120.0
7851,1749.632303792782,0.99742460033302,120.0
7852,1749.6336926596257,0.99721446343446,120.0
7853,1749.6350815264689,0.9971782253386,120.0
7854,1749.6364703933116,0.99746549626274,120.0
7855,1749.6378592601543,0.99676477630911,120.0
7856,1749.639248126765,0.99638694664404,120.0
7857,1749.6406369936087,0.9971620117572,120.0
7858,1749.642025860452,0.99686393094594,120.0
7859,1749.6434147272955,0.99712901568871,120.0
7860,1749.6448035941387,0.99718471151371,120.0
7861,1749.6461924609823,0.99677950159848,120.0
7862,1749.6475813275931,0.99755512991935,120.0
7863,1749.6489701944363,0.99738754034419,120.0
7864,1749.65035906128,0.99725910220983,120.0
7865,1749.6517479281233,0.99684501664547,120.0
7866,1749.6531367949667,0.99719091308767,120.0
7867,1749.6545256618103,0.99615224310116,120.0
7868,1749.6559145284202,0.99735532432966,120.0
7869,1749.6573033952627,0.996809862839,120.0
7870,1749.6586922621063,0.99703710651145,120.0
7871,1749.6600811289495,0.99748342363995,120.0
7872,1749.6614699957931,0.99706245275407,120.0
7873,1749.6628588626363,0.99719074613277,120.0
7874,1749.664247729247,0.99670886324467,120.0
7875,1749.6656365960907,0.99771400387024,120.0
7876,1749.667025462934,0.9965215998326,120.0
7877,1749.6684143297782,0.99740513352929,120.0
7878,1749.6698031966223,0.99773320228346,120.0
7879,1749.671192063466,0.99619408132415,120.0
7880,1749.6725809300767,0.99814419964609,120.0
7881,1749.67396979692,0.99695277129387,120.0
7882,1749.6753586637626,0.99725529858522,120.0
7883,1749.6767475306056,0.99716542174428,120.0
7884,1749.6781363974487,0.99632386806987,120.0
7885,1749.6795252642924,0.99671857257324,120.0
7886,1749.6809141309027,0.99771126603583,120.0
7887,1749.6823029977463,0.99679906249312,120.0
7888,1749.68369186459,0.99622992714517,120.0
7889,1749.6850807314331,0.99669003813084,120.0
7890,1749.6864695982767,0.99731208889902,120.0
7891,1749.6878584648873,0.9974108599913,120.0
7892,1749.6892473317307,0.99655302159138,120.0
7893,1749.6906361985743,0.99706414611704,120.0
7894,1749.6920250654175,0.99743884755596,120.0
7895,1749.6934139322611,0.99722552270341,120.0
7896,1749.694802799104,0.9974454882866,120.0
7897,1749.696191665714,0.99663508671088,120.0
7898,1749.6975805325576,0.99615100026646,120.0
7899,1749.6989693994008,0.99629565498379,120.0
7900,1749.7003582662444,0.99704233792274,120.0
7901,1749.7017471330876,0.99774850347902,120.0
7902,1749.7031359999312,0.99678328541691,120.0
7903,1749.704524866542,0.99731545889185,120.0
7904,1749.7059137333852,0.99718378363952,120.0
7905,1749.7073026002288,0.99692017241078,120.0
7906,1749.708691467072,0.99798116268854,120.0
7907,1749.7100803339156,0.99769908216684,120.0
7908,1749.7114692007592,0.99741509062245,120.0
7909,1749.7128580673696,0.99736555503122,120.0
7910,1749.7142469342123,0.99704580106614,120.0
7911,1749.7156358010548,0.99668263491212,120.0
7912,1749.7170246678986,0.99767418223054,120.0
7913,1749.7184135347422,0.99776224298351,120.0
7914,1749.7198024013524,0.99731529246502,120.0
7915,1749.7211912681962,0.99706063177602,120.0
7916,1749.7225801350396,0.99776072137773,120.0
7917,1749.723969001883,0.99717276057605,120.0
7918,1749.7253578687266,0.99747065680934,120.0
7919,1749.7267467355698,0.9971479926916,120.0
7920,1749.7281356021806,0.99719329421027,120.0
7921,1749.729524469024,0.99699525717002,120.0
7922,1749.7309133358674,0.99714618457321,120.0
7923,1749.732302202711,0.99770775012552,120.0
7924,1749.7336910695535,0.99618900631453,120.0
7925,1749.7350799361636,0.99767323462406,120.0
7926,1749.736468803007,0.99713236306256,120.0
7927,1749.7378576698504,0.99755558752782,120.0
7928,1749.739246536694,0.99713918704521,120.0
7929,1749.7406354035372,0.99658740240424,120.0
7930,1749.742024270148,0.99761340138562,120.0
7931,1749.7434131369916,0.9977160394389,120.0
7932,1749.7448020038348,0.99679648032702,120.0
7933,1749.7461908706784,0.99615716298465,120.0
7934,1749.7475797375216,0.99685740008955,120.0
7935,1749.7489686041324,0.99713062988638,120.0
7936,1749.750357470976,0.99649751384568,120.0
7937,1749.7517463378192,0.99637865374515,120.0
7938,1749.753135204662,0.9969322763382,120.0
7939,1749.7545240712718,0.99648312796084,120.0
7940,1749.7559129381154,0.99667812315917,120.0
7941,1749.757301804959,0.99687925941835,120.0
7942,1749.7586906718022,0.99731574048981,120.0
7943,1749.7600795386463,0.99762652412619,120.0
7944,1749.7614684052578,0.99683088713766,120.0
7945,1749.7628572721012,0.99652457661624,120.0
7946,1749.7642461389448,0.99765043081975,120.0
7947,1749.765635005788,0.99600715221532,120.0
7948,1749.7670238723988,0.99698617027299,120.0
7949,1749.768412739242,0.99663675524637,120.0
7950,1749.7698016060856,0.99705066780439,120.0
7951,1749.7711904729292,0.99700820063293,120.0
7952,1749.772579339539,0.99704230583621,120.0
7953,1749.7739682063818,0.99833421103089,120.0
7954,1749.7753570732252,0.99680673807396,120.0
7955,1749.7767459400686,0.99743402040474,120.0
7956,1749.7781348066794,0.99717899343395,120.0
7957,1749.7795236735224,0.99708350311278,120.0
7958,1749.7809125403662,0.9955692137135,120.0
7959,1749.7823014072098,0.99652872706843,120.0
7960,1749.78369027382,0.99685446530213,120.0
7961,1749.7850791406638,0.99730828587859,120.0
7962,1749.7864680075068,0.99622031610447,120.0
7963,1749.7878568743506,0.99698825429612,120.0
7964,1749.7892457409614,0.99624317674121,120.0
7965,1749.7906346078043,0.99672134069797,120.0
7966,1749.7920234746473,0.99663818293831,120.0
7967,1749.79341234149,0.99752784670291,120.0
7968,1749.7948012081008,0.99785673165831,120.0
7969,1749.7961900749444,0.99687563849338,120.0
7970,1749.7975789417876,0.99679922972653,120.0
7971,1749.7989678086312,0.99646081618442,120.0
7972,1749.8003566752418,0.99629768760031,120.0
7973,1749.8017455420852,0.99702253716706,120.0
7974,1749.8031344089288,0.99641897187544,120.0
7975,1749.8045232755392,0.99647760289954,120.0
7976,1749.8059121423828,0.99577998414978,120.0
7977,1749.807301009226,0.9972766697669,120.0
7978,1749.8086898758368,0.99590760854138,120.0
7979,1749.8100787426804,0.99686989142063,120.0
7980,1749.811467609523,0.99624021865877,120.0
7981,1749.8128564763658,0.99677446388442,120.0
7982,1749.8142453429764,0.99613583816918,120.0
7983,1749.8156342098196,0.99639210535664,120.0
7984,1749.8170230766634,0.99653729894721,120.0
7985,1749.8184119432735,0.9966744042192,120.0
7986,1749.8198008101172,0.99724342920521,120.0
7987,1749.821189676961,0.99646672010238,120.0
7988,1749.8225785435711,0.99621965508916,120.0
7989,1749.8239674104148,0.99694706069497,120.0
7990,1749.825356277258,0.99655951463321,120.0
7991,1749.8267451438687,0.99699940529475,120.0
7992,1749.8281340107123,0.99753768995061,120.0
7993,1749.8295228775555,0.9970053707637,120.0
7994,1749.8309117441656,0.99655205984572,120.0
7995,1749.8323006110083,0.9970307711908,120.0
7996,1749.833689477852,0.99672205155694,120.0
7997,1749.8350783444628,0.9977361810501,120.0
7998,1749.836467211306,0.99660775181362,120.0
7999,1749.8378560779167,0.99738570704704,120.0
8000,1749.83924494476,0.99739396445862,120.0
8001,1749.8406338116035,0.99657935024193,120.0
8002,1749.8420226782143,0.99880718114585,120.0
8003,1749.8434115450575,0.99655643850189,120.0
8004,1749.8448004119011,0.99815776955165,120.0
8005,1749.8461892785117,0.99742895512593,120.0
8006,1749.847578145355,0.99645542285742,120.0
8007,1749.848967011966,0.99667074929883,120.0
8008,1749.8503558788086,0.99682806273028,120.0
8009,1749.8517447456516,0.99752955542682,120.0
8010,1749.8531336122633,0.9978736636447,120.0
8011,1749.8545224791067,0.99648016302795,120.0
8012,1749.8559113457175,0.9969821407003,120.0
8013,1749.8573002125606,0.99761454913635,120.0
8014,1749.8586890794043,0.99760975885306,120.0
8015,1749.860077946015,0.99698211962677,120.0
8016,1749.8614668128582,0.99722179670951,120.0
8017,1749.862855679469,0.99739986642175,120.0
8018,1749.864244546312,0.99746755432664,120.0
8019,1749.8656334129228,0.99824515642297,120.0
8020,1749.8670222797666,0.99696707990121,120.0
8021,1749.8684111466096,0.99775776347998,120.0
8022,1749.8698000132197,0.99698499640456,120.0
8023,1749.8711888800624,0.99708586204094,120.0
8024,1749.8725777466732,0.99700834411024,120.0
8025,1749.8739666135168,0.99796789216489,120.0
8026,1749.8753554801272,0.99762199436659,120.0
8027,1749.8767443469708,0.99762936392938,120.0
8028,1749.8781332135811,0.99780857401501,120.0
8029,1749.8795220804247,0.99746772205045,120.0
8030,1749.8809109470355,0.99676944063992,120.0
8031,1749.8822998138787,0.9968868122129,120.0
8032,1749.8836886804895,0.99838560707961,120.0
8033,1749.885077547333,0.99839272820723,120.0
8034,1749.8864664139435,0.99761616525066,120.0
8035,1749.887855280787,0.99773974031824,120.0
8036,1749.8892441473974,0.99760500072646,120.0
8037,1749.89063301424,0.99853325453915,120.0
8038,1749.8920218808503,0.99728905123808,120.0
8039,1749.8934107476937,0.99758419548802,120.0
8040,1749.8947996143045,0.9972088880463,120.0
8041,1749.8961884811476,0.99837618758892,120.0
8042,1749.8975773477584,0.99672478739982,120.0
8043,1749.898966214602,0.99667143188032,120.0
8044,1749.9003550812124,0.99757062006709,120.0
8045,1749.9017439478232,0.99782785176127,120.0
8046,1749.9031328146664,0.99719657719449,120.0
8047,1749.9045216812772,0.99784836130739,120.0
8048,1749.9059105481208,0.99684919834311,120.0
8049,1749.9072994147311,0.99771976635647,120.0
8050,1749.9086882815748,0.99742309670873,120.0
8051,1749.9100771481847,0.99783170523098,120.0
8052,1749.9114660147943,0.99715502846565,120.0
8053,1749.912854881638,0.99769764370371,120.0
8054,1749.9142437482485,0.99754662547397,120.0
8055,1749.915632615092,0.99716680846611,120.0
8056,1749.9170214817027,0.99753206539338,120.0
8057,1749.9184103483133,0.99760281405899,120.0
8058,1749.919799215157,0.99676955093223,120.0
8059,1749.9211880817672,0.99735985453653,120.0
8060,1749.922576948378,0.99737329740898,120.0
8061,1749.9239658152214,0.99670564303691,120.0
8062,1749.925354681832,0.99653576001645,120.0
8063,1749.9267435486756,0.99826678400528,120.0
8064,1749.928132415286,0.99785290937248,120.0
8065,1749.9295212818959,0.99773912080539,120.0
8066,1749.9309101487388,0.99805943691652,120.0
8067,1749.9322990153491,0.9976362598973,120.0
8068,1749.93368788196,0.99668715135898,120.0
8069,1749.9350767485705,0.99687636624057,120.0
8070,1749.936465615414,0.99830409887638,120.0
8071,1749.9378544820247,0.99722737732297,120.0
8072,1749.9392433486353,0.99706019706286,120.0
8073,1749.940632215479,0.99739457529488,120.0
8074,1749.9420210820892,0.99774353736261,120.0
8075,1749.9434099487007,0.99731544698137,120.0
8076,1749.944798815545,0.99755455056754,120.0
8077,1749.9461876821551,0.99725782249203,120.0
8078,1749.947576548766,0.99818732254278,120.0
8079,1749.948965415376,0.99744878629368,120.0
8080,1749.9503542822188,0.9991137405935,120.0
8081,1749.9517431488296,0.99677586561741,120.0
8082,1749.95313201544,0.99656060048626,120.0
8083,1749.9545208820507,0.99742599977646,120.0
8084,1749.9559097486613,0.99646910125697,120.0
8085,1749.9572986155047,0.99701257277397,120.0
8086,1749.9586874821155,0.99699657933475,120.0
8087,1749.9600763487258,0.99712893173978,120.0
8088,1749.9614652153366,0.99712443579862,120.0
8089,1749.9628540819472,0.9975796692902,120.0
8090,1749.9642429487903,0.99756031743108,120.0
8091,1749.9656318154011,0.99753065606148,120.0
8092,1749.9670206820117,0.99790549904935,120.0
8093,1749.9684095486225,0.99680803013288,120.0
8094,1749.9697984152324,0.99809048386228,120.0
8095,1749.9711872818423,0.99758846482994,120.0
8096,1749.972576148686,0.99758989325041,120.0
8097,1749.9739650152962,0.99811247011927,120.0
8098,1749.975353881907,0.99746635776677,120.0
8099,1749.9767427485178,0.9975039279033,120.0
8100,1749.978131615128,0.99810538342323,120.0
8101,1749.9795204817387,0.9979389871849,120.0
8102,1749.980909348349,0.99685097773811,120.0
8103,1749.98229821496,0.99661490933469,120.0
8104,1749.983687081571,0.99696323204301,120.0
8105,1749.9850759481812,0.99788847100819,120.0
8106,1749.986464814792,0.99771297883748,120.0
8107,1749.9878536816352,0.99834552887445,120.0
8108,1749.989242548245,0.99798308710511,120.0
8109,1749.9906314148554,0.99769084397608,120.0
8110,1749.9920202814656,0.99699536555086,120.0
8111,1749.9934091480764,0.9972461030566,120.0
8112,1749.9947980146871,0.99773996090858,120.0
8113,1749.9961868812975,0.99732535811925,120.0
8114,1749.9975757479085,0.99800196241336,120.0
8115,1749.9989646145189,0.99768281263709,120.0
8116,1750.0003534811297,0.99837176235347,120.0
8117,1750.0017423477402,0.99668437330657,120.0
8118,1750.0031312143508,0.9979411276907,120.0
8119,1750.0045200809616,0.99786852318829,120.0
8120,1750.005908947572,0.99728497903532,120.0
8121,1750.00729781395,0.99710423244933,120.0
8122,1750.0086866805595,0.99754663444935,120.0
8123,1750.0100755471697,0.99741301283269,120.0
8124,1750.0114644137805,0.99750399109351,120.0
8125,1750.0128532803908,0.99762929807728,120.0
8126,1750.0142421470016,0.99889693990996,120.0
8127,1750.0170198802227,0.99759621230026,120.0
8128,1750.0184087468335,0.99744762206186,120.0
8129,1750.0197976134439,0.99773412824012,120.0
8130,1750.0211864798218,0.99738924471381,120.0
8131,1750.0225753464326,0.99785763775293,120.0
8132,1750.0239642130427,0.99740238123736,120.0
8133,1750.0253530796535,0.99713835230017,120.0
8134,1750.026741946264,0.99770204444601,120.0
8135,1750.028130812875,0.99728331864262,120.0
8136,1750.029519679252,0.99744289484455,120.0
8137,1750.0309085458618,0.998389929619,120.0
8138,1750.0322974124726,0.99802821047529,120.0
8139,1750.0336862790828,0.99675832822519,120.0
8140,1750.0350751456945,0.99739156323307,120.0
8141,1750.036464012073,0.9974581519995,120.0
8142,1750.0378528786835,0.99718954659514,120.0
8143,1750.0392417452942,0.99811603949319,120.0
8144,1750.0406306119048,0.99753100811275,120.0
8145,1750.0420194782823,0.99681072633149,120.0
8146,1750.0434083448931,0.99768311935133,120.0
8147,1750.0447972115037,0.99825228073839,120.0
8148,1750.0461860778817,0.997612200887,120.0
8149,1750.0475749444925,0.99742989136942,120.0
8150,1750.0489638111023,0.99691496164398,120.0
8151,1750.0503526774794,0.99821857542094,120.0
8152,1750.0517415440895,0.99763268606965,120.0
8153,1750.0531304107003,0.99791533822804,120.0
8154,1750.0545192770785,0.99717032333821,120.0
8155,1750.0559081436888,0.99757153972844,120.0
8156,1750.0572970102996,0.99760662458248,120.0
8157,1750.0586858766771,0.99811276350793,120.0
8158,1750.060074743288,0.99933049307499,120.0
8159,1750.061463609666,0.99844544385499,120.0
8160,1750.0628524762762,0.99741978906538,120.0
8161,1750.064241342887,0.99683808830868,120.0
8162,1750.0656302092643,0.99756549734928,120.0
8163,1750.0670190758751,0.99812712133584,120.0
8164,1750.068407942253,0.99814961869365,120.0
8165,1750.0697968088632,0.9983783545281,120.0
8166,1750.0711856752403,0.99780556347,120.0
8167,1750.0725745418508,0.99795546823173,120.0
8168,1750.0739634082283,0.99791665560114,120.0
8169,1750.0753522748391,0.99796717643854,120.0
8170,1750.0767411412169,0.99818197702115,120.0
8171,1750.0781300078277,0.99837313060856,120.0
8172,1750.0795188742054,0.99756204747005,120.0
8173,1750.080907740816,0.99759039737668,120.0
8174,1750.082296607194,0.9966284235628,120.0
8175,1750.0836854735714,0.99852329821493,120.0
8176,1750.0850743401822,0.99807990026443,120.0
8177,1750.08646320656,0.99751492133013,120.0
8178,1750.0878520731703,0.99727323140717,120.0
8179,1750.0892409395476,0.99730158418278,120.0
8180,1750.0906298059247,0.99697464389234,120.0
8181,1750.0920186725355,0.99807315087975,120.0
8182,1750.0934075389132,0.99790015695441,120.0
8183,1750.0947964052907,0.99758838625151,120.0
8184,1750.0961852719015,0.99780200685044,120.0
8185,1750.0975741382792,0.99725184803416,120.0
8186,1750.0989630046572,0.99747690818231,120.0
8187,1750.100351871268,0.99763404400367,120.0
8188,1750.1017407376455,0.99773084560466,120.0
8189,1750.1031296040235,0.99786517693171,120.0
8190,1750.1045184704008,0.99740544116757,120.0
8191,1750.1059073370116,0.99750433182528,120.0
8192,1750.1072962033895,0.99867375646901,120.0
8193,1750.1086850697668,0.99727515493532,120.0
8194,1750.1100739361439,0.9983092042451,120.0
8195,1750.1114628025211,0.99821095257162,120.0
8196,1750.112851669132,0.99883497219136,120.0
8197,1750.11424053551,0.99677121003608,120.0
8198,1750.1156294018876,0.99790046082206,120.0
8199,1750.1170182682656,0.99759679795272,120.0
8200,1750.1184071346431,0.99895116291337,120.0
8201,1750.119796001021,0.99759065932407,120.0
8202,1750.121184867399,0.9978744190183,120.0
8203,1750.1225737337763,0.99762929261783,120.0
8204,1750.1239626003871,0.99855542232853,120.0
8205,1750.125351466765,0.99776621087687,120.0
8206,1750.1267403331435,0.99677822081856,120.0
8207,1750.128129199522,0.99748835390454,120.0
8208,1750.1295180658992,0.99691011893708,120.0
8209,1750.1309069322763,0.99746410879582,120.0
8210,1750.1322957986542,0.99726716955334,120.0
8211,1750.1336846650315,0.99763904072903,120.0
8212,1750.1350735314095,0.99864880072803,120.0
8213,1750.1364623977872,0.99752117543527,120.0
8214,1750.1378512641652,0.99734778387171,120.0
8215,1750.1392401303103,0.99782161056748,120.0
8216,1750.1406289966878,0.99840737900854,120.0
8217,1750.1420178630658,0.99769150305478,120.0
8218,1750.1434067294433,0.99796671759813,120.0
8219,1750.1447955958213,0.99703398870278,120.0
8220,1750.1461844621992,0.99788727425202,120.0
8221,1750.1475733285768,0.99798342397942,120.0
8222,1750.1489621949538,0.99817406662689,120.0
8223,1750.150351061098,0.99748713526577,120.0
8224,1750.151739927476,0.99837572000926,120.0
8225,1750.153128793854,0.99707826916466,120.0
8226,1750.1545176602315,0.99744665702929,120.0
8227,1750.1559065266094,0.99823063188482,120.0
8228,1750.1572953927543,0.9987413426237,120.0
8229,1750.158684259132,0.99763868264283,120.0
8230,1750.16007312551,0.99760556595286,120.0
8231,1750.1614619918876,0.99726761103992,120.0
8232,1750.1628508580327,0.99789896477836,120.0
8233,1750.1642397244104,0.99845713166611,120.0
8234,1750.165628590788,0.99786820625984,120.0
8235,1750.1670174569333,0.99854933617647,120.0
8236,1750.1684063233108,0.99866751135585,120.0
8237,1750.169795189455,0.99799935775645,120.0
8238,1750.1711840558323,0.99932320420011,120.0
8239,1750.17257292221,0.99832680360814,120.0
8240,1750.1739617883552,0.99798772747059,120.0
8241,1750.1753506547327,0.99746818479207,120.0
8242,1750.1767395208778,0.99822773764369,120.0
8243,1750.1781283872558,0.9984599581225,120.0
8244,1750.1795172534005,0.99916780150138,120.0
8245,1750.1809061197785,0.99862536944863,120.0
8246,1750.1822949859231,0.99777860590909,120.0
8247,1750.183683852301,0.99845460351224,120.0
8248,1750.1850727184462,0.99739302065775,120.0
8249,1750.1864615848235,0.99808513421694,120.0
8250,1750.189239317346,0.99902168623205,120.0
8251,1750.19062818349,0.99762417940699,120.0
8252,1750.1920170496353,0.99813536245957,120.0
8253,1750.1934059160128,0.99906573639165,120.0
8254,1750.194794782158,0.99875858188153,120.0
8255,1750.1961836483028,0.99862584805339,120.0
8256,1750.1975725146804,0.99846736127743,120.0
8257,1750.2003502469704,0.99845374559287,120.0
8258,1750.2017391131155,0.99785785437401,120.0
8259,1750.2031279794933,0.9980009147967,120.0
8260,1750.204516845638,0.99734812050415,120.0
8261,1750.205905711783,0.99837190659815,120.0
8262,1750.207294577928,0.99691611385708,120.0
8263,1750.2086834440731,0.99842177626029,120.0
8264,1750.21007231045,0.99854369624074,120.0
8265,1750.2114611765944,0.99821954217981,120.0
8266,1750.2128500427395,0.99933522869201,120.0
8267,1750.2142389088842,0.99800734044683,120.0
8268,1750.2156277750291,0.99800690145588,120.0
8269,1750.2170166411745,0.99679901500708,120.0
8270,1750.21840550732,0.99845334821087,120.0
8271,1750.2197943734657,0.99747994465415,120.0
8272,1750.2211832396104,0.99898860545804,120.0
8273,1750.2225721057555,0.99804045279347,120.0
8274,1750.2239609719006,0.99899385386669,120.0
8275,1750.2253498380453,0.99770580020004,120.0
8276,1750.2267387041904,0.99750327910806,120.0
8277,1750.2281275703351,0.99814802538151,120.0
8278,1750.2295164364803,0.99953902325684,120.0
8279,1750.2309053026245,0.99799179607436,120.0
8280,1750.2322941687687,0.99755880729223,120.0
8281,1750.2336830349138,0.99879212290939,120.0
8282,1750.2350719010587,0.99850653305617,120.0
8283,1750.2364607669708,0.99835512416339,120.0
8284,1750.237849633116,0.9974930000432,120.0
8285,1750.2392384992606,0.99835501887378,120.0
8286,1750.2406273654055,0.99827315801921,120.0
8287,1750.2420162313178,0.99761377658195,120.0
8288,1750.2434050974628,0.99879636427357,120.0
8289,1750.244793963608,0.99782899806159,120.0
8290,1750.2461828297523,0.99789827490608,120.0
8291,1750.2475716956649,0.99822586463841,120.0
8292,1750.24896056181,0.99859792766326,120.0
8293,1750.2503494279542,0.99859633627426,120.0
8294,1750.2517382938656,0.99963430484292,120.0
8295,1750.2531271600103,0.99798315173536,120.0
8296,1750.2545160259226,0.99900607254987,120.0
8297,1750.2559048920675,0.9979681366701,120.0
8298,1750.2572937579796,0.99807273196311,120.0
8299,1750.2586826241247,0.99875226929909,120.0
8300,1750.2600714902694,0.99805125388544,120.0
8301,1750.2614603561815,0.99893348639446,120.0
8302,1750.262849222094,0.99819947493734,120.0
8303,1750.2642380882387,0.99761986032375,120.0
8304,1750.265626954151,0.9999330878225,120.0
8305,1750.267015820296,0.99817316160947,120.0
8306,1750.268404686208,0.99869040010073,120.0
8307,1750.2697935521203,0.99833826464802,120.0
8308,1750.2711824182643,0.99873608497938,120.0
8309,1750.272571284176,0.99839692770417,120.0
8310,1750.273960150088,0.99823137464352,120.0
8311,1750.275349016233,0.99829774610801,120.0
8312,1750.2767378821452,0.99896934188231,120.0
8313,1750.278126748057,0.99866703920635,120.0
8314,1750.2795156139691,0.99878140221819,120.0
8315,1750.2809044801143,0.99904277447551,120.0
8316,1750.2822933460263,0.99892119030513,120.0
8317,1750.2836822119386,0.99839648369348,120.0
8318,1750.2850710778505,0.99841818775493,120.0
8319,1750.2864599437628,0.99796799969403,120.0
8320,1750.2878488096749,0.99856458774886,120.0
8321,1750.2892376755867,0.99899671909466,120.0
8322,1750.2906265414993,0.99907696167424,120.0
8323,1750.2920154074106,0.99860076405936,120.0
8324,1750.293404273322,0.9985262980305,120.0
8325,1750.2947931392343,0.99950163893562,120.0
8326,1750.296182005146,0.99789209654163,120.0
8327,1750.2975708710585,0.99807345345257,120.0
8328,1750.2989597369703,0.99837583084472,120.0
8329,1750.3003486028827,0.99832266669002,120.0
8330,1750.3017374687947,0.99891286912452,120.0
8331,1750.3031263347068,0.99810990305551,120.0
8332,1750.304515200619,0.99796659762503,120.0
8333,1750.3059040665307,0.9983867440289,120.0
8334,1750.3072929322104,0.99895934555189,120.0
8335,1750.3086817981227,0.99821504997205,120.0
8336,1750.3100706640355,1.00023408555107,120.0
8337,1750.3114595299471,0.99891733673238,120.0
8338,1750.3142372615382,0.99972404488653,120.0
8339,1750.3156261274503,0.99909495381821,120.0
8340,1750.3170149931295,0.99822722653327,120.0
8341,1750.3184038590418,0.99843476983634,120.0
8342,1750.319792724721,0.99826532142984,120.0
8343,1750.3211815906332,0.99899506802468,120.0
8344,1750.3225704563126,0.99878975541216,120.0
8345,1750.3239593222245,0.99879393720934,120.0
8346,1750.325348187904,0.99877389976068,120.0
8347,1750.3267370538163,0.99909157307107,120.0
8348,1750.3281259194953,0.99990377176517,120.0
8349,1750.3295147854076,0.99949030832164,120.0
8350,1750.3309036510866,0.99831494311371,120.0
8351,1750.3322925167652,0.99778588949716,120.0
8352,1750.333681382677,0.99862065312989,120.0
8353,1750.335070248356,0.99976529453958,120.0
8354,1750.3364591140355,0.99778671061604,120.0
8355,1750.3378479799471,0.99909472537851,120.0
8356,1750.3392368456268,0.99926693641588,120.0
8357,1750.3406257113063,0.99833197368639,120.0
8358,1750.342014576985,0.99894091960188,120.0
8359,1750.3434034426648,0.99888254085614,120.0
8360,1750.3447923085769,0.99841582205198,120.0
8361,1750.346181174256,0.99882534664558,120.0
8362,1750.3475700399356,0.99906703629887,120.0
8363,1750.3489589056146,0.99859165724066,120.0
8364,1750.350347771294,0.99831815169173,120.0
8365,1750.351736636973,0.99925235669094,120.0
8366,1750.353125502652,0.99887140606627,120.0
8367,1751.653100521806,1.00413681476993,120.0
8368,1751.654489383993,1.00428490450282,120.0
8369,1751.65587824618,1.00307852533669,120.0
8370,1751.6572671083663,1.00373115320505,120.0
8371,1751.6586559705536,1.00456089510022,120.0
8372,1751.6600448329732,1.00369299276872,120.0
8373,1751.66143369516,1.00480783802194,120.0
8374,1751.662822557347,1.00461086848047,120.0
8375,1751.6642114195336,1.00408771439205,120.0
8376,1751.6656002819534,1.00458700239214,120.0
8377,1751.66698914414,1.00411816140327,120.0
8378,1751.6683780063267,1.00367220974668,120.0
8379,1751.6697668687468,1.00431479690433,120.0
8380,1751.6711557309332,1.00443412367089,120.0
8381,1751.6725445933532,1.00360562113102,120.0
8382,1751.673933455539,1.0044134009704,120.0
8383,1751.6753223179583,1.00444581505555,120.0
8384,1751.6767111801453,1.00438194416773,120.0
8385,1751.6781000425647,1.0042259887611,120.0
8386,1751.6794889047517,1.00422723574206,120.0
8387,1751.6808777671715,1.00396750390184,120.0
8388,1751.682266629591,1.00412879216739,120.0
8389,1751.6836554920112,1.00355599616479,120.0
8390,1751.6850443541987,1.00495566450117,120.0
8391,1751.6864332166183,1.00347918994546,120.0
8392,1751.6878220790384,1.00413872390491,120.0
8393,1751.6892109414575,1.00424248540818,120.0
8394,1751.6905998038776,1.00500883629575,120.0
8395,1751.6919886662972,1.00415401198518,120.0
8396,1751.693377528484,1.00429265727927,120.0
8397,1751.6947663909039,1.00481922482042,120.0
8398,1751.6961552533232,1.00399041223771,120.0
8399,1751.697544115742,1.00410258751584,120.0
8400,1751.698932978394,1.00451709067947,120.0
8401,1751.7003218408136,1.00417300319548,120.0
8402,1751.7017107032336,1.00477278858334,120.0
8403,1751.703099565653,1.00425242277805,120.0
8404,1751.7044884280729,1.0038752990284,120.0
8405,1751.7058772904925,1.00458830862754,120.0
8406,1751.7072661531447,1.00462145853634,120.0
8407,1751.7086550155648,1.00408680251364,120.0
8408,1751.710043877984,1.00447668153483,120.0
8409,1751.7114327406368,1.00497864866748,120.0
8410,1751.7128216030567,1.00407323490151,120.0
8411,1751.714210465476,1.00349351027178,120.0
8412,1751.7155993281287,1.0045944663019,120.0
8413,1751.716988190548,1.00429015385342,120.0
8414,1751.7183770532008,1.00438985017396,120.0
8415,1751.7197659158523,1.00458993823171,120.0
8416,1751.7211547782715,1.00434100973321,120.0
8417,1751.722543640924,1.00432311491227,120.0
8418,1751.7239325033436,1.0041222833693,120.0
8419,1751.7253213659963,1.0048160083066,120.0
8420,1751.7267102286487,1.00457470129023,120.0
8421,1751.7280990913011,1.00438020122128,120.0
8422,1751.7294879537208,1.00382172317119,120.0
8423,1751.7308768163734,1.00380026293915,120.0
8424,1751.7322656790259,1.00428734020079,120.0
8425,1751.7336545416783,1.00354453198167,120.0
8426,1751.7350434043308,1.00499662254166,120.0
8427,1751.7364322669835,1.00410274546439,120.0
8428,1751.737821129636,1.0043669241819,120.0
8429,1751.7392099922884,1.00436136142434,120.0
8430,1751.740598854941,1.00479745106446,120.0
8431,1751.7419877175932,1.00396899660149,120.0
8432,1751.743376580245,1.00505616352267,120.0
8433,1751.744765442897,1.00357601750266,120.0
8434,1751.7461543055495,1.00448661101264,120.0
8435,1751.747543168202,1.00438601204783,120.0
8436,1751.7489320310872,1.00368060238143,120.0
8437,1751.7503208937399,1.00476907494007,120.0
8438,1751.7517097563923,1.00439164846409,120.0
8439,1751.7530986190447,1.00434123827599,120.0
8440,1751.7544874819303,1.0044834507603,120.0
8441,1751.7558763445825,1.00448816902498,120.0
8442,1751.757265207468,1.00495968259495,120.0
8443,1751.7586540701207,1.00412357892778,120.0
8444,1751.7614317956584,1.00370986490727,120.0
8445,1751.764209521196,1.00496635040798,120.0
8446,1751.7655983840816,1.00356930883287,120.0
8447,1751.7711538351557,1.00473666420691,120.0
8448,1751.7725426980412,1.00394604137612,120.0
8449,1751.7739315609272,1.00401594800479,120.0
8450,1751.7753204238131,1.0043647443048,120.0
8451,1751.7767092866984,1.00515188991968,120.0
8452,1751.7780981495837,1.00415750293629,120.0
8453,1751.7794870124692,1.00518029196628,120.0
8454,1751.7808758751214,1.00537545858756,120.0
8455,1751.7822647380067,1.00457739059732,120.0
8456,1751.783653600892,1.00408413056568,120.0
8457,1751.7850424640103,1.00486792807739,120.0
8458,1751.7864313268958,1.00377421839326,120.0
8459,1751.7878201897809,1.00450204167566,120.0
8460,1751.7892090526657,1.00463370327034,120.0
8461,1751.7905979155505,1.00326274770781,120.0
8462,1751.7919867784356,1.00398756909522,120.0
8463,1751.793375641321,1.00453176846374,120.0
8464,1751.7947645044387,1.00367415100926,120.0
8465,1751.7961533673245,1.00429069238407,120.0
8466,1751.79754223021,1.00420574363792,120.0
8467,1751.7989310933278,1.00446689792162,120.0
8468,1751.8003199562131,1.00438051265624,120.0
8469,1751.8017088193312,1.00513549767838,120.0
8470,1751.8030976822167,1.00372389598005,120.0
8471,1751.8044865451022,1.00452615726446,120.0
8472,1751.80587540822,1.00510448852593,120.0
8473,1751.8072642713385,1.00431604710622,120.0
8474,1751.8086531342235,1.0046406168165,120.0
8475,1751.8100419973418,1.00455474096075,120.0
8476,1751.8114308602271,1.00407054840232,120.0
8477,1751.8128197233448,1.00418925335255,120.0
8478,1751.8142085864622,1.00489412768043,120.0
8479,1751.8155974493475,1.00498941188392,120.0
8480,1751.8169863124656,1.00430374616741,120.0
8481,1751.818375175584,1.00410691563022,120.0
8482,1751.8197640387018,1.00420511449595,120.0
8483,1751.82115290182,1.00548621749973,120.0
8484,1751.8225417649383,1.00520595777114,120.0
8485,1751.8239306280564,1.00505011886467,120.0
8486,1751.8253194911747,1.00477625731421,120.0
8487,1751.8267083540595,1.00531745095169,120.0
8488,1751.8280972174107,1.00516507894197,120.0
8489,1751.8294860805293,1.00442888332011,120.0
8490,1751.8308749436471,1.0046160788254,120.0
8491,1751.8322638067655,1.00478574517915,120.0
8492,1751.8336526698831,1.00548027475672,120.0
8493,1751.8350415330017,1.00469200058794,120.0
8494,1751.836430396119,1.00424359263814,120.0
8495,1751.8378192592363,1.00449589910708,120.0
8496,1751.841985848824,1.00468144449103,120.0
8497,1751.843374712175,1.00447721150049,120.0
8498,1751.8447635752927,1.00445206649977,120.0
8499,1751.846152438644,1.00501068098111,120.0
8500,1751.8475413017622,1.00483595210334,120.0
8501,1751.8489301648804,1.00469455046838,120.0
8502,1751.8503190282315,1.00487154593585,120.0
8503,1751.8517078915822,1.00470637926409,120.0
8504,1751.8530967547003,1.00456594403608,120.0
8505,1751.8544856180515,1.00485687877119,120.0
8506,1751.8558744811696,1.00489137359238,120.0
8507,1751.8572633445208,1.00438087136735,120.0
8508,1751.8586522078715,1.00526008060836,120.0
8509,1751.8600410709887,1.00433381567796,120.0
8510,1751.8614299343394,1.00483284054145,120.0
8511,1751.8628187976904,1.00466554936147,120.0
8512,1751.8642076610415,1.00512959274821,120.0
8513,1751.8655965243922,1.0047923635404,120.0
8514,1751.8669853875112,1.00453029692503,120.0
8515,1751.868374250863,1.00424420424289,120.0
8516,1751.8697631142138,1.00556124086602,120.0
8517,1751.8711519775648,1.00347430606742,120.0
8518,1751.8725408409157,1.00549762336212,120.0
8519,1751.8739297042669,1.00504824871921,120.0
8520,1751.875318567618,1.00473093752537,120.0
8521,1751.8767074309687,1.00465272192365,120.0
8522,1751.8780962945527,1.00471151454447,120.0
8523,1751.8794851579037,1.00474018757231,120.0
8524,1751.8808740212546,1.00502107106127,120.0
8525,1751.8822628846056,1.00451978517816,120.0
8526,1751.883651747956,1.00450901816458,120.0
8527,1751.8850406115391,1.00527398979095,120.0
8528,1751.88642947489,1.00489576444328,120.0
8529,1751.887818338241,1.00435717042729,120.0
8530,1751.889207201825,1.00445920792873,120.0
8531,1751.8905960651755,1.00467377957301,120.0
8532,1751.8919849285269,1.00443312892295,120.0
8533,1751.8933737921107,1.00501240819255,120.0
8534,1751.8947626554616,1.00472396567425,120.0
8535,1751.8961515190456,1.00538518171922,120.0
8536,1751.8989292459803,1.00444723474959,120.0
8537,1751.9003181095643,1.00495633786352,120.0
8538,1751.901706972915,1.00437837240391,120.0
8539,1751.903095836499,1.00453003112026,120.0
8540,1751.9044847000823,1.00526051877771,120.0
8541,1751.905873563433,1.00391039007042,120.0
8542,1751.9072624270163,1.00468308741181,120.0
8543,1751.9086512906,1.00533882761547,120.0
8544,1751.910040154184,1.00491007385431,120.0
8545,1751.9114290177674,1.00460754773929,120.0
8546,1751.9128178811186,1.00416648883737,120.0
8547,1751.9142067447026,1.00460594104632,120.0
8548,1751.915595608286,1.00507450414352,120.0
8549,1751.91698447187,1.00345299356961,120.0
8550,1751.918373335454,1.00526089196534,120.0
8551,1751.9197621990377,1.00483877404082,120.0
8552,1751.9211510626217,1.00558362913473,120.0
8553,1751.9225399262052,1.0045148010024,120.0
8554,1751.923928790022,1.00529108672666,120.0
8555,1751.9253176536058,1.00464393742447,120.0
8556,1751.9267065171896,1.00464857336023,120.0
8557,1751.9280953807736,1.00619869662329,120.0
8558,1751.9294842443567,1.00478792911875,120.0
8559,1751.9308731081724,1.00480818000581,120.0
8560,1751.9322619717564,1.00516825332158,120.0
8561,1751.93365083534,1.00549524506669,120.0
8562,1751.935039698924,1.00587527584665,120.0
8563,1751.9364285627405,1.00521860136788,120.0
8564,1751.9378174263245,1.00472307768179,120.0
8565,1751.939206290141,1.00587360316126,120.0
8566,1751.9405951537249,1.00659096646378,120.0
8567,1751.9419840175417,1.00527363744584,120.0
8568,1751.9433728811252,1.00492282603049,120.0
8569,1751.944761744942,1.00560670216444,120.0
8570,1751.946150608526,1.00472993799581,120.0
8571,1751.9475394723424,1.00508117588216,120.0
8572,1751.9489283361593,1.00460211763777,120.0
8573,1751.9503171997428,1.00500330669444,120.0
8574,1751.9517060635596,1.00563935944259,120.0
8575,1751.9530949273756,1.00555947231315,120.0
8576,1751.9544837911915,1.00516717902152,120.0
8577,1751.9558726547755,1.00512140804246,120.0
8578,1751.9572615185928,1.00560535133789,120.0
8579,1751.95865038241,1.00511298079109,120.0
8580,1751.9600392462269,1.00541159592361,120.0
8581,1751.9614281100432,1.00461014533673,120.0
8582,1751.96281697386,1.00418266210268,120.0
8583,1751.9642058376767,1.00489700315029,120.0
8584,1751.9655947014933,1.00463384376859,120.0
8585,1751.96698356531,1.0057511504624,120.0
8586,1751.9683724291265,1.00477782804647,120.0
8587,1751.9697612929433,1.00564564314071,120.0
8588,1751.97115015676,1.00592276103001,120.0
8589,1751.9725390205765,1.00532897301285,120.0
8590,1751.973927884393,1.00491087482381,120.0
8591,1751.9753167482097,1.00486973230063,120.0
8592,1751.9767056122587,1.00489380643903,120.0
8593,1751.9780944760748,1.0047074718653,120.0
8594,1751.9794833398912,1.00531266920446,120.0
8595,1751.9808722039409,1.00482738911803,120.0
8596,1751.9822610677572,1.00501847887624,120.0
8597,1751.983649931574,1.00522438569417,120.0
8598,1751.9850387956235,1.00537996442852,120.0
8599,1751.98642765944,1.00561765498138,120.0
8600,1751.9878165234895,1.00520299315675,120.0
8601,1751.989205387306,1.00525461278444,120.0
8602,1751.9905942513556,1.00517328098988,120.0
8603,1751.9919831151726,1.00575035524078,120.0
8604,1751.9933719792218,1.00575274465925,120.0
8605,1751.9947608430386,1.00554971552113,120.0
8606,1751.996149707088,1.005396544575,120.0
8607,1751.9975385711375,1.00556065206275,120.0
8608,1751.9989274349543,1.00555840702554,120.0
8609,1752.000316299003,1.0064719028445,120.0
8610,1752.0017051630518,1.00582748699831,120.0
8611,1752.0030940271013,1.00529563358269,120.0
8612,1752.0044828909179,1.00625292858154,120.0
8613,1752.0058717549675,1.00593371709783,120.0
8614,1752.0072606190167,1.00501469326371,120.0
8615,1752.0086494830664,1.00556077984327,120.0
8616,1752.0114272111653,1.00545308178034,120.0
8617,1752.0128160752147,1.00486972823273,120.0
8618,1752.014204939264,1.00548945445431,120.0
8619,1752.0155938033135,1.0051457740129,120.0
8620,1752.0169826673634,1.00499071164704,120.0
8621,1752.0183715314126,1.00522737936359,120.0
8622,1752.0197603954623,1.00559067386343,120.0
8623,1752.0211492595115,1.00527057938165,120.0
8624,1752.022538123794,1.00551196866505,120.0
8625,1752.0239269878437,1.00559073865339,120.0
8626,1752.0253158518924,1.00529429892169,120.0
8627,1752.0267047159412,1.00593656717391,120.0
8628,1752.0280935802232,1.00522152614891,120.0
8629,1752.0294824442728,1.00479295110387,120.0
8630,1752.0308713083225,1.00557015455847,120.0
8631,1752.0322601726043,1.0049899246429,120.0
8632,1752.0336490366542,1.00619270241456,120.0
8633,1752.0350379007036,1.00554041911939,120.0
8634,1752.036426764986,1.00538338214408,120.0
8635,1752.0378156290355,1.00623758750584,120.0
8636,1752.0392044933176,1.00640769149157,120.0
8637,1752.0405933573672,1.00590974880006,120.0
8638,1752.0419822216495,1.00520496431409,120.0
8639,1752.0433710859315,1.00506217599829,120.0
8640,1752.0447599499814,1.00512440677113,120.0
8641,1752.0461488142635,1.00635081619538,120.0
8642,1752.047537678546,1.00542145873634,120.0
8643,1752.0489265425952,1.00490983563703,120.0
8644,1752.0503154068776,1.00552463577097,120.0
8645,1752.05170427116,1.00625302815212,120.0
8646,1752.053093135442,1.00774915722245,120.0
8647,1752.0544819994918,1.00536824323447,120.0
8648,1752.0558708637743,1.00595187827709,120.0
8649,1752.0572597280564,1.00639865704493,120.0
8650,1752.0586485923388,1.00622192769266,120.0
8651,1752.0600374566209,1.0055645999339,120.0
8652,1752.0614263209031,1.0065595828887,120.0
8653,1752.0628151851859,1.0052437203511,120.0
8654,1752.064204049468,1.00558720695661,120.0
8655,1752.0655929137504,1.00529205027118,120.0
8656,1752.0669817780326,1.00607055211702,120.0
8657,1752.0697595065972,1.00542240187328,120.0
8658,1752.0711483711123,1.00554379357126,120.0
8659,1752.0739260996756,1.00546891959202,120.0
8660,1752.075314963958,1.00606076000463,120.0
8661,1752.0767038282404,1.00538877846891,120.0
8662,1752.0780926927553,1.00525372908191,120.0
8663,1752.0794815570375,1.00540680894077,120.0
8664,1752.08087042132,1.006223478357,120.0
8665,1752.082259285835,1.00567658307629,120.0
8666,1752.0836481501176,1.00526877763611,120.0
8667,1752.0850370146325,1.00648735466742,120.0
8668,1752.0864258789147,1.00516938638478,120.0
8669,1752.0878147434303,1.0063326210305,120.0
8670,1752.0892036077123,1.00678412275381,120.0
8671,1752.0905924722276,1.00523068240885,120.0
8672,1752.0919813365097,1.00558986186824,120.0
8673,1752.0933702010248,1.00506733210583,120.0
8674,1752.0947590655403,1.00590622875316,120.0
8675,1752.0975367943363,1.00620638894277,120.0
8676,1752.0989256588512,1.00503260244823,120.0
8677,1752.1003145231336,1.00586132766235,120.0
8678,1752.1017033876487,1.00648269665446,120.0
8679,1752.1030922521638,1.00554840411867,120.0
8680,1752.1044811166792,1.00589902468367,120.0
8681,1752.105869981194,1.0056074143821,120.0
8682,1752.1072588454765,1.00589510517659,120.0
8683,1752.1086477099918,1.00635727444647,120.0
8684,1752.1100365745067,1.00698409987585,120.0
8685,1752.111425439022,1.00588557229883,120.0
8686,1752.112814303537,1.00549468470523,120.0
8687,1752.1142031680522,1.00587699365294,120.0
8688,1752.1155920325675,1.00663573513106,120.0
8689,1752.1169808970824,1.00618778923873,120.0
8690,1752.1183697615977,1.00598417565413,120.0
8691,1752.1197586263447,1.00558933386815,120.0
8692,1752.1211474908591,1.00520010926435,120.0
8693,1752.1225363553747,1.00636897674521,120.0
8694,1752.1239252198895,1.00588210683128,120.0
8695,1752.1253140844049,1.00572860925675,120.0
8696,1752.1267029491528,1.00591268025619,120.0
8697,1752.1280918136679,1.0057202957156,120.0
8698,1752.1294806781832,1.00619870717572,120.0
8699,1752.130869542698,1.00634636049658,120.0
8700,1752.1322584074462,1.00620787341177,120.0
8701,1752.1336472719615,1.00539565105541,120.0
8702,1752.1350361367092,1.00615142568095,120.0
8703,1752.1364250012243,1.00605317716978,120.0
8704,1752.1378138659722,1.00594909468793,120.0
8705,1752.1392027304876,1.00675721649057,120.0
8706,1752.140591595236,1.00676404670867,120.0
8707,1752.141980459752,1.0047980364664,120.0
8708,1752.1433693244992,1.00628233911378,120.0
8709,1752.1447581890138,1.00526656952697,120.0
8710,1752.1461470537615,1.00644690885785,120.0
8711,1752.14753591851,1.00697760691602,120.0
8712,1752.1489247830248,1.00643059660254,120.0
8713,1752.1503136477727,1.00548891273377,120.0
8714,1752.1517025125208,1.00577047920613,120.0
8715,1752.153091377036,1.00580203029306,120.0
8716,1752.154480241784,1.00548529771246,120.0
8717,1752.1558691065316,1.00618984677301,120.0
8718,1752.15725797128,1.00699648436124,120.0
8719,1752.1586468360279,1.00549445953668,120.0
8720,1752.1600357007756,1.00662503849346,120.0
8721,1752.161424565524,1.00681244351126,120.0
8722,1752.1628134302716,1.00513167778918,120.0
8723,1752.1642022950195,1.00521846178097,120.0
8724,1752.165591159768,1.00550110337909,120.0
8725,1752.1669800245156,1.00657565028706,120.0
8726,1752.1683688892629,1.00643461470895,120.0
8727,1752.16975775401,1.00597908909879,120.0
8728,1752.1711466187583,1.00648395935631,120.0
8729,1752.1725354835064,1.00605771597032,120.0
8730,1752.173924348254,1.0069182207921,120.0
8731,1752.1753132130023,1.00636288223293,120.0
8732,1752.17670207775,1.00572535781843,120.0
8733,1752.1780909427307,1.00644822385858,120.0
8734,1752.179479807479,1.00626186724598,120.0
8735,1752.1808686722268,1.00721361786186,120.0
8736,1752.1822575372075,1.00629325821672,120.0
8737,1752.1836464019557,1.00617229639857,120.0
8738,1752.1850352667036,1.00619846257094,120.0
8739,1752.1878129964323,1.00701129794564,120.0
8740,1752.1892018614133,1.00767672186955,120.0
8741,1752.1905907261612,1.00671983593369,120.0
8742,1752.1919795911415,1.00612399694577,120.0
8743,1752.1933684558887,1.00584512819535,120.0
8744,1752.1947573208693,1.00715913732351,120.0
8745,1752.1961461856174,1.00651508893974,120.0
8746,1752.197535050598,1.00610927070013,120.0
8747,1752.198923915346,1.00570688930078,120.0
8748,1752.200312780327,1.00606589288548,120.0
8749,1752.2017016453076,1.00721786866618,120.0
8750,1752.2030905100555,1.00668481058903,120.0
8751,1752.2044793750367,1.00659378444725,120.0
8752,1752.2058682400173,1.00713018111308,120.0
8753,1752.2072571049982,1.00639120326484,120.0
8754,1752.2086459699788,1.00685330169787,120.0
8755,1752.210034834727,1.00661179260215,120.0
8756,1752.211423699708,1.00575827590256,120.0
8757,1752.2128125646884,1.00657165207943,120.0
8758,1752.2142014296694,1.00631824837449,120.0
8759,1752.21559029465,1.00584232615248,120.0
8760,1752.2169791596302,1.00679000813836,120.0
8761,1752.2183680246103,1.00636152810226,120.0
8762,1752.219756889591,1.00534465362551,120.0
8763,1752.221145754572,1.00613781822816,120.0
8764,1752.2225346195528,1.00574756785095,120.0
8765,1752.2239234845335,1.00607903052511,120.0
8766,1752.2253123495143,1.00618254443226,120.0
8767,1752.226701214495,1.00628422103681,120.0
8768,1752.2280900797089,1.00657336546508,120.0
8769,1752.2294789446896,1.00567390463458,120.0
8770,1752.2308678096704,1.0058836791074,120.0
8771,1752.2322566746518,1.00631022978323,120.0
8772,1752.233645539866,1.00686432135633,120.0
8773,1752.235034404847,1.0074605425164,120.0
8774,1752.236423269828,1.00597670281303,120.0
8775,1752.2378121350412,1.00640052113179,120.0
8776,1752.2392010000224,1.0072322936081,120.0
8777,1752.2405898650024,1.00651791090103,120.0
8778,1752.2433675951963,1.00612675207068,120.0
8779,1752.247534190604,1.00707744240345,120.0
8780,1752.248923055585,1.00710572745624,120.0
8781,1752.2503119207988,1.00619090634128,120.0
8782,1752.251700786012,1.00725925483282,120.0
8783,1752.2530896509932,1.00619090698215,120.0
8784,1752.2544785162067,1.00677211534038,120.0
8785,1752.2558673811875,1.00652475417991,120.0
8786,1752.2572562464013,1.0070834507785,120.0
8787,1752.2586451116147,1.0066419957878,120.0
8788,1752.2600339768285,1.00588298608153,120.0
8789,1752.2614228418092,1.00646815780182,120.0
8790,1752.2628117070228,1.00636267520104,120.0
8791,1752.2642005722355,1.0059149961754,120.0
8792,1752.2655894374486,1.00727069298795,120.0
8793,1752.2669783026624,1.00606387365856,120.0
8794,1752.268367167876,1.00674049242928,120.0
8795,1752.2697560330896,1.00638577047111,120.0
8796,1752.2711448983034,1.00576785823078,120.0
8797,1752.2725337635168,1.00640035500166,120.0
8798,1752.2753114939444,1.00661536420682,120.0
8799,1752.2767003591575,1.00656431682176,120.0
8800,1752.2780892243716,1.00607964431505,120.0
8801,1752.2794780895847,1.00598810555467,120.0
8802,1752.2808669547987,1.00677898246395,120.0
8803,1752.2822558200123,1.00660670190828,120.0
8804,1752.283644685226,1.00618808188205,120.0
8805,1752.2850335506723,1.00617252884844,120.0
8806,1752.286422415886,1.00646776695721,120.0
8807,1752.2878112810995,1.00575095787651,120.0
8808,1752.2892001463126,1.00609990006645,120.0
8809,1752.2905890117584,1.00712190546751,120.0
8810,1752.291977876972,1.00577621082559,120.0
8811,1752.2933667421855,1.00607112657096,120.0
8812,1752.294755607632,1.00513791630183,120.0
8813,1752.296144472846,1.0068255326853,120.0
8814,1752.297533338292,1.00626393521393,120.0
8815,1752.298922203506,1.00661922812663,120.0
8816,1752.3003110689524,1.00685771689129,120.0
8817,1752.301699934166,1.0060510954756,120.0
8818,1752.3030887996126,1.00666520011974,120.0
8819,1752.304477664826,1.00734088826302,120.0
8820,1752.3058665302726,1.00601135651132,120.0
8821,1752.3072553954862,1.00580143489482,120.0
8822,1752.3086442609326,1.00734593355869,120.0
8823,1752.3100331263793,1.0069958060581,120.0
8824,1752.3114219915926,1.00593314982396,120.0
8825,1752.3128108570393,1.00648016287926,120.0
8826,1752.314199722485,1.00556185672807,120.0
8827,1752.315588587698,1.005738355955,120.0
8828,1752.3169774531443,1.00615985454257,120.0
8829,1752.3183663185907,1.00677666809769,120.0
8830,1752.3197551840371,1.00647472549615,120.0
8831,1752.321144049484,1.00689525208886,120.0
8832,1752.3225329149302,1.00644791098723,120.0
8833,1752.3239217803773,1.00686259763904,120.0
8834,1752.3253106455916,1.00677328270956,120.0
8835,1752.3266995110382,1.00661636709585,120.0
8836,1752.3280883764849,1.00664273466757,120.0
8837,1752.329477241931,1.00672898368891,120.0
8838,1752.3308661073777,1.00615927994626,120.0
8839,1752.332254972824,1.00606986796599,120.0
8840,1752.3336438382703,1.00601887978931,120.0
8841,1752.33503270395,1.00622123901755,120.0
8842,1752.336421569396,1.0065509109754,120.0
8843,1752.337810434842,1.00646925633504,120.0
8844,1752.3391993002879,1.00612335102578,120.0
8845,1752.3405881657343,1.00710535773577,120.0
8846,1752.3419770311807,1.00591709198703,120.0
8847,1752.34336589686,1.00686599807454,120.0
8848,1752.3447547623064,1.0061278553486,120.0
8849,1752.346143627753,1.00668211325333,120.0
8850,1752.3475324934323,1.00685154836946,120.0
8851,1752.348921358879,1.00726392318046,120.0
8852,1752.350310224325,1.00706139297851,120.0
8853,1752.3516990900043,1.00633606582426,120.0
8854,1752.3530879554512,1.00728508190708,120.0
8855,1752.3544768208972,1.00765654516492,120.0
8856,1752.3558656865769,1.00688493472476,120.0
8857,1752.357254552023,1.00623482285437,120.0
8858,1752.3586434177023,1.0065017395453,120.0
8859,1752.3600322831492,1.00731133979655,120.0
8860,1752.361421148828,1.00664973037906,120.0
8861,1752.3628100145067,1.00674526043774,120.0
8862,1752.3641988799525,1.00636137432931,120.0
8863,1752.365587745632,1.00655877081664,120.0
8864,1752.3669766110786,1.00677054383181,120.0
8865,1752.3683654767576,1.00694075454272,120.0
8866,1752.3725320735628,1.00718013070657,120.0
8867,1752.3739209392422,1.00679788654261,120.0
8868,1752.3753098049212,1.00695970284465,120.0
8869,1752.3766986706007,1.00792642625655,120.0
8870,1752.3780875360471,1.00648773796051,120.0
8871,1752.3794764017264,1.00715711046572,120.0
8872,1752.3808652674059,1.00722449151278,120.0
8873,1752.3822541330849,1.00711254626217,120.0
8874,1752.3836429987643,1.00760948077593,120.0
8875,1752.3850318644438,1.00709638211956,120.0
8876,1752.3864207301224,1.0075576561677,120.0
8877,1752.3878095958007,1.00696609627858,120.0
8878,1752.38919846148,1.00605744604778,120.0
8879,1752.3905873271594,1.00752330631941,120.0
8880,1752.391976192839,1.00728949293269,120.0
8881,1752.393365058518,1.00688354202642,120.0
8882,1752.3947539241974,1.00738365560358,120.0
8883,1752.3961427901093,1.00646069241937,120.0
8884,1752.3975316557887,1.00712691625959,120.0
8885,1752.3989205214682,1.00753350965581,120.0
8886,1752.4003093871472,1.007600932316,120.0
8887,1752.4016982528267,1.00690439734788,120.0
8888,1752.4030871187383,1.00698679706737,120.0
8889,1752.404475984418,1.00716580499335,120.0
8890,1752.4058648500975,1.00648504544378,120.0
8891,1752.4086425816888,1.00711370801345,120.0
8892,1752.410031447368,1.00725758303276,120.0
8893,1752.4114203132797,1.00699798533458,120.0
8894,1752.4128091789582,1.00598481155421,120.0
8895,1752.41419804487,1.00757702116435,120.0
8896,1752.41558691055,1.00639788084296,120.0
8897,1752.416975776463,1.00633886185553,120.0
8898,1752.4183646421423,1.00715416794762,120.0
8899,1752.4197535080543,1.00664741494012,120.0
8900,1752.4211423737336,1.00733406283093,120.0
8901,1752.4225312396459,1.00687572075157,120.0
8902,1752.4239201053251,1.00727357878415,120.0
8903,1752.4253089712372,1.00701742084598,120.0
8904,1752.4266978371495,1.00683244663375,120.0
8905,1752.4280867028283,1.00745291404973,120.0
8906,1752.4308644346531,1.00674234719896,120.0
8907,1752.4322533005648,1.00756757005677,120.0
8908,1752.4336421662445,1.00794098116037,120.0
8909,1752.4350310321563,1.00615315879472,120.0
8910,1752.436419898068,1.00683516361449,120.0
8911,1752.4378087639795,1.00724734834626,120.0
8912,1752.4391976298914,1.00682875604735,120.0
8913,1752.4405864958037,1.00690566156512,120.0
8914,1752.4419753617155,1.00689111699091,120.0
8915,1752.4433642276279,1.00692836289388,120.0
8916,1752.44475309354,1.00712909613573,120.0
8917,1752.446141959452,1.00719256445711,120.0
8918,1752.4475308253643,1.00653724484673,120.0
8919,1752.4489196912764,1.0075174238429,120.0
8920,1752.4503085571885,1.00719657243194,120.0
8921,1752.4516974231008,1.00677053949925,120.0
8922,1752.4530862890126,1.0070815033942,120.0
8923,1752.4544751549247,1.00694816834875,120.0
8924,1752.457252886749,1.00720936205309,120.0
8925,1752.4586417528942,1.00769436029518,120.0
8926,1752.460030618806,1.00665361233303,120.0
8927,1752.4614194847175,1.00697254161776,120.0
8928,1752.462808350629,1.00756385075924,120.0
8929,1752.464197216774,1.00713889567124,120.0
8930,1752.4655860826863,1.00729695174862,120.0
8931,1752.466974948598,1.00729128399684,120.0
8932,1752.4683638147433,1.00651418610934,120.0
8933,1752.4697526806556,1.0077664275512,120.0
8934,1752.4711415465674,1.00674139532201,120.0
8935,1752.4725304127123,1.00704692165431,120.0
8936,1752.4739192786244,1.00683774250744,120.0
8937,1752.4753081447695,1.00656594221102,120.0
8938,1752.4766970106818,1.00672483121963,120.0
8939,1752.4780858768263,1.00708617802205,120.0
8940,1752.4794747427388,1.0071073270581,120.0
8941,1752.4808636088835,1.00776573871322,120.0
8942,1752.4822524747958,1.00736134902862,120.0
8943,1752.4836413409407,1.00675546098042,120.0
8944,1752.4850302070856,1.00745450305577,120.0
8945,1752.486419072997,1.00690753070018,120.0
8946,1752.4878079391415,1.00712418260539,120.0
8947,1752.4891968052864,1.00672098838558,120.0
8948,1752.4905856711987,1.00681133894019,120.0
8949,1752.4919745373431,1.0071955774103,120.0
8950,1752.4933634034885,1.00743117649257,120.0
8951,1752.4947522696334,1.00706775481212,120.0
8952,1752.4961411355455,1.00758631852609,120.0
8953,1752.4975300016906,1.0068640456081,120.0
8954,1752.4989188678353,1.00704247268155,120.0
8955,1752.5003077339804,1.00701234921859,120.0
8956,1752.5016966001256,1.00728195417975,120.0
8957,1752.5030854662702,1.006684752464,120.0
8958,1752.5044743324152,1.00796255106152,120.0
8959,1752.50586319856,1.00682454818514,120.0
8960,1752.5072520647059,1.0078960135683,120.0
8961,1752.5086409308517,1.00689135041611,120.0
8962,1752.5100297969964,1.00688432598584,120.0
8963,1752.5114186631406,1.00697776054176,120.0
8964,1752.5128075292848,1.00835674450671,120.0
8965,1752.51419639543,1.00695039223747,120.0
8966,1752.515585261575,1.00761103741545,120.0
8967,1752.5169741277195,1.00658794527563,120.0
8968,1752.5183629940975,1.00736723012053,120.0
8969,1752.5197518602426,1.00686798058886,120.0
8970,1752.5211407263876,1.00803097205728,120.0
8971,1752.5225295925327,1.00665470793749,120.0
8972,1752.5239184586771,1.00775825158205,120.0
8973,1752.525307325055,1.00656982092909,120.0
8974,1752.5266961912002,1.00753417575194,120.0
8975,1752.5280850573452,1.00734296463058,120.0
8976,1752.5294739237231,1.00809481521952,120.0
8977,1752.5308627898678,1.00691833646091,120.0
8978,1752.5322516560127,1.00701766736333,120.0
8979,1752.533640522391,1.00745468323796,120.0
8980,1752.5350293885356,1.00758207878852,120.0
8981,1752.5364182549126,1.00712230506209,120.0
8982,1752.5391959874348,1.00710389551632,120.0
8983,1752.54058485358,1.00723915391119,120.0
8984,1752.5419737199575,1.00689121868874,120.0
8985,1752.5433625861026,1.00715361586217,120.0
8986,1752.54475145248,1.00784666557251,120.0
8987,1752.546140318858,1.00782551025806,120.0
8988,1752.5475291850032,1.00752203383829,120.0
8989,1752.5489180513807,1.00779608193917,120.0
8990,1752.5503069177587,1.00720108219285,120.0
8991,1752.5516957839036,1.00722307908084,120.0
8992,1752.553084650281,1.00795797371418,120.0
8993,1752.5544735166593,1.00771324784006,120.0
8994,1752.5558623830368,1.00777120152452,120.0
8995,1752.557251249182,1.00690260364954,120.0
8996,1752.5586401155597,1.00686728937736,120.0
8997,1752.5600289819374,1.00696235142193,120.0
8998,1752.5614178483145,1.00718827342833,120.0
8999,1752.5628067146915,1.00699564541728,120.0
9000,1752.5641955810695,1.00715055140353,120.0
9001,1752.5655844474472,1.00778046785032,120.0
9002,1752.5669733138247,1.00697397444568,120.0
9003,1752.56836217997,1.0068556303177,120.0
9004,1752.5697510463476,1.0074056023893,120.0
9005,1752.5711399127256,1.00724999755947,120.0
9006,1752.572528779336,1.00698215514426,120.0
9007,1752.573917645714,1.00787680142925,120.0
9008,1752.5753065120919,1.00711534575138,120.0
9009,1752.5766953784691,1.00678820742892,120.0
9010,1752.578084244847,1.00698615352055,120.0
9011,1752.5794731112253,1.00698237697065,120.0
9012,1752.5808619776028,1.00729796468979,120.0
9013,1752.5822508439808,1.00746664295817,120.0
9014,1752.5836397105911,1.00764667507802,120.0
9015,1752.585028576969,1.00724243544373,120.0
9016,1752.586417443346,1.00781045520561,120.0
9017,1752.5878063097232,1.00735540132349,120.0
9018,1752.589195176334,1.00823422892731,120.0
9019,1752.5905840427115,1.00771710004201,120.0
9020,1752.5919729090895,1.00733323011689,120.0
9021,1752.5933617757003,1.00757828814162,120.0
9022,1752.5947506420775,1.00707960792424,120.0
9023,1752.5961395084555,1.0074690969638,120.0
9024,1752.5975283750663,1.00771428404447,120.0
9025,1752.5989172414447,1.00755725855255,120.0
9026,1752.6016949744337,1.00811223841399,120.0
9027,1752.6030838410445,1.00715768820312,120.0
9028,1752.6044727074225,1.00723290231078,120.0
9029,1752.6058615740328,1.00827626786532,120.0
9030,1752.6072504404108,1.00769919474471,120.0
9031,1752.6086393070211,1.0074241757427,120.0
9032,1752.610028173632,1.00717367638853,120.0
9033,1752.6114170400087,1.00677046449208,120.0
9034,1752.6128059066189,1.00769494627821,120.0
9035,1752.6141947732297,1.00713461722875,120.0
9036,1752.6155836396072,1.0081683305592,120.0
9037,1752.616972506218,1.00773352946701,120.0
9038,1752.6183613728288,1.00713538539313,120.0
9039,1752.619750239439,1.00710203432095,120.0
9040,1752.621139105817,1.00781400352031,120.0
9041,1752.6239168390382,1.00743180902191,120.0
9042,1752.625305705649,1.00700541181118,120.0
9043,1752.626694572259,1.00800727723098,120.0
9044,1752.62808343887,1.0076130733275,120.0
9045,1752.6294723054807,1.00751382033885,120.0
9046,1752.6308611720913,1.00700470358374,120.0
9047,1752.6322500384692,1.0075482253635,120.0
9048,1752.6336389050796,1.00827562155524,120.0
9049,1752.6350277716904,1.00823611176665,120.0
9050,1752.6364166383003,1.00730327907828,120.0
9051,1752.6378055051428,1.00770220681933,120.0
9052,1752.6391943717535,1.00783211305604,120.0
9053,1752.640583238364,1.00716781369692,120.0
9054,1752.641972104975,1.00702610452427,120.0
9055,1752.6433609715855,1.00684646413083,120.0
9056,1752.644749838196,1.007192688066,120.0
9057,1752.6461387048068,1.0076371157245,120.0
9058,1752.6475275714172,1.00781503441882,120.0
9059,1752.6489164382608,1.00771430860602,120.0
9060,1752.6503053048716,1.00740284851323,120.0
9061,1752.651694171482,1.00703863621753,120.0
9062,1752.6530830380927,1.00791470094711,120.0
9063,1752.654471904936,1.00716655450905,120.0
9064,1752.6558607715467,1.00680214986045,120.0
9065,1752.6572496381575,1.00657221063514,120.0
9066,1752.6586385050007,1.00730711370879,120.0
9067,1752.6600273716115,1.00772169510297,120.0
9068,1752.661416238454,1.00766202239717,120.0
9069,1752.662805105064,1.00761683656126,120.0
9070,1752.6641939716749,1.00661746941074,120.0
9071,1752.665582838518,1.00785929694132,120.0
9072,1752.6669717051288,1.00709021536753,120.0
9073,1752.6683605719722,1.0076367099192,120.0
9074,1752.6697494385828,1.007144130582,120.0
9075,1752.6711383054264,1.00762535816055,120.0
9076,1752.6725271722696,1.00754965307462,120.0
9077,1752.6739160388804,1.00776910413414,120.0
9078,1752.6753049057238,1.00784835715747,120.0
9079,1752.6766937723344,1.00674700056421,120.0
9080,1752.678082639178,1.00735871029404,120.0
9081,1752.6794715060212,1.00762354864407,120.0
9082,1752.680860372632,1.00737655141661,120.0
9083,1752.6822492394751,1.00804170856905,120.0
9084,1752.6836381063188,1.00716478036124,120.0
9085,1752.6850269731624,1.00671691970478,120.0
9086,1752.6864158397723,1.00806234594428,120.0
9087,1752.687804706615,1.00676318400403,120.0
9088,1752.6891935734586,1.00698739431577,120.0
9089,1752.6905824403027,1.00766543958877,120.0
9090,1752.6919713071468,1.00742094236042,120.0
9091,1752.69336017399,1.00771755197431,120.0
9092,1752.6947490408336,1.00711213507371,120.0
9093,1752.6961379076772,1.00779209506886,120.0
9094,1752.6975267745204,1.00768062689488,120.0
9095,1752.6989156411312,1.00788178563025,120.0
9096,1752.7003045079744,1.00698872112561,120.0
9097,1752.701693374818,1.00777873580528,120.0
9098,1752.7030822418944,1.00827919370426,120.0
9099,1752.7044711087376,1.00767582080431,120.0
9100,1752.7058599755812,1.0075383256763,120.0
9101,1752.7072488424246,1.00756535094511,120.0
9102,1752.708637709268,1.00754049611842,120.0
9103,1752.7100265761117,1.00787399274792,120.0
9104,1752.7114154429548,1.0076076328447,120.0
9105,1752.714193176873,1.00737142164339,120.0
9106,1752.7155820437167,1.00734100929076,120.0
9107,1752.7169709105603,1.00687577276629,120.0
9108,1752.7183597774035,1.00696685128566,120.0
9109,1752.71974864448,1.0076888403724,120.0
9110,1752.7211375113236,1.00782462976208,120.0
9111,1752.7225263781668,1.0073246525936,120.0
9112,1752.7239152452432,1.00734082272204,120.0
9113,1752.7253041120864,1.00683057699525,120.0
9114,1752.72669297893,1.00704650385882,120.0
9115,1752.7280818460065,1.00748504431217,120.0
9116,1752.7294707128497,1.00840172555123,120.0
9117,1752.730859579926,1.00724408434577,120.0
9118,1752.7322484467693,1.00764428619358,120.0
9119,1752.7336373136127,1.00789199099447,120.0
9120,1752.7350261806891,1.00763229113041,120.0
9121,1752.7364150477651,1.00796593126729,120.0
9122,1752.737803914608,1.00801266555555,120.0
9123,1752.7391927816839,1.00734168792725,120.0
9124,1752.7405816485273,1.00813771112522,120.0
9125,1752.7419705156035,1.00728220886687,120.0
9126,1752.743359382447,1.00737741832545,120.0
9127,1752.7447482495231,1.00808347736211,120.0
9128,1752.7461371165996,1.00761892995872,120.0
9129,1752.7475259834428,1.00777932386425,120.0
9130,1752.7489148505194,1.00785728084478,120.0
9131,1752.7503037175954,1.00811365085758,120.0
9132,1752.751692584672,1.00785010622823,120.0
9133,1752.7530814515153,1.00817860312025,120.0
9134,1752.7544703185915,1.00774885168065,120.0
9135,1752.755859185668,1.00809927455264,120.0
9136,1752.757248052744,1.00794224356327,120.0
9137,1752.7586369198204,1.00706126202873,120.0
9138,1752.760025786897,1.00771760736401,120.0
9139,1752.761414653973,1.00788061706567,120.0
9140,1752.7628035208156,1.00804397056114,120.0
9141,1752.7641923878912,1.00884175580889,120.0
9142,1752.7655812549676,1.0071713838756,120.0
9143,1752.766970122044,1.00799618255619,120.0
9144,1752.76835898912,1.00668309820006,120.0
9145,1752.7697478561963,1.00759168327591,120.0
9146,1752.7711367232723,1.00778306852913,120.0
9147,1752.772525590349,1.00657992732551,120.0
9148,1752.7739144574255,1.00740524648372,120.0
9149,1752.7753033247343,1.00721021613243,120.0
9150,1752.7766921918108,1.00775020361526,120.0
9151,1752.7780810588868,1.00792982650389,120.0
9152,1752.7794699259632,1.00701758615396,120.0
9153,1752.7808587930397,1.00802101542935,120.0
9154,1752.7822476601164,1.00840908556658,120.0
9155,1752.7836365274263,1.00739906038489,120.0
9156,1752.7850253945023,1.00751868439058,120.0
9157,1752.7864142615788,1.00818865786973,120.0
9158,1752.7878031286552,1.00746670286034,120.0
9159,1752.7891919959636,1.0080647354435,120.0
9160,1752.7905808630392,1.00737165409474,120.0
9161,1752.7919697301154,1.00777236467854,120.0
9162,1752.7933585974245,1.00800179686976,120.0
9163,1752.7947474645007,1.00815576702612,120.0
9164,1752.7975251988862,1.00911237163941,120.0
9165,1752.7989140659627,1.00732427020585,120.0
9166,1752.8003029332715,1.00723429050405,120.0
9167,1752.801691800348,1.00697780156007,120.0
9168,1752.8030806676568,1.00721960576046,120.0
9169,1752.8044695347332,1.00791880101682,120.0
9170,1752.8058584020423,1.00928067825194,120.0
9171,1752.8072472691183,1.00728929211743,120.0
9172,1752.8086361364278,1.00982576163736,120.0
9173,1752.8100250037369,1.00830516740229,120.0
9174,1752.811413870813,1.00780078284035,120.0
9175,1752.8128027381224,1.00773484210313,120.0
9176,1752.814191605198,1.00751075194995,120.0
9177,1752.8155804725063,1.00751996905345,120.0
9178,1752.8169693398152,1.00782271241505,120.0
9179,1752.8183582071244,1.00681228221725,120.0
9180,1752.819747074201,1.00864934870783,120.0
9181,1752.8211359415095,1.00772191406328,120.0
9182,1752.822524808819,1.00828925682832,120.0
9183,1752.823913676128,1.00781856639531,120.0
9184,1752.8253025432043,1.00798129315428,120.0
9185,1752.8266914105136,1.00753895425358,120.0
9186,1752.8280802778224,1.00768326451397,120.0
9187,1752.8294691451315,1.00702473825844,120.0
9188,1752.830858012441,1.00741544034704,120.0
9189,1752.8322468797498,1.00757415451049,120.0
9190,1752.8336357470591,1.00751583571126,120.0
9191,1752.835024614368,1.0081511394437,120.0
9192,1752.8364134816773,1.00757153342127,120.0
9193,1752.8378023489863,1.00779464154702,120.0
9194,1752.8391912162951,1.00815994201266,120.0
9195,1752.8405800836035,1.0081558214565,120.0
9196,1752.841968950912,1.00795708615489,120.0
9197,1752.8433578182214,1.00838104976903,120.0
9198,1752.8447466855307,1.00802758098858,120.0
9199,1752.8461355528395,1.00810895659361,120.0
9200,1752.8475244201488,1.00757781351401,120.0
9201,1752.848913287458,1.00800462243864,120.0
9202,1752.8503021549996,1.00703917566582,120.0
9203,1752.851691022309,1.00809125106356,120.0
9204,1752.853079889618,1.00758101521348,120.0
9205,1752.8544687569272,1.00732242471766,120.0
9206,1752.8558576242363,1.00757214219407,120.0
9207,1752.857246491778,1.00871411651602,120.0
9208,1752.8586353590874,1.00752810390261,120.0
9209,1752.8600242263963,1.00788326822511,120.0
9210,1752.8614130939384,1.00782556661427,120.0
9211,1752.8628019612474,1.00849163537249,120.0
9212,1752.8641908285565,1.00757121242319,120.0
9213,1752.8655796960977,1.00796457270226,120.0
9214,1752.866968563406,1.00732185819421,120.0
9215,1752.8683574309482,1.00813912166159,120.0
9216,1752.8697462982573,1.00715871280772,120.0
9217,1752.8711351655663,1.00759308532051,120.0
9218,1752.8725240331084,1.00768634758908,120.0
9219,1752.873912900418,1.00752989522717,120.0
9220,1752.8753017679608,1.00797347018598,120.0
9221,1752.87669063527,1.00821233732107,120.0
9222,1752.8780795028115,1.0076144916075,120.0
9223,1752.8794683703538,1.00729861724369,120.0
9224,1752.880857237663,1.00793803016742,120.0
9225,1752.8822461052048,1.00706468468476,120.0
9226,1752.883634972747,1.00915398237072,120.0
9227,1752.8850238400555,1.00727214447676,120.0
9228,1752.8878015751395,1.00832678555556,120.0
9229,1752.8891904424488,1.007958498158,120.0
9230,1752.8905793099907,1.00833925718735,120.0
9231,1752.891968177532,1.00837684021938,120.0
9232,1752.8933570450731,1.00812963459117,120.0
9233,1752.8947459123824,1.00698497848175,120.0
9234,1752.8961347799243,1.00778619826276,120.0
9235,1752.8975236474664,1.00764545305067,120.0
9236,1752.898912515008,1.00777927794757,120.0
9237,1752.9003013825502,1.00820666852154,120.0
9238,1752.901690250092,1.00778863097137,120.0
9239,1752.903079117634,1.00748221273762,120.0
9240,1752.9044679849433,1.00820927674602,120.0
9241,1752.9058568524847,1.00761165855838,120.0
9242,1752.907245720027,1.0074761540581,120.0
9243,1752.9086345875692,1.00778191545801,120.0
9244,1752.9100234551108,1.00845161738914,120.0
9245,1752.9114123226527,1.00745038591476,120.0
9246,1752.9128011901946,1.00759615668003,120.0
9247,1752.9141900577367,1.00808707393003,120.0
9248,1752.9155789255117,1.00763128676068,120.0
9249,1752.916967793053,1.0082801065488,120.0
9250,1752.918356660594,1.00795425306225,120.0
9251,1752.9197455281355,1.00784419074733,120.0
9252,1752.9211343956779,1.00781728925176,120.0
9253,1752.92252326322,1.00844471359857,120.0
9254,1752.9239121307617,1.00799876483934,120.0
9255,1752.9253009985366,1.00797179257489,120.0
9256,1752.9266898660785,1.00869220066226,120.0
9257,1752.9280787336204,1.00837413706487,120.0
9258,1752.9294676011623,1.00805409197423,120.0
9259,1752.930856468937,1.00746858294164,120.0
9260,1752.9322453364791,1.00677307175516,120.0
9261,1752.933634204021,1.00816555738275,120.0
9262,1752.9350230717955,1.00761309083585,120.0
9263,1752.9364119393379,1.00837024164023,120.0
9264,1752.9378008071124,1.00776492620972,120.0
9265,1752.9391896746545,1.00788342084,120.0
9266,1752.9405785421964,1.0084439077377,120.0
9267,1752.941967409971,1.00937110079906,120.0
9268,1752.9433562775123,1.00834044711978,120.0
9269,1752.9447451452863,1.008569989117,120.0
9270,1752.9461340128285,1.00875868718335,120.0
9271,1752.9475228806034,1.00874280584184,120.0
9272,1752.948911748145,1.00769065895716,120.0
9273,1752.95030061592,1.00881754408996,120.0
9274,1752.9516894834617,1.00760273534984,120.0
9275,1752.9530783512366,1.00817542658905,120.0
9276,1752.9544672190116,1.00854259817388,120.0
9277,1752.9558560865532,1.00673273437081,120.0
9278,1752.957244954328,1.00842887236992,120.0
9279,1752.958633822103,1.00818242136952,120.0
9280,1752.9600226896448,1.00802726365467,120.0
9281,1752.9614115574195,1.00786495184747,120.0
9282,1752.9628004251942,1.00783545936494,120.0
9283,1752.9641892929692,1.00857971467873,120.0
9284,1752.9655781605115,1.00837340135051,120.0
9285,1752.9669670282872,1.00760667044611,120.0
9286,1752.968355896062,1.00789432121527,120.0
9287,1752.969744763836,1.00792130946181,120.0
9288,1752.9711336316102,1.00807500157144,120.0
9289,1752.972522499152,1.00811688132394,120.0
9290,1752.9739113669268,1.00728587419426,120.0
9291,1752.9753002347015,1.0081630645597,120.0
9292,1752.9766891024763,1.00787213882664,120.0
9293,1752.9780779702512,1.00812055935281,120.0
9294,1752.979466838026,1.00774732907942,120.0
9295,1752.9808557058006,1.0079811621503,120.0
9296,1752.9822445735756,1.00765315017266,120.0
9297,1752.98363344135,1.00792321929391,120.0
9298,1752.985022309125,1.00856102426644,120.0
9299,1752.9864111769,1.00753912393418,120.0
9300,1752.9878000446745,1.00804246620971,120.0
9301,1752.9891889124494,1.00779265590643,120.0
9302,1752.990577780224,1.00754351810757,120.0
9303,1752.9919666482317,1.00825814247094,120.0
9304,1752.9933555160067,1.00741578792246,120.0
9305,1752.9947443837812,1.00770200149834,120.0
9306,1752.9961332515552,1.00830941937177,120.0
9307,1752.9975221193295,1.00794258188616,120.0
9308,1752.998910987104,1.0077380317548,120.0
9309,1753.000299855112,1.00805787624799,120.0
9310,1753.0016887228865,1.00821095812127,120.0
9311,1753.0030775906614,1.00800528389804,120.0
9312,1753.004466458436,1.0080534442474,120.0
9313,1753.0058553264437,1.00791289591458,120.0
9314,1753.0072441942186,1.0079887217618,120.0
9315,1753.0086330619931,1.00856477417438,120.0
9316,1753.010021930001,1.00758474939087,120.0
9317,1753.0114107977756,1.00816144539187,120.0
9318,1753.0127996657832,1.00787074828365,120.0
9319,1753.014188533558,1.00791288967577,120.0
9320,1753.0155774015655,1.00751584107674,120.0
9321,1753.0169662693404,1.00848049577475,120.0
9322,1753.0183551371151,1.00803694017288,120.0
9323,1753.0197440051227,1.00783551218565,120.0
9324,1753.0211328728976,1.00818153969032,120.0
9325,1753.0225217409045,1.00753237599127,120.0
9326,1753.0239106089111,1.00711859350107,120.0
9327,1753.0252994766863,1.00891122651953,120.0
9328,1753.0266883446936,1.00763501462586,120.0
9329,1753.0280772124684,1.00843252939557,120.0
9330,1753.029466080476,1.00809496055965,120.0
9331,1753.0308549484837,1.00779811653221,120.0
9332,1753.0322438162586,1.00803347957368,120.0
9333,1753.033632684266,1.00829023179067,120.0
9334,1753.0350215522735,1.00831749318361,120.0
9335,1753.0364104200485,1.0098910159832,120.0
9336,1753.037799288056,1.00923170039122,120.0
9337,1753.0391881560638,1.00828297321438,120.0
9338,1753.0405770240711,1.00733689050356,120.0
9339,1753.041965891846,1.00896381973681,120.0
9340,1753.0433547598536,1.00858752182467,120.0
9341,1753.0447436278612,1.00800239623763,120.0
9342,1753.0461324958687,1.00763603136394,120.0
9343,1753.0475213638763,1.00885729102856,120.0
9344,1753.0489102318832,1.00759611130715,120.0
9345,1753.0502990998903,1.00782601679513,120.0
9346,1753.0516879678978,1.00803630078002,120.0
9347,1753.0530768356728,1.00824158896273,120.0
9348,1753.05446570368,1.00772847382532,120.0
9349,1753.0558545716879,1.0076701489249,120.0
9350,1753.057243439696,1.00729154078898,120.0
9351,1753.0586323077043,1.00828858446418,120.0
9352,1753.060021175712,1.00907374276262,120.0
9353,1753.0614100439523,1.00828029375665,120.0
9354,1753.06279891196,1.00786156963622,120.0
9355,1753.0641877799678,1.00729342599941,120.0
9356,1753.0655766479751,1.00853353397022,120.0
9357,1753.0669655159827,1.00804462997923,120.0
9358,1753.0683543839905,1.0075647704409,120.0
9359,1753.069743251998,1.00891952898936,120.0
9360,1753.0711321200058,1.00797236050895,120.0
9361,1753.072520988246,1.00835701187181,120.0
9362,1753.0739098562535,1.00770244692002,120.0
9363,1753.0752987242606,1.00853239423572,120.0
9364,1753.0766875922675,1.00814355068087,120.0
9365,1753.078076460508,1.00870690207723,120.0
9366,1753.0794653285154,1.00856333707603,120.0
9367,1753.0808541965232,1.00856744740315,120.0
9368,1753.0822430647636,1.00778264832764,120.0
9369,1753.0836319327711,1.00775753378289,120.0
9370,1753.0850208007787,1.00801196711205,120.0
9371,1753.086409669019,1.00820708145708,120.0
9372,1753.0877985370269,1.00863837501489,120.0
9373,1753.0891874050346,1.00840407152534,120.0
9374,1753.0905762732748,1.00882678506066,120.0
9375,1753.0919651412823,1.0075092923114,120.0
9376,1753.0933540095227,1.00795577416342,120.0
9377,1753.0947428775305,1.0081399838068,120.0
9378,1753.0961317457711,1.00731297810304,120.0
9379,1753.0975206137784,1.00748726772817,120.0
9380,1753.098909482019,1.00922253132835,120.0
9381,1753.1002983500266,1.00807320772058,120.0
9382,1753.1016872182663,1.0078646196162,120.0
9383,1753.1030760865062,1.0076319449162,120.0
9384,1753.1044649545136,1.00836255714571,120.0
9385,1753.105853822754,1.00850678928748,120.0
9386,1753.1072426907615,1.00868404892959,120.0
9387,1753.108631559002,1.00816755003415,120.0
9388,1753.1100204272427,1.00767626693759,120.0
9389,1753.1114092954829,1.00866278746001,120.0
9390,1753.1127981634907,1.00829041959679,120.0
9391,1753.114187031731,1.0080137859763,120.0
9392,1753.1155758999714,1.00840986675535,120.0
9393,1753.116964768212,1.00915361432376,120.0
9394,1753.1183536362191,1.00830236606891,120.0
9395,1753.11974250446,1.00701471332944,120.0
9396,1753.1211313727003,1.00798825229993,120.0
9397,1753.1225202409407,1.00910535900747,120.0
9398,1753.123909109181,1.00876165679552,120.0
9399,1753.1252979774215,1.00795495539779,120.0
9400,1753.126686845662,1.00797033440051,120.0
9401,1753.1280757136687,1.00820362627508,120.0
9402,1753.1294645819087,1.00781690338002,120.0
9403,1753.1308534501493,1.00864859336076,120.0
9404,1753.1322423183894,1.00858911081579,120.0
9405,1753.13363118663,1.00768668897532,120.0
9406,1753.1350200548707,1.00853591550958,120.0
9407,1753.1364089231108,1.00806588847843,120.0
9408,1753.1377977913514,1.00819533598593,120.0
9409,1753.1391866595916,1.00808383360877,120.0
9410,1753.140575528065,1.00861554108587,120.0
9411,1753.1419643963056,1.00816848214517,120.0
9412,1753.1433532645456,1.00867810948459,120.0
9413,1753.1461310010268,1.00821172026526,120.0
9414,1753.147519869268,1.0083002096544,120.0
9415,1753.1489087375091,1.00846333831942,120.0
9416,1753.150297605982,1.00901369823044,120.0
9417,1753.1516864742227,1.00823328002177,120.0
9418,1753.1530753424631,1.00827482757785,120.0
9419,1753.154464210703,1.0086755601216,120.0
9420,1753.1558530791756,1.00861720440125,120.0
9421,1753.1572419474155,1.00805836790291,120.0
9422,1753.1586308156564,1.00891653360301,120.0
9423,1753.1600196841296,1.00854479889521,120.0
9424,1753.16140855237,1.00781255874071,120.0
9425,1753.1627974206103,1.00833462990094,120.0
9426,1753.1641862890835,1.00815134255406,120.0
9427,1753.165575157324,1.00911755297347,120.0
9428,1753.1669640257976,1.00816279247874,120.0
9429,1753.1683528940375,1.00801909922711,120.0
9430,1753.1697417622784,1.008182803526,120.0
9431,1753.1711306307511,1.00798299486025,120.0
9432,1753.172519498992,1.00824632346604,120.0
9433,1753.1739083674654,1.0089531004542,120.0
9434,1753.1752972357056,1.0083982351544,120.0
9435,1753.176686104179,1.00847375004829,120.0
9436,1753.1780749726522,1.00904061541543,120.0
9437,1753.1794638408924,1.0082503156169,120.0
9438,1753.1808527093651,1.00748213167706,120.0
9439,1753.1822415776048,1.00924743676901,120.0
9440,1753.1836304460783,1.00846498081412,120.0
9441,1753.1850193145515,1.00737917319345,120.0
9442,1753.1864081827919,1.00820416856699,120.0
9443,1753.1877970512653,1.00834566528992,120.0
9444,1753.1891859197383,1.00874174564355,120.0
9445,1753.190574787979,1.00790385174589,120.0
9446,1753.191963656452,1.00880165592347,120.0
9447,1753.193352524925,1.00784295179845,120.0
9448,1753.1947413933988,1.00790126026651,120.0
9449,1753.1961302618715,1.00817504115365,120.0
9450,1753.1975191301124,1.0082856295998,120.0
9451,1753.1989079985858,1.0083867349489,120.0
9452,1753.2002968670588,1.00786825277776,120.0
9453,1753.2016857355322,1.0079394309563,120.0
9454,1753.2030746040052,1.00792210239631,120.0
9455,1753.2044634724787,1.00762301282727,120.0
9456,1753.205852340952,1.00886429443278,120.0
9457,1753.2072412094246,1.0083240201631,120.0
9458,1753.2086300778972,1.00785647901089,120.0
9459,1753.210018946137,1.00779339845849,120.0
9460,1753.2114078146108,1.00822351462949,120.0
9461,1753.2127966830842,1.00803253688007,120.0
9462,1753.21418555179,1.0085968100342,120.0
9463,1753.2155744202635,1.00850207260344,120.0
9464,1753.2169632887367,1.0075557856263,120.0
9465,1753.21835215721,1.00837132999118,120.0
9466,1753.219741025683,1.00849553388628,120.0
9467,1753.2211298941563,1.00760654817844,120.0
9468,1753.2225187626295,1.00741998197632,120.0
9469,1753.2239076311027,1.00818464424624,120.0
9470,1753.225296499576,1.00854770081658,120.0
9471,1753.2266853682825,1.00930364523082,120.0
9472,1753.2280742367554,1.00794828197293,120.0
9473,1753.229463105229,1.00825207827271,120.0
9474,1753.230851973702,1.00823136240516,120.0
9475,1753.2336297108816,1.00786186082874,120.0
9476,1753.235018579354,1.00825239546663,120.0
9477,1753.2364074478267,1.00804534860008,120.0
9478,1753.2377963165327,1.00769336342026,120.0
9479,1753.2391851850068,1.00770701900055,120.0
9480,1753.2405740534807,1.00807048246461,120.0
9481,1753.2419629221863,1.00838644630949,120.0
9482,1753.24335179066,1.0077437134453,120.0
9483,1753.2447406591334,1.00790451593746,120.0
9484,1753.2461295278392,1.0086710196598,120.0
9485,1753.2475183963127,1.0081146373188,120.0
9486,1753.2489072650187,1.00802892427578,120.0
9487,1753.250296133492,1.00905293689678,120.0
9488,1753.2516850021982,1.00857000961521,120.0
9489,1753.2530738706712,1.00802663128447,120.0
9490,1753.2544627393775,1.00856728424065,120.0
9491,1753.2558516078507,1.00754860255202,120.0
9492,1753.2572404765567,1.00826164262101,120.0
9493,1753.25862934503,1.00807911323763,120.0
9494,1753.260018213736,1.00826350897774,120.0
9495,1753.261407082441,1.00872793864807,120.0
9496,1753.262795950914,1.00757176741424,120.0
9497,1753.26418481962,1.0080243134948,120.0
9498,1753.2655736883264,1.00829252129117,120.0
9499,1753.2669625567994,1.00799357020045,120.0
9500,1753.2683514255057,1.00868863746212,120.0
9501,1753.269740294212,1.00883079333008,120.0
9502,1753.2711291626847,1.00771110224028,120.0
9503,1753.2725180313912,1.00845419105849,120.0
9504,1753.273906900097,1.00836830439725,120.0
9505,1753.2752957688033,1.00807377133365,120.0
9506,1753.2766846375096,1.00796026460326,120.0
9507,1753.2780735059823,1.00813242919551,120.0
9508,1753.2794623746888,1.00789927880867,120.0
9509,1753.2808512433946,1.00788101119602,120.0
9510,1753.282240112101,1.00798805614053,120.0
9511,1753.2836289808072,1.00819432620168,120.0
9512,1753.285017849513,1.00815532933133,120.0
9513,1753.2864067182193,1.00711204111831,120.0
9514,1753.2877955869246,1.00843503004529,120.0
9515,1753.28918445563,1.00804542895762,120.0
9516,1753.2905733243363,1.00812855823195,120.0
9517,1753.291962193042,1.0077320988638,120.0
9518,1753.2933510617484,1.0088310222861,120.0
9519,1753.2947399304544,1.00845489601514,120.0
9520,1753.2961287991604,1.00743774414501,120.0
9521,1753.2975176678667,1.00778932635601,120.0
9522,1753.2989065365723,1.00754235462745,120.0
9523,1753.3002954052788,1.00937902437815,120.0
9524,1753.3016842739848,1.00797893576162,120.0
9525,1753.303073142691,1.0081246456296,120.0
9526,1753.3044620113972,1.0077199689406,120.0
9527,1753.3058508801028,1.00761187974496,120.0
9528,1753.307239749042,1.00755424052575,120.0
9529,1753.3086286177484,1.00858440828195,120.0
9530,1753.310017486454,1.00872840467645,120.0
9531,1753.3114063551604,1.00725816386352,120.0
9532,1753.312795224099,1.00769878792853,120.0
9533,1753.3141840928051,1.00825664354487,120.0
9534,1753.3155729615107,1.00796419802013,120.0
9535,1753.316961830216,1.00739284818602,120.0
9536,1753.3183506991552,1.00800647419778,120.0
9537,1753.319739567861,1.00851727194236,120.0
9538,1753.3211284365673,1.00783615091624,120.0
9539,1753.3225173055064,1.00719312966993,120.0
9540,1753.3239061742122,1.00812737065887,120.0
9541,1753.3252950431513,1.0078687809807,120.0
9542,1753.3266839118571,1.00770983633148,120.0
9543,1753.3280727805632,1.00822193346343,120.0
9544,1753.3294616495025,1.00713046181552,120.0
9545,1753.3308505182092,1.00806732964889,120.0
9546,1753.3322393871488,1.0081035052504,120.0
9547,1753.3336282558548,1.00809989614425,120.0
9548,1753.3350171247937,1.00848676150244,120.0
9549,1753.3364059935,1.00877852462948,120.0
9550,1753.3377948624386,1.00774485217986,120.0
9551,1753.3391837313775,1.00769228018886,120.0
9552,1753.340572600084,1.00789541753215,120.0
9553,1753.341961469022,1.0076926685261,120.0
9554,1753.3433503377275,1.00740332504299,120.0
9555,1753.344739206666,1.00737642900451,120.0
9556,1753.3461280756053,1.00799128917569,120.0
9557,1753.3475169443116,1.00788635105348,120.0
9558,1753.3489058132502,1.00721938862872,120.0
9559,1753.350294682189,1.00769106082639,120.0
9560,1753.351683551128,1.00773051895312,120.0
9561,1753.3530724198342,1.00854551889212,120.0
9562,1753.354461288773,1.00772853796026,120.0
9563,1753.355850157712,1.00855014727196,120.0
9564,1753.357239026651,1.00778688632935,120.0
9565,1753.3586278953571,1.00725887233027,120.0
9566,1753.360016764296,1.00831902064668,120.0
9567,1753.361405633235,1.00716728092137,120.0
9568,1753.3627945021735,1.008353211513,120.0
9569,1753.3641833711129,1.00784803075256,120.0
9570,1753.3655722400515,1.00746169844078,120.0
9571,1753.3669611089906,1.00786586031301,120.0
9572,1753.3683499779297,1.00755616044685,120.0
9573,1753.369738846868,1.0084032985457,120.0
9574,1753.3711277155733,1.00841831735907,120.0
9575,1753.372516584512,1.00785896725788,120.0
9576,1753.373905453451,1.00804361884102,120.0
9577,1753.37529432239,1.00804420259576,120.0
9578,1753.3766831913288,1.00770918331782,120.0
9579,1753.3780720605007,1.00772913888496,120.0
9580,1753.3794609294398,1.00785086816282,120.0
9581,1753.3808497983784,1.00777370947875,120.0
9582,1753.3822386673176,1.00692909989415,120.0
9583,1753.3836275362562,1.00745868567444,120.0
9584,1753.3850164051953,1.00792391907419,120.0
9585,1753.3864052741344,1.00878805752801,120.0
9586,1753.387794143073,1.00811639812896,120.0
9587,1753.3905718811836,1.00817196144305,120.0
9588,1753.3919607501227,1.00836083978579,120.0
9589,1753.3933496190618,1.00840966854978,120.0
9590,1753.3947384880005,1.00717476353979,120.0
9591,1753.3961273571724,1.00797278337173,120.0
9592,1753.3975162261106,1.0076884080558,120.0
9593,1753.3989050950488,1.00709621293665,120.0
9594,1753.4002939642207,1.00761580591479,120.0
9595,1753.4016828331592,1.00713568060078,120.0
9596,1753.4030717020985,1.00682138051892,120.0
9597,1753.40446057127,1.00809671285053,120.0
9598,1753.405849440209,1.00821053997994,120.0
9599,1753.407238309148,1.00764309092327,120.0
9600,1753.4086271783196,1.0079081222294,120.0
9601,1753.4100160472588,1.00760478320592,120.0
9602,1753.4114049164305,1.00827529774643,120.0
9603,1753.412793785369,1.00784039518247,120.0
9604,1753.4141826545413,1.00806527229772,120.0
9605,1753.41557152348,1.00760367215375,120.0
9606,1753.4169603926518,1.00740161551998,120.0
9607,1753.4183492615907,1.008402851658,120.0
9608,1753.4197381307624,1.00688250685463,120.0
9609,1753.4211269997015,1.00713318802647,120.0
9610,1753.422515868874,1.00797496130432,120.0
9611,1753.4239047378128,1.00763805215299,120.0
9612,1753.425293606984,1.00726675506745,120.0
9613,1753.4266824761555,1.00749392698881,120.0
9614,1753.4280713450946,1.00769338693368,120.0
9615,1753.4294602142663,1.00738518650392,120.0
9616,1753.430849083438,1.00756078901069,120.0
9617,1753.4322379523771,1.00746086107938,120.0
9618,1753.4336268215486,1.00764043946188,120.0
9619,1753.4350156907203,1.00828419328287,120.0
9620,1753.4364045598923,1.00720694425519,120.0
9621,1753.4377934288311,1.00765198143277,120.0
9622,1753.439182298003,1.00726019709252,120.0
9623,1753.4405711671743,1.00808123400188,120.0
9624,1753.4419600363465,1.00767473017897,120.0
9625,1753.443348905518,1.00762685236542,120.0
9626,1753.444737774457,1.00746360316404,120.0
9627,1753.4461266436288,1.0073872770417,120.0
9628,1753.4475155128005,1.00742411755906,120.0
9629,1753.4489043819724,1.00779243598502,120.0
9630,1753.4502932511443,1.0075917609553,120.0
9631,1753.4516821203151,1.00728227235854,120.0
9632,1753.4530709894864,1.00700973998433,120.0
9633,1753.4544598586579,1.00769865020361,120.0
9634,1753.4558487278296,1.00730514922722,120.0
9635,1753.4572375970015,1.00812082486329,120.0
9636,1753.4586264661732,1.00708722963755,120.0
9637,1753.4600153353451,1.0079070409451,120.0
9638,1753.4614042045166,1.00785216610587,120.0
9639,1753.4627930736883,1.00737765637186,120.0
9640,1753.4641819428605,1.00797554561229,120.0
9641,1753.465570812032,1.00850194577212,120.0
9642,1753.466959681204,1.00857681141569,120.0
9643,1753.4683485503756,1.00674580760929,120.0
9644,1753.46973741978,1.00725903612956,120.0
9645,1753.471126288952,1.00719655420323,120.0
9646,1753.4725151581235,1.00756043393372,120.0
9647,1753.4739040272955,1.00682443153462,120.0
9648,1753.4752928964672,1.00822677041354,120.0
9649,1753.476681765639,1.00734004141703,120.0
9650,1753.4780706350437,1.00790760336904,120.0
9651,1753.4794595042147,1.00727788230693,120.0
9652,1753.4808483733857,1.00783963716178,120.0
9653,1753.4822372427902,1.00777071534315,120.0
9654,1753.483626111962,1.00808746148744,120.0
9655,1753.4850149811339,1.00849192120906,120.0
9656,1753.486403850538,1.00741878684166,120.0
9657,1753.48779271971,1.00752123850553,120.0
9658,1753.489181588882,1.00773985739335,120.0
9659,1753.4905704582864,1.006857800139,120.0
9660,1753.4919593274583,1.00790170383754,120.0
9661,1753.4933481966295,1.00744763227465,120.0
9662,1753.4947370660343,1.00750030689104,120.0
9663,1753.4975148046108,1.00749143407916,120.0
9664,1753.4989036737827,1.00777736888876,120.0
9665,1753.500292543187,1.00823962820575,120.0
9666,1753.5016814123587,1.0084372652467,120.0
9667,1753.5030702817637,1.00752287525348,120.0
9668,1753.5044591509352,1.00781006737128,120.0
9669,1753.50584802034,1.00763141084388,120.0
9670,1753.5072368897438,1.00723377483622,120.0
9671,1753.5086257589148,1.0071585813526,120.0
9672,1753.5100146283196,1.00862009324392,120.0
9673,1753.511403497491,1.00778045095884,120.0
9674,1753.5127923668958,1.00762697499992,120.0
9675,1753.514181236301,1.00683138211353,120.0
9676,1753.5155701054734,1.00797873536931,120.0
9677,1753.5169589748782,1.00640216708703,120.0
9678,1753.5183478442823,1.00758010497061,120.0
9679,1753.5197367136873,1.00713695307931,120.0
9680,1753.5211255828592,1.00749380902456,120.0
9681,1753.5225144522635,1.00698163374957,120.0
9682,1753.5239033216683,1.00750730686679,120.0
9683,1753.5252921910724,1.00810932781937,120.0
9684,1753.5266810602443,1.00735369881862,120.0
9685,1753.5280699296493,1.0071678702699,120.0
9686,1753.5294587990536,1.00682581949396,120.0
9687,1753.5308476684584,1.00771324573992,120.0
9688,1753.5322365378627,1.0064690670586,120.0
9689,1753.5336254072674,1.00702967109945,120.0
9690,1753.5350142766713,1.00643965787515,120.0
9691,1753.5364031460751,1.00694086501734,120.0
9692,1753.53779201548,1.00717684916053,120.0
9693,1753.5391808848844,1.0078234378838,120.0
9694,1753.540569754056,1.00723283969488,120.0
9695,1753.5419586234607,1.00713637328702,120.0
9696,1753.5433474928652,1.00709640894654,120.0
9697,1753.5447363625028,1.00790300670671,120.0
9698,1753.5461252319071,1.00654536232568,120.0
9699,1753.547514101312,1.00818120352346,120.0
9700,1753.5489029707167,1.00685545343402,120.0
9701,1753.5502918401207,1.00735687112632,120.0
9702,1753.5516807095255,1.00707840761837,120.0
9703,1753.5530695789303,1.00725806461445,120.0
9704,1753.5544584483348,1.00758825237301,120.0
9705,1753.5558473177396,1.00754572732193,120.0
9706,1753.5572361871439,1.00743356637315,120.0
9707,1753.5586250567815,1.00717173636636,120.0
9708,1753.5600139261862,1.0074125218177,120.0
9709,1753.5614027955903,1.00763500061672,120.0
9710,1753.5627916649944,1.00831778741975,120.0
9711,1753.564180534631,1.00727083921991,120.0
9712,1753.5655694040358,1.00717226724897,120.0
9713,1753.5669582734406,1.00743309237025,120.0
9714,1753.5683471428447,1.0069961568447,120.0
9715,1753.5697360124825,1.0066354589426,120.0
9716,1753.5711248818868,1.00689328222319,120.0
9717,1753.5725137512916,1.00729393357407,120.0
9718,1753.5739026209292,1.00712458222723,120.0
9719,1753.5752914903335,1.00728131310966,120.0
9720,1753.5766803597382,1.00767300097899,120.0
9721,1753.5780692293756,1.00703708961828,120.0
9722,1753.57945809878,1.00763461677132,120.0
9723,1753.5808469684175,1.0076997975666,120.0
9724,1753.582235837822,1.00767248691441,120.0
9725,1753.5836247074596,1.00783435525655,120.0
9726,1753.585013576864,1.00709313757756,120.0
9727,1753.5864024465016,1.00665353665409,120.0
9728,1753.5877913159063,1.00755144084471,120.0
9729,1753.5891801855435,1.00741381994445,120.0
9730,1753.5905690549473,1.00755479099568,120.0
9731,1753.5919579245842,1.00699588854701,120.0
9732,1753.5933467939888,1.00729455601801,120.0
9733,1753.5947356636264,1.00701366081069,120.0
9734,1753.5961245332635,1.00791425335844,120.0
9735,1753.5975134026683,1.00722397411757,120.0
9736,1753.5989022723058,1.00808825609006,120.0
9737,1753.6002911419428,1.00727352743667,120.0
9738,1753.6016800113475,1.00781215073154,120.0
9739,1753.603068880985,1.00728080598151,120.0
9740,1753.6044577506225,1.00714734253371,120.0
9741,1753.6058466200277,1.00738489540616,120.0
9742,1753.6072354896655,1.00728596497153,120.0
9743,1753.6086243593031,1.00693996112756,120.0
9744,1753.6100132289407,1.00674172928849,120.0
9745,1753.611402098578,1.00717509794283,120.0
9746,1753.6127909679828,1.00726848516547,120.0
9747,1753.61417983762,1.00795307817297,120.0
9748,1753.6155687072576,1.00710608472592,120.0
9749,1753.6169575768947,1.00712750183296,120.0
9750,1753.6183464465319,1.00673669502073,120.0
9751,1753.6197353161683,1.00698219469285,120.0
9752,1753.6211241858057,1.0078039819642,120.0
9753,1753.6225130552104,1.00732098071988,120.0
9754,1753.6239019248478,1.00741003356652,120.0
9755,1753.6252907944852,1.00706872533063,120.0
9756,1753.6266796641228,1.00761056326733,120.0
9757,1753.62806853376,1.00747015725372,120.0
9758,1753.6294574033975,1.00654317749101,120.0
9759,1753.630846273035,1.00765113604908,120.0
9760,1753.6322351426722,1.00716961024802,120.0
9761,1753.6336240123098,1.00724598608297,120.0
9762,1753.6350128819467,1.00682451171539,120.0
9763,1753.6364017518174,1.00720941551989,120.0
9764,1753.637790621455,1.006615458176,120.0
9765,1753.639179491092,1.00762088597367,120.0
9766,1753.6405683607295,1.00705325212501,120.0
9767,1753.6419572303669,1.00759572276173,120.0
9768,1753.6433461000045,1.00713128236719,120.0
9769,1753.644734969642,1.00732650514367,120.0
9770,1753.6461238392787,1.00735404372368,120.0
9771,1753.6475127091483,1.00725858295878,120.0
9772,1753.6489015787856,1.00899862875646,120.0
9773,1753.6502904484228,1.00668633684718,120.0
9774,1753.6516793180604,1.00694183222974,120.0
9775,1753.6530681879303,1.00713426382021,120.0
9776,1753.654457057568,1.00677576202875,120.0
9777,1753.6558459272055,1.00668881169007,120.0
9778,1753.6572347970755,1.00677211776159,120.0
9779,1753.6586236667133,1.00701390777058,120.0
9780,1753.6600125363505,1.00719619756271,120.0
9781,1753.6614014062209,1.00692755615958,120.0
9782,1753.6627902758582,1.00703575207966,120.0
9783,1753.6641791454956,1.00730676791086,120.0
9784,1753.665568015366,1.00707617551144,120.0
9785,1753.6669568850032,1.0074601134748,120.0
9786,1753.6683457548736,1.00682325284371,120.0
9787,1753.6697346245112,1.00679955232054,120.0
9788,1753.6711234943812,1.00701466741284,120.0
9789,1753.6725123640188,1.0064090719418,120.0
9790,1753.6739012338883,1.00682714722899,120.0
9791,1753.6752901035247,1.00654827429079,120.0
9792,1753.6766789733952,1.00664071217,120.0
9793,1753.6780678430323,1.00726922392392,120.0
9794,1753.6794567129027,1.0066103462951,120.0
9795,1753.68084558254,1.00742299013553,120.0
9796,1753.6822344524105,1.00712276659169,120.0
9797,1753.6836233222807,1.00684830161245,120.0
9798,1753.685012191918,1.00671798078682,120.0
9799,1753.6864010617885,1.00663209774867,120.0
9800,1753.6877899316587,1.00710723799252,120.0
9801,1753.689178801296,1.00750554724889,120.0
9802,1753.6905676711665,1.00662744154813,120.0
9803,1753.6919565410365,1.00713546791797,120.0
9804,1753.693345410674,1.00669789645885,120.0
9805,1753.6947342805443,1.00653330633156,120.0
9806,1753.6961231504145,1.0057623645284,120.0
9807,1753.697512020285,1.0073746770917,120.0
9808,1753.6989008899232,1.0067483978607,120.0
9809,1753.7002897597938,1.00654081857529,120.0
9810,1753.7016786296642,1.0072791176439,120.0
9811,1753.7030674995335,1.0067675296159,120.0
9812,1753.7044563694033,1.00660288481629,120.0
9813,1753.7058452392732,1.00671141100001,120.0
9814,1753.7072341089108,1.00736572416076,120.0
9815,1753.7086229787812,1.00686204069044,120.0
9816,1753.7100118486512,1.00623554222901,120.0
9817,1753.7114007185216,1.00652633446942,120.0
9818,1753.7127895883916,1.00666260171084,120.0
9819,1753.714178458262,1.00676532418524,120.0
9820,1753.7155673281325,1.00671071237803,120.0
9821,1753.7169561980024,1.00671958763901,120.0
9822,1753.7183450678729,1.00744122918229,120.0
9823,1753.719733937743,1.00733412954256,120.0
9824,1753.7211228076133,1.0070943711224,120.0
9825,1753.7225116774837,1.00647788339948,120.0
9826,1753.7239005473537,1.00716679348071,120.0
9827,1753.725289417224,1.0067488342724,120.0
9828,1753.7266782870943,1.00672992739553,120.0
9829,1753.7280671569645,1.00667493823398,120.0
9830,1753.7294560270675,1.0066781692789,120.0
9831,1753.7308448969372,1.00677867165611,120.0
9832,1753.7322337668068,1.0062048473662,120.0
9833,1753.7336226366767,1.00588663126687,120.0
9834,1753.7350115065472,1.00718778511738,120.0
9835,1753.7364003764176,1.00677603723477,120.0
9836,1753.7377892465204,1.00689351112099,120.0
9837,1753.7391781163908,1.00645023387493,120.0
9838,1753.7405669862612,1.00650593999648,120.0
9839,1753.7419558561312,1.00631100337506,120.0
9840,1753.7433447262345,1.00607575222008,120.0
9841,1753.7447335961044,1.00667623033184,120.0
9842,1753.7461224659748,1.00637014466191,120.0
9843,1753.747511336078,1.00765167282888,120.0
9844,1753.748900205948,1.00656896738189,120.0
9845,1753.7502890758185,1.00619397356491,120.0
9846,1753.7516779459213,1.00575583157527,120.0
9847,1753.7530668157915,1.00648296129191,120.0
9848,1753.7544556858948,1.00651897170404,120.0
9849,1753.7558445557647,1.0066351996227,120.0
9850,1753.7572334256351,1.00642056590329,120.0
9851,1753.7586222957384,1.00635165016317,120.0
9852,1753.760011165608,1.00582831301051,120.0
9853,1753.7614000357105,1.00728415346864,120.0
9854,1753.7627889055805,1.00653431969964,120.0
9855,1753.7641777756835,1.0065106113486,120.0
9856,1753.765566645554,1.00651265116055,120.0
9857,1753.7669555156567,1.00669993691869,120.0
9858,1753.7683443857602,1.00645880997659,120.0
9859,1753.76973325563,1.00604992057544,120.0
9860,1753.7725109956036,1.00707444141259,120.0
9861,1753.7738998657067,1.00675995931881,120.0
9862,1753.77528873581,1.00708384039935,120.0
9863,1753.7766776056799,1.0061809481213,120.0
9864,1753.7780664757831,1.00626243423949,120.0
9865,1753.7794553458864,1.0068664853005,120.0
9866,1753.7808442157564,1.00611290248826,120.0
9867,1753.7822330858596,1.00655956072056,120.0
9868,1753.7836219559624,1.00716807134639,120.0
9869,1753.7850108258328,1.00639994363663,120.0
9870,1753.786399695936,1.00647081259113,120.0
9871,1753.7877885660384,1.00579144614694,120.0
9872,1753.7891774361412,1.00623331579141,120.0
9873,1753.7905663062452,1.00659491690828,120.0
9874,1753.7919551761152,1.00648690391557,120.0
9875,1753.7933440462186,1.00655696743014,120.0
9876,1753.7947329163214,1.00638088120955,120.0
9877,1753.7961217864247,1.00683781160094,120.0
9878,1753.7975106565275,1.00582296229882,120.0
9879,1753.7988995266307,1.00594498650707,120.0
9880,1753.800288396734,1.00659729128732,120.0
9881,1753.8016772668368,1.00679278122839,120.0
9882,1753.80306613694,1.00572481108758,120.0
9883,1753.804455007043,1.00739873804787,120.0
9884,1753.805843877146,1.00609277765747,120.0
9885,1753.8072327472491,1.00688790991237,120.0
9886,1753.808621617352,1.00700246570505,120.0
9887,1753.8100104874554,1.006870763237,120.0
9888,1753.8113993575587,1.00649788306049,120.0
9889,1753.8127882276615,1.00645215657272,120.0
9890,1753.8141770977647,1.00656458839107,120.0
9891,1753.8155659678675,1.00678238337446,120.0
9892,1753.81695483797,1.00650971599836,120.0
9893,1753.8183437080727,1.00677128842229,120.0
9894,1753.8197325781755,1.00670971710876,120.0
9895,1753.8211214482787,1.00674555903215,120.0
9896,1753.8225103183815,1.00608704485183,120.0
9897,1753.8238991887176,1.00631420370083,120.0
9898,1753.825288058821,1.0060970708258,120.0
9899,1753.8266769289237,1.00676922564853,120.0
9900,1753.8280657990267,1.00617776026238,120.0
9901,1753.8294546693628,1.00573532947368,120.0
9902,1753.8308435394658,1.00668645889926,120.0
9903,1753.832232409569,1.00638635465005,120.0
9904,1753.833621279672,1.00630856539939,120.0
9905,1753.835010150008,1.00587707628455,120.0
9906,1753.836399020111,1.00611530597762,120.0
9907,1753.837787890214,1.006451595032,120.0
9908,1753.83917676055,1.00660577074825,120.0
9909,1753.8405656306527,1.0060833630454,120.0
9910,1753.841954500756,1.00744175298853,120.0
9911,1753.8433433710923,1.00680945386662,120.0
9912,1753.8447322411946,1.00665383739849,120.0
9913,1753.8461211115296,1.00628134873853,120.0
9914,1753.8475099816324,1.006173245136,120.0
9915,1753.8488988517358,1.00637939307226,120.0
9916,1753.850287722072,1.00671622591053,120.0
9917,1753.8530654625108,1.00658961766761,120.0
9918,1753.8544543326136,1.00675187989618,120.0
9919,1753.8558432029497,1.00646486127138,120.0
9920,1753.8572320730527,1.00517294860251,120.0
9921,1753.8586209433884,1.00636431388669,120.0
9922,1753.8600098137247,1.00624216828451,120.0
9923,1753.8613986838275,1.0063321397178,120.0
9924,1753.8627875541636,1.00514425943916,120.0
9925,1753.8641764242668,1.00578599834124,120.0
9926,1753.8655652946024,1.00562192844384,120.0
9927,1753.8669541649383,1.00661522818337,120.0
9928,1753.8683430350416,1.00610733090324,120.0
9929,1753.8697319053774,1.00580492475356,120.0
9930,1753.8711207757135,1.00651125414917,120.0
9931,1753.8725096458163,1.0059876879265,120.0
9932,1753.8738985161515,1.0062617766897,120.0
9933,1753.875287386487,1.00579841300996,120.0
9934,1753.8766762568227,1.00596819984546,120.0
9935,1753.878065126926,1.00766014619033,120.0
9936,1753.8794539972616,1.00584875226358,120.0
9937,1753.8808428675984,1.00574877209096,120.0
9938,1753.8822317379352,1.00589043541799,120.0
9939,1753.8836206082708,1.00586656674586,120.0
9940,1753.885009478374,1.00536865904953,120.0
9941,1753.8863983487097,1.00549095011746,120.0
9942,1753.8877872190455,1.00578063808537,120.0
9943,1753.8891760893819,1.00496695203494,120.0
9944,1753.8905649597175,1.00513660555576,120.0
9945,1753.8919538300536,1.00608803174765,120.0
9946,1753.8933427003894,1.00560706264246,120.0
9947,1753.8947315707253,1.00520759936068,120.0
9948,1753.8961204410612,1.00537652378257,120.0
9949,1753.897509311397,1.0068581594444,120.0
9950,1753.898898181733,1.00526400113525,120.0
9951,1753.9002870520687,1.00603108206453,120.0
9952,1753.9016759224048,1.00578600988642,120.0
9953,1753.90306479274,1.00636030365098,120.0
9954,1753.9044536630752,1.00516417712652,120.0
9955,1753.9058425334113,1.00660974669525,120.0
9956,1753.9072314037471,1.00548910312861,120.0
9957,1753.9086202740828,1.00600050972044,120.0
9958,1753.910009144419,1.0052283717446,120.0
9959,1753.9113980147547,1.00543124811936,120.0
9960,1753.9127868853236,1.00567225094432,120.0
9961,1753.9141757556595,1.00531181327271,120.0
9962,1753.915564625995,1.00584062968314,120.0
9963,1753.9169534963314,1.00609577174435,120.0
9964,1753.918342366667,1.00539480900552,120.0
9965,1753.9197312370031,1.00600194902963,120.0
9966,1753.9225089779077,1.0055052269321,120.0
9967,1753.9238978482435,1.00646905522774,120.0
9968,1753.9252867188122,1.00497518958075,120.0
9969,1753.9266755891483,1.00555574324831,120.0
9970,1753.9280644594844,1.00638155526463,120.0
9971,1753.92945332982,1.00630265579047,120.0
9972,1753.9308422003887,1.00582434439943,120.0
9973,1753.932231070724,1.00476629481673,120.0
9974,1753.933619941292,1.00768972035905,120.0
9975,1753.9350088116282,1.00566331380249,120.0
9976,1753.9363976819639,1.00596172159983,120.0
9977,1753.9377865525328,1.00557374026165,120.0
9978,1753.9391754228686,1.0063975663621,120.0
9979,1753.940564293437,1.00530595879565,120.0
9980,1753.9419531637734,1.00528020052009,120.0
9981,1753.9433420343419,1.00541697724048,120.0
9982,1753.944730904678,1.00570555085565,120.0
9983,1753.9461197752466,1.00552688881232,120.0
9984,1753.9475086455825,1.00559226301696,120.0
9985,1753.9488975161514,1.00602634147833,120.0
9986,1753.950286386487,1.00564608911391,120.0
9987,1753.951675257056,1.00569809503458,120.0
9988,1753.953064127392,1.00535208225541,120.0
9989,1753.9544529979603,1.0053763723088,120.0
9990,1753.9558418682966,1.00564047256116,120.0
9991,1753.957230738865,1.00615653863571,120.0
9992,1753.958619609434,1.00605733774704,120.0
9993,1753.96000847977,1.0055724376715,120.0
9994,1753.961397350338,1.00538016880314,120.0
9995,1753.962786220906,1.00584904646244,120.0
9996,1753.9641750912415,1.00541121692994,120.0
9997,1753.9655639618106,1.00542287164508,120.0
9998,1753.9669528323795,1.00612501962791,120.0
9999,1753.968341702948,1.00480137491922,120.0
10000,1753.969730573284,1.00528640129046,120.0
10001,1753.9711194438523,1.00557952898075,120.0
10002,1753.972508314422,1.00535607665838,120.0
10003,1753.9738971849915,1.00611501798356,120.0
10004,1753.9752860555602,1.0050411494632,120.0
10005,1753.9766749258963,1.00593864786845,120.0
10006,1753.9780637964648,1.00499144164322,120.0
10007,1753.9794526670337,1.00481734926165,120.0
10008,1753.9808415376026,1.00560200418109,120.0
10009,1753.982230408171,1.00565780215114,120.0
10010,1753.98361927874,1.00555446089931,120.0
10011,1753.985008149309,1.00585931082367,120.0
10012,1753.9863970198771,1.00423752096253,120.0
10013,1753.9877858904463,1.00541511580475,120.0
10014,1753.9891747610147,1.00522503448496,120.0
10015,1753.9905636315827,1.00478908461929,120.0
10016,1753.9919525021512,1.00538854412347,120.0
10017,1753.9933413727197,1.00573142858037,120.0
10018,1753.9947302432884,1.00580226626551,120.0
10019,1753.996119113857,1.00550305390889,120.0
10020,1753.997507984426,1.00478617171133,120.0
10021,1753.9988968549949,1.00542458561259,120.0
10022,1754.0002857255631,1.0052419240248,120.0
10023,1754.0016745961323,1.00536627062599,120.0
10024,1754.0030634667007,1.00525134590348,120.0
10025,1754.0044523372696,1.00547907807157,120.0
10026,1754.0058412078383,1.00513753165561,120.0
10027,1754.007230078407,1.00448335307869,120.0
10028,1754.0086189492088,1.00526253938875,120.0
10029,1754.0100078197775,1.00472481705929,120.0
10030,1754.011396690346,1.00498676367826,120.0
10031,1754.012785560915,1.00470933399125,120.0
10032,1754.0141744314835,1.00412048507223,120.0
10033,1754.0155633022853,1.00549661277613,120.0
10034,1754.016952172854,1.00427732675564,120.0
10035,1754.0183410434227,1.00382666501883,120.0
10036,1754.0197299142235,1.00477827457152,120.0
10037,1754.0211187847915,1.00487137113018,120.0
10038,1754.0225076553604,1.00387920072646,120.0
10039,1754.023896526162,1.00367097002309,120.0
10040,1754.0252853967306,1.00471239098187,120.0
10041,1754.0266742672995,1.00424538716119,120.0
10042,1754.0280631381008,1.00418765027415,120.0
10043,1754.0294520086695,1.00423065019349,120.0
10044,1754.0308408792387,1.00398965629217,120.0
10045,1754.03222975004,1.00488417585101,120.0
10046,1754.0336186206089,1.00429739471587,120.0
10047,1754.03500749141,1.0043891714908,120.0
10048,1754.036396361979,1.00476408077099,120.0
10049,1754.0377852327808,1.00440232749252,120.0
10050,1754.0391741033493,1.00472901261513,120.0
10051,1754.040562974151,1.00376590984726,120.0
10052,1754.0419518447195,1.00413499730798,120.0
10053,1754.0433407155213,1.00423001743821,120.0
10054,1754.04472958609,1.00403686617005,120.0
10055,1754.0461184568915,1.00383722857415,120.0
10056,1754.0475073274604,1.00415387809957,120.0
10057,1754.0488961982612,1.00338933432046,120.0
10058,1754.050285069062,1.00396947416455,120.0
10059,1754.0516739396307,1.00366156403147,120.0
10060,1754.0530628104323,1.00404596639189,120.0
10061,1754.054451681234,1.00371725634647,120.0
10062,1754.0558405518027,1.00337776021134,120.0
10063,1754.0572294226042,1.0034086074512,120.0
10064,1754.058618293406,1.00468714944527,120.0
10065,1754.0600071639744,1.00358137500164,120.0
10066,1754.061396034776,1.00344855744852,120.0
10067,1754.062784905578,1.00398571243788,120.0
10068,1754.06417377638,1.0038257448983,120.0
10069,1754.0655626469495,1.00411711168613,120.0
10070,1754.0669515177508,1.00401982776374,120.0
10071,1754.0683403885523,1.00374456008371,120.0
10072,1754.0697292593543,1.00395019139155,120.0
10073,1754.0711181301556,1.00366378397198,120.0
10074,1754.072507000957,1.00391576400962,120.0
10075,1754.073895871526,1.00445242352521,120.0
10076,1754.0752847423275,1.00355753241821,120.0
10077,1754.0766736131293,1.00356337611577,120.0
10078,1754.07806248393,1.00375781060255,120.0
10079,1754.0794513547307,1.00306908036482,120.0
10080,1754.0808402255325,1.00347046734799,120.0
10081,1754.082229096334,1.00363658415199,120.0
10082,1754.0836179671355,1.00391619008777,120.0
10083,1754.085006837937,1.00423650099272,120.0
10084,1754.0863957087388,1.00332171863528,120.0
10085,1754.0877845795403,1.00291773821831,120.0
10086,1754.0891734503418,1.00299810524051,120.0
10087,1754.0905623211436,1.00328734139115,120.0
10088,1754.0919511919449,1.00366135449784,120.0
10089,1754.0933400627466,1.00371967750544,120.0
10090,1754.0947289335484,1.0032274270239,120.0
10091,1754.0961178043497,1.00218102261831,120.0
10092,1754.0975066751514,1.00279513857622,120.0
10093,1754.0988955459527,1.0034065750606,120.0
10094,1754.1002844169873,1.00379748388016,120.0
10095,1754.101673287789,1.00394173241671,120.0
10096,1754.1030621585903,1.00350808122937,120.0
10097,1754.104451029392,1.0035103329526,120.0
10098,1754.1058399001931,1.00348228089456,120.0
10099,1754.107228771228,1.00348524250738,120.0
10100,1754.1086176420288,1.00349873857595,120.0
10101,1754.1100065128296,1.00331772955432,120.0
10102,1754.1113953836311,1.00308983280334,120.0
10103,1754.1127842546657,1.00366779826009,120.0
10104,1754.1141731254672,1.00299104518148,120.0
10105,1754.1155619962688,1.0038832228248,120.0
10106,1754.1169508670703,1.00278254590524,120.0
10107,1754.1183397381049,1.00391216032507,120.0
10108,1754.1197286089064,1.00378037476445,120.0
10109,1754.121117479708,1.00300979750391,120.0
10110,1754.1225063507425,1.00331095585097,120.0
10111,1754.1238952215435,1.00348902317708,120.0
10112,1754.1252840925783,1.00326980471458,120.0
10113,1754.1266729633799,1.00348117203644,120.0
10114,1754.1280618341812,1.00312166259573,120.0
10115,1754.129450705216,1.00337557876846,120.0
10116,1754.1308395760173,1.00387386348729,120.0
10117,1754.1322284470518,1.0031665118348,120.0
10118,1754.1336173178536,1.00370522391665,120.0
10119,1754.1350061888877,1.00354455138884,120.0
10120,1754.1363950596894,1.00319709446321,120.0
10121,1754.1377839307231,1.00344419197763,120.0
10122,1754.139172801524,1.00376309051063,120.0
10123,1754.1405616725583,1.0036082850001,120.0
10124,1754.1419505435927,1.00408806494944,120.0
10125,1754.1433394143944,1.00384234800044,120.0
10126,1754.1447282854283,1.00461283861517,120.0
10127,1754.1461171562303,1.00425045263253,120.0
10128,1754.1475060272649,1.00430736560598,120.0
10129,1754.1488948982987,1.00470730438644,120.0
10130,1754.1502837691007,1.00425753101716,120.0
10131,1754.151672640135,1.00375699570635,120.0
10132,1754.1530615111694,1.00417048035715,120.0
10133,1754.1544503819712,1.00430298488614,120.0
10134,1754.1558392530062,1.00421722482043,120.0
10135,1754.1572281240412,1.00365066121808,120.0
10136,1754.1586169950756,1.00465845256773,120.0
10137,1754.160005865877,1.00468589058363,120.0
10138,1754.1613947369117,1.00376254262416,120.0
10139,1754.1627836079458,1.00433754291677,120.0
10140,1754.1641724789804,1.00386335727556,120.0
10141,1754.1655613500147,1.00405419121772,120.0
10142,1754.1669502208163,1.0043159114547,120.0
10143,1754.16833909185,1.00423437244295,120.0
10144,1754.1697279628836,1.0041139963222,120.0
10145,1754.171116833918,1.00392328263664,120.0
10146,1754.1725057049528,1.00484630981656,120.0
10147,1754.1738945759869,1.00489346972831,120.0
10148,1754.1752834470215,1.00397930981851,120.0
10149,1754.1766723180556,1.00350798358885,120.0
10150,1754.17806118909,1.00460465529172,120.0
10151,1754.1794500601247,1.00428008612332,120.0
10152,1754.1808389311589,1.00503675243039,120.0
10153,1754.1822278021934,1.00413862936972,120.0
10154,1754.1836166732276,1.00411557110638,120.0
10155,1754.185005544262,1.0035067359583,120.0
10156,1754.1863944152967,1.00447690732865,120.0
10157,1754.1877832863308,1.00338568852768,120.0
10158,1754.1891721573654,1.00397990583114,120.0
10159,1754.1905610283995,1.00469298403871,120.0
10160,1754.191949899434,1.00393924601362,120.0
10161,1754.1933387704687,1.00413816709242,120.0
10162,1754.1947276415028,1.00449561679609,120.0
10163,1754.1961165125374,1.00376901581488,120.0
10164,1754.197505383804,1.00394995496511,120.0
10165,1754.1988942548376,1.003858862107,120.0
10166,1754.200283125872,1.00381364055259,120.0
10167,1754.2016719969063,1.00435501016848,120.0
10168,1754.2030608679408,1.00375694444943,120.0
10169,1754.2044497389754,1.00429868859899,120.0
10170,1754.2058386102424,1.00416976138728,120.0
10171,1754.2072274812767,1.00375988925829,120.0
10172,1754.208616352311,1.00461388264348,120.0
10173,1754.2100052235785,1.00347231676613,120.0
10174,1754.211394094613,1.0036603266831,120.0
10175,1754.2127829656472,1.00387377680747,120.0
10176,1754.2141718366815,1.00377155674924,120.0
10177,1754.2155607079487,1.00376028213722,120.0
10178,1754.2169495789833,1.00388106496119,120.0
10179,1754.2183384502507,1.0038867028517,120.0
10180,1754.2197273212848,1.00356143895623,120.0
10181,1754.2211161923194,1.00318885371937,120.0
10182,1754.2225050635866,1.00382872160888,120.0
10183,1754.2238939346207,1.00452644918321,120.0
10184,1754.2252828058884,1.00339471927593,120.0
10185,1754.2266716769225,1.00406571568736,120.0
10186,1754.228060547956,1.00349075636151,120.0
10187,1754.2294494192229,1.0040880340015,120.0
10188,1754.2308382902572,1.00425103765211,120.0
10189,1754.2322271615246,1.00346031997907,120.0
10190,1754.2336160327916,1.00379426324869,120.0
10191,1754.235004903826,1.00321623305747,120.0
10192,1754.2363937750931,1.00375310472787,120.0
10193,1754.2377826461277,1.00421019115827,120.0
10194,1754.239171517395,1.00370801357307,120.0
10195,1754.2405603884292,1.00319482619261,120.0
10196,1754.2419492596966,1.00384320693139,120.0
10197,1754.243338130964,1.0041637261457,120.0
10198,1754.244727001998,1.00539751805387,120.0
10199,1754.2461158732656,1.0036686555273,120.0
10200,1754.2475047445334,1.00397057537592,120.0
10201,1754.2488936155685,1.00329917570458,120.0
10202,1754.2502824868359,1.00341271252947,120.0
10203,1754.2516713581028,1.00341490049135,120.0
10204,1754.2530602291374,1.00373148742701,120.0
10205,1754.2544491004046,1.00397822193743,120.0
10206,1754.2558379716716,1.00362585147092,120.0
10207,1754.2572268429383,1.00358669211418,120.0
10208,1754.258615713972,1.00373035314637,120.0
10209,1754.2600045852391,1.00343975798584,120.0
10210,1754.2613934565063,1.0041179461941,120.0
10211,1754.2627823277735,1.00393038569339,120.0
10212,1754.2641711990411,1.00348039930129,120.0
10213,1754.265560070308,1.00354275793094,120.0
10214,1754.2669489413427,1.00372177063407,120.0
10215,1754.2683378126098,1.00353951994927,120.0
10216,1754.269726683877,1.00339302129913,120.0
10217,1754.2711155551444,1.0037918060651,120.0
10218,1754.2725044264112,1.00329852677141,120.0
10219,1754.2738932976788,1.00290211037465,120.0
10220,1754.2752821689462,1.00282909031382,120.0
10221,1754.2766710402132,1.00286602330987,120.0
10222,1754.2780599114803,1.00312890110137,120.0
10223,1754.2794487827475,1.00340446480143,120.0
10224,1754.2808376540147,1.00381143758464,120.0
10225,1754.2822265252823,1.00360193979982,120.0
10226,1754.2836153965493,1.0033684623353,120.0
10227,1754.2850042678167,1.00303405787902,120.0
10228,1754.2863931390839,1.00365442524357,120.0
10229,1754.2877820103506,1.00354332086668,120.0
10230,1754.289170881617,1.00319133656091,120.0
10231,1754.290559752884,1.00321759500552,120.0
10232,1754.2919486241515,1.00282889763001,120.0
10233,1754.2933374956515,1.00406668749466,120.0
10234,1754.2947263669187,1.00279559819635,120.0
10235,1754.296115238186,1.00292529202568,120.0
10236,1754.297504109453,1.00343942139973,120.0
10237,1754.2988929807204,1.00381365297893,120.0
10238,1754.3002818519876,1.00311704236998,120.0
10239,1754.3016707234876,1.00326948913655,120.0
10240,1754.303059594755,1.00328289592158,120.0
10241,1754.304448466022,1.00417152867138,120.0
10242,1754.3058373372894,1.00345596490948,120.0
10243,1754.3072262087894,1.00392157374854,120.0
10244,1754.3086150800566,1.00313026381332,120.0
10245,1754.310003951324,1.00346557438578,120.0
10246,1754.3113928228236,1.00351132553643,120.0
10247,1754.3127816940912,1.00292438257143,120.0
10248,1754.3141705653586,1.00366538700416,120.0
10249,1754.3155594368584,1.00315297631616,120.0
10250,1754.3169483081258,1.00285365726125,120.0
10251,1754.3183371793923,1.0034074894972,120.0
10252,1754.3197260508916,1.00184877944866,120.0
10253,1754.321114922159,1.00319278115473,120.0
10254,1754.3225037936588,1.0031998143269,120.0
10255,1754.3238926649262,1.00377162250424,120.0
10256,1754.325281536426,1.00289108848862,120.0
10257,1754.3266704076934,1.00320630614794,120.0
10258,1754.3280592791937,1.00344308877385,120.0
10259,1754.3294481504606,1.00271254863776,120.0
10260,1754.3308370219609,1.00255215762328,120.0
10261,1754.332225893228,1.00246399857856,120.0
10262,1754.333614764728,1.00361456667323,120.0
10263,1754.3350036359955,1.00314241791715,120.0
10264,1754.3363925074952,1.00316464460934,120.0
10265,1754.337781378763,1.00265313457888,120.0
10266,1754.3391702502643,1.00344291885548,120.0
10267,1754.340559121764,1.00327424009939,120.0
10268,1754.3419479930315,1.00259888075391,120.0
10269,1754.3433368645312,1.00298167632549,120.0
10270,1754.3447257360315,1.00257608095883,120.0
10271,1754.346114607299,1.00316772575736,120.0
10272,1754.3475034787987,1.00286602344518,120.0
10273,1754.348892350298,1.00355494166235,120.0
10274,1754.3502812215645,1.00241469641743,120.0
10275,1754.3516700930647,1.00351787346227,120.0
10276,1754.3530589645648,1.00288318390381,120.0
10277,1754.3544478360648,1.00213097550446,120.0
10278,1754.355836707332,1.0030558377831,120.0
10279,1754.357225578832,1.00267201765965,120.0
10280,1754.3586144503322,1.00267151732736,120.0
10281,1754.3600033218324,1.00321403197209,120.0
10282,1754.3613921930992,1.00328286488433,120.0
10283,1754.3627810645996,1.00303672939865,120.0
10284,1754.3641699360996,1.00221563416926,120.0
10285,1754.3655588075997,1.001902689955,120.0
10286,1754.3669476791,1.00264263649282,120.0
10287,1754.3683365505997,1.0024738765394,120.0
10288,1754.3697254221,1.00280030756225,120.0
10289,1754.3711142936,1.00296307873533,120.0
10290,1754.3725031651,1.00370595599441,120.0
10291,1754.3738920366,1.00290564562527,120.0
10292,1754.3752809081,1.00310794788107,120.0
10293,1754.3766697796002,1.00308200835775,120.0
10294,1754.3780586511004,1.00182854509558,120.0
10295,1754.3794475225995,1.00239994689035,120.0
10296,1754.380836394099,1.00239978267173,120.0
10297,1754.382225265599,1.00245944189687,120.0
10298,1754.3836141370991,1.00225976246189,120.0
10299,1754.3850030085991,1.00269176292481,120.0
10300,1754.3863918800992,1.00289509328515,120.0
10301,1754.3877807515992,1.00291687096271,120.0
10302,1754.3891696230992,1.00222517686107,120.0
10303,1754.3905584945994,1.0024574662811,120.0
10304,1754.3919473660997,1.0026817998382,120.0
10305,1754.3933362375994,1.00289589768073,120.0
10306,1754.3947251093325,1.00263367685443,120.0
10307,1754.3961139808323,1.00234084589445,120.0
10308,1754.3975028523323,1.00199633360885,120.0
10309,1754.3988917238328,1.00265710703521,120.0
10310,1754.4002805953323,1.00230291794424,120.0
10311,1754.4016694670656,1.00248948390523,120.0
10312,1754.4030583385656,1.00169225957151,120.0
10313,1754.4044472100657,1.00228760488876,120.0
10314,1754.405836081566,1.0023934271121,120.0
10315,1754.4072249532985,1.00246597354356,120.0
10316,1754.4086138247987,1.00223431998012,120.0
10317,1754.410002696298,1.00267729082564,120.0
10318,1754.4113915680302,1.00260362752151,120.0
10319,1754.4127804395305,1.00293182305794,120.0
10320,1754.4141693110303,1.0030039075583,120.0
10321,1754.415558182763,1.00263267357288,120.0
10322,1754.4169470542631,1.00204472724044,120.0
10323,1754.4183359257631,1.00262905874178,120.0
10324,1754.4197247974964,1.00261032187801,120.0
10325,1754.4211136689962,1.00191404739593,120.0
10326,1754.4225025407293,1.00239000422157,120.0
10327,1754.4238914122295,1.00231997025145,120.0
10328,1754.425280283962,1.0024634451209,120.0
10329,1754.4266691554624,1.00203092172164,120.0
10330,1754.4280580271948,1.00341813170645,120.0
10331,1754.429446898696,1.0024035142882,120.0
10332,1754.4308357704297,1.00147074829212,120.0
10333,1754.4322246419295,1.00195104623132,120.0
10334,1754.4336135136623,1.00245162519315,120.0
10335,1754.4350023851623,1.00210193371791,120.0
10336,1754.4363912568951,1.00232123486539,120.0
10337,1754.4377801283956,1.00159742683337,120.0
10338,1754.4391690001282,1.00227601470813,120.0
10339,1754.4405578718604,1.0030087832935,120.0
10340,1754.44194674336,1.00257403441074,120.0
10341,1754.4433356150928,1.00204567231829,120.0
10342,1754.4447244868259,1.00250331538199,120.0
10343,1754.4461133583256,1.00289801815091,120.0
10344,1754.4475022300587,1.00237555955331,120.0
10345,1754.4488911017916,1.0019735221017,120.0
10346,1754.4502799732916,1.00204197972803,120.0
10347,1754.4516688450246,1.00241500419669,120.0
10348,1754.4530577167573,1.00238578081736,120.0
10349,1754.4544465884903,1.00246100668762,120.0
10350,1754.4558354599903,1.00292059088944,120.0
10351,1754.4572243317232,1.00217373598201,120.0
10352,1754.4586132034563,1.00244532018613,120.0
10353,1754.4600020751889,1.00194302055881,120.0
10354,1754.461390946922,1.0026684739992,120.0
10355,1754.462779818655,1.00141676208347,120.0
10356,1754.4641686901548,1.00225523627432,120.0
10357,1754.4655575618879,1.00264470111997,120.0
10358,1754.4669464336207,1.00193462123408,120.0
10359,1754.4683353053535,1.00220901520828,120.0
10360,1754.4697241770866,1.00178190842894,120.0
10361,1754.4711130488192,1.0023810485642,120.0
10362,1754.4725019205512,1.00255982960302,120.0
10363,1754.4738907922836,1.00254072843403,120.0
10364,1754.4752796640166,1.00180491841756,120.0
10365,1754.4766685357497,1.00187230984253,120.0
10366,1754.4780574074823,1.0022316632372,120.0
10367,1754.4794462792152,1.00204573745147,120.0
10368,1754.4808351509482,1.0022765757114,120.0
10369,1754.482224022681,1.00185311238202,120.0
10370,1754.483612894414,1.00228378865111,120.0
10371,1754.4850017661468,1.00230728215656,120.0
10372,1754.4863906378798,1.00265456152836,120.0
10373,1754.487779509613,1.00183565377119,120.0
10374,1754.4891683813455,1.00234965261701,120.0
10375,1754.4905572530784,1.00217082940856,120.0
10376,1754.4919461248112,1.00160370152274,120.0
10377,1754.493334996777,1.00212060095523,120.0
10378,1754.49472386851,1.00245167285295,120.0
10379,1754.4961127402428,1.00099221195778,120.0
10380,1754.4975016119758,1.00225730758529,120.0
10381,1754.4988904837085,1.00112418660597,120.0
10382,1754.5002793554415,1.0017272750625,120.0
10383,1754.5016682274074,1.00151760696349,120.0
10384,1754.5030570991396,1.00223468723542,120.0
10385,1754.5044459708715,1.00312571859478,120.0
10386,1754.5058348426046,1.00134467607817,120.0
10387,1754.5072237145703,1.00275127897466,120.0
10388,1754.5086125863031,1.00193073366058,120.0
10389,1754.510001458036,1.00101916679511,120.0
10390,1754.5113903300019,1.00178369882117,120.0
10391,1754.5127792017347,1.00152649802706,120.0
10392,1754.5141680734675,1.00128823998014,120.0
10393,1754.5155569454334,1.00119430745062,120.0
10394,1754.516945817166,1.00151668134244,120.0
10395,1754.518334689132,1.00160409291961,120.0
10396,1754.5197235608648,1.00011300917021,120.0
10397,1754.5211124325983,1.00207428762635,120.0
10398,1754.522501304565,1.00132189968058,120.0
10399,1754.5238901762975,1.00160387717725,120.0
10400,1754.5252790482634,1.00132021069809,120.0
10401,1754.5266679199965,1.00187455267804,120.0
10402,1754.528056791962,1.00184101217152,120.0
10403,1754.529445663695,1.00115902450696,120.0
10404,1754.5308345356607,1.00269678643106,120.0
10405,1754.5322234073935,1.00177118731086,120.0
10406,1754.5336122793594,1.00205991673675,120.0
10407,1754.5350011510916,1.0016983822837,120.0
10408,1754.5363900230564,1.00100857363939,120.0
10409,1754.5377788947894,1.00166018537578,120.0
10410,1754.539167766755,1.00191774967412,120.0
10411,1754.540556638721,1.00130404475681,120.0
10412,1754.5419455104536,1.00179653005672,120.0
10413,1754.5433343824195,1.00146980883924,120.0
10414,1754.5447232543852,1.00151550214812,120.0
10415,1754.546112126118,1.001455221722,120.0
10416,1754.547500998084,1.00211255618978,120.0
10417,1754.5488898700492,1.0017693879408,120.0
10418,1754.5502787417824,1.00199605466916,120.0
10419,1754.551667613748,1.00137111387675,120.0
10420,1754.5530564857138,1.00146224282052,120.0
10421,1754.5544453576797,1.00133181729725,120.0
10422,1754.5558342294123,1.00059461607386,120.0
10423,1754.5572231013782,1.00120060032533,120.0
10424,1754.558611973344,1.00060624379516,120.0
10425,1754.5600008453096,1.0008731041951,120.0
10426,1754.5613897172755,1.00146324812308,120.0
10427,1754.562778589008,1.00119881298288,120.0
10428,1754.564167460974,1.00168695430474,120.0
10429,1754.5655563329387,1.0004944824022,120.0
10430,1754.566945204904,1.00152933556181,120.0
10431,1754.5683340768699,1.00132958604681,120.0
10432,1754.5697229488353,1.00107735792566,120.0
10433,1754.5711118208012,1.00103212633761,120.0
10434,1754.572500692767,1.00145580057184,120.0
10435,1754.5738895647323,1.00218135029538,120.0
10436,1754.5752784364656,1.00084228912059,120.0
10437,1754.5766673084313,1.00171164053328,120.0
10438,1754.5780561803967,1.00122046772585,120.0
10439,1754.5794450523629,1.00050039379327,120.0
10440,1754.5808339243283,1.00098026394668,120.0
10441,1754.5822227962942,1.00117404004056,120.0
10442,1754.5836116684927,1.00149533893864,120.0
10443,1754.5850005404584,1.00122343180744,120.0
10444,1754.5863894124243,1.00073765482968,120.0
10445,1754.5877782843895,1.00097229734743,120.0
10446,1754.5891671563556,0.99988171621392,120.0
10447,1754.5905560283215,1.00088619166734,120.0
10448,1754.5919449002868,1.00072811813773,120.0
10449,1754.593333772253,1.00151782618581,120.0
10450,1754.5947226442183,1.00128202348311,120.0
10451,1754.5961115161842,1.00035818398159,120.0
10452,1754.597500388382,1.00113038397693,120.0
10453,1754.598889260347,1.00048773201262,120.0
10454,1754.6002781323127,1.00069970701783,120.0
10455,1754.6016670042784,1.00125020362486,120.0
10456,1754.6030558762443,1.00090629454492,120.0
10457,1754.604444748443,1.00095702070234,120.0
10458,1754.6058336204085,1.0001723936862,120.0
10459,1754.6072224923744,1.00071325001432,120.0
10460,1754.6086113645727,1.00152451710696,120.0
10461,1754.6100002365383,1.00146057870358,120.0
10462,1754.6113891085045,1.00037203010916,120.0
10463,1754.6127779804708,1.00143501221612,120.0
10464,1754.61416685267,1.00118046259031,120.0
10465,1754.6155557246357,1.00018488974544,120.0
10466,1754.6169445966011,1.00114564635839,120.0
10467,1754.6183334688,1.00093696529385,120.0
10468,1754.6197223407655,1.00065680216922,120.0
10469,1754.6211112129643,1.00146173433653,120.0
10470,1754.62250008493,1.00089889389128,120.0
10471,1754.6238889571284,1.00105747257074,120.0
10472,1754.6252778290943,1.00012816646606,120.0
10473,1754.6266667010595,1.00137237197851,120.0
10474,1754.6280555732585,0.99995094732578,120.0
10475,1754.6294444452235,1.00065083424792,120.0
10476,1754.630833317421,1.00063598388933,120.0
10477,1754.6322221893872,1.00166229736471,120.0
10478,1754.6336110615855,1.00168756721561,120.0
10479,1754.6349999335514,1.0010052398138,120.0
10480,1754.63638880575,1.00035225687072,120.0
10481,1754.6377776779484,1.0001394681715,120.0
10482,1754.6391665499143,1.00244853467096,120.0
10483,1754.6405554221128,1.00042291439799,120.0
10484,1754.6419442940785,1.00136996590896,120.0
10485,1754.6433331662772,1.00019547830775,120.0
10486,1754.6447220384755,0.99981347775596,120.0
10487,1754.6461109104412,1.00113226080127,120.0
10488,1754.64749978264,1.00089117788171,120.0
10489,1754.6488886548384,1.00099039539179,120.0
10490,1754.6502775268043,1.00009260427281,120.0
10491,1754.6516663990024,1.00097690326208,120.0
10492,1754.6530552712013,1.00119998014985,120.0
10493,1754.6544441431668,1.00001530950611,120.0
10494,1754.6558330153655,1.0007484084177,120.0
10495,1754.6572218875642,0.99963881582374,120.0
10496,1754.6586107597625,1.00053741308285,120.0
10497,1754.6599996317275,1.00023733850449,120.0
10498,1754.6613885039255,1.00106420322443,120.0
10499,1754.662777376124,0.99966791493724,120.0
10500,1754.6641662483228,1.00001615863365,120.0
10501,1754.665555120521,1.00074425668019,120.0
10502,1754.6669439927196,1.0003381458896,120.0
10503,1754.6683328646857,1.00116284456843,120.0
10504,1754.669721736884,1.00053460348886,120.0
10505,1754.6711106090827,1.00031635599504,120.0
10506,1754.6724994812807,1.00129075778893,120.0
10507,1754.6738883534797,1.0002574013759,120.0
10508,1754.6752772256784,1.00008734367179,120.0
10509,1754.6766660978767,1.00003799413988,120.0
10510,1754.6780549700754,0.99927012685877,120.0
10511,1754.679443842274,1.00091646738815,120.0
10512,1754.6808327144724,1.00067307549461,120.0
10513,1754.6822215866712,1.00006942330968,120.0
10514,1754.6836104588695,1.00079096892005,120.0
10515,1754.684999331068,1.00003361421633,120.0
10516,1754.6863882032667,1.00004621427702,120.0
10517,1754.6877770754652,1.00048910691276,120.0
10518,1754.689165947664,1.00067806403829,120.0
10519,1754.6905548198622,1.00032714538172,120.0
10520,1754.69194369206,0.99983899311742,120.0
10521,1754.693332564258,0.99977762016722,120.0
10522,1754.6947214364563,1.00036966696039,120.0
10523,1754.696110308888,1.00089914956532,120.0
10524,1754.6974991810864,0.99976969647618,120.0
10525,1754.6988880532851,1.00096200399821,120.0
10526,1754.7002769254839,1.00056714759753,120.0
10527,1754.701665797682,0.99919649282516,120.0
10528,1754.7030546698809,1.00017819453781,120.0
10529,1754.704443542313,0.99988198754192,120.0
10530,1754.705832414512,1.00015848053268,120.0
10531,1754.7072212867108,1.00006434886292,120.0
10532,1754.708610158909,1.00002259370096,120.0
10533,1754.7099990313407,1.0000594305049,120.0
10534,1754.7113879035392,1.00056462579098,120.0
10535,1754.7127767757377,1.00012139405806,120.0
10536,1754.7141656481692,1.00000782462769,120.0
10537,1754.7155545203675,1.00058078715465,120.0
10538,1754.7169433925662,0.99942715414941,120.0
10539,1754.7183322649976,1.00019752302493,120.0
10540,1754.719721137196,0.9997232068668,120.0
10541,1754.7211100093948,0.9998476640709,120.0
10542,1754.722498881826,1.00079212634069,120.0
10543,1754.7238877540235,1.0003210694228,120.0
10544,1754.7252766264546,0.9999590117122,120.0
10545,1754.7266654986531,1.00016160990846,120.0
10546,1754.7280543708519,0.99980565161953,120.0
10547,1754.7294432432827,1.0001244241066,120.0
10548,1754.7308321154817,0.99964155515931,120.0
10549,1754.7322209879133,0.99996992928853,120.0
10550,1754.7336098601115,1.00034145208095,120.0
10551,1754.734998732543,1.00052926803789,120.0
10552,1754.7363876047411,0.9998347194944,120.0
10553,1754.7377764771727,1.00016694058944,120.0
10554,1754.7391653493717,0.99994720380104,120.0
10555,1754.7405542218028,0.99963949697304,120.0
10556,1754.7419430942343,0.99993848395076,120.0
10557,1754.7433319664326,0.99975006761336,120.0
10558,1754.744720838864,0.99953828776124,120.0
10559,1754.746109711063,1.00015064067328,120.0
10560,1754.747498583494,0.99987181787847,120.0
10561,1754.7488874559256,0.99939763009933,120.0
10562,1754.750276328124,1.00001443006942,120.0
10563,1754.7516652005554,0.99931399517845,120.0
10564,1754.7530540729867,0.99984526809957,120.0
10565,1754.7544429451852,1.00040466695127,120.0
10566,1754.755831817616,0.99999991684765,120.0
10567,1754.7572206900468,1.0000028119957,120.0
10568,1754.758609562478,1.00002497941425,120.0
10569,1754.7599984346768,0.99961410934557,120.0
10570,1754.761387307108,1.00066278654782,120.0
10571,1754.7627761795395,0.99919920567386,120.0
10572,1754.7641650519708,0.99930622711439,120.0
10573,1754.7655539241691,0.99917171289301,120.0
10574,1754.7669427966007,1.00012343233769,120.0
10575,1754.768331669032,0.99974141368756,120.0
10576,1754.7697205414636,1.00011659795165,120.0
10577,1754.7711094138951,0.99968822106941,120.0
10578,1754.7724982863263,0.99919952071469,120.0
10579,1754.7738871587578,0.99980314454153,120.0
10580,1754.775276030956,0.99944561605887,120.0
10581,1754.7766649033877,0.99934898642877,120.0
10582,1754.7780537758192,0.9997256545316,120.0
10583,1754.7794426482503,1.00058886200912,120.0
10584,1754.7808315206819,1.00044764302224,120.0
10585,1754.7822203931132,0.99968273573075,120.0
10586,1754.7836092655443,0.99927422300375,120.0
10587,1754.784998137976,1.00028493808592,120.0
10588,1754.7863870104072,1.00013062331164,120.0
10589,1754.7877758828388,0.99990722219604,120.0
10590,1754.7891647552694,1.00009321584105,120.0
10591,1754.7905536277,0.99955114160108,120.0
10592,1754.7919425001317,0.99965482392232,120.0
10593,1754.7933313725628,0.99990800182073,120.0
10594,1754.7947202449943,0.99917546123648,120.0
10595,1754.7961091174263,0.99968005477918,120.0
10596,1754.7974979900912,1.00011648396419,120.0
10597,1754.7988868625227,0.99945789565939,120.0
10598,1754.8002757349539,0.9991787095784,120.0
10599,1754.8016646073854,0.99897332222355,120.0
10600,1754.8030534798168,0.99968869172361,120.0
10601,1754.804442352248,0.99912437446367,120.0
10602,1754.8058312249125,1.00000439693579,120.0
10603,1754.8072200973436,0.99926673169063,120.0
10604,1754.8086089697752,0.9990735820957,120.0
10605,1754.8099978422067,0.9999827035854,120.0
10606,1754.8113867146378,0.99952461364613,120.0
10607,1754.8127755873022,1.00006869529013,120.0
10608,1754.8141644597335,1.00003725570024,120.0
10609,1754.8155533321649,1.00024061628646,120.0
10610,1754.8169422048293,0.99939266627326,120.0
10611,1754.8183310772604,0.99919476080524,120.0
10612,1754.819719949692,0.99980615466797,120.0
10613,1754.8211088221226,0.99969927458524,120.0
10614,1754.822497694786,0.99960041771881,120.0
10615,1754.8238865672176,0.99932278517035,120.0
10616,1754.8252754398816,0.99981398397621,120.0
10617,1754.8266643123131,0.99862871591825,120.0
10618,1754.8280531847445,0.99906444076993,120.0
10619,1754.8294420574086,0.99863890220477,120.0
10620,1754.8308309298402,0.99957764248193,120.0
10621,1754.832219802504,0.99928471714223,120.0
10622,1754.8336086749357,0.99947450972127,120.0
10623,1754.8349975476,0.99988643474357,120.0
10624,1754.8363864200312,0.9983954220779,120.0
10625,1754.8377752926956,0.99909106990941,120.0
10626,1754.8391641651267,0.99946770851316,120.0
10627,1754.840553037791,0.99968802236678,120.0
10628,1754.8419419102227,0.99961786048175,120.0
10629,1754.8433307828866,0.99833405441232,120.0
10630,1754.844719655318,0.99911432133491,120.0
10631,1754.846108527982,0.99927322337563,120.0
10632,1754.8474974004137,0.99929570042344,120.0
10633,1754.848886273078,0.99925618037659,120.0
10634,1754.850275145742,0.99918216464649,120.0
10635,1754.8516640181736,0.9987784398727,120.0
10636,1754.853052890837,0.99965788295878,120.0
10637,1754.8544417635003,0.99878612783039,120.0
10638,1754.855830635932,0.99950206943662,120.0
10639,1754.857219508596,0.9997630463485,120.0
10640,1754.8586083812604,0.99872444332538,120.0
10641,1754.8599972536915,0.99913189966865,120.0
10642,1754.861386126356,0.9994229737239,120.0
10643,1754.8627749990203,0.9985497782895,120.0
10644,1754.8641638716842,0.99920378504864,120.0
10645,1754.8655527441158,0.99942899968394,120.0
10646,1754.86694161678,0.99874429053144,120.0
10647,1754.868330489444,0.99920048163747,120.0
10648,1754.8697193621083,0.99867141852837,120.0
10649,1754.8711082345396,0.99878208812971,120.0
10650,1754.872497107204,0.99968601045956,120.0
10651,1754.8738859798684,0.99873561134789,120.0
10652,1754.8752748525324,0.99888764037952,120.0
10653,1754.8766637251967,0.99901707478971,120.0
10654,1754.8780525978607,0.99866849409043,120.0
10655,1754.879441470525,0.99798084741656,120.0
10656,1754.8808303431895,0.99852300927552,120.0
10657,1754.8822192156204,0.9988980101472,120.0
10658,1754.8836080882847,0.99933625901351,120.0
10659,1754.884996960949,0.99912267375957,120.0
10660,1754.8863858336126,0.99862529085766,120.0
10661,1754.8877747062768,0.99794872691347,120.0
10662,1754.8891635789416,0.99952629618844,120.0
10663,1754.890552451606,0.99898422085882,120.0
10664,1754.89194132427,0.9987261233889,120.0
10665,1754.8933301969344,0.99860242617409,120.0
10666,1754.8947190695988,0.99874607817146,120.0
10667,1754.8961079422627,0.99801575059812,120.0
10668,1754.897496814927,0.99981046302707,120.0
10669,1754.8988856875912,0.99883298081312,120.0
10670,1754.9002745604882,0.99912040850553,120.0
10671,1754.9016634331526,0.9986491875506,120.0
10672,1754.9030523058163,0.99863294046787,120.0
10673,1754.9044411784807,0.99882799704568,120.0
10674,1754.9058300511451,0.99898744284926,120.0
10675,1754.9072189238093,0.99945067859659,120.0
10676,1754.9086077964737,0.99775796181856,120.0
10677,1754.9099966693705,0.99839083510756,120.0
10678,1754.9113855420349,0.99851064678273,120.0
10679,1754.9127744146992,0.99947949650291,120.0
10680,1754.9141632873632,0.99838826676516,120.0
10681,1754.9155521600276,0.99830821759369,120.0
10682,1754.9169410329243,0.99818461293151,120.0
10683,1754.9183299055883,0.9989960969827,120.0
10684,1754.9197187782515,0.99812943521471,120.0
10685,1754.9211076511483,0.99907665365283,120.0
10686,1754.9224965238127,0.99875023068217,120.0
10687,1754.923885396477,0.99905896408359,120.0
10688,1754.9252742691413,0.99867703609444,120.0
10689,1754.9266631420385,0.99797659619005,120.0
10690,1754.9280520147024,0.99878712884116,120.0
10691,1754.9294408875996,0.99926417792688,120.0
10692,1754.9308297602638,0.99973143479872,120.0
10693,1754.932218632928,0.99888341881516,120.0
10694,1754.9336075058252,0.99848993934255,120.0
10695,1754.9349963784891,0.99925232097017,120.0
10696,1754.9363852513864,0.99904613096129,120.0
10697,1754.9377741240503,0.99868128546573,120.0
10698,1754.9391629967147,0.99859690212461,120.0
10699,1754.940551869612,0.99881851241673,120.0
10700,1754.9419407422758,0.99806506254907,120.0
10701,1754.943329615173,0.99895709252996,120.0
10702,1754.9447184878375,0.99817122656496,120.0
10703,1754.9461073607342,0.99827284298645,120.0
10704,1754.9474962333986,0.99850002820328,120.0
10705,1754.9488851062952,0.9985623317945,120.0
10706,1754.9502739791926,0.99946670523984,120.0
10707,1754.951662851856,0.99877587750827,120.0
10708,1754.9530517247524,0.99870823110647,120.0
10709,1754.9544405974168,0.99880107402535,120.0
10710,1754.9558294703136,0.99881925067505,120.0
10711,1754.9572183432108,0.99881621093115,120.0
10712,1754.9586072158752,0.99813986447726,120.0
10713,1754.959996088772,0.99862072417125,120.0
10714,1754.9613849616692,0.99881411314714,120.0
10715,1754.9627738343331,0.99758686861073,120.0
10716,1754.9641627072303,0.9979791805049,120.0
10717,1754.9655515801276,0.99800668816701,120.0
10718,1754.9669404527915,0.99905309684949,120.0
10719,1754.9683293256887,0.99787285609115,120.0
10720,1754.9697181985855,0.99843542382265,120.0
10721,1754.9711070714827,0.99771788215146,120.0
10722,1754.972495944147,0.99870747143952,120.0
10723,1754.9738848170439,0.99836546779359,120.0
10724,1754.975273689941,0.99918433800946,120.0
10725,1754.9766625628383,0.99835229903029,120.0
10726,1754.978051435735,0.99852656657179,120.0
10727,1754.9794403084,0.99847118042675,120.0
10728,1754.9808291812976,0.99875071375281,120.0
10729,1754.9822180541948,0.99773244527846,120.0
10730,1754.983606927092,0.99858666340055,120.0
10731,1754.9849957999884,0.99801869196153,120.0
10732,1754.9863846728847,0.99827690647037,120.0
10733,1754.9877735457815,0.99844418675689,120.0
10734,1754.9891624186787,0.99821611103417,120.0
10735,1754.990551291576,0.99798177850664,120.0
10736,1754.9919401644727,0.99833360498902,120.0
10737,1754.99332903737,0.99830942635947,120.0
10738,1754.994717910267,0.99850873830846,120.0
10739,1754.996106783164,0.99816046752226,120.0
10740,1754.9974956560611,0.99765290841403,120.0
10741,1754.998884528958,0.9980685558556,120.0
10742,1755.000273401855,0.99807458969232,120.0
10743,1755.001662274752,0.99795042608754,120.0
10744,1755.003051147649,0.99803390289105,120.0
10745,1755.0044400205463,0.99814256755423,120.0
10746,1755.005828893443,0.99744393512846,120.0
10747,1755.0072177663403,0.99872411254978,120.0
10748,1755.0086066392375,0.99805299676014,120.0
10749,1755.0099955121343,0.99792686875435,120.0
10750,1755.0113843850315,0.99769556948584,120.0
10751,1755.0127732579283,0.99820815485486,120.0
10752,1755.0141621310584,0.99776140087845,120.0
10753,1755.0155510039556,0.99837815406651,120.0
10754,1755.0169398768523,0.99821502864706,120.0
10755,1755.0183287497487,0.99757840985056,120.0
10756,1755.0197176226447,0.9984898012935,120.0
10757,1755.021106495775,0.99769381813499,120.0
10758,1755.0224953686723,0.99765736635677,120.0
10759,1755.023884241569,0.99802968158821,120.0
10760,1755.0252731144662,0.99729740343371,120.0
10761,1755.026661987596,0.99863455554558,120.0
10762,1755.028050860493,0.99803130241937,120.0
10763,1755.0294397333903,0.99779471123656,120.0
10764,1755.03082860652,0.99792642093431,120.0
10765,1755.032217479417,0.99780563833781,120.0
10766,1755.033606352314,0.99764943234023,120.0
10767,1755.034995225444,0.99739154873017,120.0
10768,1755.0363840983412,0.99788632808019,120.0
10769,1755.037772971238,0.9980359909274,120.0
10770,1755.039161844368,0.99844596884661,120.0
10771,1755.0405507172648,0.99827564363947,120.0
10772,1755.0419395903948,0.9975203797031,120.0
10773,1755.043328463292,0.99766848132877,120.0
10774,1755.0447173364216,0.99686415622236,120.0
10775,1755.0461062093189,0.99709156912474,120.0
10776,1755.047495082216,0.99832618468959,120.0
10777,1755.0488839553457,0.99798233924846,120.0
10778,1755.050272828243,0.99781730915275,120.0
10779,1755.051661701372,0.9972639791876,120.0
10780,1755.0530505742684,0.99812647979632,120.0
10781,1755.0544394473984,0.99802980441181,120.0
10782,1755.055828320528,0.99825897188094,120.0
10783,1755.0572171934252,0.99797265661712,120.0
10784,1755.0586060665548,0.99802837592776,120.0
10785,1755.059994939452,0.99820850439797,120.0
10786,1755.061383812582,0.9970862559096,120.0
10787,1755.0627726857117,0.99720033479898,120.0
10788,1755.0641615586087,0.99771901249546,120.0
10789,1755.0655504317388,0.99774736002812,120.0
10790,1755.0669393046355,0.99773155726645,120.0
10791,1755.0683281777658,0.99719436308447,120.0
10792,1755.0697170508954,0.99765964783743,120.0
10793,1755.071105924026,0.99815044894959,120.0
10794,1755.0724947969238,0.99753805612395,120.0
10795,1755.0738836700536,0.99822530173739,120.0
10796,1755.0752725431837,0.99738152873545,120.0
10797,1755.0766614160805,0.9981264406175,120.0
10798,1755.0780502892103,0.9973336821053,120.0
10799,1755.0794391623403,0.99763012197073,120.0
10800,1755.08082803547,0.9972462813369,120.0
10801,1755.0822169086002,0.99779453943922,120.0
10802,1755.083605781497,0.99799580610662,120.0
10803,1755.0849946546264,0.99709488812535,120.0
10804,1755.0863835277555,0.99768053011593,120.0
10805,1755.0877724008851,0.99702320764814,120.0
10806,1755.0891612740154,0.99793325659497,120.0
10807,1755.090550147145,0.99848271076517,120.0
10808,1755.091939020275,0.99780976363609,120.0
10809,1755.0933278931723,0.99752877675951,120.0
10810,1755.0947167663019,0.99663029117324,120.0
10811,1755.096105639432,0.99778093888816,120.0
10812,1755.0974945125615,0.99693934451662,120.0
10813,1755.0988833856916,0.99741636882357,120.0
10814,1755.1002722588216,0.99693450482954,120.0
10815,1755.1016611319512,0.99722950507269,120.0
10816,1755.1030500050813,0.99773301397369,120.0
10817,1755.104438878211,0.99801152585969,120.0
10818,1755.1058277513407,0.99705601791108,120.0
10819,1755.1072166244708,0.99714754625922,120.0
10820,1755.1086054976004,0.99774330129568,120.0
10821,1755.1099943707306,0.99708028570218,120.0
10822,1755.1113832438607,0.99689746174272,120.0
10823,1755.1127721169903,0.99667306510809,120.0
10824,1755.1141609903532,0.99847142293991,120.0
10825,1755.1155498634828,0.99682731387794,120.0
10826,1755.1169387366128,0.9976164251469,120.0
10827,1755.118327609742,0.99714301232634,120.0
10828,1755.1197164828711,0.99747779308986,120.0
10829,1755.1211053560012,0.99779412456494,120.0
10830,1755.1224942291308,0.99735651181785,120.0
10831,1755.1238831024937,0.99645315353333,120.0
10832,1755.1252719756235,0.9971131265232,120.0
10833,1755.126660848753,0.99729370292536,120.0
10834,1755.1280497218831,0.99738584489534,120.0
10835,1755.1294385950127,0.99761381028424,120.0
10836,1755.1308274683759,0.99756500048923,120.0
10837,1755.132216341506,0.99737898152605,120.0
10838,1755.1336052146355,0.99741118254029,120.0
10839,1755.1349940879984,0.99778899914878,120.0
10840,1755.1363829611282,0.99668504889063,120.0
10841,1755.137771834258,0.99707331644207,120.0
10842,1755.1391607076207,0.99779166114446,120.0
10843,1755.1405495807503,0.9974152238168,120.0
10844,1755.1419384538804,0.99647665700502,120.0
10845,1755.1433273272432,0.99787991754501,120.0
10846,1755.144716200373,0.99771677953563,120.0
10847,1755.1461050735031,0.99790108392862,120.0
10848,1755.1474939468656,0.9963984622419,120.0
10849,1755.1488828199956,0.99815454354976,120.0
10850,1755.1502716933585,0.99746055385688,120.0
10851,1755.151660566488,0.99624196926156,120.0
10852,1755.15304943985,0.99653640095452,120.0
10853,1755.1544383129792,0.9967412214474,120.0
10854,1755.1558271861093,0.99701590376413,120.0
10855,1755.157216059472,0.99766037187039,120.0
10856,1755.1586049326015,0.99658108617525,120.0
10857,1755.1599938059646,0.99774735626233,120.0
10858,1755.161382679327,0.99774717544142,120.0
10859,1755.1627715524578,0.99697622887764,120.0
10860,1755.1641604258211,0.99721084345981,120.0
10861,1755.1655492989507,0.99695805173729,120.0
10862,1755.1669381723138,0.9975558741975,120.0
10863,1755.1683270454437,0.9971448210746,120.0
10864,1755.1697159188063,0.99742786903298,120.0
10865,1755.1711047921692,0.99689073516681,120.0
10866,1755.1724936652988,0.99761782146426,120.0
10867,1755.1738825386617,0.99736433048361,120.0
10868,1755.1752714120244,0.99715855106583,120.0
10869,1755.176660285154,0.99680918852441,120.0
10870,1755.178049158517,0.99607822437208,120.0
10871,1755.1794380318795,0.99770610708271,120.0
10872,1755.1808269050096,0.99709972843163,120.0
10873,1755.1822157783724,0.99651470605301,120.0
10874,1755.1836046517349,0.99626528412442,120.0
10875,1755.1849935250975,0.99655140935794,120.0
10876,1755.186382398227,0.99670741422132,120.0
10877,1755.1877712715889,0.9962331197006,120.0
10878,1755.1891601449515,0.9968477366101,120.0
10879,1755.190549018314,0.99671696654638,120.0
10880,1755.191937891677,0.99697491747981,120.0
10881,1755.1933267648067,0.99657369510072,120.0
10882,1755.1947156381696,0.996909123608,120.0
10883,1755.1961045115324,0.99715664177266,120.0
10884,1755.1974933848949,0.99656955124383,120.0
10885,1755.1988822582575,0.99680100530258,120.0
10886,1755.2002711316204,0.99751844242466,120.0
10887,1755.201660004983,0.99627407234869,120.0
10888,1755.203048878346,0.99785460870112,120.0
10889,1755.2044377514756,0.99759659163811,120.0
10890,1755.2058266248384,0.99667228979518,120.0
10891,1755.207215498201,0.99626040980835,120.0
10892,1755.2086043715635,0.99694728359218,120.0
10893,1755.2099932449266,0.99650117259239,120.0
10894,1755.211382118289,0.99688259284657,120.0
10895,1755.212770991652,0.99673922951506,120.0
10896,1755.2141598650146,0.99608091036141,120.0
10897,1755.2155487383773,0.99676519763768,120.0
10898,1755.21693761174,0.99643548120222,120.0
10899,1755.2183264853354,0.99688328925691,120.0
10900,1755.2197153586983,0.99698176266325,120.0
10901,1755.2211042320603,0.99667632144423,120.0
10902,1755.2224931054222,0.99682728201077,120.0
10903,1755.2238819787851,0.99580047785348,120.0
10904,1755.2252708521476,0.99640554177026,120.0
10905,1755.2266597255104,0.99724607090112,120.0
10906,1755.228048598873,0.99594595413975,120.0
10907,1755.2294374722355,0.99699771801913,120.0
10908,1755.2308263458315,0.99679343944942,120.0
10909,1755.232215219194,0.9966302048881,120.0
10910,1755.2336040925568,0.99686449904252,120.0
10911,1755.2349929659197,0.99586041042509,120.0
10912,1755.236381839282,0.99673785785551,120.0
10913,1755.2377707128778,0.99694979336898,120.0
10914,1755.2391595862405,0.99700702446959,120.0
10915,1755.2405484596031,0.99765212963167,120.0
10916,1755.2419373331988,0.99668410615781,120.0
10917,1755.2433262065613,0.99725790322062,120.0
10918,1755.244715079924,0.9985072028845,120.0
10919,1755.2461039532868,0.99693515452971,120.0
10920,1755.2474928268823,0.99669319254289,120.0
10921,1755.2488817002452,0.99727476410122,120.0
10922,1755.2502705736076,0.99630798496365,120.0
10923,1755.251659447203,0.99677256557511,120.0
10924,1755.2530483205662,0.9968429466537,120.0
10925,1755.2544371941615,0.99609051172348,120.0
10926,1755.2558260675244,0.99661106278416,120.0
10927,1755.2572149408868,0.99583026649414,120.0
10928,1755.2586038144825,0.99655578583834,120.0
10929,1755.2599926878454,0.99697017094346,120.0
10930,1755.2613815614407,0.99754929413445,120.0
10931,1755.2627704348035,0.99696775940133,120.0
10932,1755.2641593083988,0.99631541546148,120.0
10933,1755.2655481817617,0.99594708160257,120.0
10934,1755.2669370553574,0.99677843871982,120.0
10935,1755.2683259287198,0.99615283251292,120.0
10936,1755.2697148023155,0.99668851573968,120.0
10937,1755.2711036756782,0.99658058941448,120.0
10938,1755.2724925492737,0.99604017441802,120.0
10939,1755.2738814226364,0.99682834459118,120.0
10940,1755.2752702962318,0.99664826419758,120.0
10941,1755.2766591698276,0.99617917968597,120.0
10942,1755.2780480431902,0.99659957197171,120.0
10943,1755.2794369167857,0.99631652710231,120.0
10944,1755.2808257901484,0.99628724310914,120.0
10945,1755.2822146637438,0.99657633665128,120.0
10946,1755.2836035373396,0.99627941147905,120.0
10947,1755.2849924107024,0.99654785005199,120.0
10948,1755.2863812842977,0.99608901964031,120.0
10949,1755.2877701578934,0.99640727175086,120.0
10950,1755.2891590314882,0.99722994933341,120.0
10951,1755.2905479048502,0.99560671003506,120.0
10952,1755.291936778446,0.99689113326271,120.0
10953,1755.2933256520412,0.99617606268825,120.0
10954,1755.294714525637,0.99715459353045,120.0
10955,1755.296103398999,0.99613282419944,120.0
10956,1755.297492272595,0.99617249593299,120.0
10957,1755.2988811461908,0.99629029007464,120.0
10958,1755.300270019786,0.99708111278688,120.0
10959,1755.3016588933815,0.99660655477509,120.0
10960,1755.3030477667444,0.99642323328777,120.0
10961,1755.3044366403399,0.99647861571212,120.0
10962,1755.3058255139356,0.9958579632202,120.0
10963,1755.3072143875308,0.99594814879218,120.0
10964,1755.3086032611263,0.99623686269907,120.0
10965,1755.309992134722,0.99584247948249,120.0
10966,1755.3113810083175,0.99660505621232,120.0
10967,1755.3127698819133,0.99648159506743,120.0
10968,1755.3141587555083,0.99565879748149,120.0
10969,1755.3155476288714,0.99591801997649,120.0
10970,1755.316936502467,0.99586594945833,120.0
10971,1755.3183253760624,0.99683585064768,120.0
10972,1755.319714249658,0.99588748435674,120.0
10973,1755.3211031232531,0.99604104445153,120.0
10974,1755.322491996849,0.99624273751755,120.0
10975,1755.3238808704439,0.99654294997121,120.0
10976,1755.3252697442715,0.99596195781682,120.0
10977,1755.3266586178672,0.99615862234418,120.0
10978,1755.3280474914625,0.99564837966633,120.0
10979,1755.3294363650582,0.99577225256462,120.0
10980,1755.330825238654,0.99686726252331,120.0
10981,1755.3322141122492,0.99654998283018,120.0
10982,1755.333602985845,0.99634581574821,120.0
10983,1755.33499185944,0.99616951398014,120.0
10984,1755.3363807330359,0.99597315982407,120.0
10985,1755.3377696066316,0.99595161533307,120.0
10986,1755.3391584804597,0.99565699695713,120.0
10987,1755.3405473540552,0.99735945399036,120.0
10988,1755.3419362276509,0.99611713184283,120.0
10989,1755.3433251012464,0.99587613445586,120.0
10990,1755.344713974842,0.9971071426723,120.0
10991,1755.346102848671,0.99652504176333,120.0
10992,1755.3474917222673,0.99547354392819,120.0
10993,1755.3488805958627,0.99590061659704,120.0
10994,1755.3502694694582,0.99581121683905,120.0
10995,1755.3516583432868,0.99635816822341,120.0
10996,1755.353047216882,0.99588041869446,120.0
10997,1755.3544360904775,0.9962515819935,120.0
10998,1755.3558249643063,0.99632673502719,120.0
10999,1755.3572138379016,0.995792449863,120.0
11000,1755.3586027114964,0.99661781676796,120.0
11001,1755.359991585324,0.99528268636657,120.0
11002,1755.3613804589197,0.99584231021068,120.0
11003,1755.3627693325154,0.99550650404794,120.0
11004,1755.3641582063435,0.99497029843251,120.0
11005,1755.3655470799392,0.99601636670862,120.0
11006,1755.366935953767,0.9958470134212,120.0
11007,1755.368324827363,0.99683073603847,120.0
11008,1755.3697137011916,0.9963021171835,120.0
11009,1755.3711025747868,0.99654770954112,120.0
11010,1755.3724914483823,0.99699906453577,120.0
11011,1755.3738803222109,0.99573322551677,120.0
11012,1755.3752691958064,0.99567603725389,120.0
11013,1755.3766580696347,0.99542645835226,120.0
11014,1755.37804694323,0.99706264495402,120.0
11015,1755.3794358170587,0.99573876153504,120.0
11016,1755.380824690887,0.9967992898666,120.0
11017,1755.3822135644823,0.9958211819561,120.0
11018,1755.383602438311,0.99589209067917,120.0
11019,1755.3849913119063,0.99543039727967,120.0
11020,1755.3863801857349,0.99606148476882,120.0
11021,1755.3877690593304,0.99578838004218,120.0
11022,1755.3891579331587,0.99607631321478,120.0
11023,1755.3905468069872,0.99548237739056,120.0
11024,1755.3919356805825,0.99565696842283,120.0
11025,1755.393324554411,0.99683436158627,120.0
11026,1755.3947134282387,0.99546910191265,120.0
11027,1755.3961023018335,0.9962064528842,120.0
11028,1755.397491175662,0.99701161086521,120.0
11029,1755.39888004949,0.9956883868816,120.0
11030,1755.4002689233187,0.99638791814757,120.0
11031,1755.4016577969144,0.99584648897733,120.0
11032,1755.4030466707425,0.99589390954947,120.0
11033,1755.404435544571,0.99631707253265,120.0
11034,1755.405824418399,0.99567722849674,120.0
11035,1755.4072132919948,0.99602621079694,120.0
11036,1755.4086021658231,0.99610989572518,120.0
11037,1755.4099910396515,0.99526843329729,120.0
11038,1755.41137991348,0.99597930686462,120.0
11039,1755.4127687873083,0.99531748246591,120.0
11040,1755.4141576609038,0.99594366269401,120.0
11041,1755.4155465347324,0.99568284420489,120.0
11042,1755.4169354085604,0.9957867927354,120.0
11043,1755.4183242823888,0.99544741187376,120.0
11044,1755.4197131562173,0.99580320608129,120.0
11045,1755.4211020300456,0.99551822148914,120.0
11046,1755.422490903874,0.99652919312646,120.0
11047,1755.4238797777023,0.99585481136074,120.0
11048,1755.4252686515308,0.99669069768871,120.0
11049,1755.4266575253591,0.99506379964927,120.0
11050,1755.4280463991875,0.99541234220399,120.0
11051,1755.429435273015,0.99568239548026,120.0
11052,1755.4308241468427,0.99557879799084,120.0
11053,1755.4322130206713,0.99684348228113,120.0
11054,1755.4336018944998,0.99620985152841,120.0
11055,1755.434990768328,0.99578083865648,120.0
11056,1755.4363796421565,0.99626419488845,120.0
11057,1755.4377685159855,0.99589661622993,120.0
11058,1755.4391573898145,0.99707490084686,120.0
11059,1755.440546263643,0.99551314711178,120.0
11060,1755.441935137471,0.99591884236836,120.0
11061,1755.4433240112996,0.99616705734071,120.0
11062,1755.444712885128,0.99668828759057,120.0
11063,1755.4461017589563,0.9963825863234,120.0
11064,1755.4474906330177,0.99577689399556,120.0
11065,1755.4488795068455,0.99579591483297,120.0
11066,1755.4502683806743,0.99600273882921,120.0
11067,1755.4516572545026,0.99739292369898,120.0
11068,1755.4530461283307,0.99632178380514,120.0
11069,1755.4544350023923,0.99518493579799,120.0
11070,1755.4558238762204,0.99562205262191,120.0
11071,1755.4572127500487,0.99488378301523,120.0
11072,1755.4586016238775,0.99662295729887,120.0
11073,1755.4599904979384,0.99642598628928,120.0
11074,1755.4613793717667,0.99560820674404,120.0
11075,1755.462768245595,0.99515935950839,120.0
11076,1755.464157119423,0.99560340751052,120.0
11077,1755.4655459934836,0.99636636275555,120.0
11078,1755.4669348673117,0.99539987905743,120.0
11079,1755.4683237411402,0.99688577996015,120.0
11080,1755.4697126152012,0.99629114516355,120.0
11081,1755.4711014890297,0.99635514868758,120.0
11082,1755.4724903628583,0.99570688689899,120.0
11083,1755.4738792369192,0.99614936209864,120.0
11084,1755.4752681107475,0.99603175565398,120.0
11085,1755.4766569848089,0.99599339908959,120.0
11086,1755.4780458586372,0.99576895728439,120.0
11087,1755.4794347326983,0.99612147375973,120.0
11088,1755.4808236065267,0.99596323060969,120.0
11089,1755.4822124803552,0.99613899607286,120.0
11090,1755.4836013544164,0.99581784540747,120.0
11091,1755.4849902282447,0.99494251301803,120.0
11092,1755.486379102306,0.99561162210055,120.0
11093,1755.487767976134,0.99530260350861,120.0
11094,1755.4891568501955,0.99568891468374,120.0
11095,1755.4905457242567,0.99555068979776,120.0
11096,1755.4919345980848,0.9959648023386,120.0
11097,1755.4933234721464,0.99552066472155,120.0
11098,1755.4947123459744,0.99552232264617,120.0
11099,1755.4961012200358,0.99624688889346,120.0
11100,1755.4974900938644,0.99631563815065,120.0
11101,1755.4988789679253,0.99538477455189,120.0
11102,1755.5002678419855,0.99475135043763,120.0
11103,1755.5016567158134,0.99539646001893,120.0
11104,1755.5030455898748,0.99548125408943,120.0
11105,1755.504434463936,0.99656631955789,120.0
11106,1755.5058233377642,0.9957254604032,120.0
11107,1755.5072122118256,0.99552894628116,120.0
11108,1755.5086010858863,0.99498377500078,120.0
11109,1755.509989959715,0.99510313601841,120.0
11110,1755.5113788337765,0.9955768947805,120.0
11111,1755.5127677078372,0.99560451573582,120.0
11112,1755.5141565818988,0.99617736295073,120.0
11113,1755.515545455727,0.99533092726207,120.0
11114,1755.5169343297882,0.99571218038489,120.0
11115,1755.5183232038496,0.9957830514445,120.0
11116,1755.5197120779103,0.99552519333656,120.0
11117,1755.521100951972,0.99593881323445,120.0
11118,1755.5224898258002,0.99543587264882,120.0
11119,1755.5238786998611,0.99522404537639,120.0
11120,1755.5252675739227,0.99590630525892,120.0
11121,1755.5266564479837,0.9959408381799,120.0
11122,1755.528045322045,0.9960536843426,120.0
11123,1755.5294341961069,0.99558930446428,120.0
11124,1755.5308230701687,0.99541800789203,120.0
11125,1755.53221194423,0.99614908662031,120.0
11126,1755.533600818058,0.99624921817179,120.0
11127,1755.5349896921196,0.99560260164673,120.0
11128,1755.53637856618,0.99529608783655,120.0
11129,1755.5377674402405,0.99530145650646,120.0
11130,1755.5391563143019,0.99560644150832,120.0
11131,1755.5405451883628,0.99470637940957,120.0
11132,1755.541934062424,0.99613651309186,120.0
11133,1755.5433229364855,0.9959618650834,120.0
11134,1755.5447118105465,0.99532238120095,120.0
11135,1755.5461006846078,0.99593236484376,120.0
11136,1755.5474895586688,0.99512146823529,120.0
11137,1755.54887843273,0.99527322489668,120.0
11138,1755.5502673070243,0.9962116077834,120.0
11139,1755.5516561810853,0.99585291721597,120.0
11140,1755.5530450551466,0.99564821644788,120.0
11141,1755.5544339292076,0.99505530641919,120.0
11142,1755.5558228032687,0.99601543103678,120.0
11143,1755.5572116773303,0.99494927510924,120.0
11144,1755.5586005513912,0.99498916226835,120.0
11145,1755.5599894254526,0.99480734853697,120.0
11146,1755.5613782997468,0.99627522769763,120.0
11147,1755.5627671738075,0.99554340728849,120.0
11148,1755.5641560478691,0.99505512395009,120.0
11149,1755.56554492193,0.99576522749632,120.0
11150,1755.5669337959914,0.99466515414965,120.0
11151,1755.5683226702856,0.99558429790864,120.0
11152,1755.5697115443463,0.99554757756722,120.0
11153,1755.571100418408,0.99526518674428,120.0
11154,1755.5724892924684,0.99474627376695,120.0
11155,1755.5738781667617,0.99408684393737,120.0
11156,1755.575267040823,0.99560828511452,120.0
11157,1755.576655914884,0.99502175651122,120.0
11158,1755.578044789178,0.9957819454324,120.0
11159,1755.5794336632391,0.99612063487998,120.0
11160,1755.5808225373005,0.99517374492331,120.0
11161,1755.5822114115947,0.9952484213107,120.0
11162,1755.5836002856556,0.99544663218292,120.0
11163,1755.5849891599498,0.99584764697435,120.0
11164,1755.5863780340107,0.9956097179883,120.0
11165,1755.587766908072,0.99537893730187,120.0
11166,1755.5891557823663,0.99615475224957,120.0
11167,1755.5905446564273,0.99552236243913,120.0
11168,1755.5919335307215,0.99588049716012,120.0
11169,1755.5933224047826,0.9962831994951,120.0
11170,1755.5947112790764,0.99624966679359,120.0
11171,1755.596100153138,0.99588233599456,120.0
11172,1755.5974890274315,0.9947188975415,120.0
11173,1755.598877901493,0.99527502353671,120.0
11174,1755.6002667757873,0.99502659235671,120.0
11175,1755.6016556498482,0.99553935152765,120.0
11176,1755.6030445241424,0.99593586651236,120.0
11177,1755.6044333982031,0.99538392977486,120.0
11178,1755.6058222724976,0.99529374797222,120.0
11179,1755.607211146558,0.99557188778759,120.0
11180,1755.608600020851,0.99596187266246,120.0
11181,1755.6099888951455,0.99525124263757,120.0
11182,1755.6113777692065,0.99498303107841,120.0
11183,1755.6127666435007,0.99501334228118,120.0
11184,1755.6141555177949,0.99656187852502,120.0
11185,1755.6155443918556,0.99549953319058,120.0
11186,1755.61693326615,0.99531574991469,120.0
11187,1755.618322140444,0.99464782834446,120.0
11188,1755.6197110145051,0.99590315691343,120.0
11189,1755.6210998887996,0.99656198503141,120.0
11190,1755.6224887630945,0.99527508069565,120.0
11191,1755.6238776371558,0.99561243261394,120.0
11192,1755.6252665114498,0.99524094227896,120.0
11193,1755.6266553857436,0.99513171257887,120.0
11194,1755.628044260038,0.99585287804615,120.0
11195,1755.6294331340987,0.99552198617324,120.0
11196,1755.6308220083931,0.99559282241372,120.0
11197,1755.632210882687,0.99518163899451,120.0
11198,1755.633599756981,0.99617708798084,120.0
11199,1755.6349886312753,0.99560353305293,120.0
11200,1755.636377505569,0.9945798122909,120.0
11201,1755.6377663796304,0.99548490277988,120.0
11202,1755.6391552539246,0.99580159928343,120.0
11203,1755.6405441282184,0.99510554320535,120.0
11204,1755.6419330025124,0.9948113690324,120.0
11205,1755.6433218768063,0.99516462645607,120.0
11206,1755.6447107511,0.99490192354596,120.0
11207,1755.6460996253932,0.99706942964622,120.0
11208,1755.6474884996871,0.99628590715822,120.0
11209,1755.6488773739811,0.9946481888642,120.0
11210,1755.650266248275,0.9961719805193,120.0
11211,1755.6516551225693,0.99496148911848,120.0
11212,1755.6530439968635,0.9950902825776,120.0
11213,1755.6544328711573,0.99490148655812,120.0
11214,1755.6558217454515,0.99504263194879,120.0
11215,1755.6572106197455,0.99630678120372,120.0
11216,1755.6585994940394,0.99581786368557,120.0
11217,1755.6599883683336,0.99521307533761,120.0
11218,1755.6613772426274,0.99507066549462,120.0
11219,1755.6627661169216,0.99579243764104,120.0
11220,1755.6641549912156,0.99500425032063,120.0
11221,1755.6655438655096,0.99449991517677,120.0
11222,1755.6669327398035,0.99540451853701,120.0
11223,1755.6683216140975,0.99542332147196,120.0
11224,1755.6697104886243,0.99594807612575,120.0
11225,1755.6710993629188,0.99531635270827,120.0
11226,1755.6724882372123,0.99471662045826,120.0
11227,1755.6738771115067,0.99635703014034,120.0
11228,1755.6752659858005,0.99496030761231,120.0
11229,1755.6766548603275,0.9943568037548,120.0
11230,1755.6780437346215,0.99538612960346,120.0
11231,1755.6794326089155,0.99500421527066,120.0
11232,1755.6808214832088,0.9951232881911,120.0
11233,1755.682210357502,0.99542003473116,120.0
11234,1755.683599232029,0.99556357607269,120.0
11235,1755.684988106323,0.99494547048116,120.0
11236,1755.686376980617,0.99530282503678,120.0
11237,1755.687765855144,0.99538847503592,120.0
11238,1755.689154729438,0.99497826790164,120.0
11239,1755.690543603732,0.99518170311666,120.0
11240,1755.691932478259,0.9950437586789,120.0
11241,1755.6933213525529,0.99532628519282,120.0
11242,1755.694710226847,0.9947957019697,120.0
11243,1755.6960991013739,0.99464502905079,120.0
11244,1755.6974879756679,0.99518113495518,120.0
11245,1755.698876849962,0.99482082438532,120.0
11246,1755.7002657244886,0.99505547666246,120.0
11247,1755.7016545987829,0.99500557320621,120.0
11248,1755.70304347331,0.99512981570201,120.0
11249,1755.7044323476036,0.99500102805925,120.0
11250,1755.7058212221307,0.99537880318206,120.0
11251,1755.7072100964244,0.9955154428667,120.0
11252,1755.7085989709515,0.99514789110119,120.0
11253,1755.7099878452457,0.99459606139472,120.0
11254,1755.7113767197732,0.99530651051484,120.0
11255,1755.7127655940678,0.99510194025691,120.0
11256,1755.7141544685946,0.99509109967121,120.0
11257,1755.7155433428886,0.99456174027367,120.0
11258,1755.7169322174148,0.99557507481742,120.0
11259,1755.718321091708,0.99491951852371,120.0
11260,1755.719709966235,0.99556719214819,120.0
11261,1755.721098840762,0.9946307817707,120.0
11262,1755.7224877150559,0.99458100615491,120.0
11263,1755.7238765895827,0.99532698970106,120.0
11264,1755.7252654638767,0.99509434060915,120.0
11265,1755.7266543384037,0.99474708496367,120.0
11266,1755.7280432129303,0.99566615183228,120.0
11267,1755.7294320872245,0.99498657210796,120.0
11268,1755.7308209617515,0.99476314038867,120.0
11269,1755.732209836278,0.9944971416598,120.0
11270,1755.7335987108052,0.99439945340693,120.0
11271,1755.7349875850991,0.99598955606978,120.0
11272,1755.736376459626,0.99531030545641,120.0
11273,1755.7377653341528,0.99513273344743,120.0
11274,1755.7391542086796,0.99489805669592,120.0
11275,1755.7405430829735,0.99517011117394,120.0
11276,1755.7419319575008,0.99502999414663,120.0
11277,1755.7433208320272,0.99414785806355,120.0
11278,1755.7447097065544,0.99533104476868,120.0
11279,1755.746098581081,0.99496748568772,120.0
11280,1755.7474874553752,0.9949327146088,120.0
11281,1755.7488763299023,0.99543732131155,120.0
11282,1755.7502652044288,0.99483927180464,120.0
11283,1755.7516540789559,0.9945883535936,120.0
11284,1755.7530429534827,0.99486691560298,120.0
11285,1755.754431828009,0.99484805365305,120.0
11286,1755.7558207025352,0.99619160430754,120.0
11287,1755.7572095770615,0.99456416286721,120.0
11288,1755.758598451356,0.99490068529802,120.0
11289,1755.7599873258828,0.99493254931577,120.0
11290,1755.7613762004096,0.99521307392423,120.0
11291,1755.7627650749366,0.99477982378668,120.0
11292,1755.7641539494632,0.99547348791418,120.0
11293,1755.7655428239902,0.99467192194037,120.0
11294,1755.766931698517,0.99450803245727,120.0
11295,1755.7683205730439,0.99526578958175,120.0
11296,1755.769709447571,0.9951828360254,120.0
11297,1755.7710983220975,0.99529011023388,120.0
11298,1755.7724871966243,0.99651173770547,120.0
11299,1755.7738760713844,0.99539293080077,120.0
11300,1755.7752649459107,0.99582363017989,120.0
11301,1755.776653820438,0.99447268456052,120.0
11302,1755.7780426949646,0.99466419588879,120.0
11303,1755.7794315694916,0.99505211633372,120.0
11304,1755.7808204440187,0.9953102830237,120.0
11305,1755.7822093185453,0.99474073438648,120.0
11306,1755.7835981930723,0.9944724715527,120.0
11307,1755.784987067599,0.99499905252874,120.0
11308,1755.7863759423587,0.99570896616675,120.0
11309,1755.7877648168856,0.99437050127946,120.0
11310,1755.7891536914124,0.99544664626029,120.0
11311,1755.7905425659394,0.99510969715695,120.0
11312,1755.7919314406984,0.99477837867353,120.0
11313,1755.7933203152245,0.99474534131277,120.0
11314,1755.7947091897515,0.99535756116213,120.0
11315,1755.796098064278,0.99451963119676,120.0
11316,1755.797486939038,0.99444704898868,120.0
11317,1755.7988758135648,0.99456765281486,120.0
11318,1755.8002646880916,0.9950974085326,120.0
11319,1755.8016535626186,0.99595793529157,120.0
11320,1755.8030424373787,0.9942074994256,120.0
11321,1755.8044313119065,0.99540348846351,120.0
11322,1755.8058201864335,0.99531075178661,120.0
11323,1755.807209061193,0.99545053183925,120.0
11324,1755.80859793572,0.99465752189281,120.0
11325,1755.8099868104791,0.99523913294549,120.0
11326,1755.8113756850064,0.99475095332103,120.0
11327,1755.8127645595334,0.99591542397257,120.0
11328,1755.8141534342928,0.99555006161345,120.0
11329,1755.8155423088199,0.99533426352522,120.0
11330,1755.8169311835795,0.99513608567659,120.0
11331,1755.8183200581063,0.99627391218725,120.0
11332,1755.8197089328662,0.99582103960228,120.0
11333,1755.8210978073928,0.99552222891974,120.0
11334,1755.8224866821527,0.99528364707414,120.0
11335,1755.8238755566795,0.99452390078996,120.0
11336,1755.825264431439,0.99522517061516,120.0
11337,1755.826653305966,0.99511254549145,120.0
11338,1755.828042180725,0.99534605041367,120.0
11339,1755.8294310552512,0.99525000591611,120.0
11340,1755.8308199300109,0.99505601136831,120.0
11341,1755.8322088045377,0.99521282609293,120.0
11342,1755.8335976792976,0.99526558878188,120.0
11343,1755.8349865540567,0.99518801216103,120.0
11344,1755.836375428584,0.9950354725952,120.0
11345,1755.8377643033439,0.99602392075932,120.0
11346,1755.8391531778705,0.99562221793917,120.0
11347,1755.8405420526303,0.99508613059514,120.0
11348,1755.8419309273895,0.99479352888824,120.0
11349,1755.8433198019168,0.99524066951634,120.0
11350,1755.8447086766766,0.99529205570785,120.0
11351,1755.846097551436,0.99514962198995,120.0
11352,1755.847486426196,0.99474583336552,120.0
11353,1755.8488753007225,0.99452183566422,120.0
11354,1755.8502641754824,0.99575914354547,120.0
11355,1755.8516530502422,0.99480632903277,120.0
11356,1755.8530419250017,0.99517436327079,120.0
11357,1755.8544307995287,0.99492780470953,120.0
11358,1755.8558196742883,0.99528957676845,120.0
11359,1755.857208549048,0.99547345400904,120.0
11360,1755.8585974238079,0.99466809208229,120.0
11361,1755.8599862985673,0.99484114766363,120.0
11362,1755.8613751730943,0.99514266748321,120.0
11363,1755.862764047854,0.99481284953674,120.0
11364,1755.8641529226136,0.99422543832602,120.0
11365,1755.8655417973723,0.99571072024514,120.0
11366,1755.8669306721315,0.99480034119592,120.0
11367,1755.8683195468911,0.99551649663358,120.0
11368,1755.869708421651,0.99535470762022,120.0
11369,1755.8710972964107,0.99497238006459,120.0
11370,1755.8724861711703,0.99538179086397,120.0
11371,1755.87387504593,0.99498962199263,120.0
11372,1755.8752639204567,0.99515135614166,120.0
11373,1755.8766527952168,0.99514114392173,120.0
11374,1755.8780416699763,0.99509203216484,120.0
11375,1755.879430544736,0.99515900142203,120.0
11376,1755.8808194194955,0.99492749600346,120.0
11377,1755.8822082942554,0.99558346621013,120.0
11378,1755.883597169248,0.99501868214968,120.0
11379,1755.8849860440075,0.99521121178313,120.0
11380,1755.8863749187672,0.99468100976087,120.0
11381,1755.887763793527,0.99491605231588,120.0
11382,1755.8891526682867,0.99475117316355,120.0
11383,1755.8905415430463,0.99537848774389,120.0
11384,1755.891930417806,0.99495489703101,120.0
11385,1755.8933192925658,0.9948778773607,120.0
11386,1755.894708167326,0.99459124694976,120.0
11387,1755.8960970420865,0.99577107544732,120.0
11388,1755.8974859170792,0.99613018826092,120.0
11389,1755.8988747918384,0.99582969962855,120.0
11390,1755.9002636665984,0.99487064712706,120.0
11391,1755.9016525413583,0.99557563880391,120.0
11392,1755.9030414161175,0.99610139817578,120.0
11393,1755.9044302908767,0.99480529803249,120.0
11394,1755.9058191658685,0.99516229734588,120.0
11395,1755.9072080406283,0.99555149576066,120.0
11396,1755.9085969153882,0.99510663150896,120.0
11397,1755.9099857901476,0.99534311709448,120.0
11398,1755.9113746651403,0.99446601338316,120.0
11399,1755.9127635398995,0.99658352984015,120.0
11400,1755.9141524146596,0.99471009111883,120.0
11401,1755.9155412896523,0.9948432064365,120.0
11402,1755.9169301644115,0.99531693575252,120.0
11403,1755.9183190391716,0.99544507896647,120.0
11404,1755.919707914164,0.99509808918618,120.0
11405,1755.9210967889237,0.99565323325486,120.0
11406,1755.9224856636836,0.99443344981028,120.0
11407,1755.9238745386758,0.99460765307908,120.0
11408,1755.9252634134357,0.99553863103596,120.0
11409,1755.926652288428,0.99466443433868,120.0
11410,1755.9280411631878,0.99509008964035,120.0
11411,1755.9294300379477,0.99540302559067,120.0
11412,1755.93081891294,0.99493003481509,120.0
11413,1755.9322077876996,0.9954315603285,120.0
11414,1755.9335966626923,0.99516976017844,120.0
11415,1755.934985537452,0.9945536757391,120.0
11416,1755.9363744124444,0.99437655448478,120.0
11417,1755.937763287204,0.99586177706808,120.0
11418,1755.9391521621967,0.99543137935039,120.0
11419,1755.9405410369563,0.994899970004,120.0
11420,1755.9419299119484,0.99521681319286,120.0
11421,1755.943318786707,0.99630912818283,120.0
11422,1755.9447076616996,0.99460330259799,120.0
11423,1755.9460965366923,0.99472611675769,120.0
11424,1755.947485411452,0.99513758164933,120.0
11425,1755.9488742864444,0.99482713357442,120.0
11426,1755.9502631612042,0.99673450111222,120.0
11427,1755.9516520361965,0.99522612186866,120.0
11428,1755.9530409111892,0.99526337308938,120.0
11429,1755.954429785949,0.99535014685377,120.0
11430,1755.9558186609413,0.99594617356836,120.0
11431,1755.957207535934,0.99572990432869,120.0
11432,1755.9585964106936,0.99554622068999,120.0
11433,1755.959985285686,0.99535691995393,120.0
11434,1755.9613741606788,0.9956587510257,120.0
11435,1755.962763035671,0.99534559027524,120.0
11436,1755.9641519104307,0.9951158980589,120.0
11437,1755.9655407854234,0.99496991954712,120.0
11438,1755.9669296604159,0.99560475051423,120.0
11439,1755.9683185354083,0.9946705201919,120.0
11440,1755.969707410168,0.99528886565251,120.0
11441,1755.9710962851607,0.99580163558839,120.0
11442,1755.9724851601532,0.99509075208398,120.0
11443,1755.9738740351456,0.9950093965688,120.0
11444,1755.9752629101383,0.99518437622018,120.0
11445,1755.9766517848975,0.99513061280394,120.0
11446,1755.9780406598904,0.99540959555599,120.0
11447,1755.9794295348822,0.9951291665562,120.0
11448,1755.980818409874,0.99602400359102,120.0
11449,1755.9822072848667,0.99503654721799,120.0
11450,1755.9835961598587,0.99572337950441,120.0
11451,1755.9849850348517,0.9960475047392,120.0
11452,1755.9863739098448,0.99535797648677,120.0
11453,1755.987762784838,0.99507330148442,120.0
11454,1755.9891516598307,0.99558370029649,120.0
11455,1755.9905405348231,0.99557078678215,120.0
11456,1755.9919294098156,0.99535940389537,120.0
11457,1755.9933182848083,0.99598680662945,120.0
11458,1755.9947071598003,0.99542243759697,120.0
11459,1755.9960960347933,0.9955572638613,120.0
11460,1755.9974849097855,0.9951276688718,120.0
11461,1755.9988737847782,0.99474688668657,120.0
11462,1756.000262659771,0.99668504894481,120.0
11463,1756.0016515347631,0.99561795170125,120.0
11464,1756.0030404097558,0.99618771724744,120.0
11465,1756.0044292847483,0.99589750259085,120.0
11466,1756.0058181597408,0.99588424016577,120.0
11467,1756.0072070347335,0.99571634193147,120.0
11468,1756.0085959097255,0.99554412442052,120.0
11469,1756.0099847847184,0.99584626960612,120.0
11470,1756.011373659944,0.99532093215758,120.0
11471,1756.0127625349362,0.99467817181739,120.0
11472,1756.014151409929,0.99532266999347,120.0
11473,1756.0155402849211,0.99616946670603,120.0
11474,1756.0169291599138,0.99503119465546,120.0
11475,1756.0183180349056,0.99477905012015,120.0
11476,1756.0197069101303,0.99479872943876,120.0
11477,1756.0210957851227,0.99488718945832,120.0
11478,1756.0224846601152,0.99498956337203,120.0
11479,1756.023873535108,0.9954848201383,120.0
11480,1756.0252624103334,0.9947733356832,120.0
11481,1756.0266512853257,0.99526023105658,120.0
11482,1756.0280401603184,0.99517896045117,120.0
11483,1756.0294290355437,0.99589561673792,120.0
11484,1756.030817910536,0.99557689354318,120.0
11485,1756.0322067855288,0.99664272904289,120.0
11486,1756.033595660754,0.99537473334136,120.0
11487,1756.0349845357466,0.99616571193987,120.0
11488,1756.036373410739,0.99566246593162,120.0
11489,1756.0377622859644,0.99536627266023,120.0
11490,1756.039151160957,0.99547188899298,120.0
11491,1756.040540035949,0.99463276913504,120.0
11492,1756.0419289111749,0.99543621004796,120.0
11493,1756.0433177861676,0.99531442907112,120.0
11494,1756.0447066613926,0.99515597128744,120.0
11495,1756.046095536385,0.99517460442876,120.0
11496,1756.0474844116104,0.9961066588978,120.0
11497,1756.048873286603,0.99573603288644,120.0
11498,1756.0502621618286,0.99531003750593,120.0
11499,1756.0516510368209,0.99544805896732,120.0
11500,1756.0530399120464,0.99554969427999,120.0
11501,1756.054428787039,0.99545015407544,120.0
11502,1756.055817662264,0.9962528963681,120.0
11503,1756.057206537256,0.99539142801291,120.0
11504,1756.0585954124806,0.99593209191641,120.0
11505,1756.0599842874733,0.99570647361672,120.0
11506,1756.0613731626986,0.99550105850754,120.0
11507,1756.062762037924,0.99511904538753,120.0
11508,1756.0641509129166,0.99552960640989,120.0
11509,1756.0655397881417,0.99606731224054,120.0
11510,1756.0669286631344,0.9957972503955,120.0
11511,1756.0683175383597,0.99559343827742,120.0
11512,1756.0697064135848,0.99527297703679,120.0
11513,1756.0710952885777,0.99588374393175,120.0
11514,1756.0724841638028,0.99547876959551,120.0
11515,1756.0738730390283,0.99622587663539,120.0
11516,1756.0752619142536,0.9955360696899,120.0
11517,1756.076650789246,0.99557469269821,120.0
11518,1756.078039664472,0.99564873317869,120.0
11519,1756.079428539698,0.99557949211087,120.0
11520,1756.0808174146907,0.99561894117892,120.0
11521,1756.0822062899163,0.99630773013923,120.0
11522,1756.083595165141,0.99615138051619,120.0
11523,1756.0849840403669,0.99542687068666,120.0
11524,1756.086372915592,0.99555066046533,120.0
11525,1756.0877617905846,0.99598393681815,120.0
11526,1756.08915066581,0.99596393439334,120.0
11527,1756.0905395410352,0.9959494102737,120.0
11528,1756.0919284162608,0.99485816823823,120.0
11529,1756.093317291486,0.99475475570463,120.0
11530,1756.0947061667111,0.99546599184195,120.0
11531,1756.096095041936,0.99555869180673,120.0
11532,1756.0974839169276,0.99517037731984,120.0
11533,1756.098872792153,0.99610104523614,120.0
11534,1756.1002616673786,0.99509134692995,120.0
11535,1756.101650542604,0.99592204397395,120.0
11536,1756.1030394178295,0.99523630845081,120.0
11537,1756.1044282930543,0.99573410765563,120.0
11538,1756.10581716828,0.99560524232315,120.0
11539,1756.1072060435051,0.99575542921795,120.0
11540,1756.1085949187307,0.9960489510346,120.0
11541,1756.109983793956,0.99613760624105,120.0
11542,1756.1113726691813,0.99528702426637,120.0
11543,1756.1127615444068,0.99528566501764,120.0
11544,1756.1141504196323,0.99600240014126,120.0
11545,1756.1155392948574,0.99536607162336,120.0
11546,1756.1169281700827,0.99633274110268,120.0
11547,1756.118317045308,0.99607180033176,120.0
11548,1756.1197059205335,0.99528798476656,120.0
11549,1756.121094795992,0.99594462319452,120.0
11550,1756.1224836712167,0.99536901782377,120.0
11551,1756.1238725464425,0.99579657638134,120.0
11552,1756.1252614216678,0.99610171909405,120.0
11553,1756.126650296893,0.99524881593469,120.0
11554,1756.1280391721186,0.99634592992219,120.0
11555,1756.1294280473437,0.99599856839584,120.0
11556,1756.130816922802,0.99601023606867,120.0
11557,1756.1322057980271,0.99553824499133,120.0
11558,1756.1335946732527,0.99580521696076,120.0
11559,1756.1349835484773,0.99583523017171,120.0
11560,1756.136372423702,0.99632658185959,120.0
11561,1756.1377612991603,0.99547115717468,120.0
11562,1756.1391501743856,0.99538139877242,120.0
11563,1756.1405390496109,0.99536628639378,120.0
11564,1756.1419279250692,0.9960040005445,120.0
11565,1756.1433168002943,0.99590172367571,120.0
11566,1756.1447056755198,0.99507247766763,120.0
11567,1756.1460945507451,0.99583373716479,120.0
11568,1756.1474834262033,0.99590335451355,120.0
11569,1756.1488723014288,0.99583012905785,120.0
11570,1756.1502611766539,0.99616491706617,120.0
11571,1756.1516500521122,0.99511637147049,120.0
11572,1756.1530389273375,0.99561193301078,120.0
11573,1756.1544278027957,0.99595487010418,120.0
11574,1756.1558166780212,0.99574828690034,120.0
11575,1756.1572055532463,0.99584780972819,120.0
11576,1756.1585944287046,0.99584981370553,120.0
11577,1756.15998330393,0.99634141165019,120.0
11578,1756.161372179388,0.995054705638,120.0
11579,1756.1627610546136,0.99568532536432,120.0
11580,1756.1641499300715,0.99548612269845,120.0
11581,1756.165538805297,0.99589375592153,120.0
11582,1756.1669276807554,0.99582756495475,120.0
11583,1756.1683165559805,0.99560696870236,120.0
11584,1756.1697054314395,0.99599125275511,120.0
11585,1756.1710943066655,0.99511258814501,120.0
11586,1756.1724831821236,0.99617743643948,120.0
11587,1756.1738720573483,0.99534264064254,120.0
11588,1756.1752609328057,0.99512899022981,120.0
11589,1756.1766498080312,0.99547612091141,120.0
11590,1756.1780386834896,0.9959730412496,120.0
11591,1756.1794275589475,0.99689220864104,120.0
11592,1756.180816434173,0.99600356669245,120.0
11593,1756.1822053096307,0.99609641487602,120.0
11594,1756.1835941850893,0.99540751520249,120.0
11595,1756.1849830603148,0.99545738234085,120.0
11596,1756.1863719357727,0.99552202768883,120.0
11597,1756.187760811231,0.99538181596646,120.0
11598,1756.189149686456,0.99615144017373,120.0
11599,1756.1905385619143,0.99608871641339,120.0
11600,1756.191927437373,0.99508610373884,120.0
11601,1756.193316312598,0.99568576587945,120.0
11602,1756.1947051880563,0.99494012285404,120.0
11603,1756.1960940635145,0.99554673920461,120.0
11604,1756.1974829389726,0.9952897614565,120.0
11605,1756.198871814198,0.99533403025997,120.0
11606,1756.200260689656,0.9957445338809,120.0
11607,1756.2016495651144,0.99589591386126,120.0
11608,1756.2030384405723,0.99603493905321,120.0
11609,1756.2044273160307,0.99579985596382,120.0
11610,1756.205816191256,0.99605001330014,120.0
11611,1756.207205066714,0.99690604712646,120.0
11612,1756.2085939421725,0.99555058718674,120.0
11613,1756.2099828176308,0.99567475985919,120.0
11614,1756.2113716930887,0.99566092474732,120.0
11615,1756.212760568547,0.99640281638457,120.0
11616,1756.2141494440043,0.99514639407857,120.0
11617,1756.215538319462,0.99599596259623,120.0
11618,1756.2169271949203,0.9955906889731,120.0
11619,1756.2183160701454,0.99578804851362,120.0
11620,1756.2197049456036,0.9959679892535,120.0
11621,1756.2210938210617,0.99616500730348,120.0
11622,1756.22248269652,0.99522796532784,120.0
11623,1756.2238715719784,0.99623252988122,120.0
11624,1756.2252604474363,0.99597042198218,120.0
11625,1756.2266493228947,0.99566464848322,120.0
11626,1756.2280381983528,0.99566148784069,120.0
11627,1756.2294270738107,0.99570529771013,120.0
11628,1756.2308159492693,0.99557617218237,120.0
11629,1756.23220482496,0.99560921777524,120.0
11630,1756.2335937004184,0.99540768326162,120.0
11631,1756.2349825758763,0.99605832367122,120.0
11632,1756.2363714513347,0.99592105999982,120.0
11633,1756.237760326793,0.99676673064329,120.0
11634,1756.2391492022507,0.99551982882355,120.0
11635,1756.2405380777093,0.99570653746757,120.0
11636,1756.2419269531674,0.99541132968481,120.0
11637,1756.2433158286256,0.99596060168121,120.0
11638,1756.2447047043167,0.99615602232707,120.0
11639,1756.2460935797747,0.99590299494549,120.0
11640,1756.247482455233,0.99548751504377,120.0
11641,1756.2488713306911,0.99647772399353,120.0
11642,1756.2502602061493,0.99596480915408,120.0
11643,1756.2516490818405,0.99633889352063,120.0
11644,1756.2530379572984,0.9967659740073,120.0
11645,1756.254426832756,0.99674523298916,120.0
11646,1756.2558157082135,0.996134193124,120.0
11647,1756.2572045839045,0.99555954908806,120.0
11648,1756.2585934593628,0.99543116638092,120.0
11649,1756.2599823348207,0.99638757647538,120.0
11650,1756.2613712105126,0.99632456483763,120.0
11651,1756.2627600859716,0.99622139557748,120.0
11652,1756.2641489614296,0.99672301563353,120.0
11653,1756.2655378371207,0.995884567546,120.0
11654,1756.2669267125789,0.99673696645094,120.0
11655,1756.268315588037,0.9958273634139,120.0
11656,1756.2697044637282,0.99702227900045,120.0
11657,1756.271093339186,0.99633047925024,120.0
11658,1756.2724822148773,0.99635255896772,120.0
11659,1756.2738710903354,0.99646071567153,120.0
11660,1756.2752599657936,0.99638701561347,120.0
11661,1756.2766488414848,0.9953133418354,120.0
11662,1756.2780377169427,0.99553222909849,120.0
11663,1756.2794265926339,0.99567666856903,120.0
11664,1756.2808154680922,0.99598518255398,120.0
11665,1756.2822043437827,0.99670953342972,120.0
11666,1756.2835932192413,0.99523735762927,120.0
11667,1756.284982094932,0.99621741217862,120.0
11668,1756.2863709703904,0.99633909506749,120.0
11669,1756.2877598460816,0.99594944885184,120.0
11670,1756.2891487215395,0.99561727051089,120.0
11671,1756.2905375972307,0.99603465451289,120.0
11672,1756.2919264726888,0.99569829992014,120.0
11673,1756.2933153483796,0.99570425598142,120.0
11674,1756.29470422407,0.99584469910588,120.0
11675,1756.2960930995275,0.99565166739314,120.0
11676,1756.2974819752187,0.99670172326498,120.0
11677,1756.2988708509097,0.99658504328469,120.0
11678,1756.3002597263678,0.9966005970669,120.0
11679,1756.301648602059,0.99598818663767,120.0
11680,1756.303037477517,0.99660377237399,120.0
11681,1756.304426353208,0.99602850129249,120.0
11682,1756.305815228899,0.99568491277135,120.0
11683,1756.30720410459,0.9960086148275,120.0
11684,1756.3085929800484,0.99631169629668,120.0
11685,1756.3099818557391,0.99666975951966,120.0
11686,1756.3113707314303,0.99550816363974,120.0
11687,1756.3127596068887,0.99641300359568,120.0
11688,1756.3141484825794,0.99545837715905,120.0
11689,1756.3155373582706,0.99568940004555,120.0
11690,1756.316926233961,0.99637276806673,120.0
11691,1756.3183151096523,0.99632674822715,120.0
11692,1756.319703985111,0.99647197965572,120.0
11693,1756.3210928608016,0.99638152731549,120.0
11694,1756.3224817364928,0.99577627037571,120.0
11695,1756.3238706121836,0.99534333744345,120.0
11696,1756.3252594878747,0.99669260266565,120.0
11697,1756.326648363566,0.99576697469082,120.0
11698,1756.3280372392567,0.99758641760325,120.0
11699,1756.329426114715,0.9959581305916,120.0
11700,1756.330814990406,0.99610875935801,120.0
11701,1756.3322038660967,0.99619801619592,120.0
11702,1756.333592741788,0.99658979949866,120.0
11703,1756.3349816174784,0.99602517474444,120.0
11704,1756.3363704931687,0.99596626704459,120.0
11705,1756.3377593688597,0.99646482573593,120.0
11706,1756.3391482445506,0.99670092409761,120.0
11707,1756.3405371202418,0.99632689202951,120.0
11708,1756.3419259959323,0.99619097007639,120.0
11709,1756.3433148716235,0.99674544737035,120.0
11710,1756.3447037473147,0.99642957507404,120.0
11711,1756.3460926230057,0.99738420485937,120.0
11712,1756.3474814986969,0.99668903447032,120.0
11713,1756.3488703743876,0.99592378769828,120.0
11714,1756.3502592500788,0.99632446511348,120.0
11715,1756.35164812577,0.996033973901,120.0
11716,1756.3530370014616,0.99653465753401,120.0
11717,1756.354425877386,0.99602265214701,120.0
11718,1756.3558147530769,0.99600107516602,120.0
11719,1756.357203628768,0.99579365296819,120.0
11720,1756.3585925044592,0.99638210111757,120.0
11721,1756.35998138015,0.99607775647994,120.0
11722,1756.3613702558412,0.99631515158203,120.0
11723,1756.362759131532,0.99635837129553,120.0
11724,1756.364148007456,0.99515919293015,120.0
11725,1756.3655368831471,0.99658121971282,120.0
11726,1756.3669257588379,0.99647910714018,120.0
11727,1756.368314634529,0.99625271836721,120.0
11728,1756.3697035104528,0.99670147336945,120.0
11729,1756.3710923861438,0.99663223238944,120.0
11730,1756.3724812618348,0.9961385308675,120.0
11731,1756.3738701375255,0.99742601120561,120.0
11732,1756.3752590134488,0.99595026310559,120.0
11733,1756.3766478891391,0.9951384179251,120.0
11734,1756.3780367648303,0.99689595545446,120.0
11735,1756.3794256407543,0.99689761913415,120.0
11736,1756.380814516445,0.99593042331624,120.0
11737,1756.3822033921363,0.99639354579831,120.0
11738,1756.3835922680603,0.99635250438586,120.0
11739,1756.384981143751,0.99641861154494,120.0
11740,1756.3863700194422,0.99659656135174,120.0
11741,1756.3877588953656,0.99613819664942,120.0
11742,1756.3891477710567,0.99593368382428,120.0
11743,1756.3905366469808,0.99785215937832,120.0
11744,1756.3919255226715,0.99721593033996,120.0
11745,1756.3933143983627,0.99567921832336,120.0
11746,1756.3947032742867,0.99658666244989,120.0
11747,1756.3960921499777,0.99621471479922,120.0
11748,1756.3974810259017,0.9964707107916,120.0
11749,1756.3988699015924,0.99651786480348,120.0
11750,1756.4002587775165,0.99854024606026,120.0
11751,1756.4016476532074,0.99657948964112,120.0
11752,1756.4030365291312,0.99560900165343,120.0
11753,1756.4044254048224,0.99696211128016,120.0
11754,1756.405814280746,0.99701701438312,120.0
11755,1756.4072031564372,0.99626876676249,120.0
11756,1756.4085920323607,0.99628622975637,120.0
11757,1756.4099809082848,0.9963556944489,120.0
11758,1756.411369783976,0.99688356971372,120.0
11759,1756.4127586598995,0.99599602525572,120.0
11760,1756.4141475355907,0.99652459751154,120.0
11761,1756.4155364115138,0.99626803980369,120.0
11762,1756.4169252874367,0.99585366523255,120.0
11763,1756.418314163128,0.99738759267375,120.0
11764,1756.4197030390517,0.99640200861904,120.0
11765,1756.4210919149757,0.9963693146196,120.0
11766,1756.422480790667,0.99620298038846,120.0
11767,1756.4238696665905,0.99699661796061,120.0
11768,1756.4252585425145,0.99624623575991,120.0
11769,1756.426647418438,0.99687192221867,120.0
11770,1756.4280362941292,0.99669099057798,120.0
11771,1756.4294251700533,0.99629169898996,120.0
11772,1756.4308140459768,0.99700308744995,120.0
11773,1756.4322029219009,0.99601837069652,120.0
11774,1756.4335917975918,0.996094962748,120.0
11775,1756.4349806735156,0.99598239132568,120.0
11776,1756.4363695494396,0.99672842745223,120.0
11777,1756.4377584253632,0.99697713638767,120.0
11778,1756.4391473012872,0.99606158999212,120.0
11779,1756.440536176978,0.99576086517291,120.0
11780,1756.441925052902,0.99634892481757,120.0
11781,1756.443313928826,0.99621010930089,120.0
11782,1756.4447028047505,0.99744126169018,120.0
11783,1756.4460916806747,0.99714372861372,120.0
11784,1756.4474805565987,0.99657294032097,120.0
11785,1756.4488694325223,0.99666765535436,120.0
11786,1756.4502583084463,0.99636101977058,120.0
11787,1756.45164718437,0.9963741980323,120.0
11788,1756.453036060294,0.99664103357108,120.0
11789,1756.454424936218,0.99670210260254,120.0
11790,1756.4558138121415,0.99631907802494,120.0
11791,1756.4572026880649,0.99616726208706,120.0
11792,1756.458591563988,0.99671679254887,120.0
11793,1756.459980439912,0.99590525129554,120.0
11794,1756.461369315836,0.99656650793509,120.0
11795,1756.4627581917596,0.99643851317714,120.0
11796,1756.4641470676836,0.99598187367879,120.0
11797,1756.4655359436072,0.99667901899483,120.0
11798,1756.4669248195312,0.99664901450767,120.0
11799,1756.4683136954552,0.99683994865244,120.0
11800,1756.4697025713788,0.99653863664725,120.0
11801,1756.4710914473028,0.99652636638528,120.0
11802,1756.4724803232264,0.99686936765994,120.0
11803,1756.4738691991504,0.99684281215173,120.0
11804,1756.4752580750744,0.99699220685269,120.0
11805,1756.4766469512308,0.9971146606692,120.0
11806,1756.4780358271548,0.9964807433939,120.0
11807,1756.4794247030788,0.99646178593942,120.0
11808,1756.4808135790024,0.99615277775445,120.0
11809,1756.4822024549264,0.9970495688486,120.0
11810,1756.48359133085,0.99730083335955,120.0
11811,1756.4849802070069,0.99644911461178,120.0
11812,1756.4863690829309,0.99677295587634,120.0
11813,1756.4877579588544,0.99740586686906,120.0
11814,1756.4891468347785,0.99652070559064,120.0
11815,1756.4905357109349,0.99607122031583,120.0
11816,1756.4919245868589,0.9965629007665,120.0
11817,1756.493313462783,0.99710805126193,120.0
11818,1756.4947023389393,0.99668694041302,120.0
11819,1756.496091214863,0.99624505948004,120.0
11820,1756.4974800907871,0.99728121847528,120.0
11821,1756.4988689669433,0.99651377736577,120.0
11822,1756.5002578428664,0.99700152149799,120.0
11823,1756.50164671879,0.99701619569043,120.0
11824,1756.5030355949468,0.99713450048966,120.0
11825,1756.5044244708706,0.99656529702901,120.0
11826,1756.5058133467944,0.99720017141681,120.0
11827,1756.5072022229513,0.99719664560112,120.0
11828,1756.5085910988748,0.99690875428581,120.0
11829,1756.5099799750317,0.99741638363409,120.0
11830,1756.5113688509555,0.99640646377961,120.0
11831,1756.512757727112,0.99643414505599,120.0
11832,1756.514146603036,0.99615954840408,120.0
11833,1756.5155354791923,0.99647374991015,120.0
11834,1756.5169243551163,0.99685758722418,120.0
11835,1756.5183132312734,0.99665471896753,120.0
11836,1756.5197021071967,0.99649180071088,120.0
11837,1756.5210909833538,0.99628163806096,120.0
11838,1756.5224798592772,0.99669555911972,120.0
11839,1756.5238687354342,0.99680501623907,120.0
11840,1756.5252576113583,0.99656475849182,120.0
11841,1756.5266464875147,0.99711730965838,120.0
11842,1756.5280353634387,0.99697476660967,120.0
11843,1756.5294242395953,0.99695827580223,120.0
11844,1756.530813115752,0.99645241136617,120.0
11845,1756.532201991676,0.99678539923939,120.0
11846,1756.5335908678323,0.99699311478543,120.0
11847,1756.5349797437564,0.99752085132657,120.0
11848,1756.5363686199137,0.99681270447313,120.0
11849,1756.5377574960708,0.99821961012663,120.0
11850,1756.539146371995,0.99710691854421,120.0
11851,1756.5405352481507,0.99714357696201,120.0
11852,1756.541924124307,0.9966511924436,120.0
11853,1756.5433130004635,0.99645475149672,120.0
11854,1756.5447018763873,0.99675208926861,120.0
11855,1756.546090752544,0.99692665795827,120.0
11856,1756.5474796287003,0.9969533248465,120.0
11857,1756.5488685048574,0.99630338778746,120.0
11858,1756.5502573807814,0.99710560187067,120.0
11859,1756.5516462569378,0.99722349283693,120.0
11860,1756.5530351330947,0.99665795701889,120.0
11861,1756.554424009251,0.99706923103755,120.0
11862,1756.555812885408,0.99702323947175,120.0
11863,1756.557201761332,0.99663798393361,120.0
11864,1756.5585906374884,0.99686716262367,120.0
11865,1756.5599795136452,0.99673468408394,120.0
11866,1756.5613683898018,0.99717610314448,120.0
11867,1756.5627572659585,0.99706132314262,120.0
11868,1756.5641461421153,0.9975735921763,120.0
11869,1756.5655350182717,0.99746360543901,120.0
11870,1756.5669238944283,0.99814961160238,120.0
11871,1756.5683127703523,0.99766266275037,120.0
11872,1756.5697016465087,0.99713596423412,120.0
11873,1756.5710905226658,0.99758121579882,120.0
11874,1756.5724793988222,0.99775890570289,120.0
11875,1756.573868274979,0.99626731106516,120.0
11876,1756.5752571511357,0.99699621156063,120.0
11877,1756.5766460272923,0.99619987598607,120.0
11878,1756.5780349034492,0.99703149180118,120.0
11879,1756.5794237796056,0.99766994298809,120.0
11880,1756.5808126557624,0.99681455754943,120.0
11881,1756.5822015319184,0.99686632358792,120.0
11882,1756.5835904080743,0.99785544112849,120.0
11883,1756.584979284464,0.99734672855573,120.0
11884,1756.5863681606204,0.99798719314817,120.0
11885,1756.5877570367772,0.99709801653085,120.0
11886,1756.589145912934,0.99633038544945,120.0
11887,1756.5905347890905,0.99683185465592,120.0
11888,1756.5919236652471,0.99747756883832,120.0
11889,1756.5933125414035,0.99763134266268,120.0
11890,1756.5947014175606,0.99703409446506,120.0
11891,1756.5960902937175,0.99894960160776,120.0
11892,1756.5974791701067,0.99757422870125,120.0
11893,1756.5988680462635,0.99813149702747,120.0
11894,1756.60025692242,0.99726080872124,120.0
11895,1756.6016457985768,0.99714820392672,120.0
11896,1756.6030346747336,0.9980935761418,120.0
11897,1756.6044235511229,0.99737222613693,120.0
11898,1756.6058124272795,0.99775845910828,120.0
11899,1756.6072013034363,0.99770972545963,120.0
11900,1756.6085901795927,0.99769027597271,120.0
11901,1756.6099790559826,0.99743789592964,120.0
11902,1756.611367932139,0.99694447060509,120.0
11903,1756.612756808296,0.99682565184642,120.0
11904,1756.6141456846856,0.99663247332552,120.0
11905,1756.615534560842,0.99783531932128,120.0
11906,1756.6169234369988,0.99740397902174,120.0
11907,1756.618312313388,0.99712273794914,120.0
11908,1756.619701189545,0.9977684338201,120.0
11909,1756.6210900657015,0.99687832469998,120.0
11910,1756.6224789420908,0.99732340468038,120.0
11911,1756.6238678182478,0.99783268126566,120.0
11912,1756.6252566946366,0.99813257117626,120.0
11913,1756.6266455707923,0.99759549386819,120.0
11914,1756.6280344469499,0.99698860308704,120.0
11915,1756.62942332334,0.99786622265943,120.0
11916,1756.6308121994969,0.99712248406184,120.0
11917,1756.6322010758863,0.99752053087675,120.0
11918,1756.6335899520427,0.99785745729656,120.0
11919,1756.6349788284326,0.99738505516601,120.0
11920,1756.636367704589,0.99794021339439,120.0
11921,1756.6377565809787,0.99713587777033,120.0
11922,1756.639145457135,0.99650100096118,120.0
11923,1756.6405343335248,0.99790762438237,120.0
11924,1756.6419232096816,0.99714530603544,120.0
11925,1756.6433120860709,0.99784773053139,120.0
11926,1756.6447009624603,0.99771472192428,120.0
11927,1756.6460898386174,0.99688037431927,120.0
11928,1756.6474787150066,0.99810457401213,120.0
11929,1756.6488675911635,0.99766183758554,120.0
11930,1756.6502564675527,0.99673336199142,120.0
11931,1756.6516453439424,0.997594937909,120.0
11932,1756.6530342200992,0.99736891356142,120.0
11933,1756.6544230964885,0.99741590922359,120.0
11934,1756.655811972878,0.9975075088173,120.0
11935,1756.6572008490343,0.99716824929131,120.0
11936,1756.6585897254242,0.99731941385295,120.0
11937,1756.659978601814,0.99691821266002,120.0
11938,1756.6613674779703,0.99724916476772,120.0
11939,1756.66275635436,0.99742698941389,120.0
11940,1756.6641452307495,0.99762742865668,120.0
11941,1756.665534107139,0.99769346011083,120.0
11942,1756.6669229832955,0.99708249812767,120.0
11943,1756.6683118596843,0.99778675858906,120.0
11944,1756.6697007360733,0.9978043773857,120.0
11945,1756.6710896124628,0.99790217547531,120.0
11946,1756.6724784886192,0.9976166517127,120.0
11947,1756.673867365009,0.99800919224797,120.0
11948,1756.6752562413983,0.99715799256643,120.0
11949,1756.676645117788,0.99742811937688,120.0
11950,1756.6780339941774,0.9972550260749,120.0
11951,1756.679422870567,0.99705756618678,120.0
11952,1756.6808117469564,0.99716833683349,120.0
11953,1756.6822006231127,0.99829271279135,120.0
11954,1756.6835894995027,0.99728947272244,120.0
11955,1756.6849783758923,0.99739973182058,120.0
11956,1756.6863672522816,0.99735847899085,120.0
11957,1756.6877561286713,0.99713648455925,120.0
11958,1756.6891450050605,0.99708388335655,120.0
11959,1756.69053388145,0.99804056107603,120.0
11960,1756.6919227578398,0.99744944473495,120.0
11961,1756.693311634229,0.99781933778014,120.0
11962,1756.6947005106188,0.99814702713554,120.0
11963,1756.6960893870082,0.99719655057812,120.0
11964,1756.6974782633977,0.99771697922154,120.0
11965,1756.6988671397871,0.99708382549416,120.0
11966,1756.7002560161764,0.99817203100916,120.0
11967,1756.7016448925663,0.99826539573837,120.0
11968,1756.7030337689555,0.99761445189786,120.0
11969,1756.7044226453452,0.99779841909562,120.0
11970,1756.7058115217349,0.99746230216892,120.0
11971,1756.707200398124,0.99731718843021,120.0
11972,1756.7085892747466,0.99734461956886,120.0
11973,1756.709978151136,0.99763521016325,120.0
11974,1756.711367027525,0.99719518931624,120.0
11975,1756.7127559039138,0.99804151829074,120.0
11976,1756.714144780303,0.9977020021985,120.0
11977,1756.7155336566927,0.99768289299444,120.0
11978,1756.7169225330822,0.99707048405158,120.0
11979,1756.7183114097045,0.9973135575273,120.0
11980,1756.7197002860946,0.99741720874909,120.0
11981,1756.7210891624848,0.99748148235704,120.0
11982,1756.7224780388744,0.99881859561932,120.0
11983,1756.723866915264,0.9981414317385,120.0
11984,1756.725255791886,0.99776483681187,120.0
11985,1756.7266446682759,0.99823490471691,120.0
11986,1756.728033544665,0.99684049715389,120.0
11987,1756.7294224212876,0.99801568979905,120.0
11988,1756.7308112976773,0.99739409183448,120.0
11989,1756.7322001740663,0.99739360240731,120.0
11990,1756.7335890504562,0.99734716542537,120.0
11991,1756.7349779270785,0.99757974284737,120.0
11992,1756.736366803468,0.99680777264486,120.0
11993,1756.7377556800905,0.99823358204282,120.0
11994,1756.7391445564797,0.99713168372289,120.0
11995,1756.7405334328691,0.99810543082728,120.0
11996,1756.7419223094917,0.99810036415697,120.0
11997,1756.743311185881,0.99820560625704,120.0
11998,1756.7447000622708,0.99809253663299,120.0
11999,1756.7460889388929,0.99773040626568,120.0
12000,1756.7474778152823,0.99753805468057,120.0
12001,1756.748866691905,0.99793219679533,120.0
12002,1756.7502555682943,0.9972291984986,120.0
12003,1756.7516444449168,0.99799252354063,120.0
12004,1756.753033321306,0.9978121800311,120.0
12005,1756.7544221979279,0.99795774802745,120.0
12006,1756.7558110743169,0.99737831423712,120.0
12007,1756.757199950939,0.99855144997452,120.0
12008,1756.7585888273284,0.99756767596535,120.0
12009,1756.7599777039507,0.99819832646134,120.0
12010,1756.7613665803403,0.99790160200274,120.0
12011,1756.7627554569629,0.99786943185267,120.0
12012,1756.764144333352,0.99744326945411,120.0
12013,1756.7655332099744,0.99835388280078,120.0
12014,1756.7669220865969,0.99806918163792,120.0
12015,1756.7683109629863,0.99783330894871,120.0
12016,1756.7696998396088,0.99784065833611,120.0
12017,1756.771088716231,0.99789689403081,120.0
12018,1756.7724775926204,0.99816828503725,120.0
12019,1756.7738664692429,0.99795273966842,120.0
12020,1756.7752553458652,0.99788297449109,120.0
12021,1756.7766442222548,0.99724872029449,120.0
12022,1756.778033098877,0.99843137701183,120.0
12023,1756.7794219754994,0.99779127741479,120.0
12024,1756.7808108518889,0.99790152059941,120.0
12025,1756.7821997285112,0.99800265129056,120.0
12026,1756.7835886051337,0.99816144392334,120.0
12027,1756.7849774817555,0.99713743579286,120.0
12028,1756.7863663581454,0.99695152084616,120.0
12029,1756.787755234768,0.99802682438971,120.0
12030,1756.78914411139,0.99779871907154,120.0
12031,1756.7905329880125,0.99778029564662,120.0
12032,1756.7919218644015,0.99795441425869,120.0
12033,1756.7933107410242,0.99719441592194,120.0
12034,1756.7946996176468,0.9982558934466,120.0
12035,1756.7960884942688,0.99826291235209,120.0
12036,1756.7974773708904,0.99732192398763,120.0
12037,1756.798866247512,0.99797984779166,120.0
12038,1756.8002551241343,0.9978687618489,120.0
12039,1756.8016440005242,0.99707423820816,120.0
12040,1756.8030328771463,0.9982053570357,120.0
12041,1756.8044217537688,0.99806193053831,120.0
12042,1756.805810630391,0.99790990128872,120.0
12043,1756.8071995070131,0.99775148611336,120.0
12044,1756.8085883836359,0.99736051623287,120.0
12045,1756.809977260258,0.99729241773488,120.0
12046,1756.8113661368811,0.99797362652776,120.0
12047,1756.8127550135043,0.997593906407,120.0
12048,1756.8141438901264,0.99836459943418,120.0
12049,1756.815532766749,0.99813668782774,120.0
12050,1756.8169216433707,0.99741456750284,120.0
12051,1756.8183105199935,0.99759683969074,120.0
12052,1756.819699396616,0.99770845638527,120.0
12053,1756.821088273238,0.99866993469917,120.0
12054,1756.8224771498603,0.99864942153275,120.0
12055,1756.8238660264826,0.99788599257104,120.0
12056,1756.8252549031051,0.9970217072902,120.0
12057,1756.8266437797276,0.99816466634261,120.0
12058,1756.8280326565823,0.99777418415437,120.0
12059,1756.829421533205,0.99805931531538,120.0
12060,1756.830810409827,0.99827767291983,120.0
12061,1756.8321992864496,0.99787921239987,120.0
12062,1756.833588163072,0.99751970824101,120.0
12063,1756.834977039694,0.99821588529266,120.0
12064,1756.8363659163167,0.99764493509401,120.0
12065,1756.8377547931718,0.99808635882885,120.0
12066,1756.839143669794,0.99863598563251,120.0
12067,1756.8405325464166,0.99728233600424,120.0
12068,1756.8419214230382,0.99846851616509,120.0
12069,1756.8433102998927,0.997861215884,120.0
12070,1756.8446991765147,0.99816844261453,120.0
12071,1756.8460880531372,0.99808521958954,120.0
12072,1756.8474769297595,0.99860521238721,120.0
12073,1756.8488658066146,0.99790210859311,120.0
12074,1756.8502546832372,0.99882974441383,120.0
12075,1756.8516435598597,0.99808015244126,120.0
12076,1756.8530324367143,0.99840753613154,120.0
12077,1756.854421313337,0.99813649840821,120.0
12078,1756.8558101899591,0.99806877230434,120.0
12079,1756.8571990668145,0.99898193151084,120.0
12080,1756.8585879434368,0.9988682932106,120.0
12081,1756.859976820059,0.99742781770719,120.0
12082,1756.8613656969144,0.99769910585627,120.0
12083,1756.8627545735364,0.99778639722163,120.0
12084,1756.8641434503916,0.99823208293724,120.0
12085,1756.8655323270143,0.99808660849455,120.0
12086,1756.8669212036364,0.99847037654954,120.0
12087,1756.8683100804917,0.99843734403792,120.0
12088,1756.869698957114,0.99783190683685,120.0
12089,1756.871087833969,0.99768170034367,120.0
12090,1756.8724767105916,0.998475602601,120.0
12091,1756.8738655874463,0.99760273828521,120.0
12092,1756.875254464069,0.99885582537543,120.0
12093,1756.876643340924,0.99767714843186,120.0
12094,1756.8780322175464,0.99813401915577,120.0
12095,1756.8794210944016,0.99858515536832,120.0
12096,1756.8808099710238,0.99794005640319,120.0
12097,1756.8821988478792,0.99914321431728,120.0
12098,1756.8835877247343,0.99839662151108,120.0
12099,1756.8849766013564,0.99828373345886,120.0
12100,1756.886365478211,0.99793380920554,120.0
12101,1756.8877543548326,0.99845292569513,120.0
12102,1756.889143231688,0.99784567896312,120.0
12103,1756.8905321085433,0.99859828330767,120.0
12104,1756.8919209851651,0.99918809190829,120.0
12105,1756.8933098620207,0.99826449707308,120.0
12106,1756.8946987388756,0.99715633928029,120.0
12107,1756.896087615498,0.99808709687238,120.0
12108,1756.8974764923535,0.99789023625012,120.0
12109,1756.8988653692084,0.99788090331834,120.0
12110,1756.9002542458309,0.99819164025022,120.0
12111,1756.9016431226867,0.99791998914253,120.0
12112,1756.9030319995425,0.99773538992484,120.0
12113,1756.9044208763978,0.99804096503271,120.0
12114,1756.9058097530199,0.9983522102484,120.0
12115,1756.9071986298752,0.99863645564133,120.0
12116,1756.9085875067303,0.99824190920417,120.0
12117,1756.9099763835854,0.99747088643716,120.0
12118,1756.9113652604408,0.99846866957109,120.0
12119,1756.9127541370628,0.99799727231911,120.0
12120,1756.914143013918,0.99810455127111,120.0
12121,1756.9155318907735,0.99753681707147,120.0
12122,1756.9169207676284,0.99821694044013,120.0
12123,1756.9183096444835,0.99683269040159,120.0
12124,1756.9196985213387,0.99792704397572,120.0
12125,1756.9210873979612,0.99807902273808,120.0
12126,1756.9224762748163,0.99834205512628,120.0
12127,1756.9238651516714,0.99895785067064,120.0
12128,1756.9252540285268,0.99842199100885,120.0
12129,1756.9266429053819,0.99788482420852,120.0
12130,1756.9280317822368,0.99860901196882,120.0
12131,1756.9294206590923,0.99892745846992,120.0
12132,1756.9308095359468,0.9993131047422,120.0
12133,1756.9321984128012,0.99773253617988,120.0
12134,1756.9335872896563,0.99741976573854,120.0
12135,1756.9349761665114,0.99927782676716,120.0
12136,1756.9363650433668,0.99828723484729,120.0
12137,1756.9377539202217,0.99826371586782,120.0
12138,1756.939142797077,0.99840312442831,120.0
12139,1756.940531673932,0.99744137531248,120.0
12140,1756.9419205507872,0.99840698395939,120.0
12141,1756.9433094276424,0.99850612440474,120.0
12142,1756.9446983044975,0.99733796907799,120.0
12143,1756.9460871813528,0.99856852628401,120.0
12144,1756.9474760584408,0.99854874716068,120.0
12145,1756.948864935296,0.99846199804921,120.0
12146,1756.9502538121512,0.99895112285652,120.0
12147,1756.951642689006,0.99794353741592,120.0
12148,1756.9530315658615,0.99836179069278,120.0
12149,1756.9544204427168,0.99716729623497,120.0
12150,1756.9558093195717,0.99903116180989,120.0
12151,1756.9571981966599,0.99748317051509,120.0
12152,1756.9585870735148,0.99747563182078,120.0
12153,1756.95997595037,0.99780965204267,120.0
12154,1756.9613648272255,0.99844592258882,120.0
12155,1756.9627537043132,0.99946007246218,120.0
12156,1756.9641425811683,0.99854265076717,120.0
12157,1756.9655314580236,0.99865607646386,120.0
12158,1756.9669203348788,0.99850110438143,120.0
12159,1756.9683092119667,0.99812763113987,120.0
12160,1756.9696980888218,0.99815082822586,120.0
12161,1756.9710869656772,0.9981829907195,120.0
12162,1756.9724758425323,0.99834099990234,120.0
12163,1756.9738647196202,0.99827993835377,120.0
12164,1756.9752535964756,0.99764682287376,120.0
12165,1756.9766424735628,0.99860540435303,120.0
12166,1756.9780313504173,0.99864015006059,120.0
12167,1756.9794202272724,0.99836840292489,120.0
12168,1756.9808091043603,0.99737066521889,120.0
12169,1756.9821979812157,0.99851912272247,120.0
12170,1756.9835868580703,0.99810000123133,120.0
12171,1756.9849757351587,0.99807182939791,120.0
12172,1756.986364612014,0.99972204161423,120.0
12173,1756.9877534891018,0.99815067581072,120.0
12174,1756.9891423659572,0.9989061284766,120.0
12175,1756.9905312430449,0.99789086328012,120.0
12176,1756.9919201199002,0.99728033846032,120.0
12177,1756.9933089969888,0.99849706436756,120.0
12178,1756.9946978738446,0.99840297708564,120.0
12179,1756.9960867509328,0.99847151004571,120.0
12180,1756.997475627788,0.999538534769,120.0
12181,1756.9988645048759,0.99825528591212,120.0
12182,1757.0002533817312,0.99827721071636,120.0
12183,1757.0016422588187,0.99811023597893,120.0
12184,1757.0030311356743,0.99815071489218,120.0
12185,1757.0044200127622,0.99865363498896,120.0
12186,1757.00580888985,0.99843808157545,120.0
12187,1757.0071977667055,0.99802687039668,120.0
12188,1757.0085866437933,0.99769720661909,120.0
12189,1757.0099755206486,0.99854371728793,120.0
12190,1757.0113643977368,0.99807363036224,120.0
12191,1757.0127532748245,0.99775225993204,120.0
12192,1757.0141421516798,0.99852338225427,120.0
12193,1757.0155310287676,0.99704927166877,120.0
12194,1757.0169199058555,0.9982796530372,120.0
12195,1757.018308782711,0.99853115154819,120.0
12196,1757.0196976597988,0.99808682390204,120.0
12197,1757.0210865368867,0.9979240254853,120.0
12198,1757.0224754139742,0.99834173332699,120.0
12199,1757.0238642908287,0.99769301073241,120.0
12200,1757.0252531679168,0.99840827486308,120.0
12201,1757.0266420450043,0.99854924403696,120.0
12202,1757.0280309220927,0.99812516652615,120.0
12203,1757.0294197989476,0.9982628854607,120.0
12204,1757.0308086760358,0.99869776898907,120.0
12205,1757.032197553124,0.99733552907099,120.0
12206,1757.0335864302117,0.99852735516324,120.0
12207,1757.0349753072999,0.99829001492765,120.0
12208,1757.0363641843878,0.99813078334875,120.0
12209,1757.0377530612427,0.99874149026322,120.0
12210,1757.039141938331,0.99878322111654,120.0
12211,1757.0405308154188,0.99841141447272,120.0
12212,1757.041919692507,0.99793154199911,120.0
12213,1757.0433085695947,0.99750513687647,120.0
12214,1757.044697446683,0.99832945537664,120.0
12215,1757.046086323771,0.99876855947965,120.0
12216,1757.0474752008588,0.99807154962325,120.0
12217,1757.0488640779467,0.9983804772924,120.0
12218,1757.0502529550351,0.9983753544863,120.0
12219,1757.0516418321229,0.99810247509377,120.0
12220,1757.053030709211,0.99879645945689,120.0
12221,1757.0544195862988,0.9977859727902,120.0
12222,1757.0558084633867,0.99812783447081,120.0
12223,1757.057197340475,0.99799198020344,120.0
12224,1757.0585862175628,0.99823497843863,120.0
12225,1757.059975094651,0.99830032383146,120.0
12226,1757.0613639717387,0.99841457927128,120.0
12227,1757.062752848827,0.99809815617846,120.0
12228,1757.064141725915,0.99850077768104,120.0
12229,1757.0655306030028,0.99814219432192,120.0
12230,1757.0669194800907,0.99788292344564,120.0
12231,1757.0683083571782,0.99841848063228,120.0
12232,1757.0696972342655,0.99889871619991,120.0
12233,1757.0710861113537,0.99799999745644,120.0
12234,1757.0724749886742,0.99886038829129,120.0
12235,1757.0738638657624,0.99754884197435,120.0
12236,1757.0752527428504,0.99822583753622,120.0
12237,1757.0766416199383,0.99851411249251,120.0
12238,1757.0780304970265,0.99806886073484,120.0
12239,1757.0794193741142,0.99827719372577,120.0
12240,1757.0808082514352,0.99866785134685,120.0
12241,1757.0821971285231,0.99821177939859,120.0
12242,1757.083586005611,0.99914965031747,120.0
12243,1757.0849748826995,0.99952999108589,120.0
12244,1757.0863637600212,0.99888173969032,120.0
12245,1757.0877526371091,0.99752259453984,120.0
12246,1757.0891415141975,0.99819246482197,120.0
12247,1757.090530391518,0.9987345324825,120.0
12248,1757.0919192686063,0.99802803210005,120.0
12249,1757.0933081456942,0.99856885421431,120.0
12250,1757.094697022782,0.99830713012508,120.0
12251,1757.0960859001032,0.99853441588435,120.0
12252,1757.0974747771909,0.99827561396796,120.0
12253,1757.098863654512,0.99958021865145,120.0
12254,1757.1002525315998,0.99806154916135,120.0
12255,1757.1016414086876,0.99846610672992,120.0
12256,1757.1030302860088,0.99803295458892,120.0
12257,1757.1044191630965,0.99898478234552,120.0
12258,1757.1058080404175,0.99888097883394,120.0
12259,1757.1071969175055,0.99837541205113,120.0
12260,1757.1085857945934,0.99783562129173,120.0
12261,1757.1099746719144,0.99868183518314,120.0
12262,1757.111363549002,0.99853880153378,120.0
12263,1757.1127524263231,0.99769008061984,120.0
12264,1757.1141413034104,0.99857663471697,120.0
12265,1757.1155301807305,0.99846435918447,120.0
12266,1757.1169190578187,0.99837541569398,120.0
12267,1757.1183079351392,0.99695621403085,120.0
12268,1757.1196968122274,0.99776517934934,120.0
12269,1757.1210856895484,0.99800304853617,120.0
12270,1757.122474566636,0.99863522557109,120.0
12271,1757.1238634439571,0.99879251955532,120.0
12272,1757.1252523212777,0.99813980050459,120.0
12273,1757.1266411983659,0.99862786138371,120.0
12274,1757.1280300756869,0.99928360732666,120.0
12275,1757.1294189527744,0.99872300598929,120.0
12276,1757.1308078300956,0.99856481224506,120.0
12277,1757.1321967074164,0.99860987493925,120.0
12278,1757.1335855845043,0.99859186720179,120.0
12279,1757.134974461825,0.99822040500525,120.0
12280,1757.1363633391459,0.99870663577545,120.0
12281,1757.137752216234,0.99891565046872,120.0
12282,1757.1391410935548,0.99851619441294,120.0
12283,1757.1405299708756,0.99841227385476,120.0
12284,1757.1419188481966,0.99900723875196,120.0
12285,1757.1433077252843,0.99820675413013,120.0
12286,1757.144696602605,0.99777244659711,120.0
12287,1757.1460854799263,0.9986959332466,120.0
12288,1757.147474357247,0.99903008972835,120.0
12289,1757.148863234335,0.99866762440626,120.0
12290,1757.1502521116556,0.99901861959861,120.0
12291,1757.1516409889766,0.99886409622117,120.0
12292,1757.1530298662976,0.99844767005149,120.0
12293,1757.154418743618,0.99793346402887,120.0
12294,1757.1558076207064,0.99867984362927,120.0
12295,1757.157196498027,0.99790659071935,120.0
12296,1757.158585375348,0.99819099884193,120.0
12297,1757.1599742526687,0.99761538267291,120.0
12298,1757.161363129989,0.99845775483317,120.0
12299,1757.162752007309,0.9985472421928,120.0
12300,1757.1641408846297,0.99887509588911,120.0
12301,1757.1655297619507,0.99813452770223,120.0
12302,1757.1669186390388,0.99903107631014,120.0
12303,1757.1683075163592,0.9984927419147,120.0
12304,1757.1696963936804,0.99802344562735,120.0
12305,1757.1710852710012,0.9986042543527,120.0
12306,1757.172474148322,0.99847962990697,120.0
12307,1757.1738630256427,0.9981994365303,120.0
12308,1757.1752519029635,0.99873683429067,120.0
12309,1757.1766407802852,0.99980111815297,120.0
12310,1757.1780296576069,0.99785339071905,120.0
12311,1757.1794185349274,0.99834368907279,120.0
12312,1757.1808074122484,0.9993124356062,120.0
12313,1757.1821962895688,0.99842510069947,120.0
12314,1757.18358516689,0.99828549400019,120.0
12315,1757.1849740444438,0.99778932213963,120.0
12316,1757.1863629217644,0.9980622172107,120.0
12317,1757.1877517990852,0.99770040516129,120.0
12318,1757.189140676406,0.9990828545954,120.0
12319,1757.1905295537267,0.99918417443132,120.0
12320,1757.191918431048,0.99838464928889,120.0
12321,1757.1933073083685,0.99935665252955,120.0
12322,1757.1946961856895,0.99745548181775,120.0
12323,1757.1960850632431,0.99751163718898,120.0
12324,1757.197473940564,0.99783374569119,120.0
12325,1757.198862817885,0.99855548786135,120.0
12326,1757.2002516952055,0.99943517092026,120.0
12327,1757.2016405725265,0.99875901200706,120.0
12328,1757.20302945008,0.99817945879519,120.0
12329,1757.2044183274008,0.99854574538132,120.0
12330,1757.2058072047219,0.99859990394138,120.0
12331,1757.2071960820424,0.99874879613195,120.0
12332,1757.208584959595,0.99860653134506,120.0
12333,1757.2099738369157,0.99831979888374,120.0
12334,1757.2113627142364,0.99789336731994,120.0
12335,1757.2127515915574,0.99933310346184,120.0
12336,1757.2141404691108,0.99876331355053,120.0
12337,1757.2155293464318,0.99996199461897,120.0
12338,1757.2169182237528,0.99838337175046,120.0
12339,1757.2183071013062,0.99839244892937,120.0
12340,1757.2196959786272,0.99845073630669,120.0
12341,1757.2210848561806,0.99913604008124,120.0
12342,1757.2224737335016,0.99927200433011,120.0
12343,1757.2238626108226,0.99969578029873,120.0
12344,1757.225251488376,0.99832202137876,120.0
12345,1757.2266403656968,0.99805858278473,120.0
12346,1757.2280292432506,0.99927874313903,120.0
12347,1757.2294181205712,0.99922630950497,120.0
12348,1757.2308069978924,0.99951506589533,120.0
12349,1757.2321958754455,0.99855811243143,120.0
12350,1757.2335847527668,0.99839063927298,120.0
12351,1757.2349736303204,0.99850725768469,120.0
12352,1757.2363625076412,0.99902310608583,120.0
12353,1757.237751385195,0.99858533616726,120.0
12354,1757.2391402625155,0.99835746264388,120.0
12355,1757.2405291400692,0.99889216235046,120.0
12356,1757.2419180176228,0.99873794889667,120.0
12357,1757.2433068949435,0.99933575794205,120.0
12358,1757.2446957724976,0.99863079562229,120.0
12359,1757.246084649818,0.99848802465573,120.0
12360,1757.247473527372,0.99934637785614,120.0
12361,1757.248862404693,0.9988872053771,120.0
12362,1757.2502512822464,0.99832957973445,120.0
12363,1757.2516401598002,0.99944936322824,120.0
12364,1757.2530290371208,0.99868931100502,120.0
12365,1757.2544179146746,0.99968048212502,120.0
12366,1757.2558067922275,0.9987195257302,120.0
12367,1757.2571956695476,0.99954600519551,120.0
12368,1757.2585845471015,0.99909877595005,120.0
12369,1757.2599734246548,0.99900571191846,120.0
12370,1757.2613623019759,0.99841634330695,120.0
12371,1757.2627511795297,0.99822679527993,120.0
12372,1757.264140057083,0.99839068300253,120.0
12373,1757.265528934637,0.99846880087422,120.0
12374,1757.2669178119577,0.99894480243992,120.0
12375,1757.2683066895122,0.99875166879853,120.0
12376,1757.2696955670665,0.99783556685956,120.0
12377,1757.2710844446199,0.99917532950482,120.0
12378,1757.2724733219409,0.9993547389799,120.0
12379,1757.2738621994945,0.99912880943695,120.0
12380,1757.275251077048,0.99939397547139,120.0
12381,1757.276639954602,0.99886405844031,120.0
12382,1757.278028832155,0.99882262682124,120.0
12383,1757.2794177097092,0.9987247047371,120.0
12384,1757.28080658703,0.99953646278922,120.0
12385,1757.2821954645835,0.99846491854019,120.0
12386,1757.2835843421371,0.99940510762048,120.0
12387,1757.2849732196908,0.9989461376082,120.0
12388,1757.2863620972444,0.99903830148816,120.0
12389,1757.2877509747984,0.99816950137281,120.0
12390,1757.2891398523518,0.99955493361208,120.0
12391,1757.2905287299056,0.99889639298381,120.0
12392,1757.2919176074593,0.99915187447024,120.0
12393,1757.2933064850129,0.9991981144727,120.0
12394,1757.2946953625667,0.99893500273062,120.0
12395,1757.29608424012,0.99990971876608,120.0
12396,1757.297473117674,0.99926104739714,120.0
12397,1757.2988619952275,0.99985107056748,120.0
12398,1757.3002508727811,0.99967981937553,120.0
12399,1757.3016397503347,0.99866923903379,120.0
12400,1757.303028627888,0.99911588621286,120.0
12401,1757.3044175054408,0.9996033480312,120.0
12402,1757.3058063829944,0.99878130866246,120.0
12403,1757.307195260548,0.99990526975796,120.0
12404,1757.3085841381019,0.9989561710653,120.0
12405,1757.3099730156553,0.99866963225454,120.0
12406,1757.311361893209,0.99931628456436,120.0
12407,1757.3127507707627,0.99917091541575,120.0
12408,1757.3141396485491,0.99919059325823,120.0
12409,1757.3155285261028,0.99905779201394,120.0
12410,1757.3169174036564,0.99808984973954,120.0
12411,1757.3183062812102,0.99928139637277,120.0
12412,1757.319695158764,0.9994097596241,120.0
12413,1757.3210840363174,0.99890516667957,120.0
12414,1757.322472914104,0.99944209800411,120.0
12415,1757.3238617916575,0.99898576127003,120.0
12416,1757.3252506692113,0.99949275559743,120.0
12417,1757.3266395467651,1.00096078621945,120.0
12418,1757.3280284245511,0.99872369909894,120.0
12419,1757.3294173021052,0.99857272225516,120.0
12420,1757.3308061796588,0.9993489649887,120.0
12421,1757.3321950572124,0.99969402735237,120.0
12422,1757.333583934999,0.9988408326409,120.0
12423,1757.3349728125525,0.99861120912346,120.0
12424,1757.3363616901063,0.99959573591555,120.0
12425,1757.3377505678927,0.999442858087,120.0
12426,1757.3391394454463,0.99873877416793,120.0
12427,1757.340528323,0.9993534769911,120.0
12428,1757.3419172007864,0.99834136776225,120.0
12429,1757.3433060783402,0.99954951747207,120.0
12430,1757.344694956127,0.99937191060554,120.0
12431,1757.3460838336803,0.99859549667189,120.0
12432,1757.347472711234,0.99963908858536,120.0
12433,1757.3488615890203,0.99902400901606,120.0
12434,1757.350250466574,0.99957834992342,120.0
12435,1757.35163934436,0.99879092254553,120.0
12436,1757.3530282219128,0.99891528522452,120.0
12437,1757.3544170996995,0.99914687708293,120.0
12438,1757.3558059772529,0.99892215752838,120.0
12439,1757.3571948550396,0.99873462251129,120.0
12440,1757.3585837325932,0.99930262120947,120.0
12441,1757.3599726103805,0.99956939070344,120.0
12442,1757.3613614879348,0.99897321751474,120.0
12443,1757.3627503657212,0.99856855686974,120.0
12444,1757.3641392432748,0.998605822705,120.0
12445,1757.3655281210615,0.99882142565251,120.0
12446,1757.366916998615,0.99971689768484,120.0
12447,1757.3683058764016,0.99928317299445,120.0
12448,1757.3696947539552,0.99924356735652,120.0
12449,1757.3710836317416,0.99868727696689,120.0
12450,1757.3724725095283,0.99835842873809,120.0
12451,1757.3738613870817,0.99902870803571,120.0
12452,1757.3752502648683,0.99832524255639,120.0
12453,1757.3766391426548,0.99884964868484,120.0
12454,1757.3780280202084,0.99874969847973,120.0
12455,1757.379416897995,0.99957296278125,120.0
12456,1757.3808057757813,0.99873494863082,120.0
12457,1757.382194653335,0.99918084567085,120.0
12458,1757.3835835311215,0.99860124455262,120.0
12459,1757.384972408908,0.999062981627,120.0
12460,1757.3863612866946,0.99821276561205,120.0
12461,1757.387750164248,0.99942721141351,120.0
12462,1757.3891390420347,0.99846414898396,120.0
12463,1757.3905279198211,0.99886719440549,120.0
12464,1757.3919167976076,0.99887410427615,120.0
12465,1757.3933056751614,0.99876256131279,120.0
12466,1757.3946945529478,0.99916972866797,120.0
12467,1757.3960834307343,0.99895559027878,120.0
12468,1757.3974723085207,0.99901966007205,120.0
12469,1757.3988611863072,0.99889548878524,120.0
12470,1757.4002500638608,0.99909743279678,120.0
12471,1757.4016389416468,0.99962195902146,120.0
12472,1757.4030278194325,0.99926695322716,120.0
12473,1757.4044166972192,0.99955852915456,120.0
12474,1757.4058055750052,0.99966069117002,120.0
12475,1757.407194452792,0.99878145455329,120.0
12476,1757.4085833305785,0.99864201299059,120.0
12477,1757.4099722083647,0.99956844464882,120.0
12478,1757.4113610861516,0.99890238510049,120.0
12479,1757.4127499639378,0.99871495384492,120.0
12480,1757.4141388417245,0.99943331577603,120.0
12481,1757.4155277192783,0.99925944232932,120.0
12482,1757.4169165970643,0.99986661319261,120.0
12483,1757.4183054748512,0.99963808220009,120.0
12484,1757.4196943526374,0.99927978389553,120.0
12485,1757.421083230424,0.99916205989752,120.0
12486,1757.4224721084436,0.99892575209492,120.0
12487,1757.4238609862296,0.99927332330279,120.0
12488,1757.4252498640165,0.99954818837787,120.0
12489,1757.426638741803,0.99952474672772,120.0
12490,1757.428027619589,0.99911438045562,120.0
12491,1757.429416497376,0.99954642551699,120.0
12492,1757.4308053751622,0.99896736823785,120.0
12493,1757.4321942529489,0.99888666602903,120.0
12494,1757.433583130735,0.99909360913282,120.0
12495,1757.4349720085215,0.99875055955212,120.0
12496,1757.4363608863084,0.99902668778174,120.0
12497,1757.4377497643275,0.99966803679098,120.0
12498,1757.439138642114,0.99871794290697,120.0
12499,1757.4405275199003,0.99936482382547,120.0
12500,1757.441916397687,0.99880465528,120.0
12501,1757.4433052754737,0.9993845425777,120.0
12502,1757.44469415326,0.99913859976129,120.0
12503,1757.4460830312792,0.99925070188281,120.0
12504,1757.447471909066,0.99921169910054,120.0
12505,1757.4488607868523,0.99942846546032,120.0
12506,1757.450249664638,0.99890285057949,120.0
12507,1757.4516385426575,0.99974926521961,120.0
12508,1757.4530274204446,0.99925551803279,120.0
12509,1757.4544162982313,0.99920104759861,120.0
12510,1757.4558051762504,0.99884423704924,120.0
12511,1757.457194054037,0.99960747260485,120.0
12512,1757.4585829318235,0.99828110829969,120.0
12513,1757.4599718098427,0.99910537296923,120.0
12514,1757.4613606876292,0.99993023625958,120.0
12515,1757.4627495654156,0.99857850750516,120.0
12516,1757.464138443435,0.99935146424609,120.0
12517,1757.4655273212215,0.99961073990511,120.0
12518,1757.466916199008,0.99910638998878,120.0
12519,1757.4683050770275,0.99932550676025,120.0
12520,1757.4696939548137,0.9993756626318,120.0
12521,1757.4710828328332,0.99959156187554,120.0
12522,1757.4724717106196,0.99898844215283,120.0
12523,1757.473860588406,0.9993778456087,120.0
12524,1757.4752494664256,0.99936563665249,120.0
12525,1757.4766383442116,0.99880526551729,120.0
12526,1757.4780272222313,0.99926861973731,120.0
12527,1757.479416100018,0.99885197605454,120.0
12528,1757.4808049780368,0.99890023227338,120.0
12529,1757.4821938558237,0.99919152283055,120.0
12530,1757.4835827338427,0.99913071739505,120.0
12531,1757.4849716116291,0.99956526569748,120.0
12532,1757.4863604896489,0.99963826061335,120.0
12533,1757.487749367668,1.00000176992559,120.0
12534,1757.4891382454543,0.99991320116163,120.0
12535,1757.4905271234738,1.00035084485479,120.0
12536,1757.4919160012603,0.9987246622177,120.0
12537,1757.4933048792795,0.998611775385,120.0
12538,1757.4946937572988,0.99900961559512,120.0
12539,1757.4960826350855,0.99836539348884,120.0
12540,1757.4974715131048,0.99978120612154,120.0
12541,1757.4988603908912,0.99953290277144,120.0
12542,1757.5002492689096,0.99820905454106,120.0
12543,1757.5016381469284,0.99912337264126,120.0
12544,1757.503027024715,0.99910861346297,120.0
12545,1757.5044159027343,1.00001964409039,120.0
12546,1757.5058047807536,0.99918346957194,120.0
12547,1757.507193658773,0.99931358284718,120.0
12548,1757.5085825365593,0.99966143642317,120.0
12549,1757.5099714145788,0.99911139405512,120.0
12550,1757.5113602925983,0.99944970333156,120.0
12551,1757.512749170617,0.99933166645427,120.0
12552,1757.514138048404,0.99955765367801,120.0
12553,1757.515526926423,0.99899993745629,120.0
12554,1757.5169158044423,0.99888715282194,120.0
12555,1757.518304682462,1.00008615489884,120.0
12556,1757.5294157063836,0.99958515527948,120.0
12557,1757.5308045844029,0.99887808267706,120.0
12558,1757.5321934621895,0.99952459937555,120.0
12559,1757.5335823402083,0.9989410515221,120.0
12560,1757.534971218228,0.99904335736719,120.0
12561,1757.536360096247,0.99931053200881,120.0
12562,1757.5377489742666,0.99900337758384,120.0
12563,1757.539137852286,0.99992242686968,120.0
12564,1757.5405267303051,0.99945741171399,120.0
12565,1757.5419156083246,0.99875169319772,120.0
12566,1757.5433044863446,0.99905804796577,120.0
12567,1757.5446933643643,0.99911357920842,120.0
12568,1757.546082242384,0.99887246905844,120.0
12569,1757.547471120403,0.99865756687997,120.0
12570,1757.5488599984224,0.99917180157015,120.0
12571,1757.5502488764412,1.00021448348453,120.0
12572,1757.5516377546924,0.99922508933571,120.0
12573,1757.553026632712,0.99904488831962,120.0
12574,1757.5544155107311,0.99987010655742,120.0
12575,1757.5558043887506,0.99830014399848,120.0
12576,1757.55719326677,0.99957413636362,120.0
12577,1757.5585821447892,0.99949665873687,120.0
12578,1757.5599710228087,0.99926554508046,120.0
12579,1757.561359900828,0.99843871987541,120.0
12580,1757.56274877908,0.99986726790094,120.0
12581,1757.5641376570995,0.99919123316009,120.0
12582,1757.5655265351184,0.99910020147627,120.0
12583,1757.566915413138,0.99935364907003,120.0
12584,1757.5683042911571,0.99923001903614,120.0
12585,1757.5696931694094,0.9995902206834,120.0
12586,1757.5710820474287,0.99910010528641,120.0
12587,1757.572470925448,0.99967228790409,120.0
12588,1757.5738598034675,0.99945943913912,120.0
12589,1757.5752486817198,1.0000066409091,120.0
12590,1757.5766375597389,0.99994027864062,120.0
12591,1757.5780264377584,0.99935156363092,120.0
12592,1757.5794153160102,0.99918877863752,120.0
12593,1757.5808041940295,0.99974281917875,120.0
12594,1757.5821930720492,0.99946843092293,120.0
12595,1757.583581950301,0.99971538631823,120.0
12596,1757.5849708283204,0.99956097535351,120.0
12597,1757.5863597063396,0.99929576055861,120.0
12598,1757.587748584592,0.99887588991697,120.0
12599,1757.5891374626115,0.999981091873,120.0
12600,1757.5905263406305,0.99881832053982,120.0
12601,1757.5919152188828,0.99966084643011,120.0
12602,1757.593304096902,0.99937174271593,120.0
12603,1757.5946929751542,0.99908199900282,120.0
12604,1757.5960818531737,0.99921894937062,120.0
12605,1757.5974707314256,0.99960870053428,120.0
12606,1757.598859609445,0.99919521470787,120.0
12607,1757.6002484876972,0.99930914754479,120.0
12608,1757.601637365716,1.00012324335996,120.0
12609,1757.6030262439674,1.00026939402951,120.0
12610,1757.6044151219864,0.99940313493491,120.0
12611,1757.6058040002388,0.99952648391587,120.0
12612,1757.607192878258,0.99942229997346,120.0
12613,1757.60858175651,0.99932814335339,120.0
12614,1757.6099706345296,0.99910298286504,120.0
12615,1757.6113595127815,0.9999946620856,120.0
12616,1757.612748390801,0.99924340959249,120.0
12617,1757.6141372690531,1.00052063957259,120.0
12618,1757.6155261473052,0.9997075599425,120.0
12619,1757.6169150253247,0.99962749404812,120.0
12620,1757.6183039035764,0.99970690830399,120.0
12621,1757.619692781596,0.99948836942633,120.0
12622,1757.6210816598484,1.00059218511945,120.0
12623,1757.6224705381003,0.99971088868642,120.0
12624,1757.6238594161196,0.99926004554244,120.0
12625,1757.6252482943719,0.9990667845291,120.0
12626,1757.626637172624,0.99956472800882,120.0
12627,1757.6280260506435,0.99946289477936,120.0
12628,1757.6294149288951,0.99930210826668,120.0
12629,1757.6308038071477,1.00022640265449,120.0
12630,1757.6321926853996,0.99936949385318,120.0
12631,1757.633581563419,0.99954407199169,120.0
12632,1757.6349704416718,0.99997977888562,120.0
12633,1757.6363593199246,0.99973012211764,120.0
12634,1757.6377481981767,0.99952006811258,120.0
12635,1757.6391370761964,0.9999916113715,120.0
12636,1757.6405259544483,1.00014911787186,120.0
12637,1757.6419148327006,0.99965745096854,120.0
12638,1757.6433037109523,0.99919600583463,120.0
12639,1757.6446925892049,0.99929368985251,120.0
12640,1757.6460814674572,0.99936178948256,120.0
12641,1757.6474703454762,0.99980049640802,120.0
12642,1757.6488592237283,0.99998588180585,120.0
12643,1757.6502481019807,0.99922292202871,120.0
12644,1757.6516369802328,0.99968532837091,120.0
12645,1757.653025858484,0.99967452997346,120.0
12646,1757.6544147367356,0.99996456078449,120.0
12647,1757.655803614988,0.99998292054129,120.0
12648,1757.65719249324,1.00050794577308,120.0
12649,1757.658581371492,0.99951715757591,120.0
12650,1757.6599702497444,0.99977833453985,120.0
12651,1757.6613591279963,0.9998695033121,120.0
12652,1757.6627480062486,0.9999373394734,120.0
12653,1757.6641368845007,0.99985904598004,120.0
12654,1757.6655257627528,1.00004360072318,120.0
12655,1757.6669146410052,0.99959880668283,120.0
12656,1757.668303519257,0.99907316367903,120.0
12657,1757.6696923975092,1.00016560345348,120.0
12658,1757.6710812757615,0.99838448060358,120.0
12659,1757.6724701540136,0.99969894956348,120.0
12660,1757.673859032266,0.99982763883707,120.0
12661,1757.6752479105176,0.99919868430926,120.0
12662,1757.67663678877,1.00022951615211,120.0
12663,1757.6780256670224,1.00049929888794,120.0
12664,1757.6794145452743,1.0002854221371,120.0
12665,1757.6808034235266,1.00015021319279,120.0
12666,1757.6821923020111,1.00046260072645,120.0
12667,1757.6835811802637,0.999645871515,120.0
12668,1757.684970058516,0.99999742876887,120.0
12669,1757.6863589367679,0.99987196803361,120.0
12670,1757.6877478150202,0.99914130517886,120.0
12671,1757.6891366932723,0.9992824887348,120.0
12672,1757.6905255717572,0.99942264470799,120.0
12673,1757.6919144500096,1.00025086023883,120.0
12674,1757.6933033282614,0.99953558864127,120.0
12675,1757.6946922065135,1.00001177853333,120.0
12676,1757.6960810849987,0.99955363282332,120.0
12677,1757.6974699632508,0.99950109284194,120.0
12678,1757.6988588415031,0.99973318514597,120.0
12679,1757.700247719755,1.00122582535628,120.0
12680,1757.70163659824,1.00035775544071,120.0
12681,1757.7030254764923,0.9994528062364,120.0
12682,1757.7044143547444,1.00058204051469,120.0
12683,1757.7058032332286,0.99943944704506,120.0
12684,1757.70719211148,1.00012462358112,120.0
12685,1757.7085809897324,0.99985792085783,120.0
12686,1757.7099698682175,0.9993819071731,120.0
12687,1757.7113587464692,1.0000707814295,120.0
12688,1757.7127476249543,1.00047178895212,120.0
12689,1757.7141365032064,1.00072261352527,120.0
12690,1757.7155253814587,0.99935931591684,120.0
12691,1757.716914259944,1.00066773456399,120.0
12692,1757.7183031381956,0.99952519762863,120.0
12693,1757.7196920166807,0.999834623101,120.0
12694,1757.7210808949328,1.00038039430739,120.0
12695,1757.722469773418,1.00018792134519,120.0
12696,1757.7238586516703,0.99911513945481,120.0
12697,1757.725247530155,1.00004208335705,120.0
12698,1757.7266364084076,0.99942852346967,120.0
12699,1757.7280252868936,0.99997667005614,120.0
12700,1757.7294141651455,1.00048566448155,120.0
12701,1757.7308030436309,0.99941496775728,120.0
12702,1757.7321919218828,0.9999205292245,120.0
12703,1757.733580800368,0.99968414452766,120.0
12704,1757.73496967862,0.99965407864158,120.0
12705,1757.7363585571047,1.00004342947469,120.0
12706,1757.73774743559,1.00070729785163,120.0
12707,1757.739136313842,0.99979902968626,120.0
12708,1757.7405251923271,1.0000830116748,120.0
12709,1757.7419140705795,1.0000067056204,120.0
12710,1757.743302949064,0.99985143065471,120.0
12711,1757.744691827549,0.99993802697432,120.0
12712,1757.7460807058012,1.00022287469756,120.0
12713,1757.7474695842864,1.00000013877093,120.0
12714,1757.7488584627715,0.99947575104562,120.0
12715,1757.7502473410234,0.99994489479429,120.0
12716,1757.7516362195083,0.99975986096339,120.0
12717,1757.7530250979935,0.99990926661003,120.0
12718,1757.7544139762456,1.00061336923351,120.0
12719,1757.7558028547307,0.99988300987878,120.0
12720,1757.7571917332154,1.00064165349087,120.0
12721,1757.7585806116997,0.99966901432071,120.0
12722,1757.759969490184,0.99978551650219,120.0
12723,1757.7613583684363,0.9996518265406,120.0
12724,1757.7627472469214,0.99994307955071,120.0
12725,1757.764136125406,1.00063891716611,120.0
12726,1757.7655250038913,1.00018216580486,120.0
12727,1757.7669138823762,1.00056509582568,120.0
12728,1757.7683027606283,0.99933595829003,120.0
12729,1757.7696916391135,0.99951907953381,120.0
12730,1757.771080517598,0.99946004369698,120.0
12731,1757.7724693960831,0.99909079318437,120.0
12732,1757.7738582745685,0.99992998565206,120.0
12733,1757.7752471530532,0.99933741381765,120.0
12734,1757.7766360315384,1.00052103298603,120.0
12735,1757.778024910023,0.99991650547648,120.0
12736,1757.7794137885082,1.00011296871722,120.0
12737,1757.7808026667603,1.00074089985322,120.0
12738,1757.7821915452453,1.00047753507498,120.0
12739,1757.7835804237304,0.99994821682525,120.0
12740,1757.7849693022151,1.00018045232882,120.0
12741,1757.7863581807003,1.00068445241633,120.0
12742,1757.7877470591854,1.00098874926581,120.0
12743,1757.78913593767,1.00071252183439,120.0
12744,1757.7905248161553,1.00008378741506,120.0
12745,1757.7919136946402,0.99964826911058,120.0
12746,1757.7933025731252,1.00049212729813,120.0
12747,1757.7946914516103,1.00040684726543,120.0
12748,1757.7960803303279,1.00029602321658,120.0
12749,1757.797469208813,1.00017759204749,120.0
12750,1757.798858087298,1.00045475443794,120.0
12751,1757.800246965783,1.00063029974706,120.0
12752,1757.801635844268,1.00029720705078,120.0
12753,1757.8030247227528,0.99995876130279,120.0
12754,1757.804413601238,0.9996637748305,120.0
12755,1757.805802479723,0.99965555379957,120.0
12756,1757.8071913582075,1.00060919271174,120.0
12757,1757.8085802369255,0.99985489237385,120.0
12758,1757.8099691154105,1.0000174806898,120.0
12759,1757.8113579938947,1.00008657904753,120.0
12760,1757.8127468723794,1.00052704176118,120.0
12761,1757.814135750864,1.00066844538827,120.0
12762,1757.815524629582,1.00101745481305,120.0
12763,1757.8169135080668,1.00013353659544,120.0
12764,1757.8183023865527,0.99944605623371,120.0
12765,1757.8196912650385,1.00055729819038,120.0
12766,1757.821080143756,1.00094980564223,120.0
12767,1757.8224690222412,1.00029218281894,120.0
12768,1757.823857900726,0.99966604396949,120.0
12769,1757.825246779211,1.0006904914957,120.0
12770,1757.826635657929,0.9998503152566,120.0
12771,1757.8280245364135,1.00105898495952,120.0
12772,1757.829413414899,1.00032666740089,120.0
12773,1757.8308022936167,1.00113289242253,120.0
12774,1757.8321911721016,1.00110276622559,120.0
12775,1757.8335800508196,1.00085114226707,120.0
12776,1757.8349689293043,1.00062519954242,120.0
12777,1757.8363578077895,1.00042287449463,120.0
12778,1757.8377466865074,1.00040188627945,120.0
12779,1757.839135564992,1.00080528488264,120.0
12780,1757.84052444371,0.99969547652747,120.0
12781,1757.8419133221948,1.00069874606818,120.0
12782,1757.84330220068,1.00123139175366,120.0
12783,1757.844691079398,0.99961018311023,120.0
12784,1757.8460799578827,1.00056021598768,120.0
12785,1757.8474688366007,1.00071995922672,120.0
12786,1757.8488577150856,1.00101555745356,120.0
12787,1757.8502465938031,1.00119058403915,120.0
12788,1757.8516354722883,1.00034893567238,120.0
12789,1757.853024351006,0.99990013478223,120.0
12790,1757.8544132294912,1.0000653873348,120.0
12791,1757.8558021082088,1.00006027609277,120.0
12792,1757.857190986694,1.00006959779302,120.0
12793,1757.858579865412,1.00079414531693,120.0
12794,1757.8599687441294,1.00117263548296,120.0
12795,1757.8613576226146,1.00082285269447,120.0
12796,1757.8627465013324,0.99921699902071,120.0
12797,1757.8641353798173,1.00112797746941,120.0
12798,1757.8655242585344,1.00096679159589,120.0
12799,1757.8669131372515,0.99998870976455,120.0
12800,1757.8683020157366,1.00040381554277,120.0
12801,1757.8696908944544,1.00020038164531,120.0
12802,1757.871079773172,0.99965934611616,120.0
12803,1757.8724686516573,1.00029815118519,120.0
12804,1757.8738575303748,1.00079887168803,120.0
12805,1757.8752464090928,1.00069115248372,120.0
12806,1757.8780241662955,1.00022378325747,120.0
12807,1757.8794130450135,1.00035715965785,120.0
12808,1757.880801923731,1.00048958843005,120.0
12809,1757.8821908022162,1.00056901534199,120.0
12810,1757.883579680934,1.00099732209464,120.0
12811,1757.8849685596515,1.00077162668084,120.0
12812,1757.8863574383695,1.00017697552595,120.0
12813,1757.8877463170875,1.00048618310617,120.0
12814,1757.8891351955724,1.00105535062761,120.0
12815,1757.8905240742904,1.00015407554006,120.0
12816,1757.891912953008,1.00075954060706,120.0
12817,1757.893301831726,1.00089456855382,120.0
12818,1757.8946907104437,1.00102862788593,120.0
12819,1757.8960795891614,1.00109136102879,120.0
12820,1757.8974684676466,1.0003898677811,120.0
12821,1757.898857346364,1.00015829569373,120.0
12822,1757.900246225082,1.00077735252803,120.0
12823,1757.9016351038,1.00178875604483,120.0
12824,1757.9030239825177,1.00029961462476,120.0
12825,1757.9044128612356,1.00010283036831,120.0
12826,1757.9058017399532,1.00082638428519,120.0
12827,1757.9071906186712,1.00038172651458,120.0
12828,1757.9085794973892,1.00088312233477,120.0
12829,1757.9099683761076,1.00106338179225,120.0
12830,1757.911357254826,1.00087208727427,120.0
12831,1757.9127461335438,1.00008050991297,120.0
12832,1757.9141350122616,1.00086394602203,120.0
12833,1757.9155238909796,1.00092155930915,120.0
12834,1757.916912769697,1.00064180254502,120.0
12835,1757.918301648415,1.00048230537554,120.0
12836,1757.919690527132,1.00039054629902,120.0
12837,1757.9210794058492,1.00136970979372,120.0
12838,1757.9224682845672,1.00080474288131,120.0
12839,1757.9238571632848,1.0003541557441,120.0
12840,1757.9252460420028,1.00099419370709,120.0
12841,1757.9266349209531,1.00114142731263,120.0
12842,1757.928023799671,1.000646124059,120.0
12843,1757.929412678389,1.0010483446057,120.0
12844,1757.9308015571066,1.00109291278265,120.0
12845,1757.9321904358246,1.00041588834571,120.0
12846,1757.9335793145426,1.00021605862887,120.0
12847,1757.9349681934928,1.00052264797699,120.0
12848,1757.9363570722107,1.00062117877606,120.0
12849,1757.9377459509285,1.00095681234815,120.0
12850,1757.9391348296465,1.00031995754574,120.0
12851,1757.9405237083645,1.00075890613042,120.0
12852,1757.9419125873148,1.00138791592566,120.0
12853,1757.9433014660328,1.00179065345586,120.0
12854,1757.9446903447504,1.00078165018099,120.0
12855,1757.9460792234684,1.00150530008642,120.0
12856,1757.9474681024192,1.00091019033616,120.0
12857,1757.9488569811367,1.00055208668042,120.0
12858,1757.9502458598547,1.0017772527016,120.0
12859,1757.9516347388053,1.00015942135044,120.0
12860,1757.953023617523,1.00083909950647,120.0
12861,1757.954412496241,1.00140085590462,120.0
12862,1757.9558013751914,1.00077718750614,120.0
12863,1757.9571902539094,1.001230962385,120.0
12864,1757.9585791326272,1.00160826014896,120.0
12865,1757.9599680115775,1.00085240159215,120.0
12866,1757.9613568902955,1.00128226817398,120.0
12867,1757.962745769246,1.00108202461722,120.0
12868,1757.964134647964,1.00060554339138,120.0
12869,1757.965523526682,1.00075257361444,120.0
12870,1757.9669124056325,1.00016249171114,120.0
12871,1757.9683012843504,1.0008478446663,120.0
12872,1757.9696901633008,1.00117547264124,120.0
12873,1757.9710790420188,1.00136088126304,120.0
12874,1757.9724679209696,1.00142935372629,120.0
12875,1757.9738567996872,1.00104515221456,120.0
12876,1757.975245678637,1.00096172945776,120.0
12877,1757.976634557354,1.00180798709398,120.0
12878,1757.9780234363047,1.00168263641186,120.0
12879,1757.9794123150227,1.00138280126804,120.0
12880,1757.980801193973,1.00118871972354,120.0
12881,1757.9821900726913,1.00136829967361,120.0
12882,1757.9835789516417,1.00204429794384,120.0
12883,1757.9849678305925,1.00096439239528,120.0
12884,1757.9863567093105,1.00129472072434,120.0
12885,1757.9877455882609,1.00119123476901,120.0
12886,1757.9891344669788,1.00082099566616,120.0
12887,1757.9905233459294,1.00146167010138,120.0
12888,1757.99191222488,1.00090183457173,120.0
12889,1757.993301103598,1.00149661915696,120.0
12890,1757.9946899825484,1.0014698894235,120.0
12891,1757.9960788614992,1.00110681476509,120.0
12892,1757.9974677402167,1.00121642616584,120.0
12893,1757.9988566191676,1.00128322478482,120.0
12894,1758.0002454981184,1.00071613943306,120.0
12895,1758.0016343770696,1.00047361301629,120.0
12896,1758.003023255788,1.00139694080286,120.0
12897,1758.004412134739,1.00087952157099,120.0
12898,1758.0058010136893,1.00220746178143,120.0
12899,1758.00718989264,1.00082267749747,120.0
12900,1758.0085787713576,1.00145675338646,120.0
12901,1758.0099676503085,1.00094166521083,120.0
12902,1758.0113565292593,1.00162422480707,120.0
12903,1758.0127454082096,1.00091989338477,120.0
12904,1758.0141342871605,1.00154774582537,120.0
12905,1758.0155231658782,1.00061572264417,120.0
12906,1758.0169120448288,1.001344728104,120.0
12907,1758.0183009237796,1.00183640838044,120.0
12908,1758.01968980273,1.00101276476873,120.0
12909,1758.0210786816808,1.00125764552106,120.0
12910,1758.0224675606314,1.0019897722803,120.0
12911,1758.023856439582,1.00085733481941,120.0
12912,1758.0252453183,1.00143668051509,120.0
12913,1758.0266341972504,1.00103787698634,120.0
12914,1758.0280230762012,1.00146835126748,120.0
12915,1758.029411955152,1.00167310823218,120.0
12916,1758.030800834102,1.00201418816229,120.0
12917,1758.0321897130518,1.00120380698872,120.0
12918,1758.033578592002,1.00137473821286,120.0
12919,1758.034967470953,1.00082339354214,120.0
12920,1758.0363563499038,1.00056588150404,120.0
12921,1758.037745228854,1.00146461752422,120.0
12922,1758.039134107805,1.00132430863402,120.0
12923,1758.0405229867551,1.00097617453733,120.0
12924,1758.0419118657062,1.0012031133417,120.0
12925,1758.043300744657,1.0015765843632,120.0
12926,1758.0446896236072,1.00163234849383,120.0
12927,1758.0460785025582,1.00230039246367,120.0
12928,1758.0474673817416,1.00150718892094,120.0
12929,1758.0488562606922,1.00056094227248,120.0
12930,1758.050245139643,1.001639160815,120.0
12931,1758.0516340185934,1.00203528236634,120.0
12932,1758.0530228975442,1.00126911067215,120.0
12933,1758.0544117764948,1.00192434720597,120.0
12934,1758.0558006554454,1.00117881930341,120.0
12935,1758.0571895343962,1.00189248288928,120.0
12936,1758.0585784135794,1.00165820391612,120.0
12937,1758.0599672925302,1.00212753031107,120.0
12938,1758.0613561714808,1.00112275262246,120.0
12939,1758.0627450504314,1.00206597836067,120.0
12940,1758.0641339293823,1.00079016248433,120.0
12941,1758.0655228085654,1.00184627361445,120.0
12942,1758.0669116875163,1.00130430977494,120.0
12943,1758.0696894454175,1.00137039156561,120.0
12944,1758.071078324601,1.00137813566416,120.0
12945,1758.0724672035515,1.00175284175874,120.0
12946,1758.0738560825023,1.00165678154815,120.0
12947,1758.075244961686,1.00137396686334,120.0
12948,1758.0766338406363,1.00199395903367,120.0
12949,1758.0780227195871,1.00181858459637,120.0
12950,1758.0794115987703,1.00163317593405,120.0
12951,1758.0808004777211,1.00110284270675,120.0
12952,1758.082189356672,1.00199987652405,120.0
12953,1758.0835782358552,1.00230648235467,120.0
12954,1758.084967114806,1.00159968111277,120.0
12955,1758.0863559939894,1.00200335642121,120.0
12956,1758.0877448729395,1.00235198195138,120.0
12957,1758.0891337518894,1.00201161006922,120.0
12958,1758.0905226310726,1.00126808940892,120.0
12959,1758.091911510024,1.0013347836967,120.0
12960,1758.0933003892083,1.00211556165201,120.0
12961,1758.0946892681588,1.00247300643058,120.0
12962,1758.0960781473425,1.00070980005676,120.0
12963,1758.0974670262929,1.0025486706035,120.0
12964,1758.0988559054765,1.00119446508155,120.0
12965,1758.100244784427,1.00063606067316,120.0
12966,1758.1016336636103,1.00143170104696,120.0
12967,1758.1030225425611,1.00180376417025,120.0
12968,1758.1044114217443,1.00157803675549,120.0
12969,1758.1058003006951,1.00112013427447,120.0
12970,1758.107189179879,1.00204064360663,120.0
12971,1758.1085780588292,1.0022445672348,120.0
12972,1758.109966938013,1.00230429291429,120.0
12973,1758.1113558171965,1.00185618862649,120.0
12974,1758.112744696147,1.00100351329704,120.0
12975,1758.1141335753307,1.00176116184542,120.0
12976,1758.115522454514,1.00172331722206,120.0
12977,1758.1169113334647,1.00245058926557,120.0
12978,1758.118300212648,1.00218271321381,120.0
12979,1758.1196890915987,1.00144021410741,120.0
12980,1758.1210779707824,1.00163558224312,120.0
12981,1758.1224668499656,1.00208079955029,120.0
12982,1758.1238557291492,1.00096467498225,120.0
12983,1758.1252446080998,1.00117812619693,120.0
12984,1758.1266334872832,1.00195205238082,120.0
12985,1758.128022366467,1.00164255417248,120.0
12986,1758.1294112454173,1.00163998895549,120.0
12987,1758.130800124601,1.00107383789048,120.0
12988,1758.1321890037843,1.00174837244981,120.0
12989,1758.1335778829675,1.00178729877516,120.0
12990,1758.1349667621514,1.00166391077585,120.0
12991,1758.1363556411015,1.00170217563555,120.0
12992,1758.1377445202854,1.0014056915806,120.0
12993,1758.139133399469,1.00115310987895,120.0
12994,1758.1405222786523,1.00297712119417,120.0
12995,1758.141911157836,1.00163857161709,120.0
12996,1758.1433000370191,1.00230626692662,120.0
12997,1758.14468891597,1.00191202685607,120.0
12998,1758.1460777951527,1.00189952236004,120.0
12999,1758.148855553519,1.0015398036318,120.0
13000,1758.1502444327025,1.00215228551873,120.0
13001,1758.151633311886,1.00238840541924,120.0
13002,1758.1530221910696,1.00161113423637,120.0
13003,1758.1544110702528,1.00233586812803,120.0
13004,1758.1557999494364,1.00233656476909,120.0
13005,1758.1571888286198,1.00145702621575,120.0
13006,1758.1585777078033,1.00224435016661,120.0
13007,1758.159966586987,1.00180230670446,120.0
13008,1758.16135546617,1.00274490477006,120.0
13009,1758.1627443453535,1.00272966513813,120.0
13010,1758.1641332245374,1.00191957666059,120.0
13011,1758.1655221037206,1.00238344235245,120.0
13012,1758.1669109829043,1.00181901404562,120.0
13013,1758.1682998620875,1.00219728075412,120.0
13014,1758.169688741271,1.00174166505342,120.0
13015,1758.1710776204548,1.00198211552664,120.0
13016,1758.172466499638,1.00274620838094,120.0
13017,1758.1738553788216,1.00230908283498,120.0
13018,1758.1752442580048,1.00169768884388,120.0
13019,1758.1766331371884,1.00260326836758,120.0
13020,1758.1780220166047,1.00230771886933,120.0
13021,1758.179410895788,1.00223777424232,120.0
13022,1758.1807997749715,1.00169671025091,120.0
13023,1758.1821886541552,1.00192362207046,120.0
13024,1758.1835775333386,1.00240630634887,120.0
13025,1758.1849664125227,1.00243410692886,120.0
13026,1758.1863552919397,1.00248453353596,120.0
13027,1758.1877441711233,1.00234491600564,120.0
13028,1758.1891330503067,1.00260527359406,120.0
13029,1758.19052192949,1.00149664385603,120.0
13030,1758.1919108086738,1.00185835433125,120.0
13031,1758.1932996880898,1.00173120290991,120.0
13032,1758.1946885672735,1.00264565708976,120.0
13033,1758.1960774464571,1.00216032238201,120.0
13034,1758.1974663258732,1.00242401379222,120.0
13035,1758.1988552050568,1.00216120731984,120.0
13036,1758.20024408424,1.00222501691583,120.0
13037,1758.2016329636565,1.00138696627399,120.0
13038,1758.20302184284,1.00228878503443,120.0
13039,1758.2044107220229,1.00263959534358,120.0
13040,1758.2057996014385,1.00172504278017,120.0
13041,1758.2071884806217,1.00271129355165,120.0
13042,1758.2085773598053,1.00198322023693,120.0
13043,1758.2099662392216,1.00295040626204,120.0
13044,1758.2113551184048,1.00239124631587,120.0
13045,1758.2127439975886,1.00281480167306,120.0
13046,1758.2141328770049,1.00176039142696,120.0
13047,1758.2155217561883,1.00264941688562,120.0
13048,1758.2169106356048,1.00239081969426,120.0
13049,1758.218299514788,1.00372071196049,120.0
13050,1758.2196883942045,1.00195812112405,120.0
13051,1758.221077273388,1.00214356186297,120.0
13052,1758.222466152804,1.00212746061126,120.0
13053,1758.2238550319878,1.00244552008781,120.0
13054,1758.2252439114038,1.00198739816291,120.0
13055,1758.2266327905875,1.00301819371493,120.0
13056,1758.228021670004,1.00250449646187,120.0
13057,1758.2294105491872,1.00275232969397,120.0
13058,1758.2321883077868,1.00240550377721,120.0
13059,1758.2335771872033,1.00255464143115,120.0
13060,1758.2349660666196,1.00229802524655,120.0
13061,1758.2363549458028,1.002835088287,120.0
13062,1758.2377438252195,1.00251972078889,120.0
13063,1758.2391327044027,1.00277206827014,120.0
13064,1758.2405215838191,1.00204896223283,120.0
13065,1758.2419104632356,1.00303856623855,120.0
13066,1758.2432993424188,1.00247378524037,120.0
13067,1758.2446882218353,1.00177120581941,120.0
13068,1758.2460771012516,1.00303005864528,120.0
13069,1758.2474659804348,1.00297819766081,120.0
13070,1758.2488548598515,1.00228407332986,120.0
13071,1758.2502437392675,1.00394673682465,120.0
13072,1758.2516326184511,1.00186809089633,120.0
13073,1758.2530214978672,1.00302114380437,120.0
13074,1758.2544103772836,1.00386668121547,120.0
13075,1758.2557992567,1.00294788229354,120.0
13076,1758.257188135883,1.00280216456342,120.0
13077,1758.2585770152998,1.00193387498841,120.0
13078,1758.2599658947163,1.00301815570344,120.0
13079,1758.2613547741323,1.00246220287321,120.0
13080,1758.262743653548,1.00303890913371,120.0
13081,1758.2641325327306,1.00273488799598,120.0
13082,1758.265521412147,1.00332004702137,120.0
13083,1758.2669102915636,1.00274927707052,120.0
13084,1758.2682991709796,1.00213865887837,120.0
13085,1758.269688050396,1.00225343131257,120.0
13086,1758.271076929812,1.00321214936466,120.0
13087,1758.2724658092286,1.00248125995078,120.0
13088,1758.273854688645,1.00296867628615,120.0
13089,1758.2752435678292,1.00218245287526,120.0
13090,1758.276632447246,1.00322431035537,120.0
13091,1758.2780213266624,1.00261099660535,120.0
13092,1758.2794102060786,1.00273902596244,120.0
13093,1758.2807990854951,1.00276538564984,120.0
13094,1758.2821879649111,1.00331256785127,120.0
13095,1758.2835768443276,1.00161363625348,120.0
13096,1758.2849657237439,1.00378332350774,120.0
13097,1758.28635460316,1.00286264396744,120.0
13098,1758.2877434825766,1.00272836040751,120.0
13099,1758.2891323619926,1.00300765027129,120.0
13100,1758.2905212414091,1.00285550377902,120.0
13101,1758.2919101208256,1.00277250168072,120.0
13102,1758.2932990002416,1.00295497676974,120.0
13103,1758.294687879658,1.00244284858606,120.0
13104,1758.296076759074,1.00288693704944,120.0
13105,1758.2974656387235,1.00263786436848,120.0
13106,1758.29885451814,1.00346137559164,120.0
13107,1758.300243397556,1.0028829082074,120.0
13108,1758.3016322769724,1.00347431468348,120.0
13109,1758.3030211563887,1.00278742025877,120.0
13110,1758.3044100358047,1.00236913582317,120.0
13111,1758.3057989152214,1.00197707950885,120.0
13112,1758.3071877946375,1.00266008086582,120.0
13113,1758.3085766742868,1.00228234796319,120.0
13114,1758.309965553703,1.00205763244557,120.0
13115,1758.3113544331193,1.00197753625839,120.0
13116,1758.3127433125355,1.00275629816642,120.0
13117,1758.3141321919516,1.0031042365578,120.0
13118,1758.315521071601,1.0033563778266,120.0
13119,1758.3169099510171,1.00269504588468,120.0
13120,1758.3182988304336,1.00229300779116,120.0
13121,1758.31968770985,1.00216404339333,120.0
13122,1758.3210765894987,1.00313928174315,120.0
13123,1758.3224654689143,1.00288764025124,120.0
13124,1758.3238543483303,1.00234888028217,120.0
13125,1758.3252432279794,1.00283588573878,120.0
13126,1758.3266321073959,1.00297178727364,120.0
13127,1758.328020986812,1.00241642855435,120.0
13128,1758.3294098664612,1.0026690022135,120.0
13129,1758.3307987458777,1.00231069985194,120.0
13130,1758.3321876252935,1.00332067257591,120.0
13131,1758.333576504943,1.00352974395718,120.0
13132,1758.334965384359,1.00195609948878,120.0
13133,1758.3363542637755,1.00365300038081,120.0
13134,1758.3377431434249,1.00199656695915,120.0
13135,1758.3391320228409,1.00321472779523,120.0
13136,1758.3405209024902,1.00247340835322,120.0
13137,1758.3419097819065,1.00290571991039,120.0
13138,1758.3432986615555,1.00280239183106,120.0
13139,1758.344687540972,1.00279206629206,120.0
13140,1758.3460764206209,1.00186289595158,120.0
13141,1758.3474653000371,1.00278944707849,120.0
13142,1758.3488541794536,1.00371357922051,120.0
13143,1758.3502430591027,1.00251773086488,120.0
13144,1758.351631938752,1.00328926419189,120.0
13145,1758.353020818168,1.00263782503893,120.0
13146,1758.3544096978171,1.00266115491355,120.0
13147,1758.3557985772338,1.00383584253569,120.0
13148,1758.3571874568827,1.00282248326814,120.0
13149,1758.3585763362992,1.00285781326218,120.0
13150,1758.359965215948,1.00246234703005,120.0
13151,1758.3613540953645,1.00288047049217,120.0
13152,1758.3627429750138,1.00320716898004,120.0
13153,1758.3641318546627,1.00405646745185,120.0
13154,1758.3655207340792,1.00316086374087,120.0
13155,1758.3669096137287,1.00319989570589,120.0
13156,1758.3682984933787,1.00291544962768,120.0
13157,1758.3696873727952,1.00341163168282,120.0
13158,1758.371076252444,1.00378731690732,120.0
13159,1758.372465132093,1.00383966315052,120.0
13160,1758.3738540115096,1.00278988712983,120.0
13161,1758.3752428911587,1.00321717765299,120.0
13162,1758.376631770808,1.00287834432879,120.0
13163,1758.378020650224,1.00293651787402,120.0
13164,1758.379409529873,1.0031942182909,120.0
13165,1758.3807984095224,1.00303983239735,120.0
13166,1758.3821872891715,1.00346829549695,120.0
13167,1758.383576168587,1.00352023575891,120.0
13168,1758.3849650482355,1.00337573391989,120.0
13169,1758.3863539278848,1.0032107104879,120.0
13170,1758.387742807534,1.00236608710588,120.0
13171,1758.3891316871827,1.00305093781195,120.0
13172,1758.3905205665994,1.00291038582518,120.0
13173,1758.3919094462483,1.00353691452925,120.0
13174,1758.3932983258976,1.00348131963527,120.0
13175,1758.3946872055467,1.00317602609192,120.0
13176,1758.3960760851955,1.00344459501432,120.0
13177,1758.397464964845,1.00318055391743,120.0
13178,1758.398853844494,1.00319952093151,120.0
13179,1758.4002427241433,1.00320029364006,120.0
13180,1758.4030204832084,1.00359056727899,120.0
13181,1758.404409362858,1.00292547710515,120.0
13182,1758.4057982425068,1.00298201593351,120.0
13183,1758.407187122156,1.00408201968196,120.0
13184,1758.4085760018052,1.00299177403792,120.0
13185,1758.4099648814542,1.00417329282334,120.0
13186,1758.4113537611036,1.00358592790046,120.0
13187,1758.4141315204015,1.00228882874777,120.0
13188,1758.415520400051,1.00349237722314,120.0
13189,1758.4169092797,1.00361660198836,120.0
13190,1758.4182981593492,1.0034329595913,120.0
13191,1758.4196870389983,1.00324569814212,120.0
13192,1758.4210759186471,1.00413032657863,120.0
13193,1758.4224647985295,1.00427668821983,120.0
13194,1758.4238536781784,1.00332989444052,120.0
13195,1758.4252425578277,1.00400576655438,120.0
13196,1758.426631437477,1.00379224892764,120.0
13197,1758.4280203171259,1.00306043663747,120.0
13198,1758.4294091967752,1.0033275979748,120.0
13199,1758.430798076424,1.00326475451649,120.0
13200,1758.432186956073,1.00329592108858,120.0
13201,1758.4335758359555,1.00451561186781,120.0
13202,1758.4349647156043,1.00279856913422,120.0
13203,1758.4363535952536,1.00408696737041,120.0
13204,1758.4377424749027,1.00383514207753,120.0
13205,1758.4391313545518,1.00392703556162,120.0
13206,1758.440520234434,1.00389143168953,120.0
13207,1758.4419091140828,1.00392245579595,120.0
13208,1758.443297993732,1.00384005192305,120.0
13209,1758.4446868733812,1.00372079258619,120.0
13210,1758.4460757532627,1.00283560013453,120.0
13211,1758.447464632911,1.00376594645423,120.0
13212,1758.44885351256,1.00431788216978,120.0
13213,1758.4502423922092,1.003628308809,120.0
13214,1758.4516312720912,1.00380459004898,120.0
13215,1758.4530201517402,1.00419266239455,120.0
13216,1758.4544090313896,1.00432552182828,120.0
13217,1758.4557979112712,1.00493421583846,120.0
13218,1758.4571867909203,1.00388316911494,120.0
13219,1758.4585756708032,1.00312347990026,120.0
13220,1758.4599645504527,1.00452886371893,120.0
13221,1758.4613534301022,1.00380852332295,120.0
13222,1758.462742309984,1.00329318148889,120.0
13223,1758.4641311896332,1.00382351574534,120.0
13224,1758.4655200695152,1.0046478584412,120.0
13225,1758.4669089491642,1.00324904250104,120.0
13226,1758.4682978288135,1.00347094827622,120.0
13227,1758.4696867086955,1.00413777846221,120.0
13228,1758.4710755883443,1.00361528283009,120.0
13229,1758.4724644682267,1.00453365712469,120.0
13230,1758.4738533478755,1.00352540462565,120.0
13231,1758.4752422277577,1.00474635122414,120.0
13232,1758.4766311074068,1.00424360970571,120.0
13233,1758.4780199872887,1.00315195376307,120.0
13234,1758.479408866938,1.00381755386952,120.0
13235,1758.4807977468197,1.00403420523453,120.0
13236,1758.482186626469,1.00365629119256,120.0
13237,1758.4835755063511,1.00421155070921,120.0
13238,1758.4849643862328,1.00454353814221,120.0
13239,1758.486353265882,1.00453101652789,120.0
13240,1758.4877421457638,1.00398370580501,120.0
13241,1758.4891310254131,1.00366388065217,120.0
13242,1758.4905199052953,1.00517230477769,120.0
13243,1758.4919087851767,1.00460749329663,120.0
13244,1758.4932976648263,1.0031121254848,120.0
13245,1758.4946865447082,1.0048207801484,120.0
13246,1758.49607542459,1.0037224163361,120.0
13247,1758.4974643042394,1.00371533255283,120.0
13248,1758.4988531841211,1.0042278943565,120.0
13249,1758.5002420640033,1.00355067714737,120.0
13250,1758.5016309436523,1.00409663823029,120.0
13251,1758.5030198235343,1.00414762802633,120.0
13252,1758.5044087034164,1.00426248204638,120.0
13253,1758.505797583298,1.00380352334772,120.0
13254,1758.5071864629474,1.00462559464443,120.0
13255,1758.5085753428286,1.00409858825901,120.0
13256,1758.5099642227099,1.00467572953921,120.0
13257,1758.511353102592,1.0045248889137,120.0
13258,1758.5127419822409,1.00374024867448,120.0
13259,1758.514130862123,1.00422617501685,120.0
13260,1758.5155197420047,1.00410521488363,120.0
13261,1758.5169086218868,1.00441957756765,120.0
13262,1758.5182975017688,1.00513348559456,120.0
13263,1758.5196863816507,1.00488437042948,120.0
13264,1758.5210752613,1.00379835220321,120.0
13265,1758.522464141182,1.00430672791268,120.0
13266,1758.5238530210638,1.00430919274893,120.0
13267,1758.525241900946,1.00507779545382,120.0
13268,1758.5266307808276,1.00407625740277,120.0
13269,1758.5280196607096,1.00527773836567,120.0
13270,1758.529408540592,1.00498171094519,120.0
13271,1758.5307974204736,1.00431692034981,120.0
13272,1758.5321863003555,1.005002356251,120.0
13273,1758.5335751802377,1.00460142892979,120.0
13274,1758.5349640601196,1.00518310036322,120.0
13275,1758.5363529400015,1.00520562549615,120.0
13276,1758.5377418198834,1.00441136708801,120.0
13277,1758.5391306997656,1.00469255983713,120.0
13278,1758.5405195796475,1.0039701762582,120.0
13279,1758.5419084595294,1.00480993535678,120.0
13280,1758.5432973394115,1.00417401895012,120.0
13281,1758.5446862192932,1.00468324606149,120.0
13282,1758.5460750991751,1.00459471828754,120.0
13283,1758.5474639790573,1.00414584820109,120.0
13284,1758.5488528589392,1.00407896347627,120.0
13285,1758.5502417388218,1.00478314955374,120.0
13286,1758.5516306187044,1.00443096026087,120.0
13287,1758.5530194985863,1.00510975009379,120.0
13288,1758.5544083784687,1.00510648042543,120.0
13289,1758.5557972585832,1.00363168562123,120.0
13290,1758.557186138465,1.00428824082935,120.0
13291,1758.5585750183473,1.00563201842345,120.0
13292,1758.5599638982292,1.00439672741563,120.0
13293,1758.5613527781113,1.00418026612918,120.0
13294,1758.562741657993,1.00402033870024,120.0
13295,1758.564130538108,1.0039675381928,120.0
13296,1758.56551941799,1.00446551911936,120.0
13297,1758.5669082978718,1.00527677409369,120.0
13298,1758.568297177754,1.00507018183367,120.0
13299,1758.5696860578685,1.00468931155469,120.0
13300,1758.5710749377506,1.00388813933995,120.0
13301,1758.5724638176318,1.00437221307531,120.0
13302,1758.573852697513,1.00464291389564,120.0
13303,1758.575241577628,1.00534273504902,120.0
13304,1758.5766304575095,1.00485326890667,120.0
13305,1758.5780193373919,1.00477796280283,120.0
13306,1758.5794082175066,1.00476031285807,120.0
13307,1758.5807970973883,1.00467225377389,120.0
13308,1758.5821859772707,1.00479059286131,120.0
13309,1758.5835748573852,1.00409812576572,120.0
13310,1758.5849637372671,1.00513785044169,120.0
13311,1758.5863526171495,1.00383729751682,120.0
13312,1758.587741497264,1.00511972440955,120.0
13313,1758.589130377146,1.00490907412367,120.0
13314,1758.5905192572607,1.00509516943568,120.0
13315,1758.5919081371428,1.00433920203431,120.0
13316,1758.5932970170247,1.00386794690608,120.0
13317,1758.5946858971395,1.00447110461265,120.0
13318,1758.5960747770216,1.00552387511751,120.0
13319,1758.5974636571364,1.00472577674086,120.0
13320,1758.5988525370183,1.0052962882985,120.0
13321,1758.6002414171332,1.00504815009976,120.0
13322,1758.6016302970147,1.00495280003671,120.0
13323,1758.60301917713,1.00471856768867,120.0
13324,1758.6044080570118,1.00474801398327,120.0
13325,1758.6057969371263,1.00507401072631,120.0
13326,1758.6071858170087,1.00518675630024,120.0
13327,1758.6085746971232,1.00496452916742,120.0
13328,1758.6099635770051,1.00417607891492,120.0
13329,1758.6113524571203,1.00491573245405,120.0
13330,1758.6127413372349,1.00459271212682,120.0
13331,1758.614130217117,1.00499035573026,120.0
13332,1758.6155190972315,1.00450335461037,120.0
13333,1758.6169079771137,1.00372582741931,120.0
13334,1758.6182968572286,1.00449619937271,120.0
13335,1758.6196857373432,1.00440433176919,120.0
13336,1758.6210746172253,1.00482804465433,120.0
13337,1758.6224634973398,1.00499927856044,120.0
13338,1758.6238523774548,1.00440868214964,120.0
13339,1758.6252412573367,1.00451167812917,120.0
13340,1758.6266301374515,1.00442276719067,120.0
13341,1758.6280190175664,1.00475804764676,120.0
13342,1758.6294078976812,1.00592014386886,120.0
13343,1758.630796777563,1.00490116086103,120.0
13344,1758.632185657678,1.00445994508218,120.0
13345,1758.6335745377924,1.00531884438754,120.0
13346,1758.6349634179076,1.0049191467982,120.0
13347,1758.6363522977895,1.00575449850072,120.0
13348,1758.6377411779035,1.00524009622006,120.0
13349,1758.6391300580178,1.00492400195283,120.0
13350,1758.6405189381323,1.00491234191883,120.0
13351,1758.641907818248,1.00450956288084,120.0
13352,1758.6432966981308,1.00503663979311,120.0
13353,1758.6446855782451,1.00495681770855,120.0
13354,1758.6460744583603,1.00550710826477,120.0
13355,1758.6474633384748,1.00465759210538,120.0
13356,1758.6488522185898,1.00465993712682,120.0
13357,1758.6502410987048,1.00500203775665,120.0
13358,1758.6516299788193,1.00496206180737,120.0
13359,1758.6530188587014,1.0052272750699,120.0
13360,1758.654407738816,1.00501943278444,120.0
13361,1758.6557966189307,1.0045100018267,120.0
13362,1758.657185499046,1.00524994590128,120.0
13363,1758.6585743791604,1.00531992517095,120.0
13364,1758.6599632592754,1.00502598640649,120.0
13365,1758.66135213939,1.0052751693911,120.0
13366,1758.662741019505,1.00528653910821,120.0
13367,1758.6641298996199,1.00521160916913,120.0
13368,1758.6655187797344,1.00495804033302,120.0
13369,1758.6669076598491,1.005046579072,120.0
13370,1758.668296539964,1.0050640689604,120.0
13371,1758.6696854200788,1.0045835947411,120.0
13372,1758.6710743001938,1.00503186382809,120.0
13373,1758.6724631803083,1.00481811732072,120.0
13374,1758.673852060423,1.00459898942619,120.0
13375,1758.6752409405383,1.00502296825295,120.0
13376,1758.6766298208856,1.00587821096058,120.0
13377,1758.6780187010006,1.00495987014734,120.0
13378,1758.6794075811151,1.00563325561452,120.0
13379,1758.68079646123,1.00530293350421,120.0
13380,1758.682185341345,1.00471235066966,120.0
13381,1758.6835742214596,1.00384631459583,120.0
13382,1758.6849631015743,1.00481567071002,120.0
13383,1758.686351981689,1.00494437900322,120.0
13384,1758.687740862037,1.00627774814198,120.0
13385,1758.6891297421519,1.00543027996507,120.0
13386,1758.6905186222664,1.00487909398134,120.0
13387,1758.6919075023811,1.00502952459709,120.0
13388,1758.693296382496,1.00476925893788,120.0
13389,1758.6946852628437,1.00538156869761,120.0
13390,1758.6960741429587,1.00527556023338,120.0
13391,1758.6974630230732,1.00611355329115,120.0
13392,1758.698851903188,1.00560395056205,120.0
13393,1758.7002407835355,1.00536288264632,120.0
13394,1758.7016296636505,1.00582193618186,120.0
13395,1758.7030185437643,1.0059570165964,120.0
13396,1758.7044074241114,1.0049614807462,120.0
13397,1758.7057963042264,1.00505294288382,120.0
13398,1758.7071851843411,1.00474854466075,120.0
13399,1758.7085740646887,1.00507663458216,120.0
13400,1758.7099629448037,1.00436755456566,120.0
13401,1758.7113518249182,1.00572031957065,120.0
13402,1758.712740705266,1.00503838792071,120.0
13403,1758.7141295853808,1.00574005064707,120.0
13404,1758.7155184657283,1.00549729464466,120.0
13405,1758.7169073458433,1.00587417532845,120.0
13406,1758.7182962259578,1.00492957495461,120.0
13407,1758.7196851063056,1.00571824646667,120.0
13408,1758.7210739864206,1.00511150156492,120.0
13409,1758.722462866768,1.00513099773637,120.0
13410,1758.7238517468827,1.00505557131074,120.0
13411,1758.7252406272305,1.00561426846474,120.0
13412,1758.7266295073453,1.00502592736639,120.0
13413,1758.728018387693,1.0054804933464,120.0
13414,1758.7294072678076,1.00499000980383,120.0
13415,1758.7307961481552,1.00482966865849,120.0
13416,1758.73218502827,1.005128939351,120.0
13417,1758.7335739086186,1.00490836094805,120.0
13418,1758.734962788734,1.0048002346576,120.0
13419,1758.7363516690812,1.00555023635488,120.0
13420,1758.7377405491964,1.00592144043653,120.0
13421,1758.739129429544,1.00535938015759,120.0
13422,1758.7405183098915,1.00537380888161,120.0
13423,1758.7419071900065,1.00502558610317,120.0
13424,1758.7432960703538,1.00515767272009,120.0
13425,1758.7446849504688,1.00565896834693,120.0
13426,1758.7460738308166,1.00537163172995,120.0
13427,1758.747462711164,1.00507229829108,120.0
13428,1758.7488515912787,1.00487056096256,120.0
13429,1758.7502404716265,1.00596193120457,120.0
13430,1758.751629351974,1.00492738262651,120.0
13431,1758.753018232089,1.00522768408242,120.0
13432,1758.7544071124364,1.00509895313095,120.0
13433,1758.7557959927842,1.00483778696228,120.0
13434,1758.7571848731316,1.00560427543021,120.0
13435,1758.7585737532463,1.0051288298407,120.0
13436,1758.7599626335943,1.00514375889324,120.0
13437,1758.7613515139417,1.00555720110415,120.0
13438,1758.7627403942895,1.00429348181204,120.0
13439,1758.7641292744042,1.00617547583733,120.0
13440,1758.7655181547518,1.00558904346914,120.0
13441,1758.7669070350996,1.00454126518676,120.0
13442,1758.7682959154467,1.0057494145928,120.0
13443,1758.7696847957948,1.00474107487274,120.0
13444,1758.7710736759088,1.00572956336377,120.0
13445,1758.7724625562555,1.0059501622855,120.0
13446,1758.7738514366035,1.00593154667563,120.0
13447,1758.7752403169509,1.00551277536453,120.0
13448,1758.7766291972987,1.00612159494894,120.0
13449,1758.7780180776465,1.00507677029251,120.0
13450,1758.7794069579938,1.00591060020191,120.0
13451,1758.7807958383416,1.00513839822472,120.0
13452,1758.782184718456,1.00507977354884,120.0
13453,1758.783573598804,1.00501693376202,120.0
13454,1758.7849624791515,1.00521184923607,120.0
13455,1758.7863513594991,1.00549449398332,120.0
13456,1758.7877402398467,1.00556123098593,120.0
13457,1758.7891291201945,1.00580420588819,120.0
13458,1758.790518000542,1.00575394063185,120.0
13459,1758.7919068808899,1.00592542924418,120.0
13460,1758.7932957612372,1.0057234532791,120.0
13461,1758.794684641585,1.00560858880688,120.0
13462,1758.7960735219326,1.00555276045961,120.0
13463,1758.79746240228,1.00633882573728,120.0
13464,1758.798851282628,1.00591721390849,120.0
13465,1758.8002401629751,1.00556587578292,120.0
13466,1758.801629043556,1.00558805899832,120.0
13467,1758.8030179239036,1.0053295088115,120.0
13468,1758.8044068042511,1.00527465677189,120.0
13469,1758.8057956845987,1.00514852305248,120.0
13470,1758.8071845649463,1.00533987939448,120.0
13471,1758.808573445294,1.00542569274056,120.0
13472,1758.809962325642,1.0056674674101,120.0
13473,1758.8113512059892,1.00524908278676,120.0
13474,1758.8127400865699,1.00498701795468,120.0
13475,1758.8141289669172,1.00541439035444,120.0
13476,1758.815517847265,1.00537010233755,120.0
13477,1758.8169067276128,1.00576179759247,120.0
13478,1758.81829560796,1.00549655525881,120.0
13479,1758.8196844885408,1.00532997975659,120.0
13480,1758.8210733688884,1.00581733177488,120.0
13481,1758.822462249236,1.00541874527444,120.0
13482,1758.8238511295835,1.00623116749479,120.0
13483,1758.825240009932,1.00588754206258,120.0
13484,1758.8266288905131,1.00579410270864,120.0
13485,1758.8280177708607,1.00556049620089,120.0
13486,1758.8294066512083,1.00632732394912,120.0
13487,1758.830795531789,1.00639233925971,120.0
13488,1758.8321844121363,1.00563590818794,120.0
13489,1758.833573292484,1.0071213855098,120.0
13490,1758.8349621730647,1.00513043992409,120.0
13491,1758.836351053412,1.0056912329683,120.0
13492,1758.8377399337598,1.005686909094,120.0
13493,1758.8391288143396,1.00604192286948,120.0
13494,1758.8405176946865,1.00565880705691,120.0
13495,1758.8419065750343,1.00562658848,120.0
13496,1758.8432954556145,1.00619681414488,120.0
13497,1758.8446843359623,1.00604490112282,120.0
13498,1758.8460732165424,1.00586003504998,120.0
13499,1758.8474620968902,1.00558489708404,120.0
13500,1758.8488509774709,1.00585971992006,120.0
13501,1758.8502398578182,1.00496719243296,120.0
13502,1758.8516287383989,1.00648781745527,120.0
13503,1758.8530176187464,1.00590226674946,120.0
13504,1758.854406499094,1.00606384761614,120.0
13505,1758.8557953796746,1.0057069953615,120.0
13506,1758.8571842602548,1.0065224558294,120.0
13507,1758.8585731406026,1.00575180373767,120.0
13508,1758.859962021183,1.00641615905113,120.0
13509,1758.8613509015306,1.00568669639387,120.0
13510,1758.8627397821112,1.00707215541586,120.0
13511,1758.8641286624586,1.00642004820328,120.0
13512,1758.8655175430392,1.00645862293586,120.0
13513,1758.866906423387,1.00529403203888,120.0
13514,1758.8682953039672,1.00604025776143,120.0
13515,1758.8696841845479,1.00634713038899,120.0
13516,1758.8710730648952,1.00512231949046,120.0
13517,1758.8724619454758,1.00638147556755,120.0
13518,1758.8738508258236,1.00635798755932,120.0
13519,1758.8752397064038,1.00657687391375,120.0
13520,1758.8766285869845,1.00680744078257,120.0
13521,1758.8780174673318,1.00646382864541,120.0
13522,1758.8794063479124,1.00618086796516,120.0
13523,1758.880795228493,1.00688841085171,120.0
13524,1758.8821841090733,1.00569346922752,120.0
13525,1758.883572989421,1.00710390692311,120.0
13526,1758.8849618700015,1.00640138858249,120.0
13527,1758.8863507505819,1.00719524279619,120.0
13528,1758.8877396311625,1.00582609581431,120.0
13529,1758.8891285115099,1.00639300173451,120.0
13530,1758.8905173920905,1.00569095018242,120.0
13531,1758.891906272671,1.00558776070017,120.0
13532,1758.8932951532513,1.00554003614529,120.0
13533,1758.894684033599,1.00646885467416,120.0
13534,1758.8960729141793,1.00616073059333,120.0
13535,1758.89746179476,1.00654039564278,120.0
13536,1758.8988506753403,1.00558810190954,120.0
13537,1758.9002395559207,1.00561012772819,120.0
13538,1758.9016284365011,1.00579410477959,120.0
13539,1758.9030173168487,1.00573213867764,120.0
13540,1758.9044061974291,1.00598854833205,120.0
13541,1758.90579507801,1.00619550155442,120.0
13542,1758.90718395859,1.00627778258138,120.0
13543,1758.90857283917,1.00644533358453,120.0
13544,1758.9099617197496,1.00656398567943,120.0
13545,1758.9113506003303,1.00656304528142,120.0
13546,1758.912739480911,1.00566414541482,120.0
13547,1758.914128361491,1.00585116211774,120.0
13548,1758.9155172420717,1.0062197361622,120.0
13549,1758.9169061226528,1.0059184898662,120.0
13550,1758.9182950032339,1.00632128946271,120.0
13551,1758.9196838838143,1.00595179456497,120.0
13552,1758.9210727643947,1.00642506830132,120.0
13553,1758.922461644975,1.00623547065032,120.0
13554,1758.9238505255555,1.00657618614335,120.0
13555,1758.925239406136,1.00526697685238,120.0
13556,1758.9266282867168,1.00576722083127,120.0
13557,1758.9280171672967,1.00636229789329,120.0
13558,1758.9294060478776,1.00694402811488,120.0
13559,1758.9307949284582,1.00623053092093,120.0
13560,1758.9321838090384,1.00629774042193,120.0
13561,1758.933572689619,1.00599154773629,120.0
13562,1758.934961570432,1.00611946191644,120.0
13563,1758.9363504510127,1.00626355528923,120.0
13564,1758.937739331593,1.00564393363608,120.0
13565,1758.9391282121735,1.00598676692626,120.0
13566,1758.940517092754,1.00567580382348,120.0
13567,1758.9419059733343,1.00706303080169,120.0
13568,1758.9432948539147,1.00636234873065,120.0
13569,1758.9446837347284,1.00593985658268,120.0
13570,1758.9460726153084,1.00617570649277,120.0
13571,1758.9474614958892,1.00693425711105,120.0
13572,1758.9488503764696,1.00623291911138,120.0
13573,1758.9502392572829,1.00687174605549,120.0
13574,1758.9516281378635,1.00637892787687,120.0
13575,1758.9530170184437,1.00647786338194,120.0
13576,1758.9544058990243,1.00666865467086,120.0
13577,1758.9557947798376,1.00694069194328,120.0
13578,1758.957183660418,1.00695489849244,120.0
13579,1758.9585725409986,1.00640530534344,120.0
13580,1758.9599614218116,1.00688131845256,120.0
13581,1758.9613503023922,1.00628252826362,120.0
13582,1758.9627391829729,1.00636005270269,120.0
13583,1758.964128063786,1.00615246919253,120.0
13584,1758.9655169443663,1.00657969364448,120.0
13585,1758.9669058249467,1.00670327355913,120.0
13586,1758.96829470576,1.00538258141282,120.0
13587,1758.9696835863408,1.00703297726574,120.0
13588,1758.9710724669208,1.00567946350722,120.0
13589,1758.9724613477345,1.00674317846134,120.0
13590,1758.9738502283146,1.00712007496957,120.0
13591,1758.975239109128,1.00656496519692,120.0
13592,1758.9766279897087,1.00637951989747,120.0
13593,1758.9780168705215,1.00615170511331,120.0
13594,1758.9794057511024,1.00642268333668,120.0
13595,1758.9807946319147,1.00789093642364,120.0
13596,1758.9821835124947,1.00689509591043,120.0
13597,1758.983572393308,1.00697570326373,120.0
13598,1758.9849612738883,1.00574180242436,120.0
13599,1758.9863501547015,1.00624706768134,120.0
13600,1758.987739035282,1.00722900297226,120.0
13601,1758.9891279160954,1.00635054824756,120.0
13602,1758.990516796676,1.00718417985821,120.0
13603,1758.991905677489,1.00614896501332,120.0
13604,1758.9932945580697,1.00659476487043,120.0
13605,1758.9946834388827,1.00662756706632,120.0
13606,1758.996072319696,1.00714301959656,120.0
13607,1758.9974612002768,1.00631798883596,120.0
13608,1758.9988500810898,1.00672796146774,120.0
13609,1759.0002389616704,1.00644031495385,120.0
13610,1759.001627842484,1.00725521193685,120.0
13611,1759.0030167232967,1.00663889380632,120.0
13612,1759.0044056038776,1.0068175395894,120.0
13613,1759.0057944846903,1.00672036337144,120.0
13614,1759.007183365504,1.00667395297003,120.0
13615,1759.0085722460851,1.00677961763617,120.0
13616,1759.009961126899,1.00745844459139,120.0
13617,1759.0113500077125,1.0070200497312,120.0
13618,1759.0127388885255,1.00629022178711,120.0
13619,1759.014127769106,1.00629756360087,120.0
13620,1759.0155166499196,1.00609531818657,120.0
13621,1759.0169055307326,1.00611226232893,120.0
13622,1759.018294411546,1.00628234637262,120.0
13623,1759.0196832921265,1.00738330102634,120.0
13624,1759.0210721729395,1.00618301246789,120.0
13625,1759.0224610537532,1.00670992932641,120.0
13626,1759.0238499345662,1.00685128639969,120.0
13627,1759.0252388153797,1.00684929376441,120.0
13628,1759.0266276961931,1.00712868927338,120.0
13629,1759.028016576773,1.00659012541491,120.0
13630,1759.0294054575868,1.00620735703514,120.0
13631,1759.0307943383998,1.00641872728646,120.0
13632,1759.0321832192133,1.00658569983455,120.0
13633,1759.0335721000267,1.00716390048164,120.0
13634,1759.0349609808395,1.00664236017479,120.0
13635,1759.0363498616532,1.00661073390322,120.0
13636,1759.0377387424664,1.00710344339025,120.0
13637,1759.0391276232797,1.00652252121787,120.0
13638,1759.0405165040931,1.00622707127695,120.0
13639,1759.041905384673,1.00658505082755,120.0
13640,1759.0432942654868,1.00674209951317,120.0
13641,1759.0446831463,1.00667854964468,120.0
13642,1759.0460720271133,1.00691884492247,120.0
13643,1759.0474609079267,1.00644721442983,120.0
13644,1759.0488497887395,1.00723143993375,120.0
13645,1759.0502386695532,1.00693091832284,120.0
13646,1759.0516275503664,1.0062073337571,120.0
13647,1759.053016431412,1.00707980640369,120.0
13648,1759.0544053122246,1.00699515277419,120.0
13649,1759.0557941930376,1.00650159815033,120.0
13650,1759.057183073851,1.00655758452769,120.0
13651,1759.0585719546643,1.00602769409073,120.0
13652,1759.0599608354776,1.00735860317749,120.0
13653,1759.061349716291,1.00693118373397,120.0
13654,1759.062738597104,1.00724055451007,120.0
13655,1759.0641274779175,1.00738355089425,120.0
13656,1759.0655163587307,1.00726335502135,120.0
13657,1759.0669052397768,1.00647876769831,120.0
13658,1759.0682941205903,1.00721791151555,120.0
13659,1759.0696830014033,1.00629076904836,120.0
13660,1759.0710718822168,1.00686615318911,120.0
13661,1759.0724607630302,1.00582341820964,120.0
13662,1759.0738496438432,1.00700735966808,120.0
13663,1759.0752385248895,1.00721938448905,120.0
13664,1759.0766274057028,1.00619840890423,120.0
13665,1759.078016286516,1.00667452032516,120.0
13666,1759.0794051673295,1.00758244790413,120.0
13667,1759.0807940483753,1.00726974186619,120.0
13668,1759.0821829291888,1.00661823162543,120.0
13669,1759.083571810002,1.00684542434178,120.0
13670,1759.084960691048,1.00668270494717,120.0
13671,1759.0863495718615,1.00633841681729,120.0
13672,1759.0877384526743,1.00729601854862,120.0
13673,1759.089127333488,1.00665875908824,120.0
13674,1759.0905162145343,1.00699752809351,120.0
13675,1759.091905095347,1.00652223576293,120.0
13676,1759.0932939763936,1.00718142254218,120.0
13677,1759.0946828572066,1.00685629603546,120.0
13678,1759.09607173802,1.00763930115275,120.0
13679,1759.0974606190664,1.00630502669521,120.0
13680,1759.0988494998794,1.00656288414314,120.0
13681,1759.100238380693,1.00645051394374,120.0
13682,1759.1016272617403,1.00626671162158,120.0
13683,1759.1030161425535,1.00702258235659,120.0
13684,1759.1044050235998,1.00678352039222,120.0
13685,1759.1057939044128,1.00688060339416,120.0
13686,1759.1071827854591,1.00692625220906,120.0
13687,1759.1085716662724,1.00741184010118,120.0
13688,1759.1099605473185,1.0063575394273,120.0
13689,1759.111349428132,1.00815050126486,120.0
13690,1759.1127383091775,1.0067833662522,120.0
13691,1759.1141271899912,1.00740218766125,120.0
13692,1759.1155160710373,1.00609135685506,120.0
13693,1759.1169049518503,1.00682396179873,120.0
13694,1759.1182938328968,1.00783240081858,120.0
13695,1759.1196827137098,1.00666152598793,120.0
13696,1759.121071594756,1.00683593832437,120.0
13697,1759.1224604758024,1.00606602953028,120.0
13698,1759.1238493566154,1.00618595917596,120.0
13699,1759.1252382376615,1.00661665506526,120.0
13700,1759.1266271184747,1.00671880701552,120.0
13701,1759.1280159995204,1.00653154173531,120.0
13702,1759.129404880566,1.00749187492968,120.0
13703,1759.1307937613788,1.0074791947733,120.0
13704,1759.1321826424253,1.00682809591442,120.0
13705,1759.1335715234711,1.00685956623071,120.0
13706,1759.1349604042844,1.00645426070205,120.0
13707,1759.1363492853309,1.00706416628073,120.0
13708,1759.1377381663767,1.00738716004614,120.0
13709,1759.13912704719,1.00810284308423,120.0
13710,1759.1405159282363,1.006242569368,120.0
13711,1759.1419048092823,1.00664232898425,120.0
13712,1759.1432936903286,1.00651756205464,120.0
13713,1759.1446825711416,1.00688699625597,120.0
13714,1759.146071452188,1.00668119477519,120.0
13715,1759.147460333234,1.00705940155468,120.0
13716,1759.14884921428,1.00731709506442,120.0
13717,1759.1502380953264,1.00685082241479,120.0
13718,1759.1516269761391,1.00630081112924,120.0
13719,1759.1530158571857,1.00684512969961,120.0
13720,1759.154404738232,1.00704654143667,120.0
13721,1759.1557936192778,1.00713181291779,120.0
13722,1759.157182500324,1.00695217278128,120.0
13723,1759.15857138137,1.00757557824569,120.0
13724,1759.1599602621834,1.00788985222546,120.0
13725,1759.1613491432297,1.00806935756402,120.0
13726,1759.1627380242755,1.00720690643942,120.0
13727,1759.1641269053218,1.00699962730588,120.0
13728,1759.1655157863677,1.00693596744414,120.0
13729,1759.166904667414,1.00751202614211,120.0
13730,1759.1682935484603,1.00672209379003,120.0
13731,1759.169682429506,1.00661749493026,120.0
13732,1759.1710713105524,1.00742840508853,120.0
13733,1759.1724601915985,1.00742097454786,120.0
13734,1759.1738490726443,1.00699547035722,120.0
13735,1759.1752379536908,1.00686928259336,120.0
13736,1759.1766268347367,1.00748470405206,120.0
13737,1759.1780157157827,1.0070348326583,120.0
13738,1759.179404596829,1.00794533457727,120.0
13739,1759.180793477875,1.00660283527078,120.0
13740,1759.1821823589214,1.00678567116475,120.0
13741,1759.1835712399673,1.00775062885686,120.0
13742,1759.1849601210135,1.00677731527424,120.0
13743,1759.1863490020598,1.00736658758017,120.0
13744,1759.1877378831057,1.00723218990149,120.0
13745,1759.189126764152,1.00760353569215,120.0
13746,1759.1905156451978,1.00721308254701,120.0
13747,1759.1919045264776,1.00792285474948,120.0
13748,1759.1932934075246,1.00723646316673,120.0
13749,1759.1946822885704,1.00769984712757,120.0
13750,1759.1960711696167,1.00637635547163,120.0
13751,1759.1974600506628,1.0078973165357,120.0
13752,1759.1988489317089,1.00756934525078,120.0
13753,1759.200237812988,1.0072663628443,120.0
13754,1759.2016266940338,1.00751601131345,120.0
13755,1759.20301557508,1.00765020506626,120.0
13756,1759.2044044561255,1.0067983698218,120.0
13757,1759.2057933371707,1.00703001346104,120.0
13758,1759.20718221845,1.00744099551614,120.0
13759,1759.2085710994959,1.00765216276831,120.0
13760,1759.209959980542,1.00675287185121,120.0
13761,1759.2113488615882,1.00740566905517,120.0
13762,1759.2127377428671,1.00691620899165,120.0
13763,1759.2141266239134,1.00746561263374,120.0
13764,1759.2155155049593,1.00724138068864,120.0
13765,1759.2169043862384,1.00683546985791,120.0
13766,1759.2182932672847,1.00742932413224,120.0
13767,1759.2196821483303,1.00719657691761,120.0
13768,1759.2210710296097,1.00684751648347,120.0
13769,1759.2224599106555,1.00791376326137,120.0
13770,1759.2238487917018,1.00694935867863,120.0
13771,1759.2252376729807,1.0078058031703,120.0
13772,1759.2266265540268,1.00727688824421,120.0
13773,1759.228015435306,1.00756970591649,120.0
13774,1759.229404316352,1.00714703385894,120.0
13775,1759.230793197398,1.00761125499703,120.0
13776,1759.2321820786772,1.00717031090371,120.0
13777,1759.233570959723,1.00766378510903,120.0
13778,1759.234959841002,1.00746860919138,120.0
13779,1759.2363487220482,1.00685703098866,120.0
13780,1759.237737603327,1.00665056703461,120.0
13781,1759.2391264843734,1.00761389161812,120.0
13782,1759.240515365652,1.00688172816887,120.0
13783,1759.2419042466984,1.00714177791735,120.0
13784,1759.2432931279773,1.00729106883708,120.0
13785,1759.244682009023,1.00788052777138,120.0
13786,1759.2460708903025,1.00775409881419,120.0
13787,1759.2474597713483,1.00747481904343,120.0
13788,1759.2488486526274,1.00700750410458,120.0
13789,1759.2502375339063,1.00767151150542,120.0
13790,1759.2516264149524,1.00685379080883,120.0
13791,1759.2530152962315,1.0077883601415,120.0
13792,1759.2544041772771,1.00677008564169,120.0
13793,1759.2557930585565,1.00728496457149,120.0
13794,1759.2571819398356,1.0082148355605,120.0
13795,1759.2585708208815,1.00718594898461,120.0
13796,1759.2599597021604,1.00784603112105,120.0
13797,1759.2613485834395,1.00717713782837,120.0
13798,1759.2627374644856,1.00766385371645,120.0
13799,1759.2641263457647,1.0079674300532,120.0
13800,1759.2655152270431,1.00831346372966,120.0
13801,1759.2669041080896,1.00737493762088,120.0
13802,1759.2682929893683,1.00765166290706,120.0
13803,1759.2696818706474,1.00774482124897,120.0
13804,1759.2710707519263,1.00791627421895,120.0
13805,1759.2724596329724,1.00729859349729,120.0
13806,1759.2738485142515,1.00760369565143,120.0
13807,1759.2752373955304,1.00790997596844,120.0
13808,1759.276626276809,1.00743974929691,120.0
13809,1759.2780151578556,1.00744384318288,120.0
13810,1759.2794040391343,1.00706389904911,120.0
13811,1759.2807929204134,1.00722281788585,120.0
13812,1759.2821818016916,1.00817663667946,120.0
13813,1759.2835706829708,1.00814363042135,120.0
13814,1759.2849595642504,1.00709824387182,120.0
13815,1759.2863484452962,1.00802271770776,120.0
13816,1759.287737326575,1.00814156287149,120.0
13817,1759.2891262078545,1.00714265016782,120.0
13818,1759.2905150891331,1.00787653441086,120.0
13819,1759.2919039704122,1.00726248488821,120.0
13820,1759.2932928516911,1.00730712718187,120.0
13821,1759.29468173297,1.00780764252496,120.0
13822,1759.2960706142492,1.0080573659018,120.0
13823,1759.2974594955278,1.00712407933184,120.0
13824,1759.2988483768067,1.00831751302539,120.0
13825,1759.3002372580859,1.00761615940002,120.0
13826,1759.3016261393648,1.00753759360713,120.0
13827,1759.303015020644,1.00850822377715,120.0
13828,1759.3044039019223,1.00765005630439,120.0
13829,1759.3057927832017,1.00762302240913,120.0
13830,1759.3071816644804,1.00765342475983,120.0
13831,1759.3085705457595,1.00758434889148,120.0
13832,1759.3099594270386,1.00729337068621,120.0
13833,1759.3113483083173,1.00757936800202,120.0
13834,1759.3127371895964,1.00801026513421,120.0
13835,1759.3141260708755,1.00763080054942,120.0
13836,1759.3155149521542,1.00823711068651,120.0
13837,1759.3169038334331,1.00706470734528,120.0
13838,1759.318292714712,1.00769942966188,120.0
13839,1759.3196815959911,1.00744715206428,120.0
13840,1759.3210704772703,1.00772172591775,120.0
13841,1759.3224593587815,1.00808623496003,120.0
13842,1759.323848240061,1.00789311574494,120.0
13843,1759.3252371213398,1.00755253171117,120.0
13844,1759.3266260026187,1.00816151244108,120.0
13845,1759.3280148838978,1.00795087993882,120.0
13846,1759.3294037651765,1.00781206061011,120.0
13847,1759.3307926466885,1.0089717060176,120.0
13848,1759.3321815279671,1.00718656847245,120.0
13849,1759.3335704092462,1.00771371020515,120.0
13850,1759.3349592905251,1.0074002956506,120.0
13851,1759.3363481720369,1.0072191023132,120.0
13852,1759.337737053316,1.00751832704387,120.0
13853,1759.339125934595,1.00754741650045,120.0
13854,1759.3405148158738,1.00734867201075,120.0
13855,1759.3419036973855,1.00789210050982,120.0
13856,1759.3432925786644,1.00773995857099,120.0
13857,1759.3446814599436,1.00776389995928,120.0
13858,1759.3460703414555,1.00720691475658,120.0
13859,1759.347459222734,1.00772768372382,120.0
13860,1759.348848104013,1.00775899970131,120.0
13861,1759.3502369855248,1.00736914335203,120.0
13862,1759.351625866804,1.00793398500174,120.0
13863,1759.353014748083,1.00764870205655,120.0
13864,1759.3544036295943,1.00806166434487,120.0
13865,1759.3557925108737,1.00879256664552,120.0
13866,1759.3571813923854,1.00754869755308,120.0
13867,1759.3585702736643,1.00755471690108,120.0
13868,1759.3599591549435,1.00750804085911,120.0
13869,1759.3613480364547,1.0073668877612,120.0
13870,1759.3627369177332,1.00803484019609,120.0
13871,1759.3641257992444,1.00797370463869,120.0
13872,1759.3655146805231,1.007230653696,120.0
13873,1759.3669035620353,1.00779800885486,120.0
13874,1759.368292443314,1.00738118281317,120.0
13875,1759.369681324826,1.00791099418382,120.0
13876,1759.3710702061048,1.00769336049309,120.0
13877,1759.3724590876163,1.0074572804629,120.0
13878,1759.3738479688957,1.00821424263194,120.0
13879,1759.375236850408,1.00767827987387,120.0
13880,1759.3766257316877,1.00755888799453,120.0
13881,1759.3780146131996,1.0078386750587,120.0
13882,1759.3794034944783,1.00755637835934,120.0
13883,1759.3807923759903,1.00825584707131,120.0
13884,1759.3821812575015,1.00789078441504,120.0
13885,1759.383570138781,1.00719341365193,120.0
13886,1759.3849590202929,1.00835432279867,120.0
13887,1759.3863479018044,1.00784755123077,120.0
13888,1759.3877367830835,1.0085125985297,120.0
13889,1759.3891256645952,1.00849361979966,120.0
13890,1759.3905145461067,1.00792652834949,120.0
13891,1759.391903427386,1.0082933766802,120.0
13892,1759.3932923088976,1.0068747181761,120.0
13893,1759.3946811904095,1.00717142870185,120.0
13894,1759.3960700716884,1.00858367324605,120.0
13895,1759.3974589532,1.00843469494938,120.0
13896,1759.398847834712,1.00840660380946,120.0
13897,1759.4002367159908,1.00803495921094,120.0
13898,1759.4016255975027,1.00769502474913,120.0
13899,1759.4030144790147,1.00753437417432,120.0
13900,1759.4044033605262,1.00757499289047,120.0
13901,1759.405792242038,1.00834753556841,120.0
13902,1759.4071811233168,1.00791281694216,120.0
13903,1759.4085700048288,1.00730738746736,120.0
13904,1759.4099588863407,1.00813623347471,120.0
13905,1759.4113477678522,1.00847385867992,120.0
13906,1759.4127366493642,1.00860786859238,120.0
13907,1759.4141255306429,1.00821868426455,120.0
13908,1759.4155144121548,1.00711892184534,120.0
13909,1759.4169032936668,1.00846979576942,120.0
13910,1759.4182921751783,1.00850060000155,120.0
13911,1759.4196810566903,1.00796886556424,120.0
13912,1759.421069938202,1.00784552135507,120.0
13913,1759.4224588197137,1.00809567856771,120.0
13914,1759.4238477012257,1.00769861255577,120.0
13915,1759.4252365827372,1.00800610743569,120.0
13916,1759.4266254642491,1.00780064063861,120.0
13917,1759.4280143457609,1.00749453461638,120.0
13918,1759.4294032270395,1.00834359424671,120.0
13919,1759.4307921085517,1.00779144363066,120.0
13920,1759.4321809900632,1.00770228311649,120.0
13921,1759.4335698715752,1.00818957696516,120.0
13922,1759.4349587530871,1.00796686807094,120.0
13923,1759.4363476345986,1.00825253349775,120.0
13924,1759.4377365163434,1.0079894413872,120.0
13925,1759.4391253978547,1.00797731997838,120.0
13926,1759.4405142793669,1.00741094038953,120.0
13927,1759.4419031608788,1.0077780095875,120.0
13928,1759.4432920423903,1.00869395930083,120.0
13929,1759.4446809239012,1.00812848830183,120.0
13930,1759.4460698054124,1.00810660330906,120.0
13931,1759.4474586869244,1.0074069591959,120.0
13932,1759.4488475684363,1.00806288866725,120.0
13933,1759.4502364499479,1.00803750904135,120.0
13934,1759.4516253314598,1.00772302892672,120.0
13935,1759.453014213204,1.00854919603082,120.0
13936,1759.454403094716,1.00817377004753,120.0
13937,1759.455791976228,1.00836431109674,120.0
13938,1759.4571808577396,1.00817406432291,120.0
13939,1759.4585697392515,1.00798323268356,120.0
13940,1759.4599586207632,1.00812291505123,120.0
13941,1759.4613475025078,1.00825691351973,120.0
13942,1759.4627363840195,1.00834864349783,120.0
13943,1759.4641252655313,1.00806469049463,120.0
13944,1759.465514147044,1.00828432449312,120.0
13945,1759.4669030287891,1.0083818043439,120.0
13946,1759.4682919103009,1.0094203831406,120.0
13947,1759.4696807918128,1.00785659130963,120.0
13948,1759.4710696733243,1.00724139635182,120.0
13949,1759.4724585550691,1.00903681553436,120.0
13950,1759.473847436581,1.00800752274418,120.0
13951,1759.4752363180924,1.00811220614116,120.0
13952,1759.4766251998371,1.00735029164989,120.0
13953,1759.4780140813489,1.00794043598689,120.0
13954,1759.4794029628608,1.00875600378973,120.0
13955,1759.4807918446056,1.00766968838143,120.0
13956,1759.4821807261171,1.00775584775903,120.0
13957,1759.483569607862,1.0076516778577,120.0
13958,1759.4849584893736,1.00824582426495,120.0
13959,1759.4863473708851,1.00842022761674,120.0
13960,1759.48773625263,1.0084695553262,120.0
13961,1759.4891251341417,1.00829738027775,120.0
13962,1759.4905140158864,1.00789940408136,120.0
13963,1759.491902897398,1.00842949782086,120.0
13964,1759.49329177891,1.00822733679114,120.0
13965,1759.4946806606547,1.00853839454058,120.0
13966,1759.4960695421662,1.00831257622959,120.0
13967,1759.4974584239108,1.00882192445258,120.0
13968,1759.4988473054227,1.00808639279015,120.0
13969,1759.5002361871673,1.00876292621194,120.0
13970,1759.5016250686792,1.00859353561716,120.0
13971,1759.5030139504236,1.00844788552937,120.0
13972,1759.5044028321684,1.00882978371622,120.0
13973,1759.5057917136803,1.00777237272627,120.0
13974,1759.5071805954246,1.00804272478549,120.0
13975,1759.5085694769366,1.0080147524775,120.0
13976,1759.5099583586807,1.00831967708101,120.0
13977,1759.511347240193,1.00823053728072,120.0
13978,1759.5127361219377,1.00825976292597,120.0
13979,1759.514125003682,1.00833323831187,120.0
13980,1759.515513885194,1.00674473256812,120.0
13981,1759.5169027669383,1.00862861954312,120.0
13982,1759.518291648683,1.00837912260821,120.0
13983,1759.519680530195,1.00840001192957,120.0
13984,1759.5210694119392,1.00817384270269,120.0
13985,1759.522458293684,1.00889410175024,120.0
13986,1759.523847175196,1.0084710040581,120.0
13987,1759.5252360569405,1.00790590385165,120.0
13988,1759.5266249386852,1.00776371730167,120.0
13989,1759.5280138201967,1.0078582790678,120.0
13990,1759.5294027019406,1.00768334636187,120.0
13991,1759.5307915836847,1.00831633226686,120.0
13992,1759.5321804654293,1.008205178102,120.0
13993,1759.5335693469412,1.00841978559,120.0
13994,1759.5349582286856,1.00730990586899,120.0
13995,1759.5363471104304,1.00887560692373,120.0
13996,1759.5377359921752,1.00725554738804,120.0
13997,1759.5391248739195,1.00904538353441,120.0
13998,1759.5405137554314,1.00824637422074,120.0
13999,1759.5419026371756,1.00771953689651,120.0
14000,1759.5432915189203,1.00831996498449,120.0
14001,1759.5446804006651,1.00779113953425,120.0
14002,1759.5460692824097,1.00789170438756,120.0
14003,1759.5474581641545,1.00869711974205,120.0
14004,1759.548847045899,1.00820620921464,120.0
14005,1759.5502359274108,1.00742875440613,120.0
14006,1759.5516248091556,1.00807799622439,120.0
14007,1759.5530136909,1.00845098366201,120.0
14008,1759.5544025726447,1.00824861908411,120.0
14009,1759.5557914543892,1.00880646598452,120.0
14010,1759.5571803361347,1.00930818310486,120.0
14011,1759.55856921788,1.00751293762884,120.0
14012,1759.5599580996243,1.00846400734125,120.0
14013,1759.561346981369,1.00893047131387,120.0
14014,1759.5627358631139,1.00827522391026,120.0
14015,1759.564124744858,1.00856736463277,120.0
14016,1759.5655136266028,1.00828535680745,120.0
14017,1759.5669025083473,1.00858950762157,120.0
14018,1759.568291390092,1.00856455641368,120.0
14019,1759.569680271837,1.00886534359722,120.0
14020,1759.5710691535812,1.00851380371838,120.0
14021,1759.572458035326,1.00848968577332,120.0
14022,1759.5738469170703,1.00835008605259,120.0
14023,1759.5752357988151,1.00847736788527,120.0
14024,1759.5766246807927,1.00854492907009,120.0
14025,1759.578013562537,1.00738032792423,120.0
14026,1759.5794024442819,1.00796909718572,120.0
14027,1759.5807913260264,1.00789917933381,120.0
14028,1759.5821802077708,1.0076721485503,120.0
14029,1759.5835690895155,1.00785284389164,120.0
14030,1759.58495797126,1.008166178961,120.0
14031,1759.5863468532375,1.00836660155911,120.0
14032,1759.5877357349823,1.00777714950009,120.0
14033,1759.5891246167268,1.0089196702224,120.0
14034,1759.5905134984716,1.00888163215146,120.0
14035,1759.591902380216,1.00829432908241,120.0
14036,1759.5932912621936,1.00826995940495,120.0
14037,1759.5946801439384,1.00850119079793,120.0
14038,1759.5960690256827,1.00795621393036,120.0
14039,1759.5974579074275,1.00746922768437,120.0
14040,1759.5988467894047,1.00905270577567,120.0
14041,1759.6002356711494,1.00798771593257,120.0
14042,1759.6016245528942,1.00851863035096,120.0
14043,1759.6030134346383,1.00787649599012,120.0
14044,1759.604402316616,1.00720997166473,120.0
14045,1759.6057911983607,1.00819257250368,120.0
14046,1759.6071800801053,1.00910503540276,120.0
14047,1759.6085689620827,1.00774024703397,120.0
14048,1759.6099578438273,1.00763410116184,120.0
14049,1759.6113467258049,1.00876212462913,120.0
14050,1759.6127356075494,1.00767481099408,120.0
14051,1759.614124489294,1.00827507988701,120.0
14052,1759.6155133712716,1.00859785606674,120.0
14053,1759.6169022530155,1.00751292633848,120.0
14054,1759.6182911347591,1.00844556728704,120.0
14055,1759.6196800167368,1.0090630192502,120.0
14056,1759.621068898481,1.00859922167857,120.0
14057,1759.6224577804587,1.00852642183228,120.0
14058,1759.6238466622033,1.00800768333091,120.0
14059,1759.625235544181,1.00862230455968,120.0
14060,1759.6266244259255,1.0079838474484,120.0
14061,1759.6280133079028,1.00753333933995,120.0
14062,1759.6294021896476,1.00819591958454,120.0
14063,1759.6307910716248,1.00870681686111,120.0
14064,1759.6321799533696,1.00815985012118,120.0
14065,1759.6335688353472,1.00856104022054,120.0
14066,1759.6349577170915,1.0087124948598,120.0
14067,1759.6363465990692,1.00770798108296,120.0
14068,1759.6377354808135,1.00863348293636,120.0
14069,1759.639124362791,1.00866826063379,120.0
14070,1759.6405132447687,1.00898758530623,120.0
14071,1759.641902126513,1.00841039761953,120.0
14072,1759.6432910084907,1.00864712576487,120.0
14073,1759.6446798902352,1.00833581755491,120.0
14074,1759.6460687722126,1.00865201651695,120.0
14075,1759.6474576541902,1.0088272567163,120.0
14076,1759.6488465359355,1.00798921349214,120.0
14077,1759.6502354179136,1.00828669839336,120.0
14078,1759.6516242998907,1.00809470850168,120.0
14079,1759.6530131816355,1.00813526369671,120.0
14080,1759.6544020636131,1.00780109562626,120.0
14081,1759.6557909455903,1.00828086736739,120.0
14082,1759.657179827568,1.00780470793725,120.0
14083,1759.6585687093127,1.00838789380974,120.0
14084,1759.6599575912899,1.0089543798372,120.0
14085,1759.6613464732675,1.00816643576941,120.0
14086,1759.6627353552446,1.00789852576999,120.0
14087,1759.6641242369894,1.00802714425123,120.0
14088,1759.665513118967,1.00847952708948,120.0
14089,1759.6669020009442,1.00797490922979,120.0
14090,1759.6682908829218,1.00787596596755,120.0
14091,1759.6696797648992,1.00842091493462,120.0
14092,1759.6710686466436,1.00807331136957,120.0
14093,1759.6724575286214,1.00814555188433,120.0
14094,1759.6738464105983,1.0079115993123,120.0
14095,1759.675235292576,1.00828671298779,120.0
14096,1759.6766241745536,1.00805652850607,120.0
14097,1759.6780130565307,1.00850051378695,120.0
14098,1759.6794019385084,1.00716229154912,120.0
14099,1759.6807908202527,1.00820344757288,120.0
14100,1759.6821797022303,1.00818746999691,120.0
14101,1759.683568584208,1.00789372224559,120.0
14102,1759.684957466185,1.00743486473095,120.0
14103,1759.6863463481627,1.00799519165258,120.0
14104,1759.68773523014,1.00866875682178,120.0
14105,1759.6891241121175,1.008124357035,120.0
14106,1759.6905129940951,1.0077463006676,120.0
14107,1759.6919018760725,1.00818329604845,120.0
14108,1759.69329075805,1.00807833614081,120.0
14109,1759.6946796400273,1.00883106733085,120.0
14110,1759.696068522005,1.00854863852077,120.0
14111,1759.6974574039823,1.00826903943735,120.0
14112,1759.6988462859597,1.00769250305773,120.0
14113,1759.7002351679373,1.00739089778732,120.0
14114,1759.7016240499147,1.00822006798279,120.0
14115,1759.703012931892,1.00773048534223,120.0
14116,1759.7044018138697,1.00749909065399,120.0
14117,1759.7057906958469,1.00885791925439,120.0
14118,1759.7071795778236,1.00855246386393,120.0
14119,1759.7085684600331,1.00791315074963,120.0
14120,1759.7099573420107,1.00812701440259,120.0
14121,1759.7113462239884,1.00685486445037,120.0
14122,1759.7127351059655,1.00791511232442,120.0
14123,1759.7141239879431,1.00815499974696,120.0
14124,1759.7155128699203,1.00800934302714,120.0
14125,1759.7169017521308,1.00850555291152,120.0
14126,1759.7182906341084,1.00814235943487,120.0
14127,1759.7196795160855,1.00866179709879,120.0
14128,1759.7210683980632,1.00897193431764,120.0
14129,1759.7224572800408,1.00919365373735,120.0
14130,1759.7238461622508,1.00956082074578,120.0
14131,1759.7252350442284,1.00758695390902,120.0
14132,1759.7266239262055,1.00755936328242,120.0
14133,1759.7280128081832,1.00832171586222,120.0
14134,1759.7294016903936,1.00846177471341,120.0
14135,1759.7307905723708,1.00798957296555,120.0
14136,1759.7321794543484,1.00894822846409,120.0
14137,1759.7335683363256,1.00771614434126,120.0
14138,1759.734957218536,1.0079610805799,120.0
14139,1759.7363461005136,1.0077868570107,120.0
14140,1759.7377349824908,1.00859117474307,120.0
14141,1759.7391238647012,1.00739618421129,120.0
14142,1759.740512746679,1.00755436085981,120.0
14143,1759.7419016286572,1.00819619859904,120.0
14144,1759.7432905108678,1.00715021842538,120.0
14145,1759.744679392845,1.00850589350222,120.0
14146,1759.7460682750554,1.00807973378052,120.0
14147,1759.747457157033,1.007745230181,120.0
14148,1759.7488460390102,1.00801996653599,120.0
14149,1759.7502349212207,1.00832351123059,120.0
14150,1759.7516238031978,1.00771259771729,120.0
14151,1759.7530126854083,1.00825891664048,120.0
14152,1759.754401567386,1.00812564887352,120.0
14153,1759.755790449596,1.00730068165917,120.0
14154,1759.7571793315735,1.0073904147409,120.0
14155,1759.7585682137835,1.00818361979944,120.0
14156,1759.7599570957611,1.00777620695489,120.0
14157,1759.7613459779716,1.0079976466863,120.0
14158,1759.7627348599488,1.00760539778125,120.0
14159,1759.7641237421592,1.00847783089174,120.0
14160,1759.7655126241364,1.00746994760135,120.0
14161,1759.7669015063468,1.0081198997583,120.0
14162,1759.7682903883244,1.00732215646353,120.0
14163,1759.7696792705344,1.00717098258672,120.0
14164,1759.7710681527449,1.0076646448719,120.0
14165,1759.7724570347223,1.00751020134967,120.0
14166,1759.7738459169325,1.00810174276113,120.0
14167,1759.77523479891,1.00837420107553,120.0
14168,1759.77662368112,1.00770652899903,120.0
14169,1759.7780125633303,1.00759939679434,120.0
14170,1759.779401445308,1.00753785262642,120.0
14171,1759.780790327518,1.00728259384721,120.0
14172,1759.7821792097286,1.00783727398343,120.0
14173,1759.7835680917055,1.00762235673839,120.0
14174,1759.7849569739162,1.00808341090417,120.0
14175,1759.7863458561267,1.00757271447654,120.0
14176,1759.7877347383367,1.00711994299114,120.0
14177,1759.7891236203143,1.00752581059042,120.0
14178,1759.7905125025243,1.00746453707815,120.0
14179,1759.7919013847347,1.00863364254089,120.0
14180,1759.7932902667123,1.00745186811694,120.0
14181,1759.7946791489223,1.00810781163977,120.0
14182,1759.7960680311328,1.00758882755177,120.0
14183,1759.797456913343,1.00863613486566,120.0
14184,1759.7988457955532,1.00801933841553,120.0
14185,1759.8002346775309,1.00821519613036,120.0
14186,1759.8016235597404,1.00776616669157,120.0
14187,1759.80301244195,1.00726497009197,120.0
14188,1759.80440132416,1.0079832284178,120.0
14189,1759.8057902063704,1.00740992667042,120.0
14190,1759.8071790885808,1.00820029689462,120.0
14191,1759.8085679707908,1.00762993916966,120.0
14192,1759.8099568527684,1.00736614270599,120.0
14193,1759.8113457349787,1.00691796977835,120.0
14194,1759.8127346171889,1.00816315996431,120.0
14195,1759.814123499399,1.0074725056662,120.0
14196,1759.815512381609,1.0074845188874,120.0
14197,1759.8169012638195,1.00780105194007,120.0
14198,1759.8182901460302,1.00828153232673,120.0
14199,1759.8196790282402,1.00815848605075,120.0
14200,1759.8210679104507,1.00738890007665,120.0
14201,1759.8224567926607,1.00874726228426,120.0
14202,1759.823845674871,1.00835473884388,120.0
14203,1759.8252345570816,1.00801275437691,120.0
14204,1759.8266234392916,1.00873601573052,120.0
14205,1759.828012321502,1.0071214087507,120.0
14206,1759.8294012037122,1.00713299760753,120.0
14207,1759.8307900859224,1.00827928187083,120.0
14208,1759.8321789681331,1.00756750997265,120.0
14209,1759.8335678503443,1.00798086555853,120.0
14210,1759.8349567325547,1.00898889474834,120.0
14211,1759.8363456147647,1.00825610579895,120.0
14212,1759.8377344969751,1.00733201359787,120.0
14213,1759.8391233791856,1.00779291756363,120.0
14214,1759.8405122616284,1.00779693561716,120.0
14215,1759.8419011438389,1.00727468816491,120.0
14216,1759.843290026049,1.00899471872845,120.0
14217,1759.8446789082593,1.00739072986824,120.0
14218,1759.8460677904695,1.00742146110747,120.0
14219,1759.8474566726795,1.00778116520153,120.0
14220,1759.848845555123,1.00696175509071,120.0
14221,1759.8502344373335,1.0072922848004,120.0
14222,1759.8516233195435,1.00767340995661,120.0
14223,1759.853012201754,1.00826020928538,120.0
14224,1759.854401083964,1.00827848231965,120.0
14225,1759.8557899664072,1.00747647303683,120.0
14226,1759.8571788486177,1.00716875035654,120.0
14227,1759.8585677308276,1.00805430801496,120.0
14228,1759.859956613038,1.00843037372149,120.0
14229,1759.8613454954811,1.0081980693929,120.0
14230,1759.8627343776911,1.00791912903819,120.0
14231,1759.8641232599018,1.00906928799432,120.0
14232,1759.8655121423446,1.00743291334859,120.0
14233,1759.866901024555,1.00787690548909,120.0
14234,1759.8682899067653,1.00800215045684,120.0
14235,1759.8696787892084,1.00780240839504,120.0
14236,1759.8710676714188,1.00743996815833,120.0
14237,1759.8724565536288,1.00835470768762,120.0
14238,1759.873845436072,1.00724706206394,120.0
14239,1759.8752343182823,1.00735169884205,120.0
14240,1759.8766232004923,1.00755574277024,120.0
14241,1759.8780120829358,1.00763001964641,120.0
14242,1759.8794009651458,1.00720545116822,120.0
14243,1759.880789847589,1.00764489498367,120.0
14244,1759.8821787297995,1.00759967641712,120.0
14245,1759.8835676120095,1.007300642432,120.0
14246,1759.8849564944528,1.00740300168745,120.0
14247,1759.886345376663,1.00744009584296,120.0
14248,1759.887734259106,1.007547405468,120.0
14249,1759.8891231413163,1.0080183021245,120.0
14250,1759.8905120237591,1.00742687562615,120.0
14251,1759.8919009059698,1.00735112218308,120.0
14252,1759.8932897884129,1.00707587028741,120.0
14253,1759.894678670623,1.00741894840575,120.0
14254,1759.8960675530664,1.00730375958711,120.0
14255,1759.8974564355087,1.00736589173517,120.0
14256,1759.8988453177183,1.00768088577414,120.0
14257,1759.900234200161,1.00809573294094,120.0
14258,1759.9016230823715,1.00687705410786,120.0
14259,1759.9030119648148,1.00764924873328,120.0
14260,1759.9044008470248,1.00773089846642,120.0
14261,1759.905789729468,1.00761893021261,120.0
14262,1759.9071786119111,1.00743298921299,120.0
14263,1759.9085674941211,1.00761385764783,120.0
14264,1759.9099563765647,1.00713852286908,120.0
14265,1759.9113452590075,1.00777050736787,120.0
14266,1759.912734141218,1.00754506259012,120.0
14267,1759.9141230236612,1.00741870542627,120.0
14268,1759.915511906104,1.00744161727204,120.0
14269,1759.9169007883145,1.00798365111018,120.0
14270,1759.9182896707573,1.00702779631712,120.0
14271,1759.9210674356439,1.00773482091617,120.0
14272,1759.9224563178539,1.0076785396396,120.0
14273,1759.9238452002976,1.00732314127895,120.0
14274,1759.9252340827416,1.00773812491595,120.0
14275,1759.9266229651846,1.00856349428049,120.0
14276,1759.928011847395,1.00746126460907,120.0
14277,1759.9294007298379,1.00750760856321,120.0
14278,1759.9307896122812,1.00773989308875,120.0
14279,1759.9321784947242,1.007100885104,120.0
14280,1759.9335673771673,1.0079163599444,120.0
14281,1759.9349562593777,1.00784916953766,120.0
14282,1759.9363451418203,1.00740293866951,120.0
14283,1759.9377340242638,1.00676749219342,120.0
14284,1759.939122906707,1.00692003591315,120.0
14285,1759.94051178915,1.0079488995687,120.0
14286,1759.9419006715932,1.00701548658013,120.0
14287,1759.943289554036,1.00724103225596,120.0
14288,1759.9446784364793,1.00788289841482,120.0
14289,1759.9460673189224,1.0074562752763,120.0
14290,1759.9474562011324,1.00666763661771,120.0
14291,1759.9488450835759,1.00669676080478,120.0
14292,1759.950233966019,1.00740767636274,120.0
14293,1759.951622848462,1.00754257928796,120.0
14294,1759.9530117309052,1.00783411153145,120.0
14295,1759.954400613348,1.00747505442843,120.0
14296,1759.9557894957911,1.00759684240358,120.0
14297,1759.9571783782344,1.00740435856069,120.0
14298,1759.9585672606775,1.00781806911216,120.0
14299,1759.9599561431207,1.0065860427901,120.0
14300,1759.9613450255636,1.00713983662645,120.0
14301,1759.9627339080068,1.00808887467348,120.0
14302,1759.96412279045,1.00805891677966,120.0
14303,1759.9655116731255,1.00796639006759,120.0
14304,1759.966900555569,1.00731031709015,120.0
14305,1759.9682894380119,1.00773495660313,120.0
14306,1759.9696783204552,1.00769715653797,120.0
14307,1759.9710672028984,1.00769998223762,120.0
14308,1759.9724560853413,1.0075939060268,120.0
14309,1759.9738449677843,1.00706416590302,120.0
14310,1759.9752338502271,1.00844307641596,120.0
14311,1759.9766227326706,1.00744477488261,120.0
14312,1759.9780116153468,1.00732340307821,120.0
14313,1759.9794004977896,1.00725369748058,120.0
14314,1759.9807893802329,1.00697601079021,120.0
14315,1759.982178262676,1.00706737646845,120.0
14316,1759.9835671451187,1.00759192967229,120.0
14317,1759.984956027795,1.00805815812973,120.0
14318,1759.986344910238,1.00803930060643,120.0
14319,1759.9877337926812,1.00695056481481,120.0
14320,1759.9891226751242,1.00738394796001,120.0
14321,1759.9905115578,1.00775488577233,120.0
14322,1759.9919004402434,1.00781652318555,120.0
14323,1759.9932893226862,1.00720898286637,120.0
14324,1759.9946782051295,1.00790815655757,120.0
14325,1759.9960670878052,1.00729923730157,120.0
14326,1759.9974559702484,1.00742693513644,120.0
14327,1759.9988448526908,1.00792528266973,120.0
14328,1760.000233735366,1.00775315922107,120.0
14329,1760.0016226178093,1.00773966264043,120.0
14330,1760.0030115002523,1.00794000236924,120.0
14331,1760.0044003829282,1.00702362240845,120.0
14332,1760.0057892653715,1.00713498735344,120.0
14333,1760.0071781478143,1.00697024112697,120.0
14334,1760.0085670304904,1.00688144974743,120.0
14335,1760.0099559129335,1.00752904867919,120.0
14336,1760.0113447956091,1.00721776917191,120.0
14337,1760.0127336780527,1.00733159503278,120.0
14338,1760.0141225607283,1.00713133940151,120.0
14339,1760.0155114431723,1.00782909123157,120.0
14340,1760.0169003256162,1.00694321566141,120.0
14341,1760.018289208292,1.00722545018248,120.0
14342,1760.0196780907352,1.00678215924283,120.0
14343,1760.021066973411,1.00718697654549,120.0
14344,1760.022455855854,1.00720492086968,120.0
14345,1760.0238447385302,1.00772324956354,120.0
14346,1760.025233620973,1.00727977478909,120.0
14347,1760.0266225036492,1.00697448153742,120.0
14348,1760.0280113860924,1.00767744132402,120.0
14349,1760.029400268768,1.00663563872,120.0
14350,1760.0307891514442,1.00755316880621,120.0
14351,1760.032178033887,1.00786059573355,120.0
14352,1760.0335669165631,1.00652459817222,120.0
14353,1760.0349557990064,1.00776118851057,120.0
14354,1760.036344681682,1.00707589338053,120.0
14355,1760.037733564358,1.00688997006013,120.0
14356,1760.039122446801,1.00752514313753,120.0
14357,1760.040511329477,1.00719533463969,120.0
14358,1760.0419002119204,1.00689703777642,120.0
14359,1760.043289094596,1.00643390182081,120.0
14360,1760.044677977272,1.00661400088047,120.0
14361,1760.0460668597152,1.00715377540109,120.0
14362,1760.047455742391,1.00680977847127,120.0
14363,1760.0488446250672,1.0063423470615,120.0
14364,1760.0502335077429,1.00789751866624,120.0
14365,1760.051622390186,1.00684334987731,120.0
14366,1760.053011272862,1.00720227777644,120.0
14367,1760.054400155538,1.00743554959259,120.0
14368,1760.055789038214,1.00736066645585,120.0
14369,1760.0571779206568,1.00743894010852,120.0
14370,1760.0585668033327,1.00702691169361,120.0
14371,1760.059955686009,1.00671410580247,120.0
14372,1760.0613445686847,1.0071342551763,120.0
14373,1760.062733451128,1.00712323348816,120.0
14374,1760.0641223338037,1.00663757318416,120.0
14375,1760.0655112164795,1.00732762804648,120.0
14376,1760.0669000991559,1.00684459303635,120.0
14377,1760.0682889818315,1.00702978404702,120.0
14378,1760.0696778645076,1.00819870204659,120.0
14379,1760.0710667469505,1.00771799380855,120.0
14380,1760.0724556296263,1.00675518990839,120.0
14381,1760.0738445123027,1.00655760684579,120.0
14382,1760.0752333949783,1.00737437103021,120.0
14383,1760.0766222776545,1.00666214748324,120.0
14384,1760.0780111603303,1.00710877507624,120.0
14385,1760.0794000430062,1.00655160786666,120.0
14386,1760.0807889256823,1.00655867333454,120.0
14387,1760.082177808358,1.00779220522358,120.0
14388,1760.083566691034,1.00722942789142,120.0
14389,1760.08495557371,1.00644412554588,120.0
14390,1760.0863444563859,1.00700110836212,120.0
14391,1760.087733339062,1.00607966757559,120.0
14392,1760.0891222217376,1.00686806311859,120.0
14393,1760.0905111044135,1.00650782157255,120.0
14394,1760.0918999870898,1.00720636238237,120.0
14395,1760.0932888697655,1.00657680673299,120.0
14396,1760.0946777524416,1.00714754963324,120.0
14397,1760.0960666351173,1.00711590050942,120.0
14398,1760.0974555177932,1.00734564304092,120.0
14399,1760.0988444004695,1.00731827986737,120.0
14400,1760.1002332831451,1.00657726286628,120.0
14401,1760.1016221658213,1.00691794976387,120.0
14402,1760.103011048497,1.00702826970639,120.0
14403,1760.1043999311723,1.00685679932084,120.0
14404,1760.1057888140806,1.00648978647499,120.0
14405,1760.1071776967572,1.0070460604868,120.0
14406,1760.1085665794335,1.00667349737966,120.0
14407,1760.1099554621096,1.00711734423237,120.0
14408,1760.1113443447855,1.00654241078347,120.0
14409,1760.1127332274616,1.00687625759794,120.0
14410,1760.11412211037,1.00675914560258,120.0
14411,1760.1155109930462,1.00638101230876,120.0
14412,1760.116899875722,1.00769772849623,120.0
14413,1760.118288758398,1.00728130326383,120.0
14414,1760.119677641074,1.007701442445,120.0
14415,1760.1210665239823,1.00814642305392,120.0
14416,1760.1224554066587,1.00700023555043,120.0
14417,1760.1238442893348,1.00651389190198,120.0
14418,1760.1252331720104,1.00812094187063,120.0
14419,1760.1266220549192,1.00718616314361,120.0
14420,1760.128010937595,1.00690121522762,120.0
14421,1760.1293998202711,1.00688085734977,120.0
14422,1760.13078870318,1.0070165237188,120.0
14423,1760.1321775858555,1.0073866554626,120.0
14424,1760.1335664685319,1.00718845620784,120.0
14425,1760.1349553514403,1.00629320921037,120.0
14426,1760.1363442341165,1.00661329884208,120.0
14427,1760.1377331167923,1.00719115807522,120.0
14428,1760.139121999701,1.00642006335251,120.0
14429,1760.1405108823772,1.00623385684901,120.0
14430,1760.1418997652859,1.00710030407069,120.0
14431,1760.1432886479615,1.00717191181051,120.0
14432,1760.1446775306379,1.00670760074583,120.0
14433,1760.1460664135464,1.0070686820555,120.0
14434,1760.1474552962225,1.00716572246356,120.0
14435,1760.1488441791312,1.00714801987612,120.0
14436,1760.150233061807,1.00670826871981,120.0
14437,1760.151621944716,1.00724610314382,120.0
14438,1760.1530108273917,1.00698552788532,120.0
14439,1760.1543997103004,1.00696993166517,120.0
14440,1760.1557885929767,1.00696678409909,120.0
14441,1760.1571774758852,1.00627796249044,120.0
14442,1760.1585663585613,1.00653682248481,120.0
14443,1760.1599552414696,1.00723265402407,120.0
14444,1760.161344124146,1.00735580009181,120.0
14445,1760.1627330070548,1.00662588518069,120.0
14446,1760.1641218897305,1.00607654171755,120.0
14447,1760.1655107726394,1.00648278248913,120.0
14448,1760.166899655548,1.00659400607587,120.0
14449,1760.168288538224,1.00701901520551,120.0
14450,1760.1696774211327,1.00599932499922,120.0
14451,1760.1710663038086,1.00645283533119,120.0
14452,1760.1724551867176,1.00698412592539,120.0
14453,1760.1738440696263,1.00716537650875,120.0
14454,1760.175232952302,1.00675156926548,120.0
14455,1760.176621835211,1.00674803834034,120.0
14456,1760.1780107181196,1.00631552176107,120.0
14457,1760.1793996007957,1.00642201271707,120.0
14458,1760.1807884837044,1.00696079669085,120.0
14459,1760.1821773666131,1.007024312781,120.0
14460,1760.1835662492892,1.00586268264328,120.0
14461,1760.1849551321975,1.00693025663274,120.0
14462,1760.1863440151067,1.00603947358284,120.0
14463,1760.1877328980156,1.00634819705033,120.0
14464,1760.1891217806913,1.00677521797957,120.0
14465,1760.1905106636002,1.00653406136336,120.0
14466,1760.1918995465087,1.00693194351313,120.0
14467,1760.1932884294176,1.00683924848071,120.0
14468,1760.1946773123263,1.00676879849211,120.0
14469,1760.1960661950022,1.0064089118128,120.0
14470,1760.1974550779112,1.0065480185357,120.0
14471,1760.1988439608203,1.00685973311286,120.0
14472,1760.20023284373,1.00632793546552,120.0
14473,1760.201621726639,1.00572573544562,120.0
14474,1760.2030106095472,1.00694568203968,120.0
14475,1760.2043994922235,1.00673752690602,120.0
14476,1760.2057883751322,1.00716781384542,120.0
14477,1760.2071772580407,1.00617321982356,120.0
14478,1760.2085661409499,1.0064778774362,120.0
14479,1760.2099550238584,1.00582779765189,120.0
14480,1760.2113439067673,1.00667212341669,120.0
14481,1760.2127327896762,1.00606646358183,120.0
14482,1760.2141216725847,1.00714053921972,120.0
14483,1760.2155105554928,1.00648090073311,120.0
14484,1760.2168994384008,1.00598820848012,120.0
14485,1760.2182883213095,1.00662812012022,120.0
14486,1760.2196772042187,1.00616676251517,120.0
14487,1760.2210660871272,1.00584056539753,120.0
14488,1760.222454970036,1.00649731985562,120.0
14489,1760.2238438529444,1.0070046629427,120.0
14490,1760.2252327358535,1.00757512230903,120.0
14491,1760.2266216187625,1.00712051571026,120.0
14492,1760.2280105016707,1.00629306906456,120.0
14493,1760.22939938458,1.00689898569077,120.0
14494,1760.2307882674886,1.00669525375364,120.0
14495,1760.232177150397,1.00707810145614,120.0
14496,1760.2335660333063,1.00653658122608,120.0
14497,1760.2349549162147,1.0060276925654,120.0
14498,1760.2363437991237,1.00641999757175,120.0
14499,1760.2377326820324,1.00611824911639,120.0
14500,1760.239121565174,1.0065555679414,120.0
14501,1760.240510448083,1.00584016303074,120.0
14502,1760.2418993309911,1.00589150537988,120.0
14503,1760.2432882139003,1.00593071357075,120.0
14504,1760.244677096809,1.00642231970624,120.0
14505,1760.2460659797175,1.00648070309681,120.0
14506,1760.2474548628595,1.00683643236866,120.0
14507,1760.248843745768,1.00675957841823,120.0
14508,1760.2502326286767,1.00698696257924,120.0
14509,1760.2516215115859,1.00621689252454,120.0
14510,1760.2530103944944,1.00566533484525,120.0
14511,1760.254399277636,1.00565132112209,120.0
14512,1760.2557881605446,1.00541847245417,120.0
14513,1760.2571770434536,1.00627495509034,120.0
14514,1760.258565926595,1.00710181734568,120.0
14515,1760.2599548095038,1.00663402620798,120.0
14516,1760.2613436924128,1.0060912253298,120.0
14517,1760.2627325753215,1.00581329450783,120.0
14518,1760.264121458463,1.00697353921732,120.0
14519,1760.265510341372,1.00645599909537,120.0
14520,1760.2668992242805,1.00602059428376,120.0
14521,1760.2682881074222,1.00660299785888,120.0
14522,1760.2696769903307,1.00704630268685,120.0
14523,1760.2710658732396,1.00670826124201,120.0
14524,1760.2724547563814,1.00558262643425,120.0
14525,1760.27384363929,1.00626961078808,120.0
14526,1760.2752325224317,1.00679117446989,120.0
14527,1760.2766214053404,1.00607664825754,120.0
14528,1760.278010288249,1.00609945071338,120.0
14529,1760.2793991713909,1.00656449423892,120.0
14530,1760.2807880542991,1.00653859444654,120.0
14531,1760.2821769374411,1.00592085380447,120.0
14532,1760.28356582035,1.00628815679299,120.0
14533,1760.2849547034912,1.00640081216623,120.0
14534,1760.2863435864003,1.00681655254245,120.0
14535,1760.2877324695417,1.00571328041141,120.0
14536,1760.2891213524504,1.00715767503622,120.0
14537,1760.2905102355928,1.00596576347495,120.0
14538,1760.2918991185022,1.00633287662194,120.0
14539,1760.293288001644,1.00629031471149,120.0
14540,1760.2946768845527,1.0057517412942,120.0
14541,1760.2960657676942,1.00628386216931,120.0
14542,1760.2974546506032,1.00589474573311,120.0
14543,1760.2988435337445,1.00600464017138,120.0
14544,1760.3002324168863,1.00665866475188,120.0
14545,1760.3016212997948,1.00582538185189,120.0
14546,1760.3030101829363,1.00657805645502,120.0
14547,1760.3043990658455,1.00662193177343,120.0
14548,1760.3057879489868,1.00713990310572,120.0
14549,1760.3071768321283,1.0059361502112,120.0
14550,1760.3085657150375,1.00639660946692,120.0
14551,1760.3099545981788,1.00599259072875,120.0
14552,1760.3113434813204,1.00650913611608,120.0
14553,1760.312732364229,1.00663259744933,120.0
14554,1760.3141212473708,1.00591958749905,120.0
14555,1760.3155101305126,1.00557162240828,120.0
14556,1760.316899013654,1.00602812469601,120.0
14557,1760.3182878965629,1.00627316911915,120.0
14558,1760.3196767797044,1.00673335715125,120.0
14559,1760.321065662846,1.00584894720677,120.0
14560,1760.322454545755,1.00615873076335,120.0
14561,1760.3238434288962,1.0058725653531,120.0
14562,1760.325232312038,1.00633190875544,120.0
14563,1760.3266211951795,1.00510693026341,120.0
14564,1760.328010078321,1.0061954383112,120.0
14565,1760.32939896123,1.00619933271045,120.0
14566,1760.3307878443711,1.00660533191574,120.0
14567,1760.3321767275122,1.00624006670964,120.0
14568,1760.3335656106533,1.00677038020405,120.0
14569,1760.3349544937948,1.0055352872292,120.0
14570,1760.3363433769366,1.00572298849761,120.0
14571,1760.337732259845,1.00600162741556,120.0
14572,1760.3391211429869,1.00635618916577,120.0
14573,1760.3405100261286,1.00686722327515,120.0
14574,1760.34189890927,1.00680860189355,120.0
14575,1760.3432877924115,1.00660876577074,120.0
14576,1760.344676675553,1.00568534906717,120.0
14577,1760.3460655586948,1.00596134474048,120.0
14578,1760.3474544418364,1.00544944043575,120.0
14579,1760.348843324978,1.00637281162933,120.0
14580,1760.3502322081197,1.00677390997921,120.0
14581,1760.3516210912608,1.00610877855967,120.0
14582,1760.3530099744028,1.00597679078563,120.0
14583,1760.3543988575443,1.00688367416456,120.0
14584,1760.3557877406859,1.00605275351797,120.0
14585,1760.3571766238276,1.00593350452876,120.0
14586,1760.3585655069692,1.00603286588519,120.0
14587,1760.3599543901107,1.00577091196219,120.0
14588,1760.3613432732525,1.00574893568422,120.0
14589,1760.3627321563938,1.00540751064396,120.0
14590,1760.3641210395356,1.00693667459539,120.0
14591,1760.3655099226771,1.00592581805664,120.0
14592,1760.3668988058187,1.00678752077162,120.0
14593,1760.3682876889604,1.00605899057562,120.0
14594,1760.3696765721015,1.00679669941941,120.0
14595,1760.3710654552435,1.00551155431372,120.0
14596,1760.372454338618,1.00573333497534,120.0
14597,1760.3738432217594,1.00663832373919,120.0
14598,1760.3752321049012,1.00622629598356,120.0
14599,1760.3766209880423,1.00594745284898,120.0
14600,1760.3780098711843,1.00632407752399,120.0
14601,1760.379398754326,1.00584878688507,120.0
14602,1760.3807876377002,1.00516094690356,120.0
14603,1760.3821765208424,1.00425245952273,120.0
14604,1760.383565403985,1.00620951763688,120.0
14605,1760.3849542871264,1.00630773401536,120.0
14606,1760.3863431702682,1.00639968603157,120.0
14607,1760.3877320536424,1.00596564207828,120.0
14608,1760.389120936784,1.00581664771272,120.0
14609,1760.3905098199257,1.00616945463578,120.0
14610,1760.3918987030672,1.00617208069496,120.0
14611,1760.3932875864418,1.00540980368697,120.0
14612,1760.3946764695831,1.0056159695479,120.0
14613,1760.3960653527247,1.00554339815786,120.0
14614,1760.3974542360995,1.00540883375703,120.0
14615,1760.3988431192408,1.00571999423909,120.0
14616,1760.4002320023826,1.00686407921018,120.0
14617,1760.4016208857568,1.00629149298526,120.0
14618,1760.4030097688983,1.00569245214923,120.0
14619,1760.4043986520403,1.00597215691785,120.0
14620,1760.4057875354144,1.0054120160405,120.0
14621,1760.4071764185562,1.00557386902788,120.0
14622,1760.4085653016975,1.00519794162686,120.0
14623,1760.409954185072,1.00558578237187,120.0
14624,1760.411343068214,1.00610259101026,120.0
14625,1760.412731951588,1.00579254292146,120.0
14626,1760.4141208347298,1.00635128203433,120.0
14627,1760.4155097181042,1.00552757299259,120.0
14628,1760.4168986012455,1.00541874735154,120.0
14629,1760.4182874846204,1.00564757539565,120.0
14630,1760.4196763677617,1.00609806078867,120.0
14631,1760.4210652509034,1.00555807352249,120.0
14632,1760.4224541342778,1.00608972351201,120.0
14633,1760.4238430174191,1.00550016429885,120.0
14634,1760.425231900794,1.00642571165547,120.0
14635,1760.426620784168,1.00617506828763,120.0
14636,1760.4280096673099,1.00594335907034,120.0
14637,1760.4293985506845,1.0062353408478,120.0
14638,1760.4307874338258,1.00609278369921,120.0
14639,1760.4321763172004,1.00523268522992,120.0
14640,1760.4335652003415,1.0054671162936,120.0
14641,1760.4349540837163,1.00665960301088,120.0
14642,1760.4363429670907,1.00605480258926,120.0
14643,1760.4377318502322,1.00590887652003,120.0
14644,1760.4391207336068,1.00550773631008,120.0
14645,1760.440509616748,1.00537840028442,120.0
14646,1760.4418985001228,1.00642876904563,120.0
14647,1760.4432873834971,1.00559218536034,120.0
14648,1760.4446762666387,1.00551823208723,120.0
14649,1760.4460651500133,1.00602246600954,120.0
14650,1760.4474540333877,1.00574955248018,120.0
14651,1760.4488429165292,1.00571019305533,120.0
14652,1760.4502317999038,1.00537392388572,120.0
14653,1760.451620683278,1.00526324464101,120.0
14654,1760.4530095666523,1.00561267972955,120.0
14655,1760.454398449794,1.00603992565916,120.0
14656,1760.455787333168,1.00444886747617,120.0
14657,1760.4571762165417,1.00580870183972,120.0
14658,1760.4585650999159,1.00497594723133,120.0
14659,1760.4599539830576,1.00549435357351,120.0
14660,1760.461342866432,1.00512114989551,120.0
14661,1760.4627317498064,1.00567251981319,120.0
14662,1760.4641206331808,1.0055063326683,120.0
14663,1760.4655095165551,1.00546736594676,120.0
14664,1760.466898399697,1.00530041833623,120.0
14665,1760.4682872830715,1.00503200840945,120.0
14666,1760.4696761664457,1.00557307148034,120.0
14667,1760.4710650498203,1.00606535409184,120.0
14668,1760.4724539331944,1.00602025657046,120.0
14669,1760.4738428165697,1.00611929092258,120.0
14670,1760.4752316999447,1.00610251074783,120.0
14671,1760.4766205830863,1.00582926233801,120.0
14672,1760.478009466461,1.00534856093328,120.0
14673,1760.4793983498353,1.00531644422013,120.0
14674,1760.4807872332096,1.00497035907546,120.0
14675,1760.4821761165842,1.00534246027936,120.0
14676,1760.4835649999584,1.00560137205945,120.0
14677,1760.4849538833328,1.00529411969395,120.0
14678,1760.4863427667071,1.00561902800089,120.0
14679,1760.4877316500815,1.00580231052026,120.0
14680,1760.4891205334563,1.00573275133068,120.0
14681,1760.4905094168305,1.00573032858916,120.0
14682,1760.491898300205,1.00559840157225,120.0
14683,1760.4932871835797,1.00521936012031,120.0
14684,1760.4946760669538,1.0053095968032,120.0
14685,1760.4960649503284,1.0049402732318,120.0
14686,1760.4974538337024,1.00548429091827,120.0
14687,1760.4988427170772,1.00547046122045,120.0
14688,1760.5002316004518,1.00506117592229,120.0
14689,1760.501620483826,1.00559336357712,120.0
14690,1760.5030093674332,1.00519389225228,120.0
14691,1760.5043982508075,1.00512506180594,120.0
14692,1760.505787134182,1.005061301174,120.0
14693,1760.5071760175567,1.00517460669443,120.0
14694,1760.5085649009309,1.00483272534942,120.0
14695,1760.5099537843055,1.00615630395635,120.0
14696,1760.5113426676799,1.00547237146455,120.0
14697,1760.5127315510542,1.00469793977351,120.0
14698,1760.5141204346617,1.0053938476023,120.0
14699,1760.5155093180358,1.00564273343332,120.0
14700,1760.5168982014104,1.00500222253548,120.0
14701,1760.5182870847848,1.0048823569918,120.0
14702,1760.5196759681592,1.00481600880755,120.0
14703,1760.5210648517666,1.00574220575531,120.0
14704,1760.5224537351407,1.00529353644188,120.0
14705,1760.5238426185151,1.00581043177262,120.0
14706,1760.52523150189,1.00596946940589,120.0
14707,1760.5266203854967,1.00517683870353,120.0
14708,1760.5280092688715,1.00548894951084,120.0
14709,1760.5293981522457,1.00514886915233,120.0
14710,1760.530787035853,1.00541498441187,120.0
14711,1760.5321759192277,1.00603024963577,120.0
14712,1760.5335648026019,1.00552435619514,120.0
14713,1760.5349536862093,1.0054105117021,120.0
14714,1760.5363425695834,1.0052919073356,120.0
14715,1760.537731452958,1.00522029562225,120.0
14716,1760.5391203365655,1.00511927169955,120.0
14717,1760.5405092199396,1.00479020763025,120.0
14718,1760.5418981033142,1.00446779104835,120.0
14719,1760.5432869869214,1.00496041281259,120.0
14720,1760.5446758702958,1.00575098871424,120.0
14721,1760.5460647539032,1.00472033993939,120.0
14722,1760.5474536372772,1.00482639202316,120.0
14723,1760.548842520652,1.00562791510771,120.0
14724,1760.5502314042592,1.0061953571866,120.0
14725,1760.5516202876336,1.00540191379894,120.0
14726,1760.553009171241,1.0046477701517,120.0
14727,1760.5543980546151,1.00559755788986,120.0
14728,1760.5557869382224,1.00507836266757,120.0
14729,1760.5571758215972,1.0058863323984,120.0
14730,1760.558564705204,1.00472372837523,120.0
14731,1760.5599535885788,1.00570109313058,120.0
14732,1760.5613424721855,1.00518944427948,120.0
14733,1760.5627313555603,1.00500779552437,120.0
14734,1760.5641202391676,1.00610597880275,120.0
14735,1760.5655091225428,1.0054022577129,120.0
14736,1760.5668980061507,1.00510402704252,120.0
14737,1760.568286889758,1.00461235703953,120.0
14738,1760.5696757731323,1.00582946073185,120.0
14739,1760.5710646567395,1.00482583288733,120.0
14740,1760.5724535401139,1.00494222051825,120.0
14741,1760.573842423721,1.00563411898379,120.0
14742,1760.5752313073283,1.00544333573632,120.0
14743,1760.576620190703,1.00527617252014,120.0
14744,1760.5780090743103,1.00518618201429,120.0
14745,1760.5793979579173,1.0050977989551,120.0
14746,1760.580786841292,1.00475604600369,120.0
14747,1760.5821757248991,1.00542311293794,120.0
14748,1760.5835646085063,1.00449979182363,120.0
14749,1760.5849534918807,1.00508230941438,120.0
14750,1760.586342375488,1.00486169292587,120.0
14751,1760.587731259095,1.00490461056491,120.0
14752,1760.589120142469,1.00555018936873,120.0
14753,1760.5905090260756,1.00504026542673,120.0
14754,1760.5918979096828,1.00462154640975,120.0
14755,1760.59328679329,1.00492628264287,120.0
14756,1760.5946756766643,1.00546946109659,120.0
14757,1760.596064560272,1.00517909040328,120.0
14758,1760.5974534438787,1.0059557817893,120.0
14759,1760.5988423274864,1.00454507880234,120.0
14760,1760.6002312110936,1.00475911976853,120.0
14761,1760.601620094468,1.00512973646522,120.0
14762,1760.6030089780754,1.00500698485699,120.0
14763,1760.6057867452898,1.00482606573356,120.0
14764,1760.607175628897,1.00491421642473,120.0
14765,1760.6085645125042,1.00467356759811,120.0
14766,1760.6099533961117,1.00560397976886,120.0
14767,1760.6113422797187,1.00490068674845,120.0
14768,1760.6127311630933,1.00559460437065,120.0
14769,1760.6141200467005,1.00504185037399,120.0
14770,1760.6155089303077,1.00526023196416,120.0
14771,1760.616897813915,1.00437275953585,120.0
14772,1760.618286697522,1.00493395221677,120.0
14773,1760.6196755811295,1.00499262582084,120.0
14774,1760.6210644647367,1.00377195752512,120.0
14775,1760.622453348344,1.00530651332037,120.0
14776,1760.6238422319511,1.00451589394695,120.0
14777,1760.6252311155583,1.0048303198366,120.0
14778,1760.6266199991655,1.00466836478752,120.0
14779,1760.6280088827732,1.00544650407922,120.0
14780,1760.62939776638,1.00521506253421,120.0
14781,1760.6307866499876,1.00524090754899,120.0
14782,1760.6321755335948,1.00487931606974,120.0
14783,1760.633564417202,1.00501320299912,120.0
14784,1760.6349533008095,1.00450620824948,120.0
14785,1760.6363421844164,1.00560611604274,120.0
14786,1760.6377310680239,1.0049910044283,120.0
14787,1760.639119951864,1.00415928568114,120.0
14788,1760.640508835471,1.00428182467471,120.0
14789,1760.6418977190783,1.00418414447943,120.0
14790,1760.6432866026855,1.00561181600049,120.0
14791,1760.6446754862927,1.00563931063853,120.0
14792,1760.6460643699,1.00539184426567,120.0
14793,1760.6474532535071,1.00536542403941,120.0
14794,1760.6488421373476,1.00568614711667,120.0
14795,1760.6502310209546,1.00482955639527,120.0
14796,1760.651619904562,1.00422958666263,120.0
14797,1760.6530087881695,1.00503416809743,120.0
14798,1760.6543976717765,1.00494316328494,120.0
14799,1760.6557865556172,1.00446968135087,120.0
14800,1760.6571754392253,1.00551406980216,120.0
14801,1760.6585643228325,1.00481287262178,120.0
14802,1760.65995320644,1.00510967510574,120.0
14803,1760.661342090047,1.00428857693856,120.0
14804,1760.6627309738872,1.00550392611649,120.0
14805,1760.6641198574944,1.00537179130485,120.0
14806,1760.6655087411016,1.0046064136648,120.0
14807,1760.6668976249418,1.00475719317584,120.0
14808,1760.6682865085488,1.00453143376481,120.0
14809,1760.6696753921563,1.00548622567223,120.0
14810,1760.6710642759963,1.00465087042928,120.0
14811,1760.6724531596035,1.00422030363831,120.0
14812,1760.6738420432107,1.00375206194281,120.0
14813,1760.6752309270507,1.00422044654676,120.0
14814,1760.676619810658,1.00400645415445,120.0
14815,1760.6780086942656,1.00464079997589,120.0
14816,1760.6793975781054,1.00419479887414,120.0
14817,1760.6807864617128,1.00424652234548,120.0
14818,1760.6821753455527,1.00397422458076,120.0
14819,1760.68356422916,1.00465955921078,120.0
14820,1760.6849531127675,1.0042627733978,120.0
14821,1760.686341996607,1.00392681091261,120.0
14822,1760.6877308802148,1.00450686108382,120.0
14823,1760.6891197640548,1.00542761782876,120.0
14824,1760.690508647662,1.00404553257047,120.0
14825,1760.6918975315023,1.00512224807116,120.0
14826,1760.6932864151092,1.00499553041022,120.0
14827,1760.6946752989495,1.00488057279247,120.0
14828,1760.6960641825567,1.00442848433852,120.0
14829,1760.6974530663967,1.00458895060086,120.0
14830,1760.698841950004,1.00440281940041,120.0
14831,1760.700230833844,1.00466824667115,120.0
14832,1760.7016197174514,1.00516943090146,120.0
14833,1760.7030086012915,1.0055955602697,120.0
14834,1760.7043974851315,1.00452858425761,120.0
14835,1760.7057863687387,1.00493052033114,120.0
14836,1760.7071752525787,1.00446778172467,120.0
14837,1760.708564136186,1.00524883931478,120.0
14838,1760.7099530200264,1.00432874083498,120.0
14839,1760.7113419038662,1.00390237689737,120.0
14840,1760.7127307874737,1.00461147587607,120.0
14841,1760.7141196713135,1.00367413241474,120.0
14842,1760.7155085551535,1.00447920254914,120.0
14843,1760.7168974387612,1.00454383018234,120.0
14844,1760.7182863226008,1.00414379590959,120.0
14845,1760.7196752064413,1.00580567897109,120.0
14846,1760.7210640900485,1.00344799814777,120.0
14847,1760.7224529738885,1.00520633443424,120.0
14848,1760.7238418577288,1.0050381642724,120.0
14849,1760.7252307413355,1.00449411014705,120.0
14850,1760.726619625176,1.00461194291252,120.0
14851,1760.728008509016,1.00428386960745,120.0
14852,1760.729397392856,1.00489824273934,120.0
14853,1760.7307862764635,1.00487145707203,120.0
14854,1760.7321751603029,1.00502768497008,120.0
14855,1760.7335640441422,1.00490502024017,120.0
14856,1760.7349529279822,1.0041238276034,120.0
14857,1760.7363418118223,1.0045050338787,120.0
14858,1760.7377306954295,1.00346296292325,120.0
14859,1760.7391195792695,1.00478349687915,120.0
14860,1760.7405084631096,1.00558397621872,120.0
14861,1760.74189734695,1.00464596056868,120.0
14862,1760.7432862307899,1.00500132792156,120.0
14863,1760.74467511463,1.00471818740254,120.0
14864,1760.74606399847,1.00423214654616,120.0
14865,1760.7474528820771,1.00490413090088,120.0
14866,1760.748841765918,1.00516695110538,120.0
14867,1760.7502306497588,1.00371707824338,120.0
14868,1760.751619533599,1.00458370666125,120.0
14869,1760.753008417439,1.00453321900896,120.0
14870,1760.7543973012791,1.00443520814441,120.0
14871,1760.7557861851194,1.00434361352239,120.0
14872,1760.7571750689592,1.00383730457659,120.0
14873,1760.7585639527995,1.00507822620392,120.0
14874,1760.7599528366395,1.0042794627659,120.0
14875,1760.7613417204795,1.00457998188875,120.0
14876,1760.7627306043198,1.0038504423342,120.0
14877,1760.7641194881596,1.00500093600955,120.0
14878,1760.7655083719999,1.00475738696503,120.0
14879,1760.76689725584,1.00504414884556,120.0
14880,1760.76828613968,1.00369081736236,120.0
14881,1760.7696750235202,1.00364849941085,120.0
14882,1760.77106390736,1.00447199121243,120.0
14883,1760.7724527912003,1.00423671802319,120.0
14884,1760.7738416750403,1.00509972480112,120.0
14885,1760.7752305588804,1.00439707577981,120.0
14886,1760.7766194427206,1.00376265576711,120.0
14887,1760.7780083267933,1.00398095198864,120.0
14888,1760.7793972106335,1.00499572852545,120.0
14889,1760.7807860944738,1.00510380992863,120.0
14890,1760.7821749783136,1.00419026225552,120.0
14891,1760.7835638621539,1.00351475948986,120.0
14892,1760.784952745994,1.00421885827801,120.0
14893,1760.786341629834,1.0046866038551,120.0
14894,1760.787730513907,1.00521313708117,120.0
14895,1760.7891193977468,1.00442533822255,120.0
14896,1760.790508281587,1.00435647297054,120.0
14897,1760.7918971654271,1.00421857091918,120.0
14898,1760.7932860492672,1.00511339061336,120.0
14899,1760.7946749333403,1.00449406498107,120.0
14900,1760.79606381718,1.00409057218792,120.0
14901,1760.7974527010203,1.00424798333599,120.0
14902,1760.7988415848606,1.00585570662804,120.0
14903,1760.8002304689333,1.00452759071054,120.0
14904,1760.8016193527735,1.0051869159104,120.0
14905,1760.803008236613,1.00424618366578,120.0
14906,1760.8043971206864,1.00475432823451,120.0
14907,1760.8057860045267,1.00402928902882,120.0
14908,1760.8071748883665,1.00487372038801,120.0
14909,1760.8085637722068,1.00462174360554,120.0
14910,1760.8099526562792,1.00463699209715,120.0
14911,1760.8113415401197,1.00370357604139,120.0
14912,1760.8127304241928,1.00435754396711,120.0
14913,1760.8141193080323,1.00418566258185,120.0
14914,1760.8155081918728,1.00380016703101,120.0
14915,1760.8168970759457,1.00442611104022,120.0
14916,1760.8182859597855,1.00397181474924,120.0
14917,1760.8196748438588,1.00378672861756,120.0
14918,1760.8210637276986,1.00528432166017,120.0
14919,1760.822452611539,1.00414356387228,120.0
14920,1760.8238414956115,1.00368851560142,120.0
14921,1760.8252303794518,1.00399802889744,120.0
14922,1760.826619263525,1.00404745199455,120.0
14923,1760.8280081473647,1.00406192040713,120.0
14924,1760.8293970314376,1.00446184030757,120.0
14925,1760.830785915278,1.00454202524568,120.0
14926,1760.8321747993507,1.00394340364371,120.0
14927,1760.8335636831907,1.00435373004541,120.0
14928,1760.8349525672636,1.00471838470427,120.0
14929,1760.8363414511039,1.0044916883073,120.0
14930,1760.8377303351767,1.00472846303188,120.0
14931,1760.8391192190177,1.00418533918877,120.0
14932,1760.8405081030912,1.00373029274224,120.0
14933,1760.8418969869313,1.00414070094205,120.0
14934,1760.843285871004,1.00434005080387,120.0
14935,1760.8446747550772,1.00420066106748,120.0
14936,1760.846063638917,1.00382216140663,120.0
14937,1760.84745252299,1.00380621203747,120.0
14938,1760.84884140683,1.00442843070297,120.0
14939,1760.850230290903,1.00439202822022,120.0
14940,1760.851619174976,1.0048293963569,120.0
14941,1760.853008058816,1.00447965448392,120.0
14942,1760.854396942889,1.00540728704286,120.0
14943,1760.855785826962,1.00383474682911,120.0
14944,1760.857174710802,1.00407477764794,120.0
14945,1760.858563594875,1.004431998343,120.0
14946,1760.8599524789477,1.00307445758584,120.0
14947,1760.8613413630208,1.0042435460694,120.0
14948,1760.862730246861,1.00445657661587,120.0
14949,1760.8641191309337,1.00349105711669,120.0
14950,1760.8655080150068,1.0043034429322,120.0
14951,1760.8668968990792,1.00384004421436,120.0
14952,1760.8682857829197,1.00327463303929,120.0
14953,1760.8696746669928,1.0038755406082,120.0
14954,1760.8710635510652,1.00396377347468,120.0
14955,1760.8724524351385,1.00513533928682,120.0
14956,1760.8738413189783,1.00398191184512,120.0
14957,1760.8752302030512,1.00354543381233,120.0
14958,1760.8766190871245,1.00520973196377,120.0
14959,1760.8780079711971,1.00454736894159,120.0
14960,1760.8793968552702,1.00586180638376,120.0
14961,1760.880785739343,1.00340817001689,120.0
14962,1760.8821746231831,1.0049516845193,120.0
14963,1760.8835635072562,1.00487195057494,120.0
14964,1760.8849523913289,1.00455956142877,120.0
14965,1760.886341275402,1.00378009438435,120.0
14966,1760.887730159475,1.00315048786053,120.0
14967,1760.8891190435472,1.00413299311994,120.0
14968,1760.8905079276194,1.00434959896944,120.0
14969,1760.891896811692,1.00328954605926,120.0
14970,1760.8932856957651,1.00412938711588,120.0
14971,1760.8946745798382,1.00419285210261,120.0
14972,1760.8960634639109,1.00359421586474,120.0
14973,1760.897452347984,1.00336704360125,120.0
14974,1760.8988412320566,1.00333243520937,120.0
14975,1760.9002301161297,1.00356191639983,120.0
14976,1760.9016190002028,1.00392557608265,120.0
14977,1760.9030078842754,1.00433733798912,120.0
14978,1760.9043967683483,1.00335523748354,120.0
14979,1760.9057856524212,1.00326318733378,120.0
14980,1760.9071745364943,1.00363356319706,120.0
14981,1760.9085634205671,1.00344515343091,120.0
14982,1760.90995230464,1.00454283338274,120.0
14983,1760.911341188713,1.00448848667977,120.0
14984,1760.912730072786,1.00460013228292,120.0
14985,1760.9141189568588,1.00346030825118,120.0
14986,1760.915507840932,1.00395899249376,120.0
14987,1760.9168967250043,1.0042054416374,120.0
14988,1760.9182856090777,1.00336648088279,120.0
14989,1760.9196744933831,1.00439955490679,120.0
14990,1760.9210633774562,1.00392891351889,120.0
14991,1760.922452261529,1.00405312003298,120.0
14992,1760.923841145602,1.00410924827907,120.0
14993,1760.925230029675,1.00371172605784,120.0
14994,1760.926618913748,1.00386270032869,120.0
14995,1760.9280077980536,1.0039413748229,120.0
14996,1760.9293966821267,1.00365181029134,120.0
14997,1760.9307855662003,1.00376996678762,120.0
14998,1760.9321744502738,1.00468722268982,120.0
14999,1760.933563334347,1.00363384461199,120.0
15000,1760.9349522186524,1.00317480315254,120.0
15001,1760.9363411027255,1.00374199450769,120.0
15002,1760.9377299867983,1.00416352605343,120.0
15003,1760.9391188708712,1.00361972426756,120.0
15004,1760.9405077551771,1.00395208274529,120.0
15005,1760.9418966392495,1.0043123831538,120.0
15006,1760.9432855233229,1.00290303352807,120.0
15007,1760.9446744076283,1.00427329273605,120.0
15008,1760.9460632917014,1.00429839881291,120.0
15009,1760.9474521757743,1.00431680930839,120.0
15010,1760.94884106008,1.00311935270715,120.0
15011,1760.950229944153,1.00429856141951,120.0
15012,1760.951618828226,1.00402700634167,120.0
15013,1760.9530077125316,1.00341405781421,120.0
15014,1760.9543965966047,1.00400739289166,120.0
15015,1760.9557854806772,1.00427444570823,120.0
15016,1760.9571743649833,1.00408670943383,120.0
15017,1760.9585632490564,1.00376960732296,120.0
15018,1760.9599521333619,1.00461269374405,120.0
15019,1760.9613410174347,1.0043909278517,120.0
15020,1760.9627299017404,1.00338932911042,120.0
15021,1760.9641187858135,1.00356242756854,120.0
15022,1760.9655076701195,1.00382018777759,120.0
15023,1760.966896554192,1.00426801385638,120.0
15024,1760.9682854382652,1.00415901972977,120.0
15025,1760.9696743225709,1.0043867806612,120.0
15026,1760.9710632066435,1.00395987207904,120.0
15027,1760.9724520909497,1.00332192503466,120.0
15028,1760.9738409750223,1.0034832154975,120.0
15029,1760.9752298593282,1.00436921274138,120.0
15030,1760.976618743634,1.00375246456138,120.0
15031,1760.9780076277068,1.00342592113726,120.0
15032,1760.9793965120127,1.00366396789368,120.0
15033,1760.9807853960851,1.00357277141434,120.0
15034,1760.9821742803913,1.00403718256211,120.0
15035,1760.9835631644644,1.00373706420413,120.0
15036,1760.9849520487699,1.00354258760589,120.0
15037,1760.9863409330756,1.00443643816673,120.0
15038,1760.9877298171484,1.00287065475504,120.0
15039,1760.9891187014543,1.00314033770575,120.0
15040,1760.9905075855274,1.0040486889707,120.0
15041,1760.991896469833,1.0035411715134,120.0
15042,1760.9932853541388,1.00304711741883,120.0
15043,1760.9946742382117,1.00395081516934,120.0
15044,1760.9960631225174,1.00364786109306,120.0
15045,1760.997452006823,1.00339812402024,120.0
15046,1760.9988408911288,1.00426162529021,120.0
15047,1761.000229775202,1.00367689606067,120.0
15048,1761.0016186595076,1.00346014908279,120.0
15049,1761.0030075438133,1.00280424851066,120.0
15050,1761.0043964278864,1.00377829010408,120.0
15051,1761.0057853121918,1.00375700558162,120.0
15052,1761.0071741964975,1.00315834074175,120.0
15053,1761.0085630808035,1.00355940500607,120.0
15054,1761.0099519648763,1.00377164382787,120.0
15055,1761.0113408491823,1.0027400600055,120.0
15056,1761.0127297334875,1.00452505342821,120.0
15057,1761.0141186177937,1.00346113085029,120.0
15058,1761.0155075020996,1.00345092365833,120.0
15059,1761.016896386405,1.00345698335211,120.0
15060,1761.018285270478,1.00386097035905,120.0
15061,1761.0196741547836,1.00498342169996,120.0
15062,1761.0210630390895,1.00363783843684,120.0
15063,1761.022451923396,1.00522538222813,120.0
15064,1761.0238408077023,1.00363836125402,120.0
15065,1761.0252296920082,1.00348324536877,120.0
15066,1761.026618576314,1.00347955801511,120.0
15067,1761.0280074606196,1.00315884619889,120.0
15068,1761.0293963446927,1.00363127187845,120.0
15069,1761.030785228998,1.0044287917478,120.0
15070,1761.032174113304,1.00262694585147,120.0
15071,1761.0335629976098,1.00279181902167,120.0
15072,1761.0349518819155,1.00303608074258,120.0
15073,1761.0363407662214,1.00296133996911,120.0
15074,1761.037729650527,1.00291143299668,120.0
15075,1761.0391185348328,1.00288429240669,120.0
15076,1761.0405074191387,1.00330734328465,120.0
15077,1761.0418963034442,1.00341069569459,120.0
15078,1761.04328518775,1.00315008866963,120.0
15079,1761.0446740720556,1.00336058628435,120.0
15080,1761.0460629563615,1.00340231062539,120.0
15081,1761.0474518406675,1.00360471004891,120.0
15082,1761.0488407249727,1.00359273872472,120.0
15083,1761.0502296092789,1.00380504180595,120.0
15084,1761.0516184935843,1.003387494265,120.0
15085,1761.0530073778903,1.00325322822058,120.0
15086,1761.054396262429,1.00370262924408,120.0
15087,1761.0557851467345,1.00313610161498,120.0
15088,1761.0571740310404,1.00283755269511,120.0
15089,1761.058562915346,1.00295234534687,120.0
15090,1761.0599517996518,1.00362196321376,120.0
15091,1761.0613406839575,1.00353943924009,120.0
15092,1761.0627295682632,1.00388030126999,120.0
15093,1761.064118452802,1.00336072952864,120.0
15094,1761.0655073371067,1.00387606962931,120.0
15095,1761.066896221412,1.00331508017505,120.0
15096,1761.068285105718,1.00449451258606,120.0
15097,1761.0696739900231,1.00340873081686,120.0
15098,1761.0710628743293,1.00286030125835,120.0
15099,1761.0724517588678,1.00313267582421,120.0
15100,1761.0738406431735,1.00274367430085,120.0
15101,1761.0752295274795,1.00401759541905,120.0
15102,1761.0766184117847,1.00307942662611,120.0
15103,1761.0780072963237,1.00371992021974,120.0
15104,1761.0793961806296,1.00389514376146,120.0
15105,1761.080785064935,1.00375387001997,120.0
15106,1761.0821739494738,1.00272256285185,120.0
15107,1761.0835628337793,1.00271578093879,120.0
15108,1761.0849517180852,1.00339877671646,120.0
15109,1761.0863406023911,1.00375334401782,120.0
15110,1761.0877294869294,1.003536522979,120.0
15111,1761.0891183712351,1.00302228874832,120.0
15112,1761.090507255541,1.00268606438116,120.0
15113,1761.0918961400796,1.00396085674424,120.0
15114,1761.0932850243855,1.00286876809702,120.0
15115,1761.0946739089238,1.00379047921656,120.0
15116,1761.0960627932295,1.0031813567208,120.0
15117,1761.0974516775354,1.00337122795206,120.0
15118,1761.098840562074,1.00301579131772,120.0
15119,1761.10022944638,1.00274511713575,120.0
15120,1761.1016183309182,1.00331932594662,120.0
15121,1761.103007215224,1.00328846074803,120.0
15122,1761.1043960995298,1.0029712366231,120.0
15123,1761.1057849840684,1.00281976959163,120.0
15124,1761.1071738683743,1.00335712265786,120.0
15125,1761.1085627529123,1.00359480593661,120.0
15126,1761.1099516372185,1.00298203874212,120.0
15127,1761.1113405217573,1.00372038482803,120.0
15128,1761.1127294060627,1.00365476202276,120.0
15129,1761.114118290602,1.00287431631136,120.0
15130,1761.1155071749083,1.00263651784633,120.0
15131,1761.116896059447,1.00339355203651,120.0
15132,1761.118284943753,1.00330032381546,120.0
15133,1761.1196738282913,1.00277961415192,120.0
15134,1761.12106271283,1.00296127529966,120.0
15135,1761.1224515971355,1.00334883080107,120.0
15136,1761.1238404816743,1.00306822851753,120.0
15137,1761.1252293659802,1.00408033699185,120.0
15138,1761.1266182505185,1.00277257299892,120.0
15139,1761.1280071350573,1.00376416941893,120.0
15140,1761.1293960193627,1.00292272786227,120.0
15141,1761.1307849039015,1.00270152079425,120.0
15142,1761.1321737882074,1.00329430103538,120.0
15143,1761.1335626727457,1.00384424987638,120.0
15144,1761.1349515572845,1.00296484756953,120.0
15145,1761.1363404415904,1.00347388243792,120.0
15146,1761.1377293261287,1.00336591964879,120.0
15147,1761.1391182106674,1.00272825657648,120.0
15148,1761.1405070952055,1.0036783016397,120.0
15149,1761.1418959795117,1.00281548365905,120.0
15150,1761.1432848640504,1.00361601946742,120.0
15151,1761.1446737485887,1.00321775301151,120.0
15152,1761.1460626328947,1.00246998685957,120.0
15153,1761.1474515174332,1.00255551656824,120.0
15154,1761.1488404019717,1.00348421175822,120.0
15155,1761.1502292865105,1.0024386062236,120.0
15156,1761.151618170816,1.00329114851901,120.0
15157,1761.1530070553547,1.00319973201017,120.0
15158,1761.1543959398932,1.00374946314027,120.0
15159,1761.1557848244315,1.00270353508892,120.0
15160,1761.1571737089705,1.00291364922389,120.0
15161,1761.1585625935088,1.00291751064545,120.0
15162,1761.1599514778147,1.00233136706237,120.0
15163,1761.1613403623533,1.00284452743321,120.0
15164,1761.1627292468916,1.00320952950974,120.0
15165,1761.1641181314303,1.00324989490861,120.0
15166,1761.1655070159688,1.00375208727186,120.0
15167,1761.1668959005076,1.00299411641116,120.0
15168,1761.1682847850464,1.00278723091088,120.0
15169,1761.1696736693518,1.00265972576686,120.0
15170,1761.1710625538904,1.00300143344707,120.0
15171,1761.1724514384289,1.00304200478591,120.0
15172,1761.1738403229676,1.00260983306396,120.0
15173,1761.1752292075064,1.0021389717501,120.0
15174,1761.1766180920447,1.00295932497778,120.0
15175,1761.1780069765834,1.00354244756387,120.0
15176,1761.179395861122,1.0023566435764,120.0
15177,1761.1807847456605,1.00312067960337,120.0
15178,1761.1821736301993,1.00281013235923,120.0
15179,1761.1835625147376,1.00276786869802,120.0
15180,1761.1849513992763,1.00249574447479,120.0
15181,1761.1863402838148,1.00341360730533,120.0
15182,1761.1877291683531,1.003126632614,120.0
15183,1761.189118052892,1.00300623705752,120.0
15184,1761.1905069374304,1.00319948289542,120.0
15185,1761.1918958219692,1.00307983891711,120.0
15186,1761.1932847065077,1.00299378043559,120.0
15187,1761.1946735910462,1.00308656795012,120.0
15188,1761.1960624758178,1.00324758092016,120.0
15189,1761.197451360356,1.0022472094093,120.0
15190,1761.1988402448949,1.00328946478142,120.0
15191,1761.2002291294336,1.00328270690148,120.0
15192,1761.201618013972,1.00267354851999,120.0
15193,1761.2030068985107,1.00313860427017,120.0
15194,1761.2043957830488,1.00333264083013,120.0
15195,1761.2057846675884,1.00336514413776,120.0
15196,1761.2071735523607,1.00306885787114,120.0
15197,1761.208562436899,1.0034879043482,120.0
15198,1761.2099513214375,1.00260784286553,120.0
15199,1761.2113402059763,1.00276611554936,120.0
15200,1761.2127290905148,1.00365572115753,120.0
15201,1761.2141179752864,1.00238268426932,120.0
15202,1761.2155068598247,1.00191437477264,120.0
15203,1761.2168957443635,1.00247712508526,120.0
15204,1761.218284628902,1.00293058101799,120.0
15205,1761.2196735136731,1.00306700874485,120.0
15206,1761.221062398212,1.0027114583349,120.0
15207,1761.2224512827504,1.00313985024654,120.0
15208,1761.2238401672892,1.00305046252645,120.0
15209,1761.2252290520607,1.00272375774776,120.0
15210,1761.226617936599,1.00242695773031,120.0
15211,1761.2280068211378,1.00294788819903,120.0
15212,1761.2293957059087,1.00330827588674,120.0
15213,1761.2307845904477,1.00293964882677,120.0
15214,1761.2321734749864,1.00303671644749,120.0
15215,1761.2335623597576,1.00265317782956,120.0
15216,1761.2349512442963,1.00302200574231,120.0
15217,1761.2363401288349,1.00232648616246,120.0
15218,1761.2377290136062,1.00231098716793,120.0
15219,1761.2391178981447,1.00290519252454,120.0
15220,1761.2405067826833,1.00208306603951,120.0
15221,1761.2418956674549,1.00260636555759,120.0
15222,1761.2432845519932,1.00355134943719,120.0
15223,1761.2446734367647,1.00304936092226,120.0
15224,1761.2460623213035,1.00332200845662,120.0
15225,1761.2474512060746,1.00252191178549,120.0
15226,1761.2488400906132,1.0028088692031,120.0
15227,1761.2502289753847,1.00213679904366,120.0
15228,1761.2516178599233,1.00310172819555,120.0
15229,1761.253006744462,1.00239479996335,120.0
15230,1761.2543956292332,1.00220528065871,120.0
15231,1761.255784513772,1.00258551897189,120.0
15232,1761.2571733985435,1.00295830784491,120.0
15233,1761.2585622833146,1.00262047383402,120.0
15234,1761.2599511678532,1.00268655506397,120.0
15235,1761.2613400526243,1.00284796505997,120.0
15236,1761.2627289371633,1.00262990376489,120.0
15237,1761.2641178219349,1.00232309536072,120.0
15238,1761.2655067064732,1.00218674655007,120.0
15239,1761.2668955912447,1.00222077879082,120.0
15240,1761.2682844757833,1.00310993305292,120.0
15241,1761.2696733605546,1.00278435672422,120.0
15242,1761.2710622453253,1.00261848155242,120.0
15243,1761.2724511298632,1.00163391464223,120.0
15244,1761.2738400146347,1.00204589692274,120.0
15245,1761.275228899406,1.00333640545201,120.0
15246,1761.2766177839446,1.00246225906375,120.0
15247,1761.2780066687162,1.00240800662549,120.0
15248,1761.2793955534871,1.00266711172659,120.0
15249,1761.280784438026,1.00271702632755,120.0
15250,1761.2821733227975,1.00220162648977,120.0
15251,1761.2835622075688,1.0024113940468,120.0
15252,1761.2849510921076,1.00254750731424,120.0
15253,1761.2863399768787,1.00181644702574,120.0
15254,1761.2877288616503,1.00208353367402,120.0
15255,1761.289117746189,1.00218063867563,120.0
15256,1761.29050663096,1.00304273863376,120.0
15257,1761.2918955157315,1.00305728311262,120.0
15258,1761.293284400503,1.00250595887961,120.0
15259,1761.2946732850417,1.00309635486148,120.0
15260,1761.2960621698132,1.00248889192046,120.0
15261,1761.2974510545853,1.0029498123143,120.0
15262,1761.298839939357,1.00223882759963,120.0
15263,1761.3002288241287,1.00264088891638,120.0
15264,1761.3016177086672,1.00261539609763,120.0
15265,1761.3030065934388,1.00262062860536,120.0
15266,1761.30439547821,1.0016324909681,120.0
15267,1761.3057843629815,1.00300667886032,120.0
15268,1761.3071732477529,1.00209502139546,120.0
15269,1761.3085621325242,1.00189841586454,120.0
15270,1761.3099510172958,1.00262034398772,120.0
15271,1761.3113399020667,1.00167451725938,120.0
15272,1761.3127287866057,1.00336265590346,120.0
15273,1761.3141176713773,1.00203359939903,120.0
15274,1761.3155065561484,1.00241554430006,120.0
15275,1761.31689544092,1.00241451964518,120.0
15276,1761.3182843256911,1.00270451283884,120.0
15277,1761.3196732104627,1.00208835545897,120.0
15278,1761.3210620952343,1.00205801369071,120.0
15279,1761.3224509800054,1.00290978525,120.0
15280,1761.323839864777,1.0026725990978,120.0
15281,1761.325228749548,1.00276311087371,120.0
15282,1761.3266176343195,1.00302587105125,120.0
15283,1761.328006519091,1.00192463308727,120.0
15284,1761.3293954038625,1.00180182412558,120.0
15285,1761.330784288634,1.00268420584084,120.0
15286,1761.3321731734054,1.00195396976148,120.0
15287,1761.3335620581768,1.00108840070128,120.0
15288,1761.3349509429484,1.00249590389609,120.0
15289,1761.3363398277195,1.00275062943371,120.0
15290,1761.337728712491,1.00230988240081,120.0
15291,1761.3391175972624,1.00170130688183,120.0
15292,1761.3405064820336,1.00274392777979,120.0
15293,1761.3418953668051,1.00243263832879,120.0
15294,1761.343284251809,1.00151868340586,120.0
15295,1761.3446731365807,1.00191755108687,120.0
15296,1761.3460620213525,1.00138016953005,120.0
15297,1761.3474509061236,1.00187942678752,120.0
15298,1761.3488397908952,1.00108767251748,120.0
15299,1761.3502286756664,1.00167699190036,120.0
15300,1761.351617560438,1.00166424512735,120.0
15301,1761.3530064454424,1.00266011929939,120.0
15302,1761.3543953302135,1.00252940947058,120.0
15303,1761.355784214985,1.00254908717296,120.0
15304,1761.3571730997562,1.0023152923493,120.0
15305,1761.3585619845278,1.00143131168018,120.0
15306,1761.3599508695322,1.00141682771509,120.0
15307,1761.3613397543031,1.00232014408259,120.0
15308,1761.3627286390747,1.00202986633678,120.0
15309,1761.3641175238463,1.00136841203795,120.0
15310,1761.3655064088505,1.00196565051131,120.0
15311,1761.366895293622,1.00253984473281,120.0
15312,1761.3682841783932,1.00152062807781,120.0
15313,1761.3696730631648,1.00221084766675,120.0
15314,1761.3710619481687,1.00210571688139,120.0
15315,1761.3724508329403,1.00216721394602,120.0
15316,1761.373839717712,1.00130630485282,120.0
15317,1761.3752286027159,1.00177890861407,120.0
15318,1761.3766174874875,1.00139731526661,120.0
15319,1761.378006372259,1.00177642763018,120.0
15320,1761.379395257263,1.0016062662693,120.0
15321,1761.3807841420346,1.00096913385801,120.0
15322,1761.3821730268055,1.00113661800029,120.0
15323,1761.38356191181,1.00121926339616,120.0
15324,1761.3849507965815,1.00229177040565,120.0
15325,1761.3863396813529,1.00155173096801,120.0
15326,1761.3877285663573,1.00120592109343,120.0
15327,1761.389117451129,1.00154287117569,120.0
15328,1761.390506336134,1.00130674745236,120.0
15329,1761.3918952209056,1.00286556156342,120.0
15330,1761.3932841059095,1.00205431168642,120.0
15331,1761.394672990681,1.00173661677349,120.0
15332,1761.3960618756855,1.00197186730377,120.0
15333,1761.3974507604569,1.00100850317874,120.0
15334,1761.3988396454613,1.00197223551289,120.0
15335,1761.4002285302324,1.00134333238995,120.0
15336,1761.401617415004,1.00102920837646,120.0
15337,1761.4030063000084,1.00149170762067,120.0
15338,1761.4043951850124,1.00170827481705,120.0
15339,1761.405784069784,1.00146427893309,120.0
15340,1761.407172954788,1.00178723410906,120.0
15341,1761.4085618395595,1.00158223903109,120.0
15342,1761.409950724564,1.00100593508791,120.0
15343,1761.411339609335,1.00178201923895,120.0
15344,1761.4127284943395,1.00177577851756,120.0
15345,1761.4141173791106,1.0028798258274,120.0
15346,1761.415506264115,1.00148481007367,120.0
15347,1761.4168951491195,1.00110159587247,120.0
15348,1761.4182840338904,1.00164510368149,120.0
15349,1761.419672918895,1.00155542906539,120.0
15350,1761.4210618038992,1.00192018119703,120.0
15351,1761.4224506886703,1.00186107995668,120.0
15352,1761.4238395736747,1.00207067194152,120.0
15353,1761.425228458446,1.00138314030899,120.0
15354,1761.4266173434503,1.00138039721088,120.0
15355,1761.4280062284547,1.00172214446998,120.0
15356,1761.429395113459,1.00197100521224,120.0
15357,1761.4307839982305,1.00102776902695,120.0
15358,1761.4321728832344,1.00164223364741,120.0
15359,1761.4335617682389,1.0031681996219,120.0
15360,1761.4349506530104,1.00224494935408,120.0
15361,1761.4363395380144,1.00154646140324,120.0
15362,1761.4377284230188,1.00140387292853,120.0
15363,1761.4391173080228,1.00192984328729,120.0
15364,1761.4405061927944,1.00131563784767,120.0
15365,1761.4418950777988,1.00205231257877,120.0
15366,1761.4432839628028,1.00199850677653,120.0
15367,1761.4446728478072,1.00055331292843,120.0
15368,1761.4460617328111,1.00253416020047,120.0
15369,1761.4474506175827,1.00136629674205,120.0
15370,1761.4488395025871,1.00123005357638,120.0
15371,1761.450228387591,1.00169482630757,120.0
15372,1761.4516172725955,1.00081955207286,120.0
15373,1761.4530061575997,1.00214332401762,120.0
15374,1761.454395042604,1.00098089758105,120.0
15375,1761.4557839273755,1.00174691159775,120.0
15376,1761.4571728123794,1.00343458191849,120.0
15377,1761.4585616973839,1.00185812746972,120.0
15378,1761.459950582388,1.00175400947625,120.0
15379,1761.4613394673922,1.00133735474675,120.0
15380,1761.4627283523967,1.0008423618642,120.0
15381,1761.4641172374006,1.00090384647371,120.0
15382,1761.465506122405,1.00108186817385,120.0
15383,1761.4668950074094,1.00136613828529,120.0
15384,1761.4682838924134,1.00138171806645,120.0
15385,1761.4696727774178,1.0017292662166,120.0
15386,1761.4710616624216,1.00112428562136,120.0
15387,1761.4724505474262,1.00250212546307,120.0
15388,1761.4738394324306,1.00094341940905,120.0
15389,1761.4752283174344,1.00045002381814,120.0
15390,1761.476617202439,1.00169908408591,120.0
15391,1761.4780060874427,1.00067600377777,120.0
15392,1761.4793949724472,1.00112366853545,120.0
15393,1761.4807838574523,1.00113840472143,120.0
15394,1761.4821727424571,1.00180171966148,120.0
15395,1761.4835616274615,1.00181568469161,120.0
15396,1761.4849505124655,1.00125257794803,120.0
15397,1761.48633939747,1.0015872340215,120.0
15398,1761.4877282824743,1.00166192353396,120.0
15399,1761.4891171674783,1.00137495515841,120.0
15400,1761.4905060524827,1.00158200139114,120.0
15401,1761.4918949374871,1.00115347413909,120.0
15402,1761.493283822491,1.00107416555972,120.0
15403,1761.4946727074955,1.00110476846512,120.0
15404,1761.4960615927323,1.0009506554302,120.0
15405,1761.4974504777367,1.00138307264246,120.0
15406,1761.4988393627411,1.00141936707181,120.0
15407,1761.500228247745,1.00132413194664,120.0
15408,1761.5016171327495,1.00163635969861,120.0
15409,1761.5030060177535,1.00077236510245,120.0
15410,1761.5043949029907,1.00164430913406,120.0
15411,1761.5057837879951,1.00132675682053,120.0
15412,1761.507172672999,1.00160519321616,120.0
15413,1761.5085615580035,1.00160780476781,120.0
15414,1761.5099504430077,1.00103091636213,120.0
15415,1761.5113393282447,1.00053852167365,120.0
15416,1761.5127282132491,1.00126667854124,120.0
15417,1761.514117098253,1.00188542842169,120.0
15418,1761.5155059834904,1.00122398046389,120.0
15419,1761.5168948684943,1.0016079636483,120.0
15420,1761.5182837534987,1.00203658990473,120.0
15421,1761.5196726385032,1.00088814101917,120.0
15422,1761.52106152374,1.00148078288131,120.0
15423,1761.5224504087444,1.00140343273333,120.0
15424,1761.5238392937479,1.00077746740013,120.0
15425,1761.5252281789842,1.00163793772869,120.0
15426,1761.5266170639886,1.00103482785086,120.0
15427,1761.5280059489924,1.00148616693716,120.0
15428,1761.5293948342298,1.00099161182095,120.0
15429,1761.5307837192343,1.00117410203945,120.0
15430,1761.5321726042382,1.00117443175799,120.0
15431,1761.5335614894755,1.00109843821803,120.0
15432,1761.5349503744794,1.00093975540225,120.0
15433,1761.5363392597167,1.00056982018631,120.0
15434,1761.537728144721,1.00138592745541,120.0
15435,1761.539117029725,1.00148824915394,120.0
15436,1761.5405059149623,1.00157863028612,120.0
15437,1761.5418947999665,1.00145460339263,120.0
15438,1761.5432836852035,1.00166402835402,120.0
15439,1761.544672570208,1.00087869132764,120.0
15440,1761.5460614554447,1.00157850056532,120.0
15441,1761.5474503404491,1.00088791875657,120.0
15442,1761.548839225686,1.00124381691931,120.0
15443,1761.5502281106903,1.00061223426756,120.0
15444,1761.5516169959276,1.00076590027682,120.0
15445,1761.5530058809316,1.00066994113502,120.0
15446,1761.5543947661688,1.00045207954047,120.0
15447,1761.5557836511728,1.00100743624705,120.0
15448,1761.55717253641,1.00111815801801,120.0
15449,1761.5585614214144,1.00085312927991,120.0
15450,1761.5599503066512,1.00140675965813,120.0
15451,1761.5613391916556,1.00150369498255,120.0
15452,1761.5627280768929,1.00066333907141,120.0
15453,1761.5641169621297,1.00174562569669,120.0
15454,1761.565505847134,1.00142095942525,120.0
15455,1761.5668947323709,1.00084960686522,120.0
15456,1761.5682836173753,1.00073001849079,120.0
15457,1761.5696725026123,1.00083592167375,120.0
15458,1761.571061387849,1.0014832520475,120.0
15459,1761.5724502728542,1.00125820998466,120.0
15460,1761.573839158092,1.00139502382324,120.0
15461,1761.5752280433292,1.00170284505221,120.0
15462,1761.5766169283336,1.00066994346194,120.0
15463,1761.5780058135704,1.00151349016817,120.0
15464,1761.5793946988076,1.00039786161134,120.0
15465,1761.5807835838118,1.00122875163586,120.0
15466,1761.5821724690488,1.00153971502324,120.0
15467,1761.583561354286,1.00102855991592,120.0
15468,1761.5849502395229,1.00158339055594,120.0
15469,1761.5863391245273,1.00096194293088,120.0
15470,1761.5877280097643,1.00136719927023,120.0
15471,1761.589116895001,1.00123146655172,120.0
15472,1761.5905057802383,1.0002950496401,120.0
15473,1761.5918946652423,1.00125323638202,120.0
15474,1761.5932835504796,1.00120351121417,120.0
15475,1761.594672435717,1.00103064679179,120.0
15476,1761.5960613209538,1.00135321937308,120.0
15477,1761.5974502059582,1.00127166305669,120.0
15478,1761.5988390911953,1.00018812297022,120.0
15479,1761.6002279764323,1.00147070377408,120.0
15480,1761.6016168616695,1.00117524248613,120.0
15481,1761.6030057469063,1.00041161284435,120.0
15482,1761.6043946321436,1.00141965896107,120.0
15483,1761.6057835171475,1.000693633862,120.0
15484,1761.6071724023848,1.00047834531952,120.0
15485,1761.608561287622,1.00135011866655,120.0
15486,1761.6099501728588,1.00058025733047,120.0
15487,1761.611339058096,1.00076172967263,120.0
15488,1761.612727943333,1.00071576597025,120.0
15489,1761.61411682857,1.00115501795089,120.0
15490,1761.6155057138071,1.00054783023646,120.0
15491,1761.616894599044,1.00104407082513,120.0
15492,1761.6182834842812,1.00109271339151,120.0
15493,1761.6196723695186,1.00085020330153,120.0
15494,1761.6210612547554,1.00087341727948,120.0
15495,1761.6224501397598,1.00099262764373,120.0
15496,1761.6238390249966,1.00165578024572,120.0
15497,1761.625227910234,1.00092538895269,120.0
15498,1761.6266167954711,1.00110926181553,120.0
15499,1761.628005680708,1.00108440493722,120.0
15500,1761.6293945659452,1.00080377556863,120.0
15501,1761.6307834511822,1.00022254416336,120.0
15502,1761.632172336652,1.00131475119207,120.0
15503,1761.6335612218893,1.00039731688655,120.0
15504,1761.634950107126,1.0005122667564,120.0
15505,1761.636338992363,1.00070340366162,120.0
15506,1761.6377278776004,0.9996932420316,120.0
15507,1761.6391167628371,1.00087837397376,120.0
15508,1761.6405056480746,1.00014529338851,120.0
15509,1761.6418945333114,1.00031433990183,120.0
15510,1761.6432834185487,1.0007648247093,120.0
15511,1761.6446723037857,1.0004374360812,120.0
15512,1761.6460611890227,0.99956662839969,120.0
15513,1761.64745007426,1.00080038322243,120.0
15514,1761.6488389597296,1.00029658162724,120.0
15515,1761.6502278449668,0.99983379516776,120.0
15516,1761.651616730204,1.00081558487087,120.0
15517,1761.6530056154409,1.00068375806943,120.0
15518,1761.654394500678,1.00094208483307,120.0
15519,1761.655783385915,1.00006038217791,120.0
15520,1761.6571722713848,1.00023258974122,120.0
15521,1761.6585611566222,1.00103327381087,120.0
15522,1761.659950041859,1.00060194373843,120.0
15523,1761.6613389270963,1.00112146894508,120.0
15524,1761.6627278123333,1.00062887192016,120.0
15525,1761.664116697804,1.00012181676873,120.0
15526,1761.6655055830415,1.00047667289021,120.0
15527,1761.6668944682783,1.00048205253843,120.0
15528,1761.6682833535156,1.00019432435312,120.0
15529,1761.6696722389856,1.00041721071289,120.0
15530,1761.6710611242227,1.00065518151991,120.0
15531,1761.67245000946,1.00054829699216,120.0
15532,1761.6738388949295,0.99993683177101,120.0
15533,1761.6752277801668,1.00164385669067,120.0
15534,1761.676616665404,1.00155875489328,120.0
15535,1761.6780055508736,1.00026558716674,120.0
15536,1761.679394436111,1.00086828290965,120.0
15537,1761.6807833213477,1.00030854149228,120.0
15538,1761.6821722068175,1.00096461254309,120.0
15539,1761.683561092055,1.00054995094558,120.0
15540,1761.6849499772918,1.0008073099623,120.0
15541,1761.6863388627619,1.00016011820209,120.0
15542,1761.687727747999,1.00032281667793,120.0
15543,1761.6891166334688,1.00192617761408,120.0
15544,1761.690505518706,1.00023127940727,120.0
15545,1761.6918944039428,1.00069518594518,120.0
15546,1761.6932832894129,1.00072685631789,120.0
15547,1761.69467217465,1.00085407042643,120.0
15548,1761.6960610601195,1.00023947220922,120.0
15549,1761.6974499453568,1.00054614891093,120.0
15550,1761.6988388308266,1.0004559017485,120.0
15551,1761.7002277160639,1.00095656536449,120.0
15552,1761.7016166015335,1.00029050683423,120.0
15553,1761.7030054867707,1.00026893221881,120.0
15554,1761.7043943722408,1.00052773069975,120.0
15555,1761.7057832574776,1.00109168223815,120.0
15556,1761.7071721429477,1.00119442217033,120.0
15557,1761.7085610281847,0.99987624888021,120.0
15558,1761.7099499136543,1.00032253191604,120.0
15559,1761.7113387988918,1.00106442502534,120.0
15560,1761.7127276843614,1.00064995335379,120.0
15561,1761.7141165695987,1.00066816622279,120.0
15562,1761.7155054550688,0.99992874382274,120.0
15563,1761.7168943403055,1.00137762758469,120.0
15564,1761.7182832257756,1.00033171365457,120.0
15565,1761.7196721112455,1.00069175254323,120.0
15566,1761.7210609964825,1.00019921587487,120.0
15567,1761.7224498819523,1.00025437505918,120.0
15568,1761.7238387671891,1.00081669688219,120.0
15569,1761.7252276526594,1.000645093719,120.0
15570,1761.7266165381293,1.00055888086586,120.0
15571,1761.7280054233663,1.00007543448467,120.0
15572,1761.7293943088364,0.9998919281404,120.0
15573,1761.730783194306,1.00069021567004,120.0
15574,1761.7321720795433,1.00100024841078,120.0
15575,1761.733560965013,1.00000667936055,120.0
15576,1761.7349498504827,1.00029233479342,120.0
15577,1761.7363387357202,1.00106842014512,120.0
15578,1761.7377276211898,0.999848065992,120.0
15579,1761.73911650666,0.99968449168288,120.0
15580,1761.7405053918972,0.99981194983042,120.0
15581,1761.7418942773668,1.00020817096982,120.0
15582,1761.7432831628369,1.0000751040378,120.0
15583,1761.7446720483065,1.00093447767292,120.0
15584,1761.7460609335435,0.99959128257016,120.0
15585,1761.7474498190138,0.99992847291122,120.0
15586,1761.7488387044834,1.00022194647517,120.0
15587,1761.7502275899535,0.99999874522651,120.0
15588,1761.7516164754231,1.00022874601782,120.0
15589,1761.7530053606604,0.99879152127081,120.0
15590,1761.7543942461305,0.9998782724559,120.0
15591,1761.7557831316008,0.99990295747747,120.0
15592,1761.7571720170715,1.00040136583578,120.0
15593,1761.7585609025411,0.99990118238023,120.0
15594,1761.7599497880112,0.99991278723227,120.0
15595,1761.7613386732485,1.00028914500189,120.0
15596,1761.762727558718,1.00043435775858,120.0
15597,1761.764116444188,1.00028169560168,120.0
15598,1761.7655053296583,1.00038269911011,120.0
15599,1761.7668942151279,0.99989340861906,120.0
15600,1761.768283100598,1.00063735786521,120.0
15601,1761.7696719860676,1.00024158876463,120.0
15602,1761.7710608715377,1.00078941541723,120.0
15603,1761.7724497570075,1.00016303840084,120.0
15604,1761.7738386422443,1.00036891647865,120.0
15605,1761.7752275277146,1.00048080800645,120.0
15606,1761.7766164131845,0.9990390022448,120.0
15607,1761.7780052986543,0.99969303489667,120.0
15608,1761.7793941841244,0.99970942307863,120.0
15609,1761.780783069594,0.99991869729952,120.0
15610,1761.782171955064,0.99934762023384,120.0
15611,1761.783560840534,0.9995581020191,120.0
15612,1761.7849497260036,1.00054979964307,120.0
15613,1761.7863386114739,0.99967806796062,120.0
15614,1761.7877274969435,1.00056629196695,120.0
15615,1761.7891163824136,0.99962732367897,120.0
15616,1761.7905052678834,1.00046459719387,120.0
15617,1761.7918941533533,0.9997519464529,120.0
15618,1761.7932830388231,0.9998236062024,120.0
15619,1761.7946719245258,0.99989052076906,120.0
15620,1761.7960608099959,0.99921579667354,120.0
15621,1761.797449695466,0.9995248688273,120.0
15622,1761.7988385809356,0.99970637050173,120.0
15623,1761.8002274664057,0.99984115218735,120.0
15624,1761.8016163518753,0.99947357961156,120.0
15625,1761.8030052373451,1.0001494897051,120.0
15626,1761.8043941228154,1.00012601858432,120.0
15627,1761.805783008285,0.99970536103692,120.0
15628,1761.807171893988,1.00038365467889,120.0
15629,1761.8085607794578,0.99980255943534,120.0
15630,1761.8099496649277,0.9994688491626,120.0
15631,1761.8113385503975,0.99951241813314,120.0
15632,1761.8127274358671,0.99962250842972,120.0
15633,1761.8141163213375,0.99903319878278,120.0
15634,1761.81550520704,1.00009153743564,120.0
15635,1761.81689409251,0.99979189019946,120.0
15636,1761.81828297798,0.99997941456092,120.0
15637,1761.8196718634497,0.99976235855918,120.0
15638,1761.8210607489195,0.99939236144367,120.0
15639,1761.8224496346224,0.99972210640673,120.0
15640,1761.8238385200923,1.00100700321739,120.0
15641,1761.8252274055624,0.99959601238993,120.0
15642,1761.826616291032,0.99956385651723,120.0
15643,1761.828005176735,1.0006859083699,120.0
15644,1761.8293940622048,1.0003651714559,120.0
15645,1761.8307829476746,0.99964607589906,120.0
15646,1761.8321718333775,0.9992898355027,120.0
15647,1761.8335607188471,1.00009581532439,120.0
15648,1761.8349496043172,1.00020901058811,120.0
15649,1761.8363384897873,0.9998884796318,120.0
15650,1761.8377273754895,0.99949136597624,120.0
15651,1761.8391162609598,0.9999083477727,120.0
15652,1761.8405051464297,0.99942544624624,120.0
15653,1761.8418940321324,0.9992478660735,120.0
15654,1761.8432829176024,1.00016939607424,120.0
15655,1761.844671803305,1.00022496405686,120.0
15656,1761.8460606887754,0.99892646617318,120.0
15657,1761.847449574246,0.99970890607982,120.0
15658,1761.8488384599489,0.99973739017908,120.0
15659,1761.8502273454187,0.99896133588223,120.0
15660,1761.8516162311214,0.99946124353706,120.0
15661,1761.8530051165915,1.00013248484527,120.0
15662,1761.8543940020616,0.99929831907087,120.0
15663,1761.855782887764,1.00020702911032,120.0
15664,1761.857171773234,1.00002210024491,120.0
15665,1761.8585606589363,0.99931222262003,120.0
15666,1761.8599495444066,0.99888775804627,120.0
15667,1761.8613384301095,0.99985637980856,120.0
15668,1761.8627273155791,1.00012010315431,120.0
15669,1761.864116201282,1.00010364198832,120.0
15670,1761.865505086752,1.00090466384121,120.0
15671,1761.8668939724544,0.9996144249735,120.0
15672,1761.8682828579247,0.99975910864442,120.0
15673,1761.8696717436271,1.0001521411519,120.0
15674,1761.8710606290972,0.99981988786906,120.0
15675,1761.8724495147999,0.99974909676394,120.0
15676,1761.8738384002695,0.99925133649786,120.0
15677,1761.8752272859726,0.99940159540953,120.0
15678,1761.8766161714423,1.00035721082834,120.0
15679,1761.8780050571452,0.99988746981712,120.0
15680,1761.8793939428479,0.99944293365027,120.0
15681,1761.8807828283177,0.99986477609498,120.0
15682,1761.8821717140206,1.00085341408771,120.0
15683,1761.8835605994902,0.99980848986884,120.0
15684,1761.8849494851931,0.99942457371338,120.0
15685,1761.886338370896,0.99949691094621,120.0
15686,1761.8877272563657,0.99936503629275,120.0
15687,1761.8891161420684,0.99937264207287,120.0
15688,1761.890505027771,0.99929806084575,120.0
15689,1761.8918939132411,0.99866129743574,120.0
15690,1761.893282798944,0.9998960314106,120.0
15691,1761.8946716846465,0.99955238927782,120.0
15692,1761.8960605701163,1.00066201337813,120.0
15693,1761.8974494558192,0.9994243942645,120.0
15694,1761.898838341522,0.99921440212287,120.0
15695,1761.900227226992,0.99920858981557,120.0
15696,1761.9016161126945,0.99977642145121,120.0
15697,1761.9030049983965,0.99890609164265,120.0
15698,1761.9043938840987,0.99899144809193,120.0
15699,1761.9057827695683,0.99934594557997,120.0
15700,1761.9071716552714,0.99899245967971,120.0
15701,1761.908560540974,0.9990960224206,120.0
15702,1761.9099494266768,0.99931593219913,120.0
15703,1761.9113383121467,1.00012936610948,120.0
15704,1761.912727197849,0.99948034460567,120.0
15705,1761.9141160835522,0.99944924458011,120.0
15706,1761.9155049692547,0.99897944316321,120.0
15707,1761.9168938547248,0.99916588262535,120.0
15708,1761.9182827404277,0.99910829817024,120.0
15709,1761.91967162613,1.00047682216851,120.0
15710,1761.921060511833,0.99943198436736,120.0
15711,1761.9224493975355,0.99909960626967,120.0
15712,1761.9238382832384,0.9994335623107,120.0
15713,1761.925227168941,0.99922745460988,120.0
15714,1761.9266160544107,0.99923228936538,120.0
15715,1761.9280049401139,0.99980129208384,120.0
15716,1761.9293938258163,0.99946081360354,120.0
15717,1761.9307827115192,0.99942960680816,120.0
15718,1761.932171597222,0.99931774054347,120.0
15719,1761.9335604829243,0.99920595110825,120.0
15720,1761.9349493686275,0.99972150991271,120.0
15721,1761.93633825433,0.9986292364825,120.0
15722,1761.9377271400328,0.99989622267576,120.0
15723,1761.9391160257362,0.99973079313286,120.0
15724,1761.9405049112067,0.99917828961386,120.0
15725,1761.9418937969097,0.99960958870145,120.0
15726,1761.9432826826123,0.99898461287027,120.0
15727,1761.944671568315,0.99873942444029,120.0
15728,1761.946060454018,0.99893668225393,120.0
15729,1761.9474493397204,0.99868227580632,120.0
15730,1761.9488382254233,0.99924853978122,120.0
15731,1761.9502271111262,0.9995530141612,120.0
15732,1761.9516159968287,0.99901938615875,120.0
15733,1761.9530048825316,0.99973508821213,120.0
15734,1761.954393768234,0.9995056985396,120.0
15735,1761.9557826539367,0.99872664259027,120.0
15736,1761.9571715398727,0.99947966749106,120.0
15737,1761.9585604255751,0.99955050884123,120.0
15738,1761.959949311278,0.99832940494224,120.0
15739,1761.9613381969807,0.99975442693887,120.0
15740,1761.9627270826832,0.99912951657632,120.0
15741,1761.9641159683863,0.99966791375664,120.0
15742,1761.9655048540887,0.99930932089041,120.0
15743,1761.9668937397917,0.99948927107517,120.0
15744,1761.9682826254943,0.99941984571895,120.0
15745,1761.969671511197,0.99942575839537,120.0
15746,1761.9710603969,0.99942852827295,120.0
15747,1761.9724492828352,0.99853992761983,120.0
15748,1761.973838168538,0.99933998881976,120.0
15749,1761.975227054241,0.99941093573412,120.0
15750,1761.9766159399435,0.99921495511499,120.0
15751,1761.9780048256464,0.99869907695197,120.0
15752,1761.9793937113488,0.99872967486349,120.0
15753,1761.9807825972844,0.99876748115108,120.0
15754,1761.9821714829875,0.99897653779698,120.0
15755,1761.98356036869,0.9999649057433,120.0
15756,1761.9849492543929,0.99957948507155,120.0
15757,1761.9863381400953,0.99907262426237,120.0
15758,1761.987727026031,0.99957813547509,120.0
15759,1761.989115911734,0.99913298767307,120.0
15760,1761.9905047974364,0.99943810898603,120.0
15761,1761.991893683139,0.99909366495168,120.0
15762,1761.9932825690748,0.99933413778358,120.0
15763,1761.9946714547775,0.99861612156849,120.0
15764,1761.9960603404804,0.99942062428618,120.0
15765,1761.9974492261829,0.99873283010077,120.0
15766,1761.9988381121186,0.99898274359391,120.0
15767,1762.0002269978213,0.99860868711833,120.0
15768,1762.001615883524,0.99974740101559,120.0
15769,1762.0030047694595,0.99841054837888,120.0
15770,1762.004393655162,0.99923885418894,120.0
15771,1762.005782540865,0.99906475572644,120.0
15772,1762.0071714268008,0.99934780627239,120.0
15773,1762.0085603125033,0.99973094074184,120.0
15774,1762.009949198206,0.99941690338014,120.0
15775,1762.0113380841415,0.99913853080985,120.0
15776,1762.0127269698444,0.99899974576842,120.0
15777,1762.0141158555473,0.99955130204727,120.0
15778,1762.0155047414823,0.99885607132068,120.0
15779,1762.0168936271855,0.99952331339665,120.0
15780,1762.0182825131208,0.99905611245181,120.0
15781,1762.0196713988237,0.99906903672223,120.0
15782,1762.0210602845264,0.9988770993419,120.0
15783,1762.0224491704619,0.99885752573509,120.0
15784,1762.0238380561648,0.9985116231461,120.0
15785,1762.0252269421003,0.99964624435124,120.0
15786,1762.0266158278027,0.99806141574039,120.0
15787,1762.0280047137387,0.99877922040593,120.0
15788,1762.029393599442,0.99864815328691,120.0
15789,1762.0307824853783,0.99883506698267,120.0
15790,1762.0321713710812,0.99840121216696,120.0
15791,1762.0335602567836,0.99825645932075,120.0
15792,1762.0349491427191,0.99866481470361,120.0
15793,1762.0363380284218,0.99932920152264,120.0
15794,1762.0377269143576,0.99907796520987,120.0
15795,1762.0391158002933,0.99886683301572,120.0
15796,1762.0405046859955,0.99963757286025,120.0
15797,1762.0418935719315,0.99810902707716,120.0
15798,1762.043282457634,0.99906905973397,120.0
15799,1762.0446713435697,0.99909818989358,120.0
15800,1762.0460602292726,0.99897304747365,120.0
15801,1762.0474491152079,0.99907151191782,120.0
15802,1762.0488380009108,0.99901418458663,120.0
15803,1762.0502268868463,0.99823955024218,120.0
15804,1762.0516157727818,0.99869943418822,120.0
15805,1762.0530046584847,0.99930664234241,120.0
15806,1762.05439354442,0.99865238322696,120.0
15807,1762.0557824301227,0.99768781255691,120.0
15808,1762.0571713160584,0.99944827670759,120.0
15809,1762.058560201994,0.99782903515223,120.0
15810,1762.0599490876969,0.99881147287675,120.0
15811,1762.061337973632,0.9990104652354,120.0
15812,1762.0627268595679,0.99888395568388,120.0
15813,1762.0641157452708,0.99812319748359,120.0
15814,1762.065504631206,0.99822183810097,120.0
15815,1762.0668935171418,0.99773707166287,120.0
15816,1762.0682824028443,0.99945246344856,120.0
15817,1762.06967128878,0.99875386901993,120.0
15818,1762.0710601747155,0.9996451727698,120.0
15819,1762.072449060418,0.99822035467387,120.0
15820,1762.073837946354,0.99846969906979,120.0
15821,1762.0752268322892,0.9989423024125,120.0
15822,1762.0766157182247,0.99810184709123,120.0
15823,1762.0780046039279,0.99866309975374,120.0
15824,1762.0793934898632,0.99833883044555,120.0
15825,1762.080782375799,0.99843354764968,120.0
15826,1762.0821712615016,0.9985264649631,120.0
15827,1762.083560147437,0.99846140895178,120.0
15828,1762.0849490333728,0.99959860019455,120.0
15829,1762.086337919308,0.99873827218289,120.0
15830,1762.0877268052438,0.9984781369203,120.0
15831,1762.0891156909463,0.99938364160015,120.0
15832,1762.090504576882,0.99895513517721,120.0
15833,1762.0918934628176,0.99935659536632,120.0
15834,1762.093282348753,0.99880530098973,120.0
15835,1762.0946712346888,0.99883584860501,120.0
15836,1762.0960601206243,0.998295009148,120.0
15837,1762.097449006327,0.99847779428888,120.0
15838,1762.0988378922627,0.9984413426297,120.0
15839,1762.100226778198,0.99783001173199,120.0
15840,1762.1016156641335,0.99827085484428,120.0
15841,1762.1030045500695,0.99822526190021,120.0
15842,1762.1043934360048,0.99845970833721,120.0
15843,1762.1057823219403,0.99918899262773,120.0
15844,1762.1071712078758,0.99866416740644,120.0
15845,1762.1085600935787,0.99935498624924,120.0
15846,1762.1099489795145,0.99927457385138,120.0
15847,1762.1113378654495,0.99863383560638,120.0
15848,1762.1127267513855,0.99905674178991,120.0
15849,1762.1141156373208,0.99845055816467,120.0
15850,1762.1155045232565,0.99811718034363,120.0
15851,1762.1168934091922,0.99789585822219,120.0
15852,1762.1182822951275,0.99804094992295,120.0
15853,1762.1196711810633,0.99783980580234,120.0
15854,1762.1210600669988,0.99851107371472,120.0
15855,1762.1224489529352,0.99878618958098,120.0
15856,1762.1238378388714,0.9977995635939,120.0
15857,1762.1252267248067,0.99920588718666,120.0
15858,1762.1266156107424,0.99916532853817,120.0
15859,1762.128004496678,0.99834524587745,120.0
15860,1762.1293933826134,0.99885650850431,120.0
15861,1762.1307822685492,0.99810666448092,120.0
15862,1762.1321711544845,0.99874610330304,120.0
15863,1762.1335600404202,0.99831822376507,120.0
15864,1762.134948926356,0.99827784870685,120.0
15865,1762.1363378122912,0.99813339877838,120.0
15866,1762.1377266982267,0.99850582920479,120.0
15867,1762.1391155841625,0.99853534057406,120.0
15868,1762.140504470098,0.99840597819222,120.0
15869,1762.1418933560335,0.99879573452071,120.0
15870,1762.1432822422018,0.99855899882431,120.0
15871,1762.1446711281376,0.99763866829777,120.0
15872,1762.146060014073,0.99844889898754,120.0
15873,1762.1474489000086,0.99827877244818,120.0
15874,1762.1488377859444,0.99837737542397,120.0
15875,1762.1502266718796,0.99829653115335,120.0
15876,1762.1516155578151,0.99855297515509,120.0
15877,1762.1530044437511,0.99827172586953,120.0
15878,1762.1543933299192,0.99798498262032,120.0
15879,1762.1557822158547,0.99856059808819,120.0
15880,1762.1571711017903,0.99906192611887,120.0
15881,1762.158559987726,0.99796181626893,120.0
15882,1762.1599488736615,0.99869494514112,120.0
15883,1762.161337759597,0.99848796006028,120.0
15884,1762.1627266457656,0.99821542006316,120.0
15885,1762.1641155317009,0.99823196111627,120.0
15886,1762.1655044176366,0.9982348713113,120.0
15887,1762.1668933035724,0.9984984999547,120.0
15888,1762.1682821895076,0.99907522094915,120.0
15889,1762.1696710756762,0.9984304160559,120.0
15890,1762.1710599616115,0.9981639453102,120.0
15891,1762.1724488475472,0.99848178284449,120.0
15892,1762.1738377334827,0.9977482554853,120.0
15893,1762.175226619651,0.99855784332145,120.0
15894,1762.1766155055868,0.99857037188285,120.0
15895,1762.1780043915223,0.99836351760166,120.0
15896,1762.1793932776907,0.99881147398984,120.0
15897,1762.1807821636264,0.99841078084363,120.0
15898,1762.1821710495617,0.99785916418783,120.0
15899,1762.1835599354974,0.99801384968457,120.0
15900,1762.184948821666,0.9986612987962,120.0
15901,1762.1863377076013,0.99773492766049,120.0
15902,1762.187726593537,0.99817636695481,120.0
15903,1762.1891154797052,0.99824606048842,120.0
15904,1762.190504365641,0.99858740127672,120.0
15905,1762.1918932515766,0.99754877588469,120.0
15906,1762.1932821377447,0.99848299179176,120.0
15907,1762.1946710236805,0.99845422184898,120.0
15908,1762.1960599098486,0.99922820334042,120.0
15909,1762.1974487957843,0.99835286793196,120.0
15910,1762.19883768172,0.99714693256185,120.0
15911,1762.200226567888,0.99852261718622,120.0
15912,1762.201615453824,0.997410299547,120.0
15913,1762.2030043399923,0.99784649115418,120.0
15914,1762.2043932259276,0.99756571333311,120.0
15915,1762.2057821118635,0.99895958277343,120.0
15916,1762.2071709980316,0.99838882486809,120.0
15917,1762.2085598839672,0.99832871531598,120.0
15918,1762.2099487701355,0.99844170780149,120.0
15919,1762.2113376560712,0.9983551037944,120.0
15920,1762.2127265422403,0.99716012314413,120.0
15921,1762.2141154281765,0.99849641487716,120.0
15922,1762.215504314345,0.99733832804424,120.0
15923,1762.2168932002808,0.99806923535508,120.0
15924,1762.2182820864489,0.99760364403642,120.0
15925,1762.2196709723846,0.99824892747527,120.0
15926,1762.2210598585527,0.99786123492223,120.0
15927,1762.2224487444885,0.99786983743603,120.0
15928,1762.223837630657,0.99780121208567,120.0
15929,1762.2252265165923,0.99773212562404,120.0
15930,1762.226615402761,0.99842347483684,120.0
15931,1762.2280042886964,0.9977151485987,120.0
15932,1762.2293931748648,0.99805688412401,120.0
15933,1762.2307820608005,0.99713109121997,120.0
15934,1762.2321709469686,0.99826054383433,120.0
15935,1762.2335598329043,0.99825281481115,120.0
15936,1762.2349487190727,0.99800140761261,120.0
15937,1762.2363376050082,0.99798245883106,120.0
15938,1762.2377264911768,0.99792246689647,120.0
15939,1762.239115377345,0.99730528964309,120.0
15940,1762.2405042632806,0.99738355561686,120.0
15941,1762.2418931494492,0.99808829562138,120.0
15942,1762.2432820353845,0.99767155348877,120.0
15943,1762.244670921553,0.99828963781827,120.0
15944,1762.2460598077212,0.99796367817747,120.0
15945,1762.247448693657,0.99803844782302,120.0
15946,1762.2488375798255,0.99748060947446,120.0
15947,1762.2502264659936,0.9980658705748,120.0
15948,1762.251615351929,0.99784792122246,120.0
15949,1762.2530042380974,0.99824222430305,120.0
15950,1762.254393124266,0.99822497492385,120.0
15951,1762.2557820102015,0.99861140746298,120.0
15952,1762.2571708963699,0.99836880386492,120.0
15953,1762.2585597825384,0.99832018396055,120.0
15954,1762.259948668474,0.99886820896749,120.0
15955,1762.2613375546423,0.99768867022375,120.0
15956,1762.2627264408109,0.99760063879448,120.0
15957,1762.2641153269788,0.99743360148837,120.0
15958,1762.2655042129147,0.99854761007859,120.0
15959,1762.266893099083,0.99857060465164,120.0
15960,1762.2682819852514,0.99791503008019,120.0
15961,1762.2696708711871,0.99796018461688,120.0
15962,1762.2710597573553,0.99843723749398,120.0
15963,1762.2724486435238,0.99793661659853,120.0
15964,1762.2738375296924,0.99915322019911,120.0
15965,1762.2752264158603,0.99815577588886,120.0
15966,1762.2766153017963,0.99779136614556,120.0
15967,1762.2780041879644,0.99844849676221,120.0
15968,1762.2793930741327,0.99920749252837,120.0
15969,1762.2807819603015,0.99884311012107,120.0
15970,1762.2821708462368,0.99784216664208,120.0
15971,1762.2835597324051,0.99820476954726,120.0
15972,1762.2849486185735,0.99774718471875,120.0
15973,1762.286337504742,0.99803939020931,120.0
15974,1762.2877263909106,0.99823069531548,120.0
15975,1762.2891152770787,0.99735284247539,120.0
15976,1762.2905041630145,0.99855198962519,120.0
15977,1762.2918930491828,0.99832027195557,120.0
15978,1762.2932819353512,0.99786640962785,120.0
15979,1762.2946708215195,0.99850579926383,120.0
15980,1762.2960597076878,0.99787840368864,120.0
15981,1762.2974485938564,0.99769706781603,120.0
15982,1762.2988374800248,0.99821024249369,120.0
15983,1762.300226366193,0.99777597238857,120.0
15984,1762.3016152521288,0.99812723149102,120.0
15985,1762.3030041382967,0.99818576027316,120.0
15986,1762.3043930244662,0.99818456837105,120.0
15987,1762.3057819106355,0.99796128035703,120.0
15988,1762.3071707968036,0.99729477122724,120.0
15989,1762.308559682972,0.99816354114001,120.0
15990,1762.3099485691403,0.99819878293723,120.0
15991,1762.3113374553088,0.99751077437633,120.0
15992,1762.3127263414774,0.99745797726717,120.0
15993,1762.3141152276455,0.99764380909224,120.0
15994,1762.315504113814,0.99778775332681,120.0
15995,1762.3168929999824,0.99825118805332,120.0
15996,1762.3182818861508,0.99795311603025,120.0
15997,1762.3196707723191,0.99807265737578,120.0
15998,1762.3210596584875,0.99751393926567,120.0
15999,1762.322448544656,0.99817357443725,120.0
16000,1762.3238374308244,0.99890044194298,120.0
16001,1762.3252263169927,0.99834326190266,120.0
16002,1762.3266152031613,0.99715376977769,120.0
16003,1762.3280040893294,0.99841786686349,120.0
16004,1762.329392975498,0.99765117251801,120.0
16005,1762.3307818616663,0.99845572671457,120.0
16006,1762.3321707478347,0.99814947289333,120.0
16007,1762.3335596340032,0.99809929563329,120.0
16008,1762.334948520171,0.9979491976053,120.0
16009,1762.33633740634,0.99829682695409,120.0
16010,1762.3377262925085,0.99796381445204,120.0
16011,1762.3391151786764,0.99723413090052,120.0
16012,1762.3405040648452,0.99756880924457,120.0
16013,1762.3418929510133,0.99794194866881,120.0
16014,1762.3432818374147,0.99761605358899,120.0
16015,1762.3446707235832,0.99808395995554,120.0
16016,1762.3460596097511,0.99801972696049,120.0
16017,1762.34744849592,0.99812245585949,120.0
16018,1762.3488373820883,0.99814387414995,120.0
16019,1762.3502262682566,0.99802769572915,120.0
16020,1762.3516151544252,0.99791341803645,120.0
16021,1762.3530040405933,0.99789688832213,120.0
16022,1762.3543929269947,0.99776046670812,120.0
16023,1762.355781813163,0.9977311073748,120.0
16024,1762.3571706993312,0.9981099731403,120.0
16025,1762.3585595855,0.99785260710353,120.0
16026,1762.359948471668,0.9979212437861,120.0
16027,1762.3613373578366,0.99832319226515,120.0
16028,1762.362726244238,0.99840448881795,120.0
16029,1762.364115130406,0.99777858757825,120.0
16030,1762.3655040165747,0.99808900697316,120.0
16031,1762.3668929027428,0.9976517976589,120.0
16032,1762.3682817889114,0.99815538950129,120.0
16033,1762.3696706753128,0.9974025668649,120.0
16034,1762.3710595614807,0.99807959202275,120.0
16035,1762.3724484476495,0.9981359610841,120.0
16036,1762.3738373338178,0.99738300938409,120.0
16037,1762.375226219986,0.99804246064887,120.0
16038,1762.3766151063876,0.99862559199461,120.0
16039,1762.3780039925557,0.99862210594181,120.0
16040,1762.3793928787243,0.99789405935966,120.0
16041,1762.3807817651254,0.99726878372811,120.0
16042,1762.3821706512936,0.99865959926602,120.0
16043,1762.3835595374624,0.99743489387556,120.0
16044,1762.3849484236305,0.99802983436723,120.0
16045,1762.3863373100319,0.99769305876917,120.0
16046,1762.3877261962002,0.99812198182842,120.0
16047,1762.3891150823683,0.99824300548573,120.0
16048,1762.39050396877,0.99726660546588,120.0
16049,1762.391892854938,0.99899941843213,120.0
16050,1762.3932817411066,0.99743069066839,120.0
16051,1762.394670627508,0.9979673162436,120.0
16052,1762.396059513677,0.99839400268676,120.0
16053,1762.397448399846,0.99788011427392,120.0
16054,1762.398837286247,0.99841980567426,120.0
16055,1762.4002261724156,0.99851443096477,120.0
16056,1762.401615058584,0.99791439643063,120.0
16057,1762.4030039449851,0.99793461605519,120.0
16058,1762.4043928311537,0.99791415015499,120.0
16059,1762.405781717322,0.99746310588585,120.0
16060,1762.4071706037232,0.99784212448647,120.0
16061,1762.4085594898916,0.99708876007275,120.0
16062,1762.4099483762927,0.99880553914568,120.0
16063,1762.4113372624613,0.99794022493259,120.0
16064,1762.4127261486296,0.99815529863528,120.0
16065,1762.4141150350308,0.99700215073294,120.0
16066,1762.4155039211992,0.99815291897984,120.0
16067,1762.4168928076003,0.99767200320225,120.0
16068,1762.418281693769,0.99786393263307,120.0
16069,1762.4196705799375,0.99806647532032,120.0
16070,1762.4210594663384,0.99754533847901,120.0
16071,1762.4224483525068,0.99748391265233,120.0
16072,1762.423837238908,0.99762809998283,120.0
16073,1762.4252261250765,0.99829762018186,120.0
16074,1762.426615011478,0.99757404035952,120.0
16075,1762.428003897646,0.99846146290749,120.0
16076,1762.4293927840474,0.99761407378143,120.0
16077,1762.4307816702155,0.99770835486422,120.0
16078,1762.4321705566167,0.99748283467075,120.0
16079,1762.4335594427855,0.99798387030882,120.0
16080,1762.4349483291865,0.99804225762517,120.0
16081,1762.436337215355,0.99705799997341,120.0
16082,1762.4377261017562,0.99746763932416,120.0
16083,1762.4391149879243,0.99832248441625,120.0
16084,1762.440503874326,0.99940693521458,120.0
16085,1762.441892760494,0.99797908219044,120.0
16086,1762.4432816468955,0.99792914632211,120.0
16087,1762.4446705330638,0.9976644867111,120.0
16088,1762.4460594194647,0.99844977160213,120.0
16089,1762.4474483056335,0.99772235859356,120.0
16090,1762.4488371920345,0.99907371725996,120.0
16091,1762.450226078203,0.99779230372025,120.0
16092,1762.4516149646045,0.99809544836995,120.0
16093,1762.4530038510054,0.99791331013594,120.0
16094,1762.454392737174,0.9990561781487,120.0
16095,1762.4557816235747,0.9972903969741,120.0
16096,1762.4571705097435,0.99718156168024,120.0
16097,1762.458559396145,0.9978544801396,120.0
16098,1762.4599482825458,0.99764156894212,120.0
16099,1762.4613371687144,0.99723205101429,120.0
16100,1762.4627260551156,0.99768588173465,120.0
16101,1762.464114941284,0.99806507935774,120.0
16102,1762.465503827685,0.99731667734914,120.0
16103,1762.4668927140863,0.99755661984139,120.0
16104,1762.4682816002548,0.99760336822481,120.0
16105,1762.469670486656,0.99770785888213,120.0
16106,1762.4710593730572,0.99799114340179,120.0
16107,1762.4724482592255,0.99680628937602,120.0
16108,1762.4738371456267,0.99752409097275,120.0
16109,1762.475226032028,0.99715501356859,120.0
16110,1762.4766149181964,0.99814455101265,120.0
16111,1762.4780038045976,0.99757754862635,120.0
16112,1762.479392690999,0.99841963478842,120.0
16113,1762.4807815771671,0.99766734360151,120.0
16114,1762.4821704635683,0.9980292782848,120.0
16115,1762.48355934997,0.99748911539695,120.0
16116,1762.484948236138,0.99809122655199,120.0
16117,1762.4863371225395,0.99759660725116,120.0
16118,1762.4877260089413,0.99727329197966,120.0
16119,1762.4891148951103,0.99778287337641,120.0
16120,1762.4905037815115,0.99759954458578,120.0
16121,1762.4918926679127,0.99688043963721,120.0
16122,1762.493281554314,0.99671240399965,120.0
16123,1762.4946704404824,0.99854068777501,120.0
16124,1762.4960593268836,0.99672743961525,120.0
16125,1762.497448213285,0.99811591709748,120.0
16126,1762.498837099686,0.99813555132684,120.0
16127,1762.5002259858545,0.9979888090308,120.0
16128,1762.5016148722557,0.99805430098367,120.0
16129,1762.5030037586569,0.99754463532456,120.0
16130,1762.5043926450583,0.99690824686263,120.0
16131,1762.5057815312264,0.99847738752076,120.0
16132,1762.5071704176275,0.99733692699469,120.0
16133,1762.5085593040292,0.99752241613967,120.0
16134,1762.50994819043,0.99727274243552,120.0
16135,1762.5113370768315,0.99761401809522,120.0
16136,1762.5127259629996,0.9970123129458,120.0
16137,1762.514114849401,0.99740214023171,120.0
16138,1762.5155037358024,0.99700029895413,120.0
16139,1762.5168926222032,0.99765960337913,120.0
16140,1762.5182815086048,0.9976724392748,120.0
16141,1762.519670395006,0.99761560720386,120.0
16142,1762.5210592811743,0.99712573212611,120.0
16143,1762.5224481675757,0.9978820195808,120.0
16144,1762.5238370539766,0.99741753986848,120.0
16145,1762.525225940378,0.99717933266451,120.0
16146,1762.5266148267792,0.99683919991514,120.0
16147,1762.5280037131804,0.99714036460486,120.0
16148,1762.5293925995818,0.99724804719712,120.0
16149,1762.53078148575,0.99722045055106,120.0
16150,1762.5321703721513,0.99832901413689,120.0
16151,1762.5335592585525,0.9977037390999,120.0
16152,1762.5349481449537,0.99738191962509,120.0
16153,1762.536337031355,0.9979822549546,120.0
16154,1762.537725917756,0.99696952863365,120.0
16155,1762.5391148041574,0.99740353641447,120.0
16156,1762.5405036905588,0.99782712179959,120.0
16157,1762.5418925769595,0.99660200010816,120.0
16158,1762.5432814633612,0.99892379120309,120.0
16159,1762.5446703495293,0.99709146832545,120.0
16160,1762.5460592359307,0.99709265328053,120.0
16161,1762.547448122332,0.99738679091833,120.0
16162,1762.548837008733,0.99722640835764,120.0
16163,1762.5502258951344,0.99704879822209,120.0
16164,1762.5516147815356,0.99722932257891,120.0
16165,1762.5530036679368,0.99695538144044,120.0
16166,1762.554392554338,0.9966909060963,120.0
16167,1762.555781440739,0.99702144422491,120.0
16168,1762.5571703271405,0.99822302627163,120.0
16169,1762.5585592135417,0.99665879009957,120.0
16170,1762.5599480999429,0.996707943136,120.0
16171,1762.5613369863443,0.9973965530534,120.0
16172,1762.5627258727452,0.99617902899651,120.0
16173,1762.5641147591466,0.99776332104842,120.0
16174,1762.5655036455476,0.9975179302557,120.0
16175,1762.5668925319487,0.99781395623715,120.0
16176,1762.5682814183504,0.99716727543815,120.0
16177,1762.5696703047513,0.99602467577054,120.0
16178,1762.5710591911527,0.9966887114642,120.0
16179,1762.572448077554,0.99739187068972,120.0
16180,1762.573836963955,0.99706895818088,120.0
16181,1762.5752258503564,0.99835616036067,120.0
16182,1762.5766147367572,0.99733426404887,120.0
16183,1762.5780036231588,0.99631371481133,120.0
16184,1762.5793925095606,0.99722788922913,120.0
16185,1762.5807813959625,0.99727604276063,120.0
16186,1762.582170282364,0.99662279849372,120.0
16187,1762.583559168765,0.99978642134063,120.0
16188,1762.5849480551663,0.99714144542143,120.0
16189,1762.5863369415677,0.99750537961588,120.0
16190,1762.5877258279686,0.99669006226735,120.0
16191,1762.58911471437,0.99770088234993,120.0
16192,1762.590503601004,0.99724278605554,120.0
16193,1762.5918924874052,0.99776871272886,120.0
16194,1762.5932813738063,0.99777129544478,120.0
16195,1762.5946702602075,0.99730340138532,120.0
16196,1762.5960591466087,0.99733238173701,120.0
16197,1762.5974480330103,0.99739270958979,120.0
16198,1762.5988369194113,0.99787340065126,120.0
16199,1762.6002258058127,0.9971414874098,120.0
16200,1762.6016146922136,0.99618209965023,120.0
16201,1762.603003578615,0.99719605141936,120.0
16202,1762.6043924652492,0.99690759187662,120.0
16203,1762.60578135165,0.997296898426,120.0
16204,1762.6071702380516,0.9975097785114,120.0
16205,1762.6085591244528,0.99664041047364,120.0
16206,1762.609948010854,0.99623018008204,120.0
16207,1762.6113368972551,0.99741251846931,120.0
16208,1762.6127257836563,0.99649482433917,120.0
16209,1762.6141146702903,0.99578607731685,120.0
16210,1762.6155035566917,0.99528144091625,120.0
16211,1762.6168924430929,0.99653752270159,120.0
16212,1762.6182813294943,0.99669588876594,120.0
16213,1762.6196702158952,0.99624704840292,120.0
16214,1762.6210591022966,0.99593576639658,120.0
16215,1762.6224479889306,0.99580119840203,120.0
16216,1762.6238368753316,0.99623282958314,120.0
16217,1762.6252257617332,0.99589622810417,120.0
16218,1762.626614648134,0.99634616746399,120.0
16219,1762.6280035345355,0.99671075312367,120.0
16220,1762.6293924209367,0.99589514293671,120.0
16221,1762.6307813075707,0.99587859676335,120.0
16222,1762.632170193972,0.99690290658869,120.0
16223,1762.633559080373,0.99624825861393,120.0
16224,1762.6349479667745,0.99506791445769,120.0
16225,1762.6363368534087,0.99638918750125,120.0
16226,1762.6377257398096,0.99541938152717,120.0
16227,1762.639114626211,0.99634299032972,120.0
16228,1762.6405035126122,0.99546298983046,120.0
16229,1762.6418923990132,0.99573033542031,120.0
16230,1762.6432812856476,0.99613453525245,120.0
16231,1762.6446701720483,0.99510114758497,120.0
16232,1762.64605905845,0.99586138327247,120.0
16233,1762.6474479448511,0.99609085888161,120.0
16234,1762.6488368314851,0.99538048272782,120.0
16235,1762.6502257178863,0.99565815935925,120.0
16236,1762.6516146042875,0.99590498935598,120.0
16237,1762.653003490689,0.99579356152138,120.0
16238,1762.654392377323,0.99639545183062,120.0
16239,1762.655781263724,0.99513566668448,120.0
16240,1762.6571701501255,0.99594063566241,120.0
16241,1762.6585590367592,0.99593967082231,120.0
16242,1762.6599479231606,0.99568196248298,120.0
16243,1762.661336809562,0.99558491351435,120.0
16244,1762.6627256959628,0.99590531860976,120.0
16245,1762.6641145825972,0.99522543629067,120.0
16246,1762.665503468998,0.99657461360471,120.0
16247,1762.6668923553996,0.9964521030537,120.0
16248,1762.6682812420338,0.99598572288497,120.0
16249,1762.6696701284347,0.99552889596098,120.0
16250,1762.6710590148366,0.99514368111602,120.0
16251,1762.6724479014715,0.99567535685626,120.0
16252,1762.6738367878727,0.995405747334,120.0
16253,1762.675225674274,0.99667188987398,120.0
16254,1762.676614560675,0.99549186717338,120.0
16255,1762.6780034473093,0.9949168161345,120.0
16256,1762.6793923337104,0.99574059900848,120.0
16257,1762.6807812201116,0.99574108075267,120.0
16258,1762.6821701067458,0.99551041345557,120.0
16259,1762.6835589931468,0.99567098979817,120.0
16260,1762.684947879781,0.99634960889752,120.0
16261,1762.6863367661824,0.99611382341826,120.0
16262,1762.6877256525831,0.99541272850422,120.0
16263,1762.6891145392176,0.99443437730506,120.0
16264,1762.6905034256183,0.9966308302146,120.0
16265,1762.69189231202,0.99607991748161,120.0
16266,1762.693281198654,0.99559498833521,120.0
16267,1762.6946700850551,0.9954777286466,120.0
16268,1762.6960589714563,0.99578115617076,120.0
16269,1762.6974478580903,0.99574155034779,120.0
16270,1762.6988367444917,0.99550870996068,120.0
16271,1762.700225631126,0.99645883648419,120.0
16272,1762.7016145175269,0.99542770999933,120.0
16273,1762.7030034039283,0.99557722401431,120.0
16274,1762.7043922905623,0.99569912497968,120.0
16275,1762.7057811769635,0.99529705964646,120.0
16276,1762.7071700635977,0.99578553390529,120.0
16277,1762.7085589499986,0.9951867185214,120.0
16278,1762.7099478364,0.99666328147116,120.0
16279,1762.711336723034,0.99567605887027,120.0
16280,1762.7127256094352,0.99631107236169,120.0
16281,1762.7141144960694,0.99493046079488,120.0
16282,1762.7155033824704,0.99579566088328,120.0
16283,1762.7168922688716,0.99644957493195,120.0
16284,1762.718281155506,0.99562423250924,120.0
16285,1762.7196700419067,0.99669867716618,120.0
16286,1762.7210589285412,0.99570601244637,120.0
16287,1762.722447814942,0.99592215731602,120.0
16288,1762.7238367015764,0.9964253967706,120.0
16289,1762.7252255879775,0.99668560087899,120.0
16290,1762.7266144743787,0.99661892889179,120.0
16291,1762.7280033610127,0.99696215702405,120.0
16292,1762.729392247414,0.9959520788639,120.0
16293,1762.730781134048,0.99638699767667,120.0
16294,1762.7321700204495,0.99681201130829,120.0
16295,1762.7335589070833,0.99679573214811,120.0
16296,1762.7349477934847,0.99662495991345,120.0
16297,1762.7363366801187,0.99682145134729,120.0
16298,1762.7377255665199,0.99710250079239,120.0
16299,1762.739114453154,0.99664262629022,120.0
16300,1762.740503339555,0.99721206617607,120.0
16301,1762.7418922261893,0.99785264660907,120.0
16302,1762.7432811125905,0.99728221270544,120.0
16303,1762.7446699989916,0.99682069070384,120.0
16304,1762.7460588856259,0.99731733375908,120.0
16305,1762.7474477720268,0.99656316012587,120.0
16306,1762.748836658661,0.99615067047872,120.0
16307,1762.7502255450624,0.99720448963851,120.0
16308,1762.7516144316962,0.99724244589904,120.0
16309,1762.7530033180976,0.99731231774039,120.0
16310,1762.7543922047314,0.99761855884236,120.0
16311,1762.7557810911328,0.99736495557633,120.0
16312,1762.757169977767,0.99734831397518,120.0
16313,1762.758558864168,0.99804118247386,120.0
16314,1762.7599477508022,0.99735996388566,120.0
16315,1762.7613366372032,0.9976885657168,120.0
16316,1762.7627255238383,0.99666479444386,120.0
16317,1762.76411441024,0.99680196832219,120.0
16318,1762.765503296874,0.9969526394368,120.0
16319,1762.766892183508,0.99718452668426,120.0
16320,1762.768281069909,0.99681543347019,120.0
16321,1762.769669956543,0.99616229871278,120.0
16322,1762.7710588429447,0.99696744719005,120.0
16323,1762.7724477295783,0.99795252966627,120.0
16324,1762.77383661598,0.9969351512551,120.0
16325,1762.775225502614,0.99639147904139,120.0
16326,1762.776614389015,0.99577533400205,120.0
16327,1762.778003275649,0.99646745526303,120.0
16328,1762.7793921620503,0.9974968705655,120.0
16329,1762.7807810486845,0.99696618560934,120.0
16330,1762.782169935086,0.99717293344997,120.0
16331,1762.7835588217197,0.99673580628435,120.0
16332,1762.784947708121,0.99741221026064,120.0
16333,1762.786336594755,0.99700119164136,120.0
16334,1762.787725481389,0.99644409410843,120.0
16335,1762.7891143677905,0.99661570983568,120.0
16336,1762.7905032544243,0.99729546053887,120.0
16337,1762.7918921408257,0.99725152540746,120.0
16338,1762.7932810274597,0.9963822333965,120.0
16339,1762.7946699138608,0.99717062760743,120.0
16340,1762.796058800495,0.99680928398539,120.0
16341,1762.7974476871289,0.99725250203196,120.0
16342,1762.7988365735303,0.99699476371197,120.0
16343,1762.8002254601643,0.99679323307183,120.0
16344,1762.8016143465654,0.99660940564959,120.0
16345,1762.8030032331997,0.99720657335617,120.0
16346,1762.8043921196006,0.99631884088941,120.0
16347,1762.8057810062348,0.99689867392083,120.0
16348,1762.807169892869,0.99594012855323,120.0
16349,1762.80855877927,0.99655829383716,120.0
16350,1762.8099476659047,0.99749973321206,120.0
16351,1762.8113365523068,0.9977257902132,120.0
16352,1762.8127254389408,0.99690901444952,120.0
16353,1762.814114325342,0.99752385896504,120.0
16354,1762.815503211976,0.99649375621876,120.0
16355,1762.8168920986102,0.99616911093177,120.0
16356,1762.8182809850111,0.99706888372239,120.0
16357,1762.8196698716451,0.99689249249857,120.0
16358,1762.8210587580468,0.99740881059425,120.0
16359,1762.8224476446803,0.9975308714507,120.0
16360,1762.8238365313148,0.99725408188885,120.0
16361,1762.825225417716,0.99733621391911,120.0
16362,1762.82661430435,0.9966774703359,120.0
16363,1762.8280031907511,0.99734830408107,120.0
16364,1762.8293920773851,0.99759167265174,120.0
16365,1762.8307809640191,0.99702325386418,120.0
16366,1762.8321698504208,0.99726077526895,120.0
16367,1762.8335587370543,0.9969486406189,120.0
16368,1762.8349476236888,0.99781155507814,120.0
16369,1762.8363365100895,0.99708215498819,120.0
16370,1762.837725396724,0.99756177939932,120.0
16371,1762.8391142831251,0.99781577765472,120.0
16372,1762.8405031697591,0.99630201678956,120.0
16373,1762.8418920563931,0.99728262198675,120.0
16374,1762.8432809427943,0.99748783546296,120.0
16375,1762.8446698294283,0.99734733753948,120.0
16376,1762.84605871583,0.99771665015461,120.0
16377,1762.8474476024635,0.99747743632741,120.0
16378,1762.848836489098,0.99714870250157,120.0
16379,1762.8502253754991,0.99719402661558,120.0
16380,1762.8516142621331,0.99717571759551,120.0
16381,1762.8530031487671,0.99693812876644,120.0
16382,1762.8543920351692,0.99815038343444,120.0
16383,1762.855780921804,0.99693110733381,120.0
16384,1762.8571698082053,0.99754714603064,120.0
16385,1762.858558694839,0.99776679638943,120.0
16386,1762.8599475814733,0.99680142792042,120.0
16387,1762.8613364678743,0.99765171770626,120.0
16388,1762.8627253545085,0.99746098442049,120.0
16389,1762.8641142411427,0.99703553900412,120.0
16390,1762.8655031275437,0.99628919107117,120.0
16391,1762.866892014178,0.99668232433503,120.0
16392,1762.868280900812,0.99659089060543,120.0
16393,1762.869669787213,0.99692473512198,120.0
16394,1762.8710586738473,0.99651202502313,120.0
16395,1762.8724475602482,0.99664280039605,120.0
16396,1762.8738364468825,0.9966596156127,120.0
16397,1762.8752253335165,0.9953500542742,120.0
16398,1762.8766142199177,0.9962737185513,120.0
16399,1762.878003106552,0.99637850613563,120.0
16400,1762.8793919931857,0.99645171775843,120.0
16401,1762.880780879587,0.99667806684089,120.0
16402,1762.882169766221,0.99617177149308,120.0
16403,1762.883558652855,0.9961932290896,120.0
16404,1762.8849475392565,0.99579318533013,120.0
16405,1762.8863364258902,0.99602330413253,120.0
16406,1762.8877253125245,0.99723786613534,120.0
16407,1762.8891141989259,0.99662417429043,120.0
16408,1762.8905030855597,0.99688030148735,120.0
16409,1762.891891972194,0.99697035442699,120.0
16410,1762.8932808585948,0.99683917723866,120.0
16411,1762.894669745229,0.9972495699752,120.0
16412,1762.8960586316305,0.99685475623741,120.0
16413,1762.8974475182642,0.99654097504316,120.0
16414,1762.8988364048985,0.99608197164726,120.0
16415,1762.9002252912996,0.9963318289793,120.0
16416,1762.9016141779337,0.9968764527867,120.0
16417,1762.9030030645679,0.99649433248371,120.0
16418,1762.9043919509688,0.99619620640974,120.0
16419,1762.905780837603,0.99596336716574,120.0
16420,1762.907169724237,0.99672810216449,120.0
16421,1762.9085586106382,0.99652991184371,120.0
16422,1762.9099474972725,0.99599283720872,120.0
16423,1762.9113363839062,0.99568353425859,120.0
16424,1762.9127252703076,0.99624964576463,120.0
16425,1762.9141141569417,0.99604798462051,120.0
16426,1762.9155030435757,0.99623443791722,120.0
16427,1762.916891929977,0.99674786170132,120.0
16428,1762.9182808166108,0.99603733452383,120.0
16429,1762.919669703245,0.99576486373685,120.0
16430,1762.9210585896465,0.99623340675742,120.0
16431,1762.9224474762802,0.99684194810062,120.0
16432,1762.9238363626816,0.99613374373501,120.0
16433,1762.9252252493154,0.99693308419891,120.0
16434,1762.9266141359496,0.99673418547353,120.0
16435,1762.928003022351,0.99636016522028,120.0
16436,1762.9293919089848,0.99625667371547,120.0
16437,1762.930780795619,0.99656554925726,120.0
16438,1762.9321696820202,0.99626029396816,120.0
16439,1762.9335585686542,0.99664648762522,120.0
16440,1762.9349474552885,0.99624142572987,120.0
16441,1762.9363363416894,0.99744090837067,120.0
16442,1762.9377252283236,0.99604626652853,120.0
16443,1762.9391141149576,0.99663170264726,120.0
16444,1762.9405030013588,0.99798607292668,120.0
16445,1762.941891887993,0.99645708110841,120.0
16446,1762.9432807746268,0.99610452511361,120.0
16447,1762.9446696610282,0.99620445129578,120.0
16448,1762.9460585476627,0.99651966264863,120.0
16449,1762.9474474340648,0.99690887436535,120.0
16450,1762.948836320699,0.99692935298481,120.0
16451,1762.9502252073328,0.9959972636119,120.0
16452,1762.951614093734,0.99615780959484,120.0
16453,1762.9530029803684,0.9964847533395,120.0
16454,1762.954391867002,0.99667272865925,120.0
16455,1762.9557807534036,0.99598756237684,120.0
16456,1762.9571696400376,0.99652419077914,120.0
16457,1762.9585585266716,0.99631703337484,120.0
16458,1762.959947413073,0.99648721946781,120.0
16459,1762.9613362997068,0.9962860556018,120.0
16460,1762.962725186108,0.99680151242939,120.0
16461,1762.964114072742,0.99641344473674,120.0
16462,1762.965502959376,0.99641269599459,120.0
16463,1762.9668918457776,0.99577058145405,120.0
16464,1762.9682807324111,0.99583264968113,120.0
16465,1762.9696696190456,0.997023152575,120.0
16466,1762.9710585054468,0.99677006892935,120.0
16467,1762.9724473920808,0.99665085147013,120.0
16468,1762.973836278482,0.99610234023534,120.0
16469,1762.975225165116,0.99622886815159,120.0
16470,1762.97661405175,0.99721318956689,120.0
16471,1762.9780029381516,0.99583639187011,120.0
16472,1762.9793918247851,0.99680049317531,120.0
16473,1762.9807807114196,0.99732726245888,120.0
16474,1762.9821695978203,0.99740696950791,120.0
16475,1762.9835584844548,0.99670057000019,120.0
16476,1762.984947370856,0.99656153970503,120.0
16477,1762.98633625749,0.99636592983306,120.0
16478,1762.987725144124,0.99476950230505,120.0
16479,1762.9891140305251,0.99613087312212,120.0
16480,1762.9905029171591,0.99556861820907,120.0
16481,1762.9918918035607,0.99719829144512,120.0
16482,1762.9932806901943,0.99658667244229,120.0
16483,1762.9946695768288,0.99706378721723,120.0
16484,1762.99605846323,0.99697967154294,120.0
16485,1762.997447349864,0.99710245349062,120.0
16486,1762.998836236265,0.99471215951835,120.0
16487,1763.000225122899,0.99591512022257,120.0
16488,1763.0016140095331,0.99669952959914,120.0
16489,1763.0030028959343,0.99735341547253,120.0
16490,1763.0043917825683,0.99674849784107,120.0
16491,1763.00578066897,0.99598167139688,120.0
16492,1763.0071695556037,0.99635951886874,120.0
16493,1763.008558442005,0.9967566967613,120.0
16494,1763.009947328639,0.99687302048264,120.0
16495,1763.011336215273,0.9958352891135,120.0
16496,1763.0127251016745,0.99634322495554,120.0
16497,1763.0141139883083,0.99630264261787,120.0
16498,1763.0155028747097,0.9955725111697,120.0
16499,1763.016891761344,0.99631857504239,120.0
16500,1763.0182806477449,0.99624989925136,120.0
16501,1763.019669534379,0.99604617391589,120.0
16502,1763.021058421013,0.99691715373442,120.0
16503,1763.0224473074143,0.99668897228243,120.0
16504,1763.0238361940485,0.99594901828258,120.0
16505,1763.0252250804494,0.99689643143013,120.0
16506,1763.0266139670837,0.99453307878213,120.0
16507,1763.0280028534848,0.99773066852383,120.0
16508,1763.0293917401189,0.99716189419292,120.0
16509,1763.0307806265203,0.99742081170685,120.0
16510,1763.032169513154,0.99696167684743,120.0
16511,1763.0335583997883,0.99565477488859,120.0
16512,1763.0349472861894,0.99698750168327,120.0
16513,1763.0363361728234,0.99674894762512,120.0
16514,1763.0377250592253,0.99543111465701,120.0
16515,1763.03911394586,0.99613349965822,120.0
16516,1763.0405028322612,0.99632756719695,120.0
16517,1763.0418917188956,0.99618042680543,120.0
16518,1763.0432806052963,0.9972748481246,120.0
16519,1763.0446694919308,0.99790905765043,120.0
16520,1763.046058378332,0.99733438264094,120.0
16521,1763.047447264966,0.99712836930774,120.0
16522,1763.0488361513671,0.99674784914897,120.0
16523,1763.0502250380011,0.99701531108918,120.0
16524,1763.0516139244023,0.99604316040323,120.0
16525,1763.0530028110363,0.99651854101283,120.0
16526,1763.0543916974375,0.99623378936217,120.0
16527,1763.055780584072,0.99698916648062,120.0
16528,1763.057169470473,0.99680573586146,120.0
16529,1763.0585583571071,0.99707922783524,120.0
16530,1763.0599472435083,0.99733985548765,120.0
16531,1763.0613361301423,0.99597482094458,120.0
16532,1763.0627250165437,0.99611617501111,120.0
16533,1763.0641139031775,0.99665321594691,120.0
16534,1763.0655027895789,0.99686716739441,120.0
16535,1763.0668916759803,0.99730649913961,120.0
16536,1763.068280562614,0.99605129176825,120.0
16537,1763.0696694490155,0.99590630364261,120.0
16538,1763.0710583356492,0.9957882669867,120.0
16539,1763.0724472220506,0.99692616026079,120.0
16540,1763.0738361086849,0.99463620500501,120.0
16541,1763.0752249950858,0.99790987087197,120.0
16542,1763.07661388172,0.99640605839312,120.0
16543,1763.0780027681212,0.9962915277107,120.0
16544,1763.0793916545224,0.99630740234791,120.0
16545,1763.0807805411566,0.99652598302723,120.0
16546,1763.0821694275576,0.99639216188266,120.0
16547,1763.0835583141918,0.9971304532114,120.0
16548,1763.0849472005928,0.99646198963726,120.0
16549,1763.086336086994,0.99641486864647,120.0
16550,1763.0877249736284,0.9960202305495,120.0
16551,1763.089113860029,0.9968104393621,120.0
16552,1763.0905027466636,0.99595452616618,120.0
16553,1763.0918916330647,0.99640961914583,120.0
16554,1763.093280519466,0.99558544095165,120.0
16555,1763.0946694061,0.99637322463726,120.0
16556,1763.096058292501,0.99616942679421,120.0
16557,1763.097447179135,0.99588225458129,120.0
16558,1763.0988360655367,0.99697092922667,120.0
16559,1763.1002249519377,0.99776739104362,120.0
16560,1763.101613838572,0.99534218651238,120.0
16561,1763.1030027249728,0.99669651276363,120.0
16562,1763.1043916113742,0.99622109750989,120.0
16563,1763.1057804980085,0.99643764530855,120.0
16564,1763.1071693844094,0.99664371871338,120.0
16565,1763.1085582708108,0.99612192979963,120.0
16566,1763.1099471574448,0.99673063425826,120.0
16567,1763.111336043846,0.99635022533603,120.0
16568,1763.1127249302474,0.9957890284292,120.0
16569,1763.1141138168812,0.99669370656639,120.0
16570,1763.1155027032823,0.99651448075223,120.0
16571,1763.1168915896835,0.99715486969221,120.0
16572,1763.1182804763175,0.99561980138249,120.0
16573,1763.1196693627192,0.99666036968516,120.0
16574,1763.12105824912,0.99641653907984,120.0
16575,1763.1224471355215,0.99604071752224,120.0
16576,1763.1238360221555,0.99662839311476,120.0
16577,1763.1252249085567,0.99621042206151,120.0
16578,1763.126613794958,0.99578346271213,120.0
16579,1763.128002681359,0.99605330360129,120.0
16580,1763.129391567994,0.99581491484956,120.0
16581,1763.130780454396,0.9973089616485,120.0
16582,1763.1321693407967,0.99557467732928,120.0
16583,1763.1335582271984,0.99671286148063,120.0
16584,1763.1363360002335,0.99632244802278,120.0
16585,1763.1377248866347,0.99627838282153,120.0
16586,1763.139113773036,0.99726148053897,120.0
16587,1763.14050265967,0.99628064951332,120.0
16588,1763.1418915460713,0.99708232764178,120.0
16589,1763.1432804324725,0.99593289575495,120.0
16590,1763.1446693188739,0.9966341090302,120.0
16591,1763.1460582052748,0.99617339415954,120.0
16592,1763.147447091909,0.99694805703739,120.0
16593,1763.1488359783102,0.99670908310134,120.0
16594,1763.1502248647112,0.99714266007659,120.0
16595,1763.1516137511128,0.99641978983418,120.0
16596,1763.1530026375135,0.99635729536557,120.0
16597,1763.1543915239151,0.99705471634994,120.0
16598,1763.1557804103163,0.99624122938638,120.0
16599,1763.1571692969503,0.99533591612695,120.0
16600,1763.1585581833515,0.99617414689386,120.0
16601,1763.1599470697527,0.99661219455176,120.0
16602,1763.161335956154,0.99617853224913,120.0
16603,1763.1627248425555,0.99567935697894,120.0
16604,1763.1641137289564,0.99685314926948,120.0
16605,1763.1655026153578,0.99620778584775,120.0
16606,1763.1668915017588,0.99643862906594,120.0
16607,1763.16828038816,0.99690634083325,120.0
16608,1763.1696692745616,0.99650548604671,120.0
16609,1763.171058161195,0.99662596543828,120.0
16610,1763.1724470475967,0.99663045027581,120.0
16611,1763.173835933998,0.99643947509152,120.0
16612,1763.175224820399,0.99585917655245,120.0
16613,1763.1766137068005,0.99600837874715,120.0
16614,1763.1780025932014,0.99719153023318,120.0
16615,1763.1793914796028,0.99668656548676,120.0
16616,1763.180780366004,0.99678229676179,120.0
16617,1763.1821692524052,0.99640106751193,120.0
16618,1763.1835581388063,0.99630346693039,120.0
16619,1763.1849470252075,0.99669921004133,120.0
16620,1763.1863359116087,0.99621579073928,120.0
16621,1763.1877247980108,0.99614683728855,120.0
16622,1763.1891136844126,0.9957759717147,120.0
16623,1763.190502570814,0.99587066169451,120.0
16624,1763.1918914572152,0.99706909997748,120.0
16625,1763.1932803436164,0.9970199002133,120.0
16626,1763.1946692300176,0.9955553671971,120.0
16627,1763.1960581164187,0.99657185426856,120.0
16628,1763.1974470025873,0.99668446760646,120.0
16629,1763.1988358889885,0.99627609693651,120.0
16630,1763.2002247753896,0.99553488226834,120.0
16631,1763.201613661791,0.99495546955304,120.0
16632,1763.203002548192,0.9958825086769,120.0
16633,1763.2043914345932,0.99643430449947,120.0
16634,1763.2057803209943,0.996014731391,120.0
16635,1763.2071692073955,0.9959520513122,120.0
16636,1763.2085580937971,0.99488120519716,120.0
16637,1763.2099469799653,0.99639804577924,120.0
16638,1763.2113358663667,0.99683628962661,120.0
16639,1763.212724752768,0.9961279676766,120.0
16640,1763.214113639169,0.99727198437512,120.0
16641,1763.2155025255704,0.99704961325839,120.0
16642,1763.2168914119711,0.99651613722171,120.0
16643,1763.21828029814,0.99604307014885,120.0
16644,1763.2196691845415,0.996423432287,120.0
16645,1763.2210580709436,0.99620186786184,120.0
16646,1763.222446957345,0.995518868997,120.0
16647,1763.2238358437462,0.99608632427654,120.0
16648,1763.2252247299143,0.99572430039141,120.0
16649,1763.226613616316,0.99673201173299,120.0
16650,1763.228002502717,0.9966858412575,120.0
16651,1763.2293913888855,0.99551256548693,120.0
16652,1763.2307802752866,0.99589090776754,120.0
16653,1763.2321691616878,0.99704859804802,120.0
16654,1763.2335580480892,0.99636500018348,120.0
16655,1763.234946934257,0.99661848426134,120.0
16656,1763.2363358206587,0.99686674796546,120.0
16657,1763.23772470706,0.99599018606144,120.0
16658,1763.2391135932282,0.99676127274681,120.0
16659,1763.2405024796296,0.99514835953992,120.0
16660,1763.2418913660304,0.99638760886257,120.0
16661,1763.2432802521992,0.99633135188503,120.0
16662,1763.2446691386003,0.99580572782142,120.0
16663,1763.2460580250015,0.99546826515839,120.0
16664,1763.24744691117,0.99762201638801,120.0
16665,1763.2488357975712,0.9967444470562,120.0
16666,1763.2502246837396,0.99661451031358,120.0
16667,1763.2516135701408,0.99642135192124,120.0
16668,1763.253002456309,0.99694234402162,120.0
16669,1763.2543913427105,0.99676772402575,120.0
16670,1763.2557802291117,0.99552714191406,120.0
16671,1763.25716911528,0.99679616066917,120.0
16672,1763.2585580016814,0.99660709342156,120.0
16673,1763.2599468878495,0.99668381038248,120.0
16674,1763.2613357742507,0.99653614492802,120.0
16675,1763.2627246604193,0.99551152742282,120.0
16676,1763.2641135468205,0.99590573444639,120.0
16677,1763.265502432989,0.99672252923076,120.0
16678,1763.26689131939,0.99687250861297,120.0
16679,1763.2682802055583,0.99588968808001,120.0
16680,1763.269669091727,0.99694369745642,120.0
16681,1763.271057978128,0.99639539805907,120.0
16682,1763.2724468642966,0.99729493527863,120.0
16683,1763.2738357506976,0.99705198799347,120.0
16684,1763.275224636866,0.99656482128926,120.0
16685,1763.2766135230347,0.99702028043395,120.0
16686,1763.2780024094357,0.99569936844464,120.0
16687,1763.2793912956042,0.9965439892043,120.0
16688,1763.2807801820054,0.99612311502861,120.0
16689,1763.2821690681735,0.99660874929767,120.0
16690,1763.2835579543423,0.99552193757978,120.0
16691,1763.2849468407433,0.99700795682141,120.0
16692,1763.2863357269118,0.99541254225961,120.0
16693,1763.28772461308,0.99600574031442,120.0
16694,1763.2891134992483,0.99666575226954,120.0
16695,1763.29050238565,0.99638707180502,120.0
16696,1763.291891271818,0.99596300057455,120.0
16697,1763.2932801579866,0.99529809460024,120.0
16698,1763.2946690441547,0.99624206444108,120.0
16699,1763.296057930556,0.99572545395108,120.0
16700,1763.2974468167247,0.9961545986137,120.0
16701,1763.2988357028928,0.9960620400526,120.0
16702,1763.3002245890611,0.9963721595343,120.0
16703,1763.30161347523,0.9958864542359,120.0
16704,1929.4642808393153,1.00478136024481,120.0
16705,1929.465669750187,1.00659649098939,120.0
16706,1929.4670586612929,1.00571567583636,120.0
16707,1929.4684475721651,1.00431759249544,120.0
16708,1929.46983648327,1.00610643232435,120.0
16709,1929.4712253941425,1.00545179642867,120.0
16710,1929.472614305248,1.00553646336397,120.0
16711,1929.47400321612,1.00627673452239,120.0
16712,1929.475392126992,1.00618960806631,120.0
16713,1929.4767810380963,1.00663196286415,120.0
16714,1929.4781699489683,1.00573883799888,120.0
16715,1929.4795588600728,1.00649801428336,120.0
16716,1929.4809477709448,1.00697787365935,120.0
16717,1929.4823366820503,1.00464099817492,120.0
16718,1929.4837255929233,1.00545941154409,120.0
16719,1929.4851145040284,1.00553838925071,120.0
16720,1929.4865034149009,1.00598592005916,120.0
16721,1929.4878923260055,1.00653072869583,120.0
16722,1929.4892812368776,1.00640609638461,120.0
16723,1929.4906701479824,1.00773340247585,120.0
16724,1929.4920590588545,1.0059271162151,120.0
16725,1929.4934479699596,1.00645086357486,120.0
16726,1929.494836880832,1.00729249199607,120.0
16727,1929.4962257919367,1.00629353443169,120.0
16728,1929.4976147028087,1.00663550017904,120.0
16729,1929.4990036139136,1.0069037051811,120.0
16730,1929.5003925247856,1.00623078273286,120.0
16731,1929.5017814358905,1.00678958670919,120.0
16732,1929.5031703467628,1.00573579676868,120.0
16733,1929.5045592578688,1.00634456576909,120.0
16734,1929.5059481687415,1.00627536001685,120.0
16735,1929.507337079846,1.00579471162826,120.0
16736,1929.508725990718,1.0053512873365,120.0
16737,1929.5101149018228,1.00547887265539,120.0
16738,1929.5115038126949,1.00465346563392,120.0
16739,1929.5128927237995,1.0062079416014,120.0
16740,1929.514281634672,1.00605845003281,120.0
16741,1929.5156705457775,1.00634434528916,120.0
16742,1929.5170594566491,1.00569515378291,120.0
16743,1929.5184483677544,1.00646694372625,120.0
16744,1929.5198372788589,1.00562212140539,120.0
16745,1929.5212261897311,1.00598411687561,120.0
16746,1929.522615100837,1.0067125966401,120.0
16747,1929.5240040117087,1.00606881294805,120.0
16748,1929.525392922814,1.00612603436023,120.0
16749,1929.5267818336868,1.00561929713981,120.0
16750,1929.5281707447912,1.00601121417886,120.0
16751,1929.5295596556632,1.00535504562258,120.0
16752,1929.530948566768,1.00577601866856,120.0
16753,1929.53233747764,1.00690530024108,120.0
16754,1929.5337263887448,1.00690302979913,120.0
16755,1929.5351152996163,1.00511212902588,120.0
16756,1929.536504210722,1.00618333992251,120.0
16757,1929.5378931218272,1.00637892137697,120.0
16758,1929.5392820327,1.00584369226489,120.0
16759,1929.5406709438057,1.00602630168354,120.0
16760,1929.5420598546773,1.00588022753483,120.0
16761,1929.543448765782,1.00564600502169,120.0
16762,1929.544837676654,1.00642155389025,120.0
16763,1929.5462265877584,1.00666316940273,120.0
16764,1929.547615498864,1.00510672295067,120.0
16765,1929.5490044097369,1.00640691453599,120.0
16766,1929.5503933208413,1.00570606841236,120.0
16767,1929.551782231713,1.0065913586386,120.0
16768,1929.553171142818,1.00572487508813,120.0
16769,1929.55456005369,1.004978796686,120.0
16770,1929.5559489647944,1.00563473980512,120.0
16771,1929.5573378759,1.00651942310855,120.0
16772,1929.5587267867731,1.00580834684954,120.0
16773,1929.5601156978787,1.00591734828018,120.0
16774,1929.5615046087507,1.00491579022751,120.0
16775,1929.5628935198552,1.005221333533,120.0
16776,1929.5642824307272,1.00622779512677,120.0
16777,1929.565671341832,1.00555010803136,120.0
16778,1929.5670602529367,1.00547940245874,120.0
16779,1929.5684491638087,1.00668046499105,120.0
16780,1929.569838074914,1.00482122762935,120.0
16781,1929.5712269857863,1.00751166605879,120.0
16782,1929.5726158968912,1.00585076948595,120.0
16783,1929.574004807996,1.00577323546384,120.0
16784,1929.5753937188683,1.0045984467228,120.0
16785,1929.576782629974,1.0062566279851,120.0
16786,1929.578171540846,1.00536313254337,120.0
16787,1929.5795604519512,1.00490416477395,120.0
16788,1929.5809493630568,1.00571905561094,120.0
16789,1929.5823382739288,1.00495414336373,120.0
16790,1929.5837271850337,1.00661995651861,120.0
16791,1929.5851160959053,1.00568512190365,120.0
16792,1929.58650500701,1.00570462576575,120.0
16793,1929.5878939181148,1.00584507524284,120.0
16794,1929.5892828289868,1.0058473590419,120.0
16795,1929.590671740092,1.00647982159457,120.0
16796,1929.5920606509649,1.00553993903912,120.0
16797,1929.59344956207,1.00567005817936,120.0
16798,1929.5948384731755,1.00566309814747,120.0
16799,1929.5962273840476,1.00524718563627,120.0
16800,1929.597616295152,1.00589430981902,120.0
16801,1929.5990052062568,1.0050735689574,120.0
16802,1929.6003941171289,1.00641011342237,120.0
16803,1929.601783028234,1.00532954388042,120.0
16804,1929.6031719391065,1.0058677225442,120.0
16805,1929.6045608502116,1.0049584345415,120.0
16806,1929.605949761316,1.00507221484371,120.0
16807,1929.607338672188,1.0048453028787,120.0
16808,1929.6087275832929,1.00584574724214,120.0
16809,1929.6101164943975,1.00636760525952,120.0
16810,1929.61150540527,1.00501189987819,120.0
16811,1929.612894316376,1.0045691262573,120.0
16812,1929.6142832272487,1.00617552661115,120.0
16813,1929.6156721383536,1.00505788679667,120.0
16814,1929.6170610494585,1.004755631583,120.0
16815,1929.6184499603305,1.00629389661709,120.0
16816,1929.6198388714347,1.00453860547799,120.0
16817,1929.6212277825396,1.00556601442918,120.0
16818,1929.6226166934116,1.00452492769935,120.0
16819,1929.6240056045167,1.00539588699112,120.0
16820,1929.6253945156225,1.00499871726641,120.0
16821,1929.6267834264945,1.00495549978719,120.0
16822,1929.6281723375987,1.0050656781138,120.0
16823,1929.6295612487045,1.00532366330529,120.0
16824,1929.6309501595767,1.00613487269414,120.0
16825,1929.6323390706816,1.00607278092556,120.0
16826,1929.6337279815543,1.0051192402088,120.0
16827,1929.6351168926597,1.00528282217124,120.0
16828,1929.636505803764,1.00575234587852,120.0
16829,1929.6378947146363,1.00456551779216,120.0
16830,1929.6420614477177,1.00559902465175,120.0
16831,1929.6434503588223,1.00555079241596,120.0
16832,1929.644839269928,1.00528985380853,120.0
16833,1929.6462281808003,1.00578554638757,120.0
16834,1929.6476170919057,1.00487937406075,120.0
16835,1929.6490060030112,1.00521172036843,120.0
16836,1929.6503949138832,1.0048772838225,120.0
16837,1929.651783824988,1.00417420281559,120.0
16838,1929.6531727360928,1.00531206246759,120.0
16839,1929.6545616469643,1.00453866365515,120.0
16840,1929.6559505580697,1.0054868573681,120.0
16841,1929.6573394691752,1.00458913128,120.0
16842,1929.6587283800473,1.00567381782922,120.0
16843,1929.660117291152,1.00583694199812,120.0
16844,1929.6615062022568,1.0052472883548,120.0
16845,1929.6628951131283,1.0052584270855,120.0
16846,1929.6642840242332,1.00556712261786,120.0
16847,1929.6656729353388,1.00571145232221,120.0
16848,1929.667061846212,1.00511845412034,120.0
16849,1929.6684507573175,1.00601885658039,120.0
16850,1929.669839668422,1.00496765914679,120.0
16851,1929.671228579294,1.00457181871353,120.0
16852,1929.6726174903988,1.00545122379919,120.0
16853,1929.6740064015032,1.00504384587022,120.0
16854,1929.6753953126083,1.00467044743304,120.0
16855,1929.67678422348,1.00516193772144,120.0
16856,1929.6781731345857,1.0057662278687,120.0
16857,1929.6795620456912,1.00525026851758,120.0
16858,1929.6809509565628,1.005611192671,120.0
16859,1929.6823398676677,1.00493981605395,120.0
16860,1929.6837287787728,1.00472094359369,120.0
16861,1929.6851176896455,1.00627340367318,120.0
16862,1929.6865066007504,1.00489476484364,120.0
16863,1929.6878955118552,1.00480646948724,120.0
16864,1929.6892844227275,1.00429521887418,120.0
16865,1929.6906733338328,1.00566158026783,120.0
16866,1929.6920622449377,1.00538287280566,120.0
16867,1929.6934511558095,1.00560186606013,120.0
16868,1929.6948400669144,1.0052805003496,120.0
16869,1929.6962289780192,1.00481983677998,120.0
16870,1929.697617889124,1.00471999309352,120.0
16871,1929.6990067999964,1.00567440996272,120.0
16872,1929.7003957111017,1.00505116285726,120.0
16873,1929.7017846222072,1.00457739759648,120.0
16874,1929.70317353308,1.00579944092477,120.0
16875,1929.7045624441848,1.00520790293109,120.0
16876,1929.7059513552892,1.00456527280503,120.0
16877,1929.7073402661608,1.00592816392672,120.0
16878,1929.708729177266,1.005882070274,120.0
16879,1929.7101180883712,1.00460516060985,120.0
16880,1929.7115069994768,1.00547515276368,120.0
16881,1929.7128959103488,1.00511653892305,120.0
16882,1929.7142848214532,1.00496511184001,120.0
16883,1929.715673732558,1.00503349367395,120.0
16884,1929.71706264343,1.00534102573468,120.0
16885,1929.7184515545348,1.00519434072842,120.0
16886,1929.7198404656392,1.0040995558045,120.0
16887,1929.7212293765128,1.00517083958427,120.0
16888,1929.7226182876188,1.0054789589042,120.0
16889,1929.7240071987233,1.00515481187408,120.0
16890,1929.7253961098284,1.00479636326502,120.0
16891,1929.7267850207,1.00665821417808,120.0
16892,1929.7281739318048,1.0047966109526,120.0
16893,1929.7295628429097,1.00468242741784,120.0
16894,1929.7309517537817,1.00581818877295,120.0
16895,1929.7323406648868,1.00465173382719,120.0
16896,1929.7337295759924,1.00521508210294,120.0
16897,1929.7351184870968,1.00520390663492,120.0
16898,1929.7365073979688,1.00459750186776,120.0
16899,1929.7378963090737,1.00475937827987,120.0
16900,1929.7406741310515,1.00434649863259,120.0
16901,1929.7420630421564,1.00438373908798,120.0
16902,1929.743451953262,1.00406543306061,120.0
16903,1929.7448408643672,1.0055363826489,120.0
16904,1929.7462297752393,1.00493496553336,120.0
16905,1929.747618686344,1.00526881921816,120.0
16906,1929.7490075974483,1.00548007775929,120.0
16907,1929.7503965083204,1.00445879007839,120.0
16908,1929.7517854194252,1.00547374033411,120.0
16909,1929.7531743305303,1.00416941212567,120.0
16910,1929.754563241636,1.00314800869117,120.0
16911,1929.755952152508,1.00530047772306,120.0
16912,1929.7573410636137,1.00512957997844,120.0
16913,1929.7587299747188,1.00501978493637,120.0
16914,1929.7601188855908,1.00427344675979,120.0
16915,1929.7615077966952,1.00488686565687,120.0
16916,1929.7628967078,1.00412516059719,120.0
16917,1929.7642856189057,1.00408186484457,120.0
16918,1929.765674529778,1.0044366928345,120.0
16919,1929.7670634408832,1.0047810656178,120.0
16920,1929.7684523519877,1.00377036218863,120.0
16921,1929.7698412630923,1.00529511766164,120.0
16922,1929.771230173964,1.00400004464052,120.0
16923,1929.7726190850688,1.00507429813089,120.0
16924,1929.7740079961736,1.00414790312227,120.0
16925,1929.7753969070473,1.00524985177165,120.0
16926,1929.7767858181528,1.00487637768996,120.0
16927,1929.7781747292577,1.00517192201996,120.0
16928,1929.7795636403623,1.00534064617153,120.0
16929,1929.7809525512343,1.00430345173553,120.0
16930,1929.7823414623392,1.0043084825049,120.0
16931,1929.783730373444,1.00459068232284,120.0
16932,1929.7851192845485,1.0042107288628,120.0
16933,1929.7865081954212,1.00623779072761,120.0
16934,1929.7878971065263,1.00378608522763,120.0
16935,1929.7892860176312,1.0045076577359,120.0
16936,1929.7906749285032,1.00490889426378,120.0
16937,1929.792063839608,1.00483213144571,120.0
16938,1929.7934527507136,1.00452282849342,120.0
16939,1929.7948416618187,1.00427693280108,120.0
16940,1929.7962305726908,1.00399748605041,120.0
16941,1929.797619483796,1.00416993662269,120.0
16942,1929.7990083949016,1.00380763462532,120.0
16943,1929.8003973060063,1.00452201987545,120.0
16944,1929.8031751279827,1.00414697312196,120.0
16945,1929.8045640390876,1.0048639627398,120.0
16946,1929.8059529499592,1.00256870968349,120.0
16947,1929.807341861064,1.00475662976347,120.0
16948,1929.8087307721696,1.0041643447913,120.0
16949,1929.8101196832752,1.00386048115265,120.0
16950,1929.8115085941467,1.00451646849854,120.0
16951,1929.812897505252,1.00466237870836,120.0
16952,1929.8142864163576,1.00470010941355,120.0
16953,1929.8156753274625,1.00412537077472,120.0
16954,1929.8170642383343,1.00400998312286,120.0
16955,1929.81845314944,1.00522429739732,120.0
16956,1929.8198420605452,1.00406275036727,120.0
16957,1929.8212309716496,1.00448004291367,120.0
16958,1929.8226198825216,1.0054407182691,120.0
16959,1929.8240087936267,1.00410724628626,120.0
16960,1929.8253977047311,1.00471603525347,120.0
16961,1929.826786615836,1.0052814375505,120.0
16962,1929.828175526708,1.00515361812852,120.0
16963,1929.8295644378131,1.00375500098595,120.0
16964,1929.832342259792,1.00361302302288,120.0
16965,1929.8337311708967,1.00468167911357,120.0
16966,1929.8351200820011,1.00412671851125,120.0
16967,1929.8365089931065,1.00380803558054,120.0
16968,1929.837897903978,1.0035060565599,120.0
16969,1929.8392868150827,1.00444305631004,120.0
16970,1929.840675726188,1.00278415349329,120.0
16971,1929.8434535481656,1.00347057858087,120.0
16972,1929.8448424592705,1.00338173383078,120.0
16973,1929.846231370375,1.00382102728987,120.0
16974,1929.8476202814795,1.00549970043606,120.0
16975,1929.8490091923525,1.00371452083292,120.0
16976,1929.8503981034576,1.00499774947456,120.0
16977,1929.8517870145631,1.00464417470897,120.0
16978,1929.853175925436,1.00461466615879,120.0
16979,1929.8545648365405,1.00483263298336,120.0
16980,1929.8559537476451,1.00358344690336,120.0
16981,1929.8573426587495,1.00331823483292,120.0
16982,1929.8587315696216,1.00493126688868,120.0
16983,1929.8601204807264,1.00451907808928,120.0
16984,1929.8615093918313,1.00427481208996,120.0
16985,1929.8628983029369,1.00460362015407,120.0
16986,1929.8642872138091,1.00441059921786,120.0
16987,1929.865676124914,1.00408923489868,120.0
16988,1929.8670650360193,1.00531838531334,120.0
16989,1929.8684539471249,1.00361266291231,120.0
16990,1929.869842857997,1.00408716939122,120.0
16991,1929.871231769101,1.00443948140036,120.0
16992,1929.8726206802069,1.00379719575253,120.0
16993,1929.8740095913124,1.00503761575182,120.0
16994,1929.875398502184,1.00403049443824,120.0
16995,1929.8767874132889,1.00498676454894,120.0
16996,1929.8781763243935,1.00473475197623,120.0
16997,1929.8795652352655,1.00533349794494,120.0
16998,1929.88095414637,1.00346032654065,120.0
16999,1929.8823430574753,1.00382228903353,120.0
17000,1929.8837319685804,1.00428458947354,120.0
17001,1929.8851208794529,1.00421648257784,120.0
17002,1929.8865097905584,1.00456092535121,120.0
17003,1929.8878987016635,1.00400348592547,120.0
17004,1929.8892876127688,1.00347059372253,120.0
17005,1929.8906765236404,1.00342379091918,120.0
17006,1929.8920654347448,1.00355818022915,120.0
17007,1929.89345434585,1.00431914367029,120.0
17008,1929.8948432569553,1.00377681631338,120.0
17009,1929.896232167828,1.00450460574924,120.0
17010,1929.8976210789328,1.0039760445852,120.0
17011,1929.8990099900373,1.00365111920783,120.0
17012,1929.9003989009093,1.00378203345689,120.0
17013,1929.901787812014,1.00334204703959,120.0
17014,1929.9031767231188,1.00377092390814,120.0
17015,1929.904565634224,1.00428657281979,120.0
17016,1929.9101212784124,1.00377960182822,120.0
17017,1929.911510189284,1.00390846562409,120.0
17018,1929.9128991003888,1.004152913832,120.0
17019,1929.9142880114937,1.00352377429832,120.0
17020,1929.9156769223655,1.00372244150513,120.0
17021,1929.9170658334708,1.00441922573979,120.0
17022,1929.9184547445764,1.002330505442,120.0
17023,1929.9198436556808,1.00417973502427,120.0
17024,1929.9212325665528,1.00458737096579,120.0
17025,1929.9226214776584,1.00394733459429,120.0
17026,1929.924010388764,1.0034948486132,120.0
17027,1929.9253992998683,1.00380738459144,120.0
17028,1929.9267882107408,1.00384408976482,120.0
17029,1929.9281771218464,1.00416976865805,120.0
17030,1929.9295660329512,1.00361345731269,120.0
17031,1929.9337327660323,1.00290354551875,120.0
17032,1929.9351216771372,1.00313031910813,120.0
17033,1929.9365105880092,1.00397418171583,120.0
17034,1929.9378994991143,1.00351829163045,120.0
17035,1929.93928841022,1.0034955837517,120.0
17036,1929.9406773213248,1.00311932383114,120.0
17037,1929.9420662321977,1.00461947084719,120.0
17038,1929.9434551433028,1.00450541305288,120.0
17039,1929.9448440544072,1.00355974080486,120.0
17040,1929.9462329652793,1.0032916480125,120.0
17041,1929.947621876384,1.00389305112945,120.0
17042,1929.9490107874897,1.00354843444942,120.0
17043,1929.9503996985948,1.00428648284999,120.0
17044,1929.9517886094668,1.00439791200788,120.0
17045,1929.9531775205717,1.00269162457216,120.0
17046,1929.9545664316763,1.00327830165347,120.0
17047,1929.955955342548,1.00353640838928,120.0
17048,1929.9573442536528,1.00278755330878,120.0
17049,1929.9587331647576,1.00372087307431,120.0
17050,1929.960122075864,1.00318871554043,120.0
17051,1929.9615109867368,1.0028774249557,120.0
17052,1929.9628998978417,1.00417440308142,120.0
17053,1929.9642888089463,1.00295673247153,120.0
17054,1929.9656777198184,1.00320037141214,120.0
17055,1929.9670666309232,1.00478289167093,120.0
17056,1929.968455542028,1.00306415951896,120.0
17057,1929.9698444531325,1.00246611963728,120.0
17058,1929.9712333640052,1.00390228391016,120.0
17059,1929.9726222751103,1.00258567501165,120.0
17060,1929.9740111862152,1.00312123227198,120.0
17061,1929.9754000970872,1.00325386238233,120.0
17062,1929.976789008192,1.00374648540982,120.0
17063,1929.9781779192965,1.00343176605907,120.0
17064,1929.979566830402,1.00290815106464,120.0
17065,1929.9809557412748,1.00409703187149,120.0
17066,1929.98234465238,1.00314981201525,120.0
17067,1929.9837335634857,1.0041087339955,120.0
17068,1929.9851224743572,1.00326731231788,120.0
17069,1929.986511385462,1.00256560428179,120.0
17070,1929.9879002965667,1.00309905824976,120.0
17071,1929.9892892076716,1.00304857470663,120.0
17072,1929.9906781185432,1.00263646087338,120.0
17073,1929.9920670296488,1.00351539319286,120.0
17074,1929.9934559407543,1.00254365697976,120.0
17075,1929.994844851626,1.00296510787888,120.0
17076,1929.9962337627308,1.00365375753247,120.0
17077,1929.9976226738363,1.00315848902976,120.0
17078,1929.9990115847088,1.00291077218997,120.0
17079,1930.0004004958137,1.00386350021967,120.0
17080,1930.0017894069183,1.0033831120011,120.0
17081,1930.0031783180236,1.00289034381856,120.0
17082,1930.0045672288963,1.0036008001164,120.0
17083,1930.0059561400008,1.00356714545256,120.0
17084,1930.0073450511056,1.0032456833479,120.0
17085,1930.0087339619777,1.00267644828234,120.0
17086,1930.0101228730823,1.00252375915535,120.0
17087,1930.0115117841872,1.00355057075128,120.0
17088,1930.0129006950588,1.00279300620277,120.0
17089,1930.0142896061643,1.00355683595593,120.0
17090,1930.0156785172703,1.00242835708301,120.0
17091,1930.0170674281433,1.00360133025447,120.0
17092,1930.0198452503523,1.00354796097737,120.0
17093,1930.0212341614576,1.00252382301412,120.0
17094,1930.0226230723292,1.00442949039742,120.0
17095,1930.024011983434,1.00157312309674,120.0
17096,1930.0254008945392,1.00409099557937,120.0
17097,1930.026789805412,1.00309780334468,120.0
17098,1930.0281787165163,1.00330509061691,120.0
17099,1930.0295676276216,1.00325182459064,120.0
17100,1930.0309565384937,1.00302840635221,120.0
17101,1930.032345449598,1.00218427611123,120.0
17102,1930.0337343607027,1.00295817194847,120.0
17103,1930.0351232715752,1.00359690252661,120.0
17104,1930.0379010937872,1.00364574952009,120.0
17105,1930.0392900046588,1.00323736230791,120.0
17106,1930.0406789157632,1.00263105829635,120.0
17107,1930.042067826868,1.00358829020152,120.0
17108,1930.04345673774,1.00321274100376,120.0
17109,1930.0448456488448,1.00386168988937,120.0
17110,1930.0462345599503,1.00276321879351,120.0
17111,1930.0476234708228,1.00274871211121,120.0
17112,1930.0490123819272,1.00332552425923,120.0
17113,1930.0504012930323,1.00381059971243,120.0
17114,1930.051790203904,1.00237717347982,120.0
17115,1930.0531791150097,1.00306822798237,120.0
17116,1930.0545680261152,1.00248046856147,120.0
17117,1930.0559569372197,1.00197083453182,120.0
17118,1930.0573458480924,1.00274395406916,120.0
17119,1930.0587347591977,1.00215420480545,120.0
17120,1930.0601236703023,1.00209870627412,120.0
17121,1930.0615125811744,1.00327714576406,120.0
17122,1930.0629014922793,1.00239007958962,120.0
17123,1930.0642904031513,1.00126496371904,120.0
17124,1930.0656793142557,1.00164643809426,120.0
17125,1930.0670682253603,1.00212547365917,120.0
17126,1930.0684571362328,1.00236173999829,120.0
17127,1930.0698460473384,1.00200924638396,120.0
17128,1930.0712349584433,1.00140579778081,120.0
17129,1930.0726238693155,1.00095462700741,120.0
17130,1930.0740127804213,1.00131307932343,120.0
17131,1930.075401691526,1.00233978787661,120.0
17132,1930.0767906023975,1.00160243318274,120.0
17133,1930.0781795135024,1.00165359572715,120.0
17134,1930.079568424608,1.0006281281616,120.0
17135,1930.080957335481,1.00114882174004,120.0
17136,1930.0823462465853,1.00107841939158,120.0
17137,1930.08373515769,1.00152810712585,120.0
17138,1930.0851240685615,1.00103508887621,120.0
17139,1930.0865129796664,1.00161983102125,120.0
17140,1930.0879018907713,1.00107797886543,120.0
17141,1930.0892908016433,1.00215009702965,120.0
17142,1930.0906797127493,1.00188501013345,120.0
17143,1930.0920686238553,1.00088083098313,120.0
17144,1930.0934575347271,1.00158178902259,120.0
17145,1930.094846445832,1.00115378435499,120.0
17146,1930.096235356704,1.0017298262302,120.0
17147,1930.097624267809,1.00172411754371,120.0
17148,1930.0990131789133,1.00133994419603,120.0
17149,1930.1004020897851,1.00166843199477,120.0
17150,1930.1017910008904,1.00111655470137,120.0
17151,1930.103179911996,1.00242671744827,120.0
17152,1930.104568822868,1.00077622376223,120.0
17153,1930.105957733973,1.00224056038203,120.0
17154,1930.1073466450775,1.0006541566992,120.0
17155,1930.1087355559491,1.00192459168512,120.0
17156,1930.1101244670544,1.00144743620167,120.0
17157,1930.111513377928,1.0011523789271,120.0
17158,1930.1142912001385,1.00078094916457,120.0
17159,1930.11568011101,1.00317485691545,120.0
17160,1930.1170690221147,1.00096494024745,120.0
17161,1930.1184579332196,0.99950642129156,120.0
17162,1930.1198468440912,1.00086014858819,120.0
17163,1930.121235755196,1.00094802081899,120.0
17164,1930.1226246660688,1.00114564123824,120.0
17165,1930.1240135771743,1.00223827516276,120.0
17166,1930.1254024882787,1.00205884871463,120.0
17167,1930.1267913991508,1.00079570339362,120.0
17168,1930.1281803102556,1.00152730246211,120.0
17169,1930.1295692213607,1.001771026214,120.0
17170,1930.1309581322337,1.00134295260508,120.0
17171,1930.1323470433383,1.00003533242239,120.0
17172,1930.1337359542113,1.00115027048133,120.0
17173,1930.1365137764208,1.0014158061595,120.0
17174,1930.1379026872928,1.00108381589473,120.0
17175,1930.1392915983977,1.00198629007062,120.0
17176,1930.1406805092695,1.00144926963006,120.0
17177,1930.142069420374,0.99997347991468,120.0
17178,1930.1448472423513,0.99989100463085,120.0
17179,1930.1462361534568,1.00119294824396,120.0
17180,1930.1476250643295,1.00027024190041,120.0
17181,1930.1490139754349,1.0003540927513,120.0
17182,1930.1504028865395,1.0010495409682,120.0
17183,1930.1517917974115,1.00011684341317,120.0
17184,1930.1531807085164,1.00167218010919,120.0
17185,1930.154569619388,1.00133745073592,120.0
17186,1930.1559585304935,1.00041754358832,120.0
17187,1930.1573474415993,1.00193943800228,120.0
17188,1930.1587363524711,1.00042192886677,120.0
17189,1930.1601252635755,1.00060163951076,120.0
17190,1930.1615141744476,1.00069601608071,120.0
17191,1930.162903085552,1.00111118730312,120.0
17192,1930.164291996424,1.00016654607183,120.0
17193,1930.1656809075296,1.00110972406421,120.0
17194,1930.1670698186356,1.00169534148859,120.0
17195,1930.1684587295083,0.99972448849331,120.0
17196,1930.1698476406127,1.00114989076291,120.0
17197,1930.1712365514848,1.00133858751041,120.0
17198,1930.1726254625896,1.00109011051055,120.0
17199,1930.1740143734617,1.00135538337265,120.0
17200,1930.1754032845663,1.00067619930366,120.0
17201,1930.176792195672,1.00000416780554,120.0
17202,1930.1781811065443,1.0000416050237,120.0
17203,1930.1795700176488,1.00074144521961,120.0
17204,1930.1809589285208,1.00122480287511,120.0
17205,1930.1823478396257,1.00071014713117,120.0
17206,1930.1837367504977,1.00043800056394,120.0
17207,1930.1851256616033,1.00012470300594,120.0
17208,1930.1865145727083,1.00178441802861,120.0
17209,1930.1879034835808,1.00151723520426,120.0
17210,1930.1892923946864,1.0015651995611,120.0
17211,1930.1906813055584,1.00123094730259,120.0
17212,1930.1920702166633,1.00275699086484,120.0
17213,1930.1934591275349,1.00223481083546,120.0
17214,1930.1948480386395,1.00175871826596,120.0
17215,1930.197625860616,1.00172286655669,120.0
17216,1930.1990147717215,1.00196733020593,120.0
17217,1930.2004036825945,1.00142155822479,120.0
17218,1930.201792593699,1.00124286296001,120.0
17219,1930.2031815045707,1.00134906273641,120.0
17220,1930.204570415676,1.0002797067288,120.0
17221,1930.2059593265487,1.0013581198285,120.0
17222,1930.2073482376536,1.001140828072,120.0
17223,1930.2087371485256,1.0015016363754,120.0
17224,1930.2101260596307,1.00120479139763,120.0
17225,1930.2115149705032,1.00138619449616,120.0
17226,1930.212903881608,1.00147711346822,120.0
17227,1930.2142927927127,1.00108600708101,120.0
17228,1930.2170706146896,1.00174488786925,120.0
17229,1930.2184595255617,1.00158965939302,120.0
17230,1930.219848436666,1.00063251640759,120.0
17231,1930.2212373475388,1.00120307849226,120.0
17232,1930.222626258644,1.00201968778891,120.0
17233,1930.2240151695169,1.00198699358059,120.0
17234,1930.225404080622,1.00245418338123,120.0
17235,1930.226792991494,1.00125659070887,120.0
17236,1930.2281819025989,1.00099303285863,120.0
17237,1930.2295708134704,1.00309404333142,120.0
17238,1930.230959724576,1.00126622668151,120.0
17239,1930.2323486354487,1.00120232866483,120.0
17240,1930.2337375465531,1.00220425200633,120.0
17241,1930.2351264574252,1.00059442152253,120.0
17242,1930.23651536853,1.00105255782194,120.0
17243,1930.237904279402,1.00230993658704,120.0
17244,1930.2406821013783,1.00169670293642,120.0
17245,1930.2420710124843,1.00042432678735,120.0
17246,1930.243459923358,1.00069448545423,120.0
17247,1930.2448488344628,1.00123747325196,120.0
17248,1930.2462377453344,1.00173167691808,120.0
17249,1930.2476266564393,1.00029997054921,120.0
17250,1930.2490155673113,1.0003908741105,120.0
17251,1930.250404478416,1.00141511371283,120.0
17252,1930.251793389288,1.00017497014802,120.0
17253,1930.2531823003933,1.00163385605909,120.0
17254,1930.2573490332425,1.00123242221549,120.0
17255,1930.258737944347,1.00047029398157,120.0
17256,1930.2601268552191,1.00073649975661,120.0
17257,1930.2615157663245,1.00123624587816,120.0
17258,1930.2629046771967,1.00135617062026,120.0
17259,1930.2642935883025,1.00188152023768,120.0
17260,1930.2656824991752,1.00089492824583,120.0
17261,1930.26707141028,1.00118300175077,120.0
17262,1930.2684603211517,1.00064092171257,120.0
17263,1930.2698492322563,1.00134685323397,120.0
17264,1930.2712381431284,1.00158957057056,120.0
17265,1930.2726270542328,1.00109311521489,120.0
17266,1930.2740159651048,1.00105520814126,120.0
17267,1930.2754048759775,1.00043018235805,120.0
17268,1930.2767937870829,1.00147287626875,120.0
17269,1930.278182697955,1.00012723284415,120.0
17270,1930.2795716090595,1.00010892561681,120.0
17271,1930.280960519932,1.00041087770101,120.0
17272,1930.2823494310376,1.00028870364919,120.0
17273,1930.2837383419092,1.00058906721776,120.0
17274,1930.2865161638872,1.00081611398644,120.0
17275,1930.2879050749923,1.00018439484593,120.0
17276,1930.289293985864,1.00094778092325,120.0
17277,1930.290682896736,1.0013316755317,120.0
17278,1930.2920718078408,1.00085392090553,120.0
17279,1930.2934607187124,1.00129453375514,120.0
17280,1930.2948496298177,1.00083072530676,120.0
17281,1930.29623854069,1.00070539409346,120.0
17282,1930.2976274517953,1.00115145060523,120.0
17283,1930.299016362667,1.00096746961881,120.0
17284,1930.30040527354,0.99926476797427,120.0
17285,1930.3017941846451,1.00054700305744,120.0
17286,1930.3031830955172,1.00096766682313,120.0
17287,1930.3045720066216,1.00019892246611,120.0
17288,1930.3059609174936,1.00034866050772,120.0
17289,1930.3073498285992,1.00093520629402,120.0
17290,1930.308738739472,0.9999885405744,120.0
17291,1930.3101276503437,1.00222361224351,120.0
17292,1930.3115165614483,1.0008908094712,120.0
17293,1930.31290547232,1.00046993956081,120.0
17294,1930.3142943834248,1.0003375583725,120.0
17295,1930.3156832942968,1.00070857996003,120.0
17296,1930.3170722054017,1.00018346033164,120.0
17297,1930.3184611162749,1.00111500629718,120.0
17298,1930.319850027148,1.0012050493572,120.0
17299,1930.3212389382527,1.00036682132923,120.0
17300,1930.3240167602296,1.0004496257266,120.0
17301,1930.3254056711016,1.00129163537764,120.0
17302,1930.3267945819732,1.000499073502,120.0
17303,1930.328183493078,1.00049070677461,120.0
17304,1930.3295724039504,1.00117162038979,120.0
17305,1930.330961315056,0.99999739617006,120.0
17306,1930.332350225928,1.0009276169459,120.0
17307,1930.3337391367995,1.00115026188587,120.0
17308,1930.3351280479048,1.00103056625522,120.0
17309,1930.3365169587764,0.99993752372918,120.0
17310,1930.3379058696487,1.00075436272506,120.0
17311,1930.3392947807545,1.00082428747263,120.0
17312,1930.3406836916272,1.00033224589925,120.0
17313,1930.3420726027323,1.00035363221567,120.0
17314,1930.3434615136043,1.00025611347518,120.0
17315,1930.3448504244764,1.00013208376924,120.0
17316,1930.3462393355808,0.99959163835848,120.0
17317,1930.3476282464528,1.0003774749481,120.0
17318,1930.3490171573249,1.00033636069955,120.0
17319,1930.35040606843,1.0000012080296,120.0
17320,1930.351794979303,1.00070240545568,120.0
17321,1930.3531838904075,1.00068364029143,120.0
17322,1930.3545728012791,1.00017299492396,120.0
17323,1930.3559617121512,1.00054586874235,120.0
17324,1930.3573506232567,0.99990509234148,120.0
17325,1930.3587395341297,1.00054982968641,120.0
17326,1930.3601284450012,1.00029666392819,120.0
17327,1930.3615173561068,1.00149692898707,120.0
17328,1930.3629062669793,1.00011551129756,120.0
17329,1930.364295177851,1.00018365523136,120.0
17330,1930.365684088956,1.00074056256003,120.0
17331,1930.3670729998275,1.00000003338669,120.0
17332,1930.3684619106996,1.00087715199324,120.0
17333,1930.369850821804,0.99965097373949,120.0
17334,1930.371239732676,1.00039956907491,120.0
17335,1930.3726286435488,1.0003924547386,120.0
17336,1930.3740175546543,1.00234787544401,120.0
17337,1930.375406465526,1.00109331138902,120.0
17338,1930.3767953763988,0.99989668328761,120.0
17339,1930.378184287504,0.99979837857433,120.0
17340,1930.379573198376,1.00015331874401,120.0
17341,1930.380962109248,1.00062396248675,120.0
17342,1930.3823510203529,1.00031402769191,120.0
17343,1930.3837399312251,1.00017352611994,120.0
17344,1930.3851288420976,0.9998538086894,120.0
17345,1930.3865177532025,0.99986571995412,120.0
17346,1930.3879066640743,1.00025517618475,120.0
17347,1930.3892955749463,1.00006267284959,120.0
17348,1930.3906844860508,1.00030306019458,120.0
17349,1930.3920733969233,1.0017996248673,120.0
17350,1930.3934623077948,1.00035205508007,120.0
17351,1930.394851218667,0.99942673508721,120.0
17352,1930.3962401297736,1.00047295054838,120.0
17353,1930.397629040646,1.00044946413406,120.0
17354,1930.399017951518,1.00065935132742,120.0
17355,1930.4004068626227,0.99972089111742,120.0
17356,1930.4017957734948,1.0003590118217,120.0
17357,1930.4031846843664,1.00024239540845,120.0
17358,1930.404573595472,0.99971961176959,120.0
17359,1930.4059625063448,1.00045375632659,120.0
17360,1930.4073514172164,0.99871202257758,120.0
17361,1930.4087403280885,0.99978846553908,120.0
17362,1930.410129239193,0.99999584611517,120.0
17363,1930.4115181500647,0.99983895096965,120.0
17364,1930.4129070609367,0.99988088633241,120.0
17365,1930.4142959718088,1.00012344694963,120.0
17366,1930.4156848829152,1.00026290798073,120.0
17367,1930.417073793788,0.9996219880015,120.0
17368,1930.41846270466,0.99975418249232,120.0
17369,1930.4198516157649,0.99957787997011,120.0
17370,1930.421240526637,1.00031316059953,120.0
17371,1930.4226294375087,0.99952651088676,120.0
17372,1930.4240183483803,1.00106646937884,120.0
17373,1930.4254072594852,0.99978529043563,120.0
17374,1930.4267961703576,0.99963118414974,120.0
17375,1930.4281850812304,0.99989992084941,120.0
17376,1930.4295739921024,1.00025683608362,120.0
17377,1930.4309629032073,0.99956184483501,120.0
17378,1930.4323518140789,0.99920391114101,120.0
17379,1930.435129635824,0.99978301806252,120.0
17380,1930.4365185469287,0.99919214151433,120.0
17381,1930.4379074578017,1.0000824219153,120.0
17382,1930.439296368674,0.9998996628063,120.0
17383,1930.4406852795455,0.99918066603179,120.0
17384,1930.4420741904175,1.00005182156859,120.0
17385,1930.4434631015224,0.99967090768594,120.0
17386,1930.4448520123944,1.00002072594001,120.0
17387,1930.4462409232665,0.99984879313794,120.0
17388,1930.447629834138,1.00044455054004,120.0
17389,1930.4490187452436,1.00009336485362,120.0
17390,1930.450407656116,1.00021136394531,120.0
17391,1930.451796566988,0.99929905381626,120.0
17392,1930.4531854778609,0.9998399664674,120.0
17393,1930.4545743887331,0.99928328925436,120.0
17394,1930.455963299838,0.99922674842529,120.0
17395,1930.4573522107096,1.00035580956726,120.0
17396,1930.4587411215816,0.9998498962394,120.0
17397,1930.4601300324543,1.00040861994959,120.0
17398,1930.4615189433268,0.99885906973917,120.0
17399,1930.4629078544317,0.99981184435876,120.0
17400,1930.4656856761756,0.99988896769025,120.0
17401,1930.4670745870471,1.00059553575205,120.0
17402,1930.4684634979192,1.00007183270685,120.0
17403,1930.4698524090247,1.00073554899992,120.0
17404,1930.4726302307697,0.99954053641893,120.0
17405,1930.4740191416424,0.99933903665155,120.0
17406,1930.4754080525145,0.99934429812454,120.0
17407,1930.476796963386,0.99968312176903,120.0
17408,1930.4781858744907,0.99950734996503,120.0
17409,1930.4795747853627,0.99909442161534,120.0
17410,1930.4809636962352,0.99922962662021,120.0
17411,1930.482352607108,0.9992387277967,120.0
17412,1930.4837415179795,0.99887254232102,120.0
17413,1930.4851304288516,0.99959259710049,120.0
17414,1930.4865193399569,0.99949459749222,120.0
17415,1930.4879082508285,0.99931435524627,120.0
17416,1930.4892971617,0.99941005227825,120.0
17417,1930.490686072572,1.00009666048127,120.0
17418,1930.4920749834455,0.99940757418166,120.0
17419,1930.493463894319,0.99869569341619,120.0
17420,1930.4948528051907,0.99972245686031,120.0
17421,1930.4962417162951,0.9998898373091,120.0
17422,1930.4976306271672,0.99947531857855,120.0
17423,1930.4990195380392,0.99965715398764,120.0
17424,1930.5004084489112,0.9999821775598,120.0
17425,1930.5017973597833,0.99963554656802,120.0
17426,1930.5031862706555,0.99969581604274,120.0
17427,1930.504575181528,0.99994092472091,120.0
17428,1930.505964092633,0.99919297483846,120.0
17429,1930.5073530035047,0.99972671539658,120.0
17430,1930.5087419143767,0.99939976340612,120.0
17431,1930.5101308252483,0.99913133168395,120.0
17432,1930.5115197361213,0.99881840485479,120.0
17433,1930.5129086469935,0.99854401217437,120.0
17434,1930.5142975578665,0.99946044929335,120.0
17435,1930.5156864687387,0.99966661812937,120.0
17436,1930.5170753796108,0.99914102963341,120.0
17437,1930.5184642907152,0.99915001200654,120.0
17438,1930.5198532015872,0.99895819227682,120.0
17439,1930.5212421124593,0.99871769649998,120.0
17440,1930.522631023331,0.99938651003181,120.0
17441,1930.524019934204,0.99899538570105,120.0
17442,1930.5254088450763,0.9984768144894,120.0
17443,1930.526797755948,0.99992656989557,120.0
17444,1930.52818666682,0.99959682698569,120.0
17445,1930.529575577692,0.99875445543496,120.0
17446,1930.530964488565,0.99856119832076,120.0
17447,1930.5323533994372,0.99908933684576,120.0
17448,1930.5337423103088,0.99970232192274,120.0
17449,1930.5351312214143,0.99970094856294,120.0
17450,1930.5365201322873,0.99882153149187,120.0
17451,1930.5379090431593,0.99915671352432,120.0
17452,1930.5392979540309,0.99872424739231,120.0
17453,1930.5406868649025,0.99892570772586,120.0
17454,1930.5420757757747,0.99803633523407,120.0
17455,1930.5434646866468,0.99893300896398,120.0
17456,1930.5448535975183,0.99913968223956,120.0
17457,1930.5462425083913,0.99964887217214,120.0
17458,1930.5476314192636,0.99805958280133,120.0
17459,1930.5490203301356,0.9992834506094,120.0
17460,1930.550409241008,0.99867845918337,120.0
17461,1930.5517981518808,0.99804745494725,120.0
17462,1930.5531870627528,0.99871163777234,120.0
17463,1930.5545759736244,0.99933431113485,120.0
17464,1930.5559648844965,0.99911793721392,120.0
17465,1930.5573537953687,0.99921093512454,120.0
17466,1930.5587427062417,0.99939147132093,120.0
17467,1930.5601316171137,0.99850096436435,120.0
17468,1930.5615205279853,0.99796109404493,120.0
17469,1930.562909438857,0.99861562683202,120.0
17470,1930.564298349962,0.99919317986528,120.0
17471,1930.565687260834,0.99797511510972,120.0
17472,1930.5670761717056,0.99871617896581,120.0
17473,1930.5684650825783,0.99905323072074,120.0
17474,1930.5698539934515,0.99873290789191,120.0
17475,1930.571242904324,0.99822282639717,120.0
17476,1930.572631815196,0.99819083563968,120.0
17477,1930.574020726068,0.99820168974458,120.0
17478,1930.57540963694,0.9984990216845,120.0
17479,1930.576798547812,0.99869400296144,120.0
17480,1930.5781874586835,0.99904096241226,120.0
17481,1930.579576369556,0.99796872565956,120.0
17482,1930.5809652804287,0.99839333631641,120.0
17483,1930.5823541913007,0.99743136475973,120.0
17484,1930.5837431021723,0.99790581195832,120.0
17485,1930.5851320128115,0.99810649743743,120.0
17486,1930.5865209236836,0.99794509025006,120.0
17487,1930.5879098345556,0.99763279582642,120.0
17488,1930.5892987454288,0.99801988322082,120.0
17489,1930.590687656302,0.99797067120858,120.0
17490,1930.592076567174,0.99793660566332,120.0
17491,1930.593465478046,0.99766719946397,120.0
17492,1930.5948543889176,0.99923965077764,120.0
17493,1930.5962432997896,0.99822550711811,120.0
17494,1930.5976322106617,0.99759179394489,120.0
17495,1930.5990211215335,0.99701758476988,120.0
17496,1930.600410032406,0.99847875212263,120.0
17497,1930.6017989432787,0.99758888105501,120.0
17498,1930.6031878541503,0.99737550216044,120.0
17499,1930.6045767650223,0.99827541091226,120.0
17500,1930.6059656758944,0.99784451000632,120.0
17501,1930.607354586766,0.99776756204437,120.0
17502,1930.6087434976384,0.99763523400151,120.0
17503,1930.6101324085112,0.99729468062355,120.0
17504,1930.611521319384,0.9978808387269,120.0
17505,1930.6129102302568,0.99788594814746,120.0
17506,1930.6142991408956,0.99767523249758,120.0
17507,1930.6156880517676,0.99760737198988,120.0
17508,1930.6170769626392,0.99809082275255,120.0
17509,1930.6184658735112,0.99775833578581,120.0
17510,1930.6198547843833,0.99783162586701,120.0
17511,1930.621243695255,0.99798751734303,120.0
17512,1930.6226326061276,0.99826271586543,120.0
17513,1930.6240215170003,0.99855286985789,120.0
17514,1930.625410427872,0.99758479016933,120.0
17515,1930.626799338744,0.99781549362343,120.0
17516,1930.6281882496169,0.99848535187695,120.0
17517,1930.6295771602563,0.99849629832857,120.0
17518,1930.6309660711283,0.99893665474766,120.0
17519,1930.632354982,0.99762001910618,120.0
17520,1930.6337438928729,0.99806248495308,120.0
17521,1930.6351328037451,0.99722354884435,120.0
17522,1930.6365217146176,0.99767507304892,120.0
17523,1930.6379106254892,0.99724234466379,120.0
17524,1930.6392995363608,0.99769982337241,120.0
17525,1930.642077357872,0.99720871832782,120.0
17526,1930.6434662687443,0.99762958158893,120.0
17527,1930.6448551796173,0.99758533111833,120.0
17528,1930.6462440904888,0.99688800545758,120.0
17529,1930.6476330013609,0.99740982368075,120.0
17530,1930.6490219122336,0.99918540510395,120.0
17531,1930.6504108231063,0.99741775153319,120.0
17532,1930.6517997337453,0.99727195977176,120.0
17533,1930.653188644617,0.99808543331308,120.0
17534,1930.6545775554896,0.99741761705937,120.0
17535,1930.6559664663623,0.99835182098238,120.0
17536,1930.6573553772344,0.99691331930543,120.0
17537,1930.658744288106,0.99787062066732,120.0
17538,1930.6601331987451,0.99702862948703,120.0
17539,1930.6615221096167,0.99750098738951,120.0
17540,1930.6629110204888,0.99723391844064,120.0
17541,1930.6642999313608,0.99725412053863,120.0
17542,1930.6656888422333,0.99786320835235,120.0
17543,1930.667077753106,0.99769529092699,120.0
17544,1930.668466663746,0.99798660453804,120.0
17545,1930.6698555746184,0.99704228089287,120.0
17546,1930.6712444854904,0.99744832202036,120.0
17547,1930.6726333963625,0.99821112807109,120.0
17548,1930.674022307234,0.9982525231322,120.0
17549,1930.6754112178728,0.996349516149,120.0
17550,1930.6768001287455,0.9972059597127,120.0
17551,1930.6781890396185,0.99797393265318,120.0
17552,1930.6795779504905,0.99868241577714,120.0
17553,1930.680966861362,0.99831961251594,120.0
17554,1930.6823557720008,0.99793274400836,120.0
17555,1930.683744682873,0.99688418676498,120.0
17556,1930.6851335937447,0.99658609496516,120.0
17557,1930.6865225046167,0.99701439483671,120.0
17558,1930.68791141549,0.99743796465758,120.0
17559,1930.6893003261305,0.99715973557117,120.0
17560,1930.6906892370023,0.99723064529276,120.0
17561,1930.6920781478743,0.99828768582325,120.0
17562,1930.6934670587464,0.9969358541027,120.0
17563,1930.6948559693851,0.99721357096027,120.0
17564,1930.6976337911296,0.99690469374319,120.0
17565,1930.6990227020024,0.99714227044628,120.0
17566,1930.7004116126416,0.9968045475033,120.0
17567,1930.7018005235132,0.99787099164993,120.0
17568,1930.7031894343852,0.99758103920796,120.0
17569,1930.7045783452568,0.99745468196201,120.0
17570,1930.705967255896,0.99704502642172,120.0
17571,1930.7073561667687,0.99775574753859,120.0
17572,1930.708745077642,0.99856579724319,120.0
17573,1930.7101339885144,0.9965624108236,120.0
17574,1930.7115228991536,0.99669256373642,120.0
17575,1930.7129118100256,0.9972757077346,120.0
17576,1930.7143007208977,0.99703198792387,120.0
17577,1930.7156896317697,0.99787888575562,120.0
17578,1930.7170785424084,0.99724767969893,120.0
17579,1930.71846745328,0.99669007058662,120.0
17580,1930.7198563641527,0.9970456477762,120.0
17581,1930.7212452747929,0.99693307326443,120.0
17582,1930.722634185665,0.99717647710307,120.0
17583,1930.7240230965365,0.9975737165475,120.0
17584,1930.725412007408,0.99699665576743,120.0
17585,1930.726800918048,0.99703672530553,120.0
17586,1930.728189828921,0.99676563711876,120.0
17587,1930.7295787397927,0.99631194449841,120.0
17588,1930.7309676504324,0.99740258650466,120.0
17589,1930.7323565613049,0.99729094934991,120.0
17590,1930.733745472177,0.99658665276944,120.0
17591,1930.735134382816,0.99708686336621,120.0
17592,1930.736523293688,0.99733424330354,120.0
17593,1930.7379122045595,0.99768577998706,120.0
17594,1930.7393011151987,0.9971478173827,120.0
17595,1930.7406900260703,0.99633893241666,120.0
17596,1930.7420789369432,0.9976498352177,120.0
17597,1930.7434678475831,0.99744319792347,120.0
17598,1930.7448567584547,0.99734714559752,120.0
17599,1930.7462456693268,0.99717881261273,120.0
17600,1930.7476345799664,0.99642406441771,120.0
17601,1930.7490234908391,0.99674113540102,120.0
17602,1930.7504124017112,0.99738038513003,120.0
17603,1930.75180131235,0.99707936812533,120.0
17604,1930.7531902232224,0.99724458888937,120.0
17605,1930.7545791340951,0.9969734518785,120.0
17606,1930.7559680447343,0.99609187573099,120.0
17607,1930.7573569556064,0.99630681149541,120.0
17608,1930.7587458662451,0.99677242516902,120.0
17609,1930.7601347771172,0.99654593943978,120.0
17610,1930.7615236879888,0.99680954878266,120.0
17611,1930.7629125986289,0.99725538337908,120.0
17612,1930.7643015095016,0.99721001852546,120.0
17613,1930.7656904203736,0.99598808562153,120.0
17614,1930.7670793310128,0.99625950992216,120.0
17615,1930.7698571525248,0.99678367355463,120.0
17616,1930.7712460633963,0.99697572844649,120.0
17617,1930.7726349742688,0.9962554733997,120.0
17618,1930.774023884908,0.99608982488968,120.0
17619,1930.7754127957808,0.99725651005498,120.0
17620,1930.77680170642,0.99611780122611,120.0
17621,1930.7781906172916,0.99611393162787,120.0
17622,1930.7795795279308,0.99564036562983,120.0
17623,1930.7823573496744,0.99713811919477,120.0
17624,1930.7837462603136,0.99694524575573,120.0
17625,1930.7851351711863,0.99704510838552,120.0
17626,1930.7865240818264,0.99630480211432,120.0
17627,1930.7879129926991,0.99617230120255,120.0
17628,1930.7893019033384,0.99627669301003,120.0
17629,1930.7920797250824,0.99674804454768,120.0
17630,1930.7934686357216,0.99648043303258,120.0
17631,1930.7948575465932,0.99678116839632,120.0
17632,1930.7976353681056,0.99683345600671,120.0
17633,1930.8004131896168,0.99672405980798,120.0
17634,1930.8018021002556,0.99730210759007,120.0
17635,1930.8031910111272,0.99629560404648,120.0
17636,1930.8045799217664,0.99700729641029,120.0
17637,1930.805968832639,0.99639615391432,120.0
17638,1930.8073577432792,0.99628080547381,120.0
17639,1930.808746654152,0.99666690478198,120.0
17640,1930.8101355647912,0.99694895166721,120.0
17641,1930.8115244756627,0.99708292605187,120.0
17642,1930.812913386302,0.99670950766564,120.0
17643,1930.8143022971744,0.99707312758382,120.0
17644,1930.815691208046,0.9969021482549,120.0
17645,1930.8170801186857,0.99599100631891,120.0
17646,1930.8184690293251,0.99625132340289,120.0
17647,1930.8212468508364,0.99554802996333,120.0
17648,1930.8226357617084,0.99652857451126,120.0
17649,1930.8240246723472,0.9959270697612,120.0
17650,1930.8268024938593,0.99665506415164,120.0
17651,1930.828191404732,0.99655966173682,120.0
17652,1930.829580315372,0.99669622186042,120.0
17653,1930.830969226244,0.99691651597719,120.0
17654,1930.8323581368827,0.99640516797589,120.0
17655,1930.8337470477547,0.9963816300063,120.0
17656,1930.835135958394,0.99668465024869,120.0
17657,1930.836524869266,0.99570697619348,120.0
17658,1930.8379137799047,0.99580917209687,120.0
17659,1930.8393026907777,0.99602957579496,120.0
17660,1930.8406916014171,0.99692972968452,120.0
17661,1930.8420805120563,0.99636806214433,120.0
17662,1930.8434694229284,0.99673818739177,120.0
17663,1930.8448583335671,0.99608198426425,120.0
17664,1930.84624724444,0.9960500034835,120.0
17665,1930.8476361550795,0.9962955796035,120.0
17666,1930.8490250659515,0.99575177444612,120.0
17667,1930.8504139765912,0.99595395280511,120.0
17668,1930.851802887231,0.99564653920122,120.0
17669,1930.853191798103,0.99606247372783,120.0
17670,1930.8545807087417,0.99678170851341,120.0
17671,1930.855969619614,0.99650940960773,120.0
17672,1930.8573585302531,0.99600633400267,120.0
17673,1930.858747440892,0.99719034345639,120.0
17674,1930.860136351764,0.99633293760715,120.0
17675,1930.861525262404,0.99629374943858,120.0
17676,1930.862914173276,0.99651234590686,120.0
17677,1930.8643030839155,0.99531048090345,120.0
17678,1930.8656919945545,0.99679197567321,120.0
17679,1930.8670809054267,0.99718312304272,120.0
17680,1930.8684698160664,0.99649756471821,120.0
17681,1930.8698587269384,0.99633568418728,120.0
17682,1930.8712476375777,0.9956235440262,120.0
17683,1930.8726365482175,0.996615262951,120.0
17684,1930.87402545909,0.99614004599415,120.0
17685,1930.8754143697288,0.99602914460965,120.0
17686,1930.876803280368,0.99660901064914,120.0
17687,1930.87819219124,0.99594812950382,120.0
17688,1930.8795811018792,0.99591707777341,120.0
17689,1930.8809700125184,0.99566985463329,120.0
17690,1930.8823589233907,0.9958873553034,120.0
17691,1930.8837478340304,0.99593244371229,120.0
17692,1930.8851367446696,0.99632378522624,120.0
17693,1930.886525655542,0.99601375573886,120.0
17694,1930.887914566182,0.99615619148631,120.0
17695,1930.8893034768207,0.99533540699908,120.0
17696,1930.8906923876928,0.99590797582531,120.0
17697,1930.892081298332,0.9961748017572,120.0
17698,1930.8934702089716,0.9959420992845,120.0
17699,1930.8948591198443,0.99682219487749,120.0
17700,1930.896248030483,0.99534696249073,120.0
17701,1930.8976369411223,0.99618675640192,120.0
17702,1930.8990258519943,0.99555511007769,120.0
17703,1930.9004147626335,0.99577333044785,120.0
17704,1930.9018036732723,0.99572029251456,120.0
17705,1930.9031925841443,0.99608523836813,120.0
17706,1930.904581494784,0.99549215072602,120.0
17707,1930.9059704054243,0.99619970410466,120.0
17708,1930.9073593160645,0.99695704715712,120.0
17709,1930.908748226936,0.99635990519856,120.0
17710,1930.9101371375752,0.99712605470865,120.0
17711,1930.9115260482145,0.99567413317161,120.0
17712,1930.9129149588537,0.99664975479366,120.0
17713,1930.9143038697257,0.99522319425397,120.0
17714,1930.9156927803651,0.99585680913122,120.0
17715,1930.9170816910048,0.99607327451504,120.0
17716,1930.9184706018768,0.99559295736362,120.0
17717,1930.919859512516,0.99613108284767,120.0
17718,1930.9212484231552,0.99582141816362,120.0
17719,1930.922637333794,0.99582588072307,120.0
17720,1930.9240262446656,0.99506690798105,120.0
17721,1930.9254151553048,0.99647434428969,120.0
17722,1930.9268040659451,0.99617570362319,120.0
17723,1930.928192976586,0.9971774787225,120.0
17724,1930.929581887225,0.99541780551984,120.0
17725,1930.9309707980967,0.99618374554101,120.0
17726,1930.9323597087357,0.99560530931207,120.0
17727,1930.933748619375,0.99560408028629,120.0
17728,1930.9351375300137,0.99527123008819,120.0
17729,1930.9365264408864,0.99585619050606,120.0
17730,1930.9379153515265,0.99581977870241,120.0
17731,1930.9393042621653,0.99567788468572,120.0
17732,1930.9406931728045,0.9960872384303,120.0
17733,1930.9420820834432,0.99494613101297,120.0
17734,1930.9434709943152,0.99622891406148,120.0
17735,1930.9448599049545,0.99612738666735,120.0
17736,1930.9462488155943,0.99583864564904,120.0
17737,1930.9476377262345,0.9952899176058,120.0
17738,1930.9490266368744,0.99563670344601,120.0
17739,1930.9504155477464,0.99544562383743,120.0
17740,1930.9518044583851,0.99558006955474,120.0
17741,1930.9531933690243,0.99478179740633,120.0
17742,1930.9545822796636,0.99607478605863,120.0
17743,1930.9559711903023,0.99555876834253,120.0
17744,1930.9573601009415,0.99598080169765,120.0
17745,1930.9587490118145,0.99588802521733,120.0
17746,1930.960137922454,0.99555505921602,120.0
17747,1930.9615268330929,0.99507788239328,120.0
17748,1930.962915743732,0.99545528433983,120.0
17749,1930.9643046543713,0.99630297075744,120.0
17750,1930.9656935650105,0.99588456360934,120.0
17751,1930.96708247565,0.99646953364578,120.0
17752,1930.9684713865224,0.99559801551727,120.0
17753,1930.9698602971623,0.99576022642987,120.0
17754,1930.9712492078024,0.99676566486025,120.0
17755,1930.9726381184412,0.99550331499798,120.0
17756,1930.97402702908,0.99633338318177,120.0
17757,1930.9754159397191,0.99544717620599,120.0
17758,1930.9768048503583,0.99537686866175,120.0
17759,1930.9781937609976,0.99508627802793,120.0
17760,1930.9795826716363,0.9958108226374,120.0
17761,1930.9809715825088,0.99605146288055,120.0
17762,1930.9823604931487,0.99492000688121,120.0
17763,1930.983749403788,0.9959850221462,120.0
17764,1930.9851383144269,0.99600309111172,120.0
17765,1930.9865272250663,0.99514582864138,120.0
17766,1930.9879161357064,0.99567363565138,120.0
17767,1930.9893050463456,0.99610974496928,120.0
17768,1930.9906939569848,0.99467729356694,120.0
17769,1930.992082867624,0.99544627520114,120.0
17770,1930.993471778264,0.9955223829009,120.0
17771,1930.9948606889031,0.99497631185648,120.0
17772,1930.996249599542,0.99548139936406,120.0
17773,1930.997638510414,0.99578004300052,120.0
17774,1930.9990274210531,0.99525798586352,120.0
17775,1931.0004163316923,0.9950766257404,120.0
17776,1931.001805242332,0.9957261105185,120.0
17777,1931.0031941529717,0.99580781796359,120.0
17778,1931.0045830636109,0.994791724162,120.0
17779,1931.0059719742496,0.9951255583625,120.0
17780,1931.0073608848895,0.99491394934984,120.0
17781,1931.0087497955296,0.99515164460025,120.0
17782,1931.0101387061684,0.99517444766513,120.0
17783,1931.0115276168076,0.99485047302771,120.0
17784,1931.0129165274473,0.99535655189828,120.0
17785,1931.0143054380871,0.99477992258009,120.0
17786,1931.015694348726,0.99504980402589,120.0
17787,1931.017083259365,0.99489053853729,120.0
17788,1931.018472170004,0.99510818999099,120.0
17789,1931.0198610806433,0.9948743741656,120.0
17790,1931.0212499912825,0.99492505111573,120.0
17791,1931.0240278125611,0.99555026245488,120.0
17792,1931.0254167232008,0.99483467976917,120.0
17793,1931.0268056338407,0.99516340274132,120.0
17794,1931.0295834551196,0.99498410902039,120.0
17795,1931.0309723657583,0.99567803311176,120.0
17796,1931.0323612763975,0.99465975865356,120.0
17797,1931.0337501870367,0.99466465514158,120.0
17798,1931.0351390976764,0.9957339627593,120.0
17799,1931.036528008316,0.99461586752627,120.0
17800,1931.0379169189553,0.99528627466974,120.0
17801,1931.0393058295945,0.99479960727626,120.0
17802,1931.0406947402337,0.99469929100184,120.0
17803,1931.0420836508724,0.99502944156601,120.0
17804,1931.0434725615116,0.9944495739703,120.0
17805,1931.0448614719176,0.99564509466569,120.0
17806,1931.0462503825577,0.99491021501679,120.0
17807,1931.047639293198,0.9950733525477,120.0
17808,1931.0490282038377,0.99553413716283,120.0
17809,1931.0504171144769,0.99431671486347,120.0
17810,1931.051806025116,0.99483374456952,120.0
17811,1931.0531949357548,0.99529458612843,120.0
17812,1931.054583846394,0.99495103207831,120.0
17813,1931.0559727570335,0.99473395236486,120.0
17814,1931.0573616676736,0.99520906880886,120.0
17815,1931.0587505783124,0.99436688701034,120.0
17816,1931.0601394889516,0.99540747892346,120.0
17817,1931.061528399358,0.99442662044058,120.0
17818,1931.0629173099967,0.99498554946812,120.0
17819,1931.064306220636,0.99508669165076,120.0
17820,1931.065695131275,0.99519283035052,120.0
17821,1931.0670840419148,0.99578112630898,120.0
17822,1931.068472952555,0.99495074865098,120.0
17823,1931.0698618631952,0.9944147020813,120.0
17824,1931.0712507738344,0.99547134775463,120.0
17825,1931.0726396842404,0.99469202282475,120.0
17826,1931.074028594879,0.9940777576967,120.0
17827,1931.0754175055183,0.99483099732412,120.0
17828,1931.0768064161575,0.99467595892195,120.0
17829,1931.0781953267972,0.99555508894553,120.0
17830,1931.0795842374368,0.99538096166834,120.0
17831,1931.080973148076,0.9944638806738,120.0
17832,1931.0823620584824,0.99480840730242,120.0
17833,1931.0837509691216,0.99478560420213,120.0
17834,1931.0851398797608,0.99558970074993,120.0
17835,1931.0865287903996,0.99513345049207,120.0
17836,1931.0879177010393,0.99503104644415,120.0
17837,1931.08930661168,0.994976761533,120.0
17838,1931.0906955220864,0.99566863338748,120.0
17839,1931.0920844327256,0.99417882560617,120.0
17840,1931.0934733433648,0.99441596461519,120.0
17841,1931.094862254004,0.99487089258875,120.0
17842,1931.0962511646428,0.99481474265437,120.0
17843,1931.0976400750492,0.99473478732603,120.0
17844,1931.099028985688,0.99575432999493,120.0
17845,1931.100417896328,0.99494020899215,120.0
17846,1931.1018068069675,0.99502108302648,120.0
17847,1931.1031957176067,0.99328225062433,120.0
17848,1931.1045846280128,0.99464056660767,120.0
17849,1931.105973538652,0.99530222642047,120.0
17850,1931.1073624492913,0.99529854658956,120.0
17851,1931.1087513599307,0.99361432996691,120.0
17852,1931.1101402703375,0.99438515545849,120.0
17853,1931.1115291809776,0.99479186628606,120.0
17854,1931.1129180916173,0.99428607487351,120.0
17855,1931.1143070022565,0.99418242986857,120.0
17856,1931.1156959126624,0.99533410715406,120.0
17857,1931.1170848233016,0.99400071506023,120.0
17858,1931.1184737339408,0.99506156716405,120.0
17859,1931.11986264458,0.99452162706006,120.0
17860,1931.1212515549864,0.99408392875558,120.0
17861,1931.1226404656263,0.99409344170916,120.0
17862,1931.1240293762655,0.99433938745144,120.0
17863,1931.1254182869045,0.99442963321987,120.0
17864,1931.1268071973109,0.99488303334551,120.0
17865,1931.12819610795,0.99418294141223,120.0
17866,1931.1295850185895,0.99464911977667,120.0
17867,1931.1309739289964,0.9950322757829,120.0
17868,1931.1323628396365,0.9951025425422,120.0
17869,1931.133751750276,0.99457077373964,120.0
17870,1931.1351406606825,0.99432782841132,120.0
17871,1931.1365295713215,0.99452225375608,120.0
17872,1931.1379184819605,0.99450280375157,120.0
17873,1931.1393073925992,0.9945246732282,120.0
17874,1931.1406963030056,0.9962219993862,120.0
17875,1931.1420852136448,0.99429998294574,120.0
17876,1931.1434741242845,0.99461606896934,120.0
17877,1931.1448630346915,0.99447026405766,120.0
17878,1931.1462519453305,0.99514429838881,120.0
17879,1931.1476408559697,0.99483646908028,120.0
17880,1931.1490297663763,0.99392154035367,120.0
17881,1931.1504186770164,0.99503788327472,120.0
17882,1931.1518075874224,0.99463667348541,120.0
17883,1931.1531964980616,0.9958797405281,120.0
17884,1931.1545854087017,0.99400572754668,120.0
17885,1931.155974319108,0.9939245398684,120.0
17886,1931.1573632297473,0.99443800041042,120.0
17887,1931.1587521403865,0.99528922277143,120.0
17888,1931.1601410507928,0.99441544807385,120.0
17889,1931.161529961432,0.9951813493503,120.0
17890,1931.1629188720708,0.99432297722889,120.0
17891,1931.1643077824772,0.99484245079922,120.0
17892,1931.1656966931168,0.9938550360019,120.0
17893,1931.1670856035237,0.99488505942789,120.0
17894,1931.1684745141629,0.99469837592539,120.0
17895,1931.1698634248023,0.99355502598089,120.0
17896,1931.1712523352096,0.99448572814796,120.0
17897,1931.1726412458484,0.99459753016681,120.0
17898,1931.1740301562547,0.99521919366789,120.0
17899,1931.1754190668944,0.99452258781846,120.0
17900,1931.1768079775345,0.99357736587271,120.0
17901,1931.1781968879409,0.99507753501002,120.0
17902,1931.1795857985796,0.99461493280765,120.0
17903,1931.1809747089856,0.99385107518651,120.0
17904,1931.1823636196248,0.99431415153294,120.0
17905,1931.1837525300311,0.99538087309066,120.0
17906,1931.1851414406703,0.99452145233347,120.0
17907,1931.1865303510772,0.99504577541669,120.0
17908,1931.1879192617168,0.99458142392064,120.0
17909,1931.189308172356,0.99405667418684,120.0
17910,1931.1906970827629,0.99548742061661,120.0
17911,1931.1920859934028,0.99453202565125,120.0
17912,1931.1934749038087,0.99358032207004,120.0
17913,1931.194863814448,0.99419210386075,120.0
17914,1931.196252724854,0.99485771187428,120.0
17915,1931.197641635494,0.99454961171023,120.0
17916,1931.1990305459008,0.99457536707135,120.0
17917,1931.20041945654,0.99472485234259,120.0
17918,1931.201808366946,0.99417765928357,120.0
17919,1931.203197277585,0.99408224999859,120.0
17920,1931.2045861879913,0.99504979480392,120.0
17921,1931.2059750986305,0.99438451604248,120.0
17922,1931.2073640090368,0.99392067295627,120.0
17923,1931.2087529196765,0.99462158471038,120.0
17924,1931.210141830083,0.99321653602897,120.0
17925,1931.2115307407232,0.99436275317468,120.0
17926,1931.21291965113,0.99385749011022,120.0
17927,1931.2143085617693,0.99495505101962,120.0
17928,1931.2156974721752,0.99426006433887,120.0
17929,1931.2170863828144,0.99425764470886,120.0
17930,1931.2184752932208,0.9945781872299,120.0
17931,1931.2198642038604,0.99596638826646,120.0
17932,1931.2212531142673,0.99439314696236,120.0
17933,1931.2226420246736,0.99417104765257,120.0
17934,1931.2240309353128,0.99369159694586,120.0
17935,1931.2254198457188,0.99420630041311,120.0
17936,1931.226808756358,0.99462503761633,120.0
17937,1931.2309754878108,0.99431701057235,120.0
17938,1931.2323643982184,0.99432986048605,120.0
17939,1931.2337533088576,0.99441410364895,120.0
17940,1931.235142219264,0.99439431318777,120.0
17941,1931.2365311299027,0.99504307854399,120.0
17942,1931.2379200403088,0.99361152868617,120.0
17943,1931.239308950948,0.99424404163503,120.0
17944,1931.240697861355,0.99376819012623,120.0
17945,1931.242086771762,0.99460822090642,120.0
17946,1931.2434756824011,0.99444971949295,120.0
17947,1931.2448645928073,0.9950068000516,120.0
17948,1931.2462535032137,0.99452749980218,120.0
17949,1931.2476424138529,0.99451557778141,120.0
17950,1931.2490313242588,0.99528814195246,120.0
17951,1931.250420234898,0.99491165369517,120.0
17952,1931.2518091453055,0.9935115450652,120.0
17953,1931.2531980557128,0.99436626398725,120.0
17954,1931.254586966352,0.99398844044468,120.0
17955,1931.2559758767584,0.99407775595991,120.0
17956,1931.2573647871648,0.99395789417166,120.0
17957,1931.2587536978035,0.99354833936482,120.0
17958,1931.2601426082097,0.99460770984524,120.0
17959,1931.261531518616,0.99399523767939,120.0
17960,1931.262920429256,0.99354508289667,120.0
17961,1931.2643093396628,0.99396039870489,120.0
17962,1931.2656982500691,0.99348582815013,120.0
17963,1931.267087160708,0.99421699686031,120.0
17964,1931.2684760711145,0.99473194230214,120.0
17965,1931.2698649815209,0.99445200847693,120.0
17966,1931.27125389216,0.9943066917829,120.0
17967,1931.2726428025665,0.99450185891622,120.0
17968,1931.2740317129744,0.99416167775972,120.0
17969,1931.275420623614,0.99470109998539,120.0
17970,1931.27680953402,0.99341032602173,120.0
17971,1931.2781984444264,0.99370845559932,120.0
17972,1931.2795873548328,0.99406299482097,120.0
17973,1931.2809762654715,0.99501815399925,120.0
17974,1931.2823651758777,0.99422183506617,120.0
17975,1931.283754086284,0.99452734533758,120.0
17976,1931.285142996924,0.99462843016912,120.0
17977,1931.2865319073308,0.99451852938027,120.0
17978,1931.2879208177371,0.99495334291142,120.0
17979,1931.2893097281433,0.99461260632532,120.0
17980,1931.2906986387825,0.99501166955193,120.0
17981,1931.2920875491889,0.99371513897763,120.0
17982,1931.2934764595957,0.99353144950722,120.0
17983,1931.2948653700032,0.99442427665949,120.0
17984,1931.2962542806429,0.99409930502381,120.0
17985,1931.2976431910492,0.9940122991405,120.0
17986,1931.2990321014556,0.99329560763463,120.0
17987,1931.3004210118615,0.99402137964857,120.0
17988,1931.301809922268,0.99447283354846,120.0
17989,1931.303198832907,0.99421084053889,120.0
17990,1931.3045877433133,0.99429413426306,120.0
17991,1931.30597665372,0.99426453925111,120.0
17992,1931.3073655641272,0.99363080066789,120.0
17993,1931.308754474533,0.99432571225096,120.0
17994,1931.3101433851723,0.99386901310959,120.0
17995,1931.3115322955784,0.99438568113927,120.0
17996,1931.3129212059848,0.99407437635103,120.0
17997,1931.3143101163917,0.99432469358569,120.0
17998,1931.3156990267987,0.99372026707397,120.0
17999,1931.3170879374384,0.99467204181075,120.0
18000,1931.3184768478457,0.99372940335344,120.0
18001,1931.3198657582516,0.99368714955052,120.0
18002,1931.321254668658,0.99357365657106,120.0
18003,1931.322643579064,0.99352195152036,120.0
18004,1931.3240324894705,0.99361887299084,120.0
18005,1931.3254214001097,0.99368089593318,120.0
18006,1931.3268103105156,0.99282466426424,120.0
18007,1931.3281992209224,0.99453872003366,120.0
18008,1931.3295881313295,0.99427158968894,120.0
18009,1931.3309770417357,0.99303177341207,120.0
18010,1931.332365952142,0.99450959405764,120.0
18011,1931.333754862548,0.9947534457129,120.0
18012,1931.3351437729552,0.99298002371595,120.0
18013,1931.336532683595,0.99407860272039,120.0
18014,1931.3379215940008,0.99377637952187,120.0
18015,1931.339310504408,0.99414478591695,120.0
18016,1931.3406994148147,0.99385935405068,120.0
18017,1931.3420883252213,0.99375886150011,120.0
18018,1931.3434772356272,0.99460336353541,120.0
18019,1931.3448661460336,0.99353685185274,120.0
18020,1931.3462550564395,0.99388982162333,120.0
18021,1931.347643966846,0.99369155699415,120.0
18022,1931.3490328772527,0.99499605739541,120.0
18023,1931.35042178766,0.994749057229,120.0
18024,1931.3518106982992,0.9936713641939,120.0
18025,1931.3531996087052,0.99419181615986,120.0
18026,1931.3545885191115,0.99445168825398,120.0
18027,1931.3559774295184,0.99434158895277,120.0
18028,1931.3573663399256,0.99365323565473,120.0
18029,1931.3587552503316,0.99433051533508,120.0
18030,1931.3601441607384,0.99349913747156,120.0
18031,1931.3615330711457,0.99390574782473,120.0
18032,1931.362921981552,0.99415035962161,120.0
18033,1931.364310891958,0.99360194421081,120.0
18034,1931.365699802364,0.99440384201825,120.0
18035,1931.3670887127705,0.99373503457289,120.0
18036,1931.368477623177,0.99354850075495,120.0
18037,1931.3698665335828,0.99489093766904,120.0
18038,1931.3712554439896,0.99433336138116,120.0
18039,1931.3726443543967,0.99405212009653,120.0
18040,1931.3740332648028,0.99453733182071,120.0
18041,1931.3754221752092,0.99359833286609,120.0
18042,1931.376811085616,0.99402733810323,120.0
18043,1931.378199996023,0.99426772867045,120.0
18044,1931.3795889064293,0.99410280670168,120.0
18045,1931.3809778168352,0.99391653423059,120.0
18046,1931.3823667272425,0.99352747531054,120.0
18047,1931.3837556376493,0.99344446659978,120.0
18048,1931.3851445480557,0.99652699814506,120.0
18049,1931.3865334584616,0.99374413062303,120.0
18050,1931.387922368868,0.9942579419416,120.0
18051,1931.389311279274,0.9937906782143,120.0
18052,1931.3907001896805,0.99445542729935,120.0
18053,1931.3920891000869,0.9946549800186,120.0
18054,1931.3934780104937,0.99352187200171,120.0
18055,1931.3948669209003,0.9936896236963,120.0
18056,1931.3962558313065,0.99423899868093,120.0
18057,1931.3976447414807,0.99393253729995,120.0
18058,1931.399033651888,0.99433675054424,120.0
18059,1931.400422562294,0.99387159257854,120.0
18060,1931.4018114727,0.99372453378926,120.0
18061,1931.4032003831064,0.99395336120983,120.0
18062,1931.4045892935137,0.99387604804759,120.0
18063,1931.4059782039203,0.99495147698372,120.0
18064,1931.4073671143265,0.99415836142416,120.0
18065,1931.4087560247328,0.99394018730379,120.0
18066,1931.4101449351388,0.99334297044242,120.0
18067,1931.4115338455451,0.99447030123351,120.0
18068,1931.4129227557185,0.99471888968163,120.0
18069,1931.4143116661255,0.99396234025433,120.0
18070,1931.4157005765323,0.99392420357812,120.0
18071,1931.4170894869387,0.99377517739384,120.0
18072,1931.4184783973456,0.99524502042133,120.0
18073,1931.4198673077528,0.99402388204126,120.0
18074,1931.4212562181588,0.9945375740631,120.0
18075,1931.4226451283323,0.99382849523575,120.0
18076,1931.4240340387385,0.9938964219788,120.0
18077,1931.4254229491455,0.99393993856238,120.0
18078,1931.4268118595523,0.99441933586115,120.0
18079,1931.4282007699587,0.99352112403656,120.0
18080,1931.4295896803649,0.9944149325975,120.0
18081,1931.4309785907712,0.99346900185335,120.0
18082,1931.4323675009443,0.99511706994219,120.0
18083,1931.4337564113507,0.99447993239992,120.0
18084,1931.4351453217569,0.99418458178801,120.0
18085,1931.436534232164,0.99425293531471,120.0
18086,1931.4379231425708,0.99383642943005,120.0
18087,1931.4393120527448,0.99524340151467,120.0
18088,1931.440700963152,0.99468611188237,120.0
18089,1931.442089873558,0.99475285833106,120.0
18090,1931.4434787839643,0.99471514131159,120.0
18091,1931.4448676943705,0.99426708716877,120.0
18092,1931.446256604544,0.99458519238807,120.0
18093,1931.4476455149509,0.99419496451264,120.0
18094,1931.449034425358,0.99385632948497,120.0
18095,1931.450423335764,0.99376353998611,120.0
18096,1931.4518122459372,0.99371465932688,120.0
18097,1931.4532011563435,0.99448790765568,120.0
18098,1931.45459006675,0.99430577301582,120.0
18099,1931.455978977156,0.99446621162547,120.0
18100,1931.4573678873296,0.994306055072,120.0
18101,1931.4587567977364,0.99481354317706,120.0
18102,1931.460145708144,0.99395493601358,120.0
18103,1931.4615346185512,0.99426259290103,120.0
18104,1931.4629235287243,0.99417238699031,120.0
18105,1931.4643124391307,0.99457924161228,120.0
18106,1931.4657013495369,0.99460249380501,120.0
18107,1931.4670902599432,0.99405607162985,120.0
18108,1931.4684791701172,0.9939843426773,120.0
18109,1931.469868080524,0.99522029383629,120.0
18110,1931.4712569909304,0.99450854458443,120.0
18111,1931.4726459011035,0.99357127982683,120.0
18112,1931.47403481151,0.99476818710706,120.0
18113,1931.475423721916,0.99382648450485,120.0
18114,1931.4768126320896,0.99389841914385,120.0
18115,1931.478201542496,0.99370833696265,120.0
18116,1931.4795904529028,0.99476479270153,120.0
18117,1931.4809793630775,0.99371589600962,120.0
18118,1931.4823682734843,0.99495462185414,120.0
18119,1931.4837571838907,0.99447489996622,120.0
18120,1931.485146094064,0.9936999808166,120.0
18121,1931.4865350044704,0.99435772459297,120.0
18122,1931.4879239148763,0.99404252932995,120.0
18123,1931.48931282505,0.99434400302504,120.0
18124,1931.4907017354567,0.99426187539931,120.0
18125,1931.492090645864,0.99424804869093,120.0
18126,1931.4934795560373,0.99427983422192,120.0
18127,1931.4948684664432,0.99424894830707,120.0
18128,1931.4962573768496,0.99429505381281,120.0
18129,1931.4976462870231,0.99384438966785,120.0
18130,1931.4990351974295,0.9942480683495,120.0
18131,1931.5004241076028,0.9940422985224,120.0
18132,1931.5018130180104,0.99413090277643,120.0
18133,1931.5032019284176,0.99472238069168,120.0
18134,1931.5045908385912,0.99515431799828,120.0
18135,1931.5059797489976,0.9937695187089,120.0
18136,1931.507368659171,0.99493801717622,120.0
18137,1931.5087575695773,0.99404895863183,120.0
18138,1931.5101464797503,0.99416691897324,120.0
18139,1931.5115353901567,0.99507918514647,120.0
18140,1931.5129243005636,0.99440414659816,120.0
18141,1931.514313210738,0.99410340911483,120.0
18142,1931.515702121144,0.99474095180994,120.0
18143,1931.5170910313177,0.99450109380302,120.0
18144,1931.518479941724,0.99375227291813,120.0
18145,1931.5198688518972,0.99446906283209,120.0
18146,1931.5212577623035,0.99423961146931,120.0
18147,1931.5226466724769,0.99417106526087,120.0
18148,1931.5240355828844,0.994883439693,120.0
18149,1931.525424493292,0.99449451425187,120.0
18150,1931.5268134034657,0.99362752772422,120.0
18151,1931.528202313872,0.99480326463871,120.0
18152,1931.5295912240451,0.99419279411523,120.0
18153,1931.5309801344513,0.99393332525043,120.0
18154,1931.5323690446248,0.99440418354023,120.0
18155,1931.5337579550317,0.99377995218797,120.0
18156,1931.5351468652057,0.99371229170482,120.0
18157,1931.536535775612,0.9941787456043,120.0
18158,1931.5379246857851,0.9940687505594,120.0
18159,1931.5393135961915,0.99456982491494,120.0
18160,1931.5407025063648,0.99377254750418,120.0
18161,1931.5420914167712,0.99492497548868,120.0
18162,1931.5434803269447,0.99389257946469,120.0
18163,1931.5448692371192,0.99482834096164,120.0
18164,1931.5462581475272,0.99387013843008,120.0
18165,1931.5476470577005,0.99345350456641,120.0
18166,1931.5490359681069,0.99466028798536,120.0
18167,1931.55042487828,0.99457493599712,120.0
18168,1931.5518137886863,0.99456139687569,120.0
18169,1931.5532026988596,0.99442894124152,120.0
18170,1931.554591609266,0.99475702442527,120.0
18171,1931.55598051944,0.99423840599966,120.0
18172,1931.5573694296145,0.99362865141684,120.0
18173,1931.5587583400204,0.99480769017222,120.0
18174,1931.5601472501935,0.99471329393959,120.0
18175,1931.5615361606,0.99439280006967,120.0
18176,1931.5629250707736,0.99376436113204,120.0
18177,1931.5643139811796,0.99481813565109,120.0
18178,1931.5657028913536,0.99484116986431,120.0
18179,1931.5670918015287,0.99413297786155,120.0
18180,1931.5684807119355,0.99388473351117,120.0
18181,1931.5698696221089,0.99527340693134,120.0
18182,1931.5712585322824,0.99511319577643,120.0
18183,1931.5726474426883,0.99438913570306,120.0
18184,1931.5740363528616,0.99390064922132,120.0
18185,1931.575425263268,0.99430637834513,120.0
18186,1931.5768141734416,0.9937785698445,120.0
18187,1931.5782030836156,0.99473825311157,120.0
18188,1931.5795919940224,0.99431072538322,120.0
18189,1931.580980904196,0.99433782567247,120.0
18190,1931.5823698143697,0.99481888562812,120.0
18191,1931.5837587247756,0.99451392519898,120.0
18192,1931.5851476349492,0.99478598704595,120.0
18193,1931.5865365451232,0.99441478585896,120.0
18194,1931.5879254555307,0.9938638269429,120.0
18195,1931.5893143657047,0.99422267857076,120.0
18196,1931.5907032758785,0.99449701467575,120.0
18197,1931.5920921862848,0.99406736765467,120.0
18198,1931.593481096458,0.99439624854985,120.0
18199,1931.5948700066313,0.99469443180282,120.0
18200,1931.5962589170376,0.99494551656039,120.0
18201,1931.5976478272107,0.99404169760582,120.0
18202,1931.5990367373847,0.99423177183122,120.0
18203,1931.6004256475592,0.99492882520482,120.0
18204,1931.601814557965,0.9944739627786,120.0
18205,1931.6032034681384,0.99471208590853,120.0
18206,1931.604592378312,0.99480833185007,120.0
18207,1931.6059812887183,0.99416733883327,120.0
18208,1931.607370198892,0.99435775767961,120.0
18209,1931.6087591090657,0.99510822639741,120.0
18210,1931.6101480192408,0.994742996731,120.0
18211,1931.6115369296476,0.9945847083781,120.0
18212,1931.6129258398212,0.99403085664824,120.0
18213,1931.6143147499945,0.9944294215747,120.0
18214,1931.615703660168,0.99507905338491,120.0
18215,1931.617092570574,0.9950654438609,120.0
18216,1931.6184814807475,0.99386529202006,120.0
18217,1931.6198703909208,0.9948788013762,120.0
18218,1931.6212593010953,0.99382923119823,120.0
18219,1931.6226482112688,0.99562380116701,120.0
18220,1931.6240371216752,0.99412919441288,120.0
18221,1931.6254260318487,0.9946335978797,120.0
18222,1931.626814942022,0.99470482196689,120.0
18223,1931.6282038521956,0.99508955322101,120.0
18224,1931.6295927623696,0.99438809401424,120.0
18225,1931.6309816727764,0.99482378943319,120.0
18226,1931.6323705829504,0.99445261397859,120.0
18227,1931.633759493125,0.99438493463718,120.0
18228,1931.6351484032984,0.99496928027895,120.0
18229,1931.6365373134715,0.99512988440103,120.0
18230,1931.6379262236449,0.99474993859446,120.0
18231,1931.6393151340512,0.99438754525151,120.0
18232,1931.6407040442243,0.99542775915638,120.0
18233,1931.642092954398,0.994839027951,120.0
18234,1931.643481864572,0.9947823813949,120.0
18235,1931.644870774746,0.99520122770428,120.0
18236,1931.6462596849196,0.99452484530074,120.0
18237,1931.6476485950927,0.9946372317448,120.0
18238,1931.649037505499,0.99474526686207,120.0
18239,1931.650426415673,0.99454958670449,120.0
18240,1931.651815325847,0.99604149824599,120.0
18241,1931.6532042360216,0.99445418296939,120.0
18242,1931.6545931461956,0.99602597450939,120.0
18243,1931.655982056369,0.99489130653608,120.0
18244,1931.6573709665424,0.99433300833522,120.0
18245,1931.6587598767155,0.99534672630963,120.0
18246,1931.6601487868888,0.99467199789935,120.0
18247,1931.6615376970624,0.9942067483363,120.0
18248,1931.6629266074688,0.9962412226589,120.0
18249,1931.6643155176428,0.99487443809619,120.0
18250,1931.6657044278168,0.99400565086232,120.0
18251,1931.6670933379903,0.99475399893541,120.0
18252,1931.668482248164,0.99643200268871,120.0
18253,1931.6698711583376,0.9947816801483,120.0
18254,1931.6712600685107,0.99448516991885,120.0
18255,1931.6726489786847,0.99495380931896,120.0
18256,1931.6740378888587,0.9950191045847,120.0
18257,1931.6754267990327,0.995151068082,120.0
18258,1931.6768157092072,0.99460705347412,120.0
18259,1931.6782046193805,0.99542342100344,120.0
18260,1931.6795935295536,0.99509543000158,120.0
18261,1931.6809824397271,0.99621078778163,120.0
18262,1931.682371349901,0.99440049275701,120.0
18263,1931.683760260074,0.99507453287709,120.0
18264,1931.6851491702475,0.99452730184265,120.0
18265,1931.6865380804215,0.99493568825337,120.0
18266,1931.6879269905955,0.99509306963793,120.0
18267,1931.6893159007689,0.99469436085122,120.0
18268,1931.6907048109424,0.99499812926564,120.0
18269,1931.692093721116,0.99474794686309,120.0
18270,1931.69348263129,0.9953530251927,120.0
18271,1931.694871541464,0.99450950498379,120.0
18272,1931.6962604516375,0.99563733533344,120.0
18273,1931.6976493618115,0.9956922137775,120.0
18274,1931.6990382719855,0.99406192047063,120.0
18275,1931.7004271821593,0.99486191729183,120.0
18276,1931.7018160923324,0.99458722934922,120.0
18277,1931.703205002506,0.99461040083339,120.0
18278,1931.7045939126792,0.99541707413523,120.0
18279,1931.7059828228528,0.99489808069597,120.0
18280,1931.7073717330268,0.99469506034536,120.0
18281,1931.7087606432008,0.99536126387752,120.0
18282,1931.7101495531413,0.99558839703845,120.0
18283,1931.7115384633148,0.99555939483622,120.0
18284,1931.7129273734884,0.99459355368124,120.0
18285,1931.7143162836617,0.99562617112816,120.0
18286,1931.7157051938357,0.99590511100595,120.0
18287,1931.7170941040097,0.99526919255956,120.0
18288,1931.718483014184,0.99427553224022,120.0
18289,1931.719871924358,0.99431152776799,120.0
18290,1931.7212608345312,0.99461881360976,120.0
18291,1931.722649744472,0.99500457448029,120.0
18292,1931.7240386546453,0.99471521391554,120.0
18293,1931.7254275648188,0.99488137007401,120.0
18294,1931.726816474992,0.99464544925953,120.0
18295,1931.7282053851657,0.99488618870196,120.0
18296,1931.7295942953397,0.99615557291612,120.0
18297,1931.7309832055137,0.99603214924438,120.0
18298,1931.7323721154544,0.99521013126592,120.0
18299,1931.7337610256277,0.99581525261691,120.0
18300,1931.7351499358012,0.9955534614962,120.0
18301,1931.7365388459752,0.99563114280469,120.0
18302,1931.7379277561492,0.99526600453889,120.0
18303,1931.7393166663228,0.99620317658366,120.0
18304,1931.740705576264,0.99554323013437,120.0
18305,1931.742094486438,0.99551936492201,120.0
18306,1931.7434833966115,0.99550580109528,120.0
18307,1931.7448723067848,0.99579358658704,120.0
18308,1931.7462612169584,0.99540243732138,120.0
18309,1931.7476501268989,0.99556943637182,120.0
18310,1931.7490390370724,0.99553209636633,120.0
18311,1931.7504279472455,0.99541897687851,120.0
18312,1931.75181685742,0.99588356136182,120.0
18313,1931.753205767594,0.99512354340715,120.0
18314,1931.7545946775344,0.9949135461676,120.0
18315,1931.755983587708,0.99589160272143,120.0
18316,1931.7573724978813,0.99631426000569,120.0
18317,1931.7587614080553,0.99467291827665,120.0
18318,1931.7601503179965,0.99540261340083,120.0
18319,1931.76153922817,0.99461847355986,120.0
18320,1931.762928138344,0.99547297539569,120.0
18321,1931.7643170485185,0.99597951599144,120.0
18322,1931.7657059584587,0.99498775330835,120.0
18323,1931.767094868632,0.99559834401927,120.0
18324,1931.7684837788056,0.99494140797977,120.0
18325,1931.7698726887463,0.99573499190956,120.0
18326,1931.7712615989196,0.9948632310824,120.0
18327,1931.7726505090936,0.99515220959932,120.0
18328,1931.7740394192676,0.99591611190075,120.0
18329,1931.7754283292084,0.99502607066151,120.0
18330,1931.776817239382,0.99586687833844,120.0
18331,1931.7782061495552,0.9958038440473,120.0
18332,1931.7795950594964,0.99668134722089,120.0
18333,1931.7809839696704,0.99488239792564,120.0
18334,1931.782372879844,0.99554726073509,120.0
18335,1931.783761789785,0.99555559165542,120.0
18336,1931.785150699959,0.99582789971224,120.0
18337,1931.7865396101329,0.99473408322147,120.0
18338,1931.7879285200731,0.99594687393871,120.0
18339,1931.7893174302465,0.99577563685139,120.0
18340,1931.79070634042,0.99501315395472,120.0
18341,1931.7920952503607,0.99516489470303,120.0
18342,1931.793484160534,0.99504499390915,120.0
18343,1931.7948730704752,0.99548628813351,120.0
18344,1931.7962619806497,0.99512345399854,120.0
18345,1931.7976508908228,0.99502279360655,120.0
18346,1931.7990398007632,0.99485629976356,120.0
18347,1931.8004287109368,0.99578487291127,120.0
18348,1931.8018176211112,0.99565440735063,120.0
18349,1931.803206531052,0.99555267137012,120.0
18350,1931.8045954412255,0.9956882025625,120.0
18351,1931.8059843511664,0.99427216735495,120.0
18352,1931.807373261341,0.99510447157528,120.0
18353,1931.8087621715144,0.99624029216015,120.0
18354,1931.8101510814547,0.9965190542689,120.0
18355,1931.811539991628,0.99490762547073,120.0
18356,1931.8129289015687,0.99591559122667,120.0
18357,1931.8143178117425,0.99691029006774,120.0
18358,1931.8157067216828,0.99492743147833,120.0
18359,1931.8170956318568,0.99549584267858,120.0
18360,1931.818484541798,0.99587651208257,120.0
18361,1931.8198734519715,0.99446634367677,120.0
18362,1931.8212623621448,0.9970121690362,120.0
18363,1931.8226512720864,0.99626631684999,120.0
18364,1931.82404018226,0.9954792535543,120.0
18365,1931.8254290922007,0.99540570980152,120.0
18366,1931.8268180023747,0.99478600963703,120.0
18367,1931.8282069123163,0.99516230626094,120.0
18368,1931.8295958224896,0.99538163129148,120.0
18369,1931.83098473243,0.99560661098982,120.0
18370,1931.8323736426037,0.99615292848601,120.0
18371,1931.833762552544,0.99589322476002,120.0
18372,1931.8351514627177,0.9960023110756,120.0
18373,1931.836540372658,0.99493555586264,120.0
18374,1931.8379292828324,0.99461142117993,120.0
18375,1931.8393181927736,0.99604071969874,120.0
18376,1931.840707102947,0.99572696888052,120.0
18377,1931.8420960128876,0.99519726285903,120.0
18378,1931.843484922828,0.99593913836341,120.0
18379,1931.8448738330023,0.99626289646663,120.0
18380,1931.8462627429435,0.99527108803392,120.0
18381,1931.8476516531168,0.9964593900734,120.0
18382,1931.849040563058,0.99523757313293,120.0
18383,1931.850429473232,0.99580337287017,120.0
18384,1931.8518183831727,0.99624050230111,120.0
18385,1931.8532072931137,0.9953637098832,120.0
18386,1931.8545962032867,0.99518478276012,120.0
18387,1931.8559851132272,0.99572206804465,120.0
18388,1931.8573740234008,0.99507414185712,120.0
18389,1931.8587629333413,0.99567340509827,120.0
18390,1931.8601518435155,0.99646099598849,120.0
18391,1931.861540753457,0.99494501929196,120.0
18392,1931.8629296633972,0.99570592528693,120.0
18393,1931.8643185735707,0.99487577427043,120.0
18394,1931.8657074835112,0.99562678205513,120.0
18395,1931.8670963934524,0.99447004255353,120.0
18396,1931.8684853036264,0.99575036720614,120.0
18397,1931.8698742135673,0.99576907807716,120.0
18398,1931.8712631237413,0.99580372202262,120.0
18399,1931.8726520336825,0.99496187137079,120.0
18400,1931.8740409436227,0.99483656474013,120.0
18401,1931.8754298537965,0.99641388982205,120.0
18402,1931.8768187637372,0.99627869487,120.0
18403,1931.8782076736777,0.99547883989673,120.0
18404,1931.8795965838513,0.99518460374372,120.0
18405,1931.8809854937915,0.996275824169,120.0
18406,1931.882374403733,0.99606471541847,120.0
18407,1931.8837633139071,0.99607274234491,120.0
18408,1931.8851522238476,0.99637266503064,120.0
18409,1931.886541133788,0.99586657495696,120.0
18410,1931.8879300439623,0.99576690652176,120.0
18411,1931.8893189539035,0.9954353248386,120.0
18412,1931.890707863844,0.99646668996824,120.0
18413,1931.8920967737852,0.99601748430568,120.0
18414,1931.8934856839592,0.99555135856315,120.0
18415,1931.8948745939,0.99632585794011,120.0
18416,1931.8962635038408,0.99622805155256,120.0
18417,1931.8976524137809,0.99591002186021,120.0
18418,1931.8990413239544,0.99554121141654,120.0
18419,1931.9004302338951,0.99568884232585,120.0
18420,1931.9018191438356,0.99662664072755,120.0
18421,1931.9032080537768,0.99628790798234,120.0
18422,1931.9045969639512,0.99673497422617,120.0
18423,1931.9059858738915,0.9957957924803,120.0
18424,1931.907374783832,0.99715885148736,120.0
18425,1931.9087636937727,0.99617719772854,120.0
18426,1931.9101526039467,0.99610596025606,120.0
18427,1931.911541513888,0.99637264620351,120.0
18428,1931.9129304238288,0.99584272016615,120.0
18429,1931.91431933377,0.99617872056432,120.0
18430,1931.9157082437112,0.9963186357798,120.0
18431,1931.9170971538847,0.99621019850161,120.0
18432,1931.9184860638252,0.99557777779755,120.0
18433,1931.919874973766,0.99660882284658,120.0
18434,1931.9212638837064,0.99682423497617,120.0
18435,1931.9226527936469,0.99553674841861,120.0
18436,1931.92404170382,0.99657073379615,120.0
18437,1931.9254306137616,0.99631443855005,120.0
18438,1931.9268195237028,0.99576726567408,120.0
18439,1931.9282084336432,0.99624113336246,120.0
18440,1931.929597343584,0.99649437736988,120.0
18441,1931.9309862535245,0.99609586143338,120.0
18442,1931.9323751636985,0.99544716614996,120.0
18443,1931.93376407364,0.99641711697429,120.0
18444,1931.9351529835803,0.99636887830068,120.0
18445,1931.9365418935215,0.99663217296666,120.0
18446,1931.937930803463,0.99600905481001,120.0
18447,1931.9393197134036,0.99650498069474,120.0
18448,1931.9420975332848,0.99672172017294,120.0
18449,1931.9434864432253,0.99636952636694,120.0
18450,1931.9448753533984,0.99652572053503,120.0
18451,1931.94626426334,0.99601683802663,120.0
18452,1931.9476531732812,0.99617825519017,120.0
18453,1931.949042083222,0.99627568360126,120.0
18454,1931.9504309931624,0.99596096953931,120.0
18455,1931.951819903103,0.99724678980313,120.0
18456,1931.953208813044,0.99641522878297,120.0
18457,1931.9545977229857,0.99620074227134,120.0
18458,1931.955986632926,0.99614739199963,120.0
18459,1931.957375542867,0.99599142717242,120.0
18460,1931.9587644528085,0.9960362827264,120.0
18461,1931.9601533627492,0.99720172083621,120.0
18462,1931.9615422726897,0.99757487811091,120.0
18463,1931.9629311826304,0.99601177721528,120.0
18464,1931.9643200925707,0.99665795692788,120.0
18465,1931.9657090025112,0.99676420333524,120.0
18466,1931.967097912452,0.99693434078519,120.0
18467,1931.9684868223933,0.9959330915697,120.0
18468,1931.9698757323345,0.99707331006938,120.0
18469,1931.9712646422752,0.99661917039425,120.0
18470,1931.9726535522157,0.99782374731958,120.0
18471,1931.974042462156,0.99670164306426,120.0
18472,1931.9754313720975,0.99615548083402,120.0
18473,1931.9768202820387,0.99656568236441,120.0
18474,1931.9782091919792,0.99665921888914,120.0
18475,1931.9795981019208,0.9956760051797,120.0
18476,1931.9809870118615,0.99665581880135,120.0
18477,1931.9823759218025,0.99770306717073,120.0
18478,1931.9837648317432,0.99618295924499,120.0
18479,1931.9851537416837,0.99649274423496,120.0
18480,1931.986542651624,0.99690330646932,120.0
18481,1931.987931561565,0.99653989860341,120.0
18482,1931.9893204715052,0.99647091865032,120.0
18483,1931.9907093814463,0.99640795127774,120.0
18484,1931.992098291388,0.99677025858032,120.0
18485,1931.9934872013284,0.99687136870733,120.0
18486,1931.9948761112687,0.99730060992179,120.0
18487,1931.9962650212096,0.99725371629993,120.0
18488,1931.9976539311508,0.99624951495434,120.0
18489,1931.9990428408591,0.99648038873565,120.0
18490,1932.0004317508,0.99639890215517,120.0
18491,1932.0018206607413,0.99695945581345,120.0
18492,1932.0032095706824,0.99665589559596,120.0
18493,1932.0045984806227,0.99640455715276,120.0
18494,1932.0059873905636,0.99727399068189,120.0
18495,1932.007376300504,0.99632184904096,120.0
18496,1932.0087652104448,0.99700155059971,120.0
18497,1932.0101541201525,0.99618078559001,120.0
18498,1932.0115430300937,0.99735535010284,120.0
18499,1932.0129319400353,0.99636893766598,120.0
18500,1932.0143208499755,0.99666208581765,120.0
18501,1932.015709759916,0.99677460223032,120.0
18502,1932.0170986698563,0.99645144507272,120.0
18503,1932.0184875797972,0.99715369273252,120.0
18504,1932.0198764895056,0.9965149594065,120.0
18505,1932.0212653994467,0.99662525658328,120.0
18506,1932.0226543093884,0.99728714741016,120.0
18507,1932.0240432193295,0.99734286786457,120.0
18508,1932.02543212927,0.99664766174004,120.0
18509,1932.026821038978,0.99663639861563,120.0
18510,1932.0282099489184,0.99708278408718,120.0
18511,1932.029598858859,0.99748783134472,120.0
18512,1932.0309877687992,0.99636415353719,120.0
18513,1932.03237667874,0.99745124033958,120.0
18514,1932.0337655884484,0.99641359486163,120.0
18515,1932.0351544983896,0.99702585313432,120.0
18516,1932.0365434083303,0.99707020584923,120.0
18517,1932.0379323182708,0.99620196960864,120.0
18518,1932.0393212279785,0.99796547320732,120.0
18519,1932.0407101379192,0.99683231127288,120.0
18520,1932.0420990478603,0.99732983531035,120.0
18521,1932.0434879578015,0.99702848689311,120.0
18522,1932.0448768675103,0.99748186539524,120.0
18523,1932.0462657774513,0.99779544417892,120.0
18524,1932.047654687392,0.99700316620787,120.0
18525,1932.0490435971,0.99768085986365,120.0
18526,1932.0504325070403,0.99729444021356,120.0
18527,1932.0518214169808,0.99688458662242,120.0
18528,1932.0532103269215,0.99785552641589,120.0
18529,1932.0545992366292,0.99748937485318,120.0
18530,1932.0559881465704,0.99761947785957,120.0
18531,1932.0573770565115,0.99626996602371,120.0
18532,1932.0587659662192,0.99730152692698,120.0
18533,1932.06015487616,0.99807796923091,120.0
18534,1932.0615437861009,0.99693731368676,120.0
18535,1932.0629326958085,0.99817113477851,120.0
18536,1932.0643216057497,0.99753687311908,120.0
18537,1932.0657105156915,0.99910517038286,120.0
18538,1932.0670994254,0.99725302372656,120.0
18539,1932.0684883353404,0.9977691712516,120.0
18540,1932.0698772452813,0.99763584015213,120.0
18541,1932.0712661549887,0.99800457266127,120.0
18542,1932.0726550649297,0.99623089887175,120.0
18543,1932.07404397487,0.99662134850003,120.0
18544,1932.0754328845776,0.99726664020935,120.0
18545,1932.0768217945188,0.99754106697198,120.0
18546,1932.0782107042276,0.99744798856611,120.0
18547,1932.079599614168,0.99804903916225,120.0
18548,1932.0809885241083,0.99688920632209,120.0
18549,1932.0823774338164,0.99718162652397,120.0
18550,1932.0837663437571,0.99790302421386,120.0
18551,1932.0851552534648,0.99726050869467,120.0
18552,1932.086544163406,0.99715603660503,120.0
18553,1932.0879330731152,0.9982985651467,120.0
18554,1932.0893219830564,0.99763188514729,120.0
18555,1932.0907108929969,0.99710032918543,120.0
18556,1932.0920998027048,0.9980386014501,120.0
18557,1932.0934887126452,0.99751854715986,120.0
18558,1932.094877622353,0.99764149156198,120.0
18559,1932.0962665322936,0.99670334925433,120.0
18560,1932.0976554420013,0.99703746902996,120.0
18561,1932.0990443519424,0.9970397852329,120.0
18562,1932.1004332616512,0.99701253107546,120.0
18563,1932.1018221715913,0.99753139574768,120.0
18564,1932.1032110812992,0.99641702535006,120.0
18565,1932.10459999124,0.99702715226487,120.0
18566,1932.1059889009475,0.99800813461698,120.0
18567,1932.107377810888,0.99719142432964,120.0
18568,1932.1087667205968,0.99840351549557,120.0
18569,1932.1101556305384,0.99665363066625,120.0
18570,1932.1115445402472,0.99891092240878,120.0
18571,1932.1129334501877,0.9969890045231,120.0
18572,1932.1143223598951,0.99731466124847,120.0
18573,1932.115711269836,0.99796622136531,120.0
18574,1932.1171001795435,0.99717731348953,120.0
18575,1932.118489089484,0.99771572205894,120.0
18576,1932.1198779991923,0.99757372755751,120.0
18577,1932.121266909134,0.99671790591089,120.0
18578,1932.1226558188416,0.99767771402569,120.0
18579,1932.124044728782,0.99825205514562,120.0
18580,1932.12543363849,0.99828641253891,120.0
18581,1932.1268225481977,0.99682186673813,120.0
18582,1932.1282114581384,0.99745139064353,120.0
18583,1932.129600367846,0.99779807072959,120.0
18584,1932.130989277788,0.99778469149607,120.0
18585,1932.1323781874971,0.99748919150167,120.0
18586,1932.1337670972048,0.99732251059845,120.0
18587,1932.1351560071455,0.99761723549313,120.0
18588,1932.1365449168532,0.99777151723591,120.0
18589,1932.1379338267936,0.99788731845601,120.0
18590,1932.1393227365015,0.99730653051,120.0
18591,1932.1407116462096,0.99749592400962,120.0
18592,1932.1421005561504,0.99790840449137,120.0
18593,1932.1434894658587,0.99740504158536,120.0
18594,1932.1448783757992,0.99783538444945,120.0
18595,1932.1462672855073,0.99767509098088,120.0
18596,1932.1476561952147,0.99821705503921,120.0
18597,1932.1490451051557,0.99848435960199,120.0
18598,1932.150434014863,0.99904159984268,120.0
18599,1932.1518229245708,0.99801899499697,120.0
18600,1932.1532118345128,0.99758461615536,120.0
18601,1932.154600744222,0.99889123889698,120.0
18602,1932.15598965393,0.9982744579006,120.0
18603,1932.1573785638705,0.99765632078947,120.0
18604,1932.158767473578,0.9974604605001,120.0
18605,1932.160156383286,0.99820566522361,120.0
18606,1932.1615452929937,0.99747529559662,120.0
18607,1932.1629342029344,0.99869824071468,120.0
18608,1932.1643231126427,0.9977412073787,120.0
18609,1932.1657120223513,0.99894810058139,120.0
18610,1932.1671009322915,0.99850897329665,120.0
18611,1932.1684898419992,0.99738616239558,120.0
18612,1932.1698787517073,0.99908377338322,120.0
18613,1932.1712676614147,0.99765480214102,120.0
18614,1932.1726565713552,0.99731543769131,120.0
18615,1932.174045481063,0.99830464911766,120.0
18616,1932.1754343907724,0.99800429949784,120.0
18617,1932.1768233004816,0.99714511020279,120.0
18618,1932.178212210422,0.99818762979639,120.0
18619,1932.1796011201295,0.9977923772442,120.0
18620,1932.1809900298376,0.99726723042389,120.0
18621,1932.1823789395453,0.99833859170484,120.0
18622,1932.1837678492532,0.99804512095068,120.0
18623,1932.1851567591943,0.99807771344886,120.0
18624,1932.1865456689025,0.99735057041945,120.0
18625,1932.1879345786103,0.99760235555198,120.0
18626,1932.1893234883185,0.99750404198185,120.0
18627,1932.190712398026,0.99957023110923,120.0
18628,1932.1921013079664,0.99918039064446,120.0
18629,1932.1934902176745,0.99835161822227,120.0
18630,1932.194879127382,0.99820691599159,120.0
18631,1932.1962680370905,0.99809250751816,120.0
18632,1932.1976569467995,0.99818055337095,120.0
18633,1932.199045856508,0.99846849745371,120.0
18634,1932.2004347664483,0.99869582655753,120.0
18635,1932.201823676156,0.99836293524278,120.0
18636,1932.203212585864,0.9982700894313,120.0
18637,1932.2046014955715,0.99808937534766,120.0
18638,1932.2059904052796,0.9991639999693,120.0
18639,1932.207379314988,0.99794212055563,120.0
18640,1932.2087682246963,0.99835542434776,120.0
18641,1932.2101571346368,0.99805247215062,120.0
18642,1932.2115460443447,0.99786901897546,120.0
18643,1932.2129349540523,0.99818654028543,120.0
18644,1932.21432386376,0.99793929067811,120.0
18645,1932.215712773468,0.99812665207994,120.0
18646,1932.2171016831755,0.99866755949056,120.0
18647,1932.218490592884,0.99850576998215,120.0
18648,1932.2198795025931,0.99801977321713,120.0
18649,1932.2212684123017,0.99810303678107,120.0
18650,1932.2226573220091,0.99823327503018,120.0
18651,1932.2240462317172,0.99876475163445,120.0
18652,1932.225435141425,0.99856878111459,120.0
18653,1932.2268240511328,0.99836468923594,120.0
18654,1932.2282129610733,0.99877432781096,120.0
18655,1932.2296018707816,0.99921093271705,120.0
18656,1932.23099078049,0.99935148430168,120.0
18657,1932.2323796901976,0.99829475628774,120.0
18658,1932.2337685999055,0.99873291434424,120.0
18659,1932.2351575096131,0.99880534942913,120.0
18660,1932.2365464193208,0.99800054328382,120.0
18661,1932.2379353290287,0.99899085144602,120.0
18662,1932.2393242387373,0.99904962319895,120.0
18663,1932.2407131484456,0.99770865735316,120.0
18664,1932.242102058154,0.99891236920873,120.0
18665,1932.2434909678625,0.99960633396847,120.0
18666,1932.24487987757,0.99852391077688,120.0
18667,1932.246268787278,0.99863920980716,120.0
18668,1932.247657696986,0.99850831607374,120.0
18669,1932.2490466066936,0.99941766668864,120.0
18670,1932.2504355161689,0.99970936666099,120.0
18671,1932.2518244258777,0.9990453324683,120.0
18672,1932.253213335585,0.99965091309543,120.0
18673,1932.2546022452927,0.99807017869226,120.0
18674,1932.2559911550009,0.99829057469694,120.0
18675,1932.2573800647085,0.99964128265302,120.0
18676,1932.258768974416,0.99854071222106,120.0
18677,1932.260157884124,0.99787830284446,120.0
18678,1932.2615467938324,0.99862568874357,120.0
18679,1932.2629357035407,0.99852697268991,120.0
18680,1932.2643246132488,0.99913793040223,120.0
18681,1932.2657135229572,0.99838437852737,120.0
18682,1932.2671024326655,0.999229124379,120.0
18683,1932.2684913421404,0.99849289935752,120.0
18684,1932.269880251848,0.99909135665316,120.0
18685,1932.271269161556,0.99869298341291,120.0
18686,1932.2726580712645,0.99788754940239,120.0
18687,1932.2740469809728,0.99875032708461,120.0
18688,1932.2754358906805,0.99848432471649,120.0
18689,1932.2768248003883,0.99861778820767,120.0
18690,1932.278213710096,0.99887786569694,120.0
18691,1932.2796026195708,0.99842641103471,120.0
18692,1932.2809915292785,0.99895378299812,120.0
18693,1932.2823804389864,0.99853518421145,120.0
18694,1932.2837693486947,0.99886792072281,120.0
18695,1932.2851582584033,0.9998499262452,120.0
18696,1932.2865471681107,0.99852335834005,120.0
18697,1932.2879360775864,0.99908364312458,120.0
18698,1932.2893249872952,0.99884209535821,120.0
18699,1932.290713897003,0.99798336563934,120.0
18700,1932.2921028067103,0.99905895439176,120.0
18701,1932.2934917164184,0.99819371782156,120.0
18702,1932.294880625894,0.99854753645787,120.0
18703,1932.2962695356025,0.99989765811728,120.0
18704,1932.29765844531,0.99839796858271,120.0
18705,1932.2990473550176,0.999411818928,120.0
18706,1932.3004362644929,0.99915022245854,120.0
18707,1932.3018251742003,0.99926790725359,120.0
18708,1932.303214083908,0.99889058807003,120.0
18709,1932.3046029936163,0.99905971577333,120.0
18710,1932.305991903092,0.99896683962754,120.0
18711,1932.3073808128,0.99917035785066,120.0
18712,1932.3087697225076,0.99934880253289,120.0
18713,1932.310158632216,0.9987647871092,120.0
18714,1932.3115475416917,0.99913925985339,120.0
18715,1932.3129364513995,0.99897646163655,120.0
18716,1932.3143253611072,0.99946210741513,120.0
18717,1932.3157142705827,0.99928571397786,120.0
18718,1932.3171031802913,0.99885842335734,120.0
18719,1932.3184920899987,0.99884698513437,120.0
18720,1932.3198809997068,0.99972257463889,120.0
18721,1932.3212699091816,1.00023194063785,120.0
18722,1932.3226588188893,0.99940236075526,120.0
18723,1932.3240477285972,0.99954092821518,120.0
18724,1932.325436638072,0.9989346568411,120.0
18725,1932.3268255477803,0.9989053690551,120.0
18726,1932.328214457489,0.99920710209795,120.0
18727,1932.3296033669635,0.99996644623465,120.0
18728,1932.3309922766712,0.99811976123944,120.0
18729,1932.33238118638,0.99932689770192,120.0
18730,1932.3337700958557,0.99918757546797,120.0
18731,1932.3351590055631,0.99900477202718,120.0
18732,1932.336547915038,0.99935260127461,120.0
18733,1932.3379368247467,1.00028630278283,120.0
18734,1932.339325734455,0.99927075563675,120.0
18735,1932.34071464393,0.99894208147777,120.0
18736,1932.3421035536376,0.99964024582591,120.0
18737,1932.3434924631129,0.99873306350312,120.0
18738,1932.34488137282,0.99966401611124,120.0
18739,1932.346270282528,0.99991851307096,120.0
18740,1932.3476591920028,0.99910585360507,120.0
18741,1932.349048101711,0.99931836008592,120.0
18742,1932.3504370111873,0.99922239422117,120.0
18743,1932.3518259208947,0.99940459546973,120.0
18744,1932.3532148306024,1.00093435410327,120.0
18745,1932.3546037400777,0.99892099906391,120.0
18746,1932.3559926497855,1.00002145425843,120.0
18747,1932.3573815592615,0.99978912176088,120.0
18748,1932.35877046897,0.99820162293012,120.0
18749,1932.3601593784456,0.99935627928613,120.0
18750,1932.3615482881532,0.99939279489001,120.0
18751,1932.3629371976283,0.99860998408352,120.0
18752,1932.364326107336,0.99986471979571,120.0
18753,1932.3657150168108,0.99921292680933,120.0
18754,1932.3671039265184,1.00049967049264,120.0
18755,1932.3684928359935,0.9990590675655,120.0
18756,1932.3698817457016,1.00004313562527,120.0
18757,1932.3712706551776,1.00042777906811,120.0
18758,1932.3726595648852,0.99901498641542,120.0
18759,1932.37404847436,0.99925402155027,120.0
18760,1932.375437384068,0.99988678293681,120.0
18761,1932.3768262935428,0.99940236846937,120.0
18762,1932.378215203251,0.99935204286519,120.0
18763,1932.3796041127268,0.99968764638649,120.0
18764,1932.3809930224352,1.00006018298454,120.0
18765,1932.382381931911,0.9992047618263,120.0
18766,1932.383770841386,1.00027023274416,120.0
18767,1932.3851597510936,1.00064683415839,120.0
18768,1932.3865486605685,0.9994588921013,120.0
18769,1932.387937570276,0.99950306483363,120.0
18770,1932.3893264797512,1.00050649729753,120.0
18771,1932.3907153894593,0.99973508582802,120.0
18772,1932.3921042989343,0.99847102112769,120.0
18773,1932.39349320841,0.99908251158299,120.0
18774,1932.3948821181175,0.99966876293901,120.0
18775,1932.3962710275928,0.99976484582527,120.0
18776,1932.397659937301,0.99875701783391,120.0
18777,1932.3990488467753,1.00016959758059,120.0
18778,1932.4004377562503,0.99959476320439,120.0
18779,1932.4018266659589,1.00062777346166,120.0
18780,1932.4032155754353,0.99962095821039,120.0
18781,1932.4046044849108,0.99919139368752,120.0
18782,1932.4059933946185,1.00001341756356,120.0
18783,1932.4073823040933,1.00013350227759,120.0
18784,1932.408771213568,0.99963129296957,120.0
18785,1932.410160123276,0.99878204593037,120.0
18786,1932.4115490327508,0.99938956382319,120.0
18787,1932.4129379422257,0.99964140635508,120.0
18788,1932.4143268519344,0.99956881764379,120.0
18789,1932.4157157614095,1.00024592215454,120.0
18790,1932.4171046708848,1.00229453371069,120.0
18791,1932.4184935805924,0.99946316123711,120.0
18792,1932.4198824900673,0.99959738642213,120.0
18793,1932.4212713995423,0.99961765713282,120.0
18794,1932.42266030925,0.99925154684853,120.0
18795,1932.424049218726,0.99998657623938,120.0
18796,1932.4254381282024,1.00047870587872,120.0
18797,1932.4268270376776,1.00006573761497,120.0
18798,1932.4282159473853,1.00017152779826,120.0
18799,1932.42960485686,0.99999964037414,120.0
18800,1932.4309937663352,0.99914986179633,120.0
18801,1932.43238267581,1.00012418254013,120.0
18802,1932.4337715855177,1.00088924677827,120.0
18803,1932.4351604949936,1.00041704261352,120.0
18804,1932.436549404469,0.99967221537541,120.0
18805,1932.4379383139435,0.99974774979481,120.0
18806,1932.4393272236516,1.0000887424234,120.0
18807,1932.4407161331264,1.00052219622803,120.0
18808,1932.4421050426015,0.99904791668939,120.0
18809,1932.4434939520763,0.99985069870806,120.0
18810,1932.4448828615512,0.99962248616178,120.0
18811,1932.4462717712595,1.00004488315206,120.0
18812,1932.447660680736,1.00003651943676,120.0
18813,1932.4490495902116,0.99997876568293,120.0
18814,1932.4504384996865,0.99967008529132,120.0
18815,1932.4518274091613,0.99951354607369,120.0
18816,1932.4532163186364,1.00032087146966,120.0
18817,1932.454605228344,1.0001599554557,120.0
18818,1932.4559941378193,0.99936059136434,120.0
18819,1932.4573830472943,0.99916173770374,120.0
18820,1932.45877195677,1.00076708869306,120.0
18821,1932.4601608662451,0.99977042829836,120.0
18822,1932.46154977572,0.99977531611257,120.0
18823,1932.4629386851952,1.00039088734784,120.0
18824,1932.4643275949024,0.9997794523575,120.0
18825,1932.4657165043775,0.99996920000112,120.0
18826,1932.4671054138523,0.99946120535536,120.0
18827,1932.468494323328,0.99973949468943,120.0
18828,1932.469883232804,1.00080034870256,120.0
18829,1932.47127214228,1.00072157977694,120.0
18830,1932.4726610517548,1.00060554488277,120.0
18831,1932.4740499612296,0.99958463624269,120.0
18832,1932.4754388707047,1.00031451740408,120.0
18833,1932.4768277801795,1.00012087527129,120.0
18834,1932.4782166896553,1.00071453854287,120.0
18835,1932.4796055991308,1.0004079047941,120.0
18836,1932.4809945088384,0.99994979386335,120.0
18837,1932.4823834183137,1.00091836173883,120.0
18838,1932.4837723277883,1.00102960453839,120.0
18839,1932.4851612372631,1.00063001248041,120.0
18840,1932.486550146738,0.99996553858761,120.0
18841,1932.4879390562128,1.00060202489091,120.0
18842,1932.4893279656887,1.00039181973005,120.0
18843,1932.4907168751645,1.00042427369197,120.0
18844,1932.4921057846393,0.99979969447657,120.0
18845,1932.4934946941148,1.00048091122964,120.0
18846,1932.4948836035903,1.00049652389707,120.0
18847,1932.4962725130652,1.00049011043716,120.0
18848,1932.4976614225404,1.00133934809678,120.0
18849,1932.4990503320153,1.00067846429647,120.0
18850,1932.5004392414908,1.00068096623481,120.0
18851,1932.5018281509665,1.00005236295417,120.0
18852,1932.503217060441,1.00126762506942,120.0
18853,1932.5046059699164,1.0007006378521,120.0
18854,1932.5059948793912,1.00088538253004,120.0
18855,1932.507383788866,1.00172475836481,120.0
18856,1932.508772698108,1.0014904324918,120.0
18857,1932.5101616075833,1.000977541973,120.0
18858,1932.5115505170584,1.00120094571403,120.0
18859,1932.5129394265343,1.00079450742566,120.0
18860,1932.5143283360092,1.00022838106884,120.0
18861,1932.515717245485,1.00078708934837,120.0
18862,1932.5171061549604,1.00012183097136,120.0
18863,1932.5184950644352,1.00131649573404,120.0
18864,1932.5198839739105,1.00099253399902,120.0
18865,1932.521272883385,1.00074543667037,120.0
18866,1932.5226617928608,1.00074448508787,120.0
18867,1932.5240507021035,1.00120463167615,120.0
18868,1932.5254396115783,1.00051143609049,120.0
18869,1932.5268285210536,1.00046738622534,120.0
18870,1932.528217430528,1.00167279192252,120.0
18871,1932.5296063400033,1.00170357468539,120.0
18872,1932.5309952494777,1.00045909226664,120.0
18873,1932.5323841589527,1.00059554580574,120.0
18874,1932.5337730681956,1.00147934384955,120.0
18875,1932.5351619776711,1.00120125742159,120.0
18876,1932.536550887146,1.00127007652777,120.0
18877,1932.5379397966208,1.00059395471624,120.0
18878,1932.5393287060967,1.0013388664263,120.0
18879,1932.5407176155725,1.00154403438627,120.0
18880,1932.5421065248145,1.0008800351704,120.0
18881,1932.54349543429,0.99993211305345,120.0
18882,1932.5448843437655,1.0007030270861,120.0
18883,1932.5462732532403,1.00172107982781,120.0
18884,1932.5476621627156,1.00087635593752,120.0
18885,1932.5490510719576,1.00093824541498,120.0
18886,1932.5504399814324,1.0015261937542,120.0
18887,1932.5518288909072,1.00159050793407,120.0
18888,1932.5532178003823,1.0004093208236,120.0
18889,1932.5546067096247,1.00184225386335,120.0
18890,1932.5559956191007,1.0008357585772,120.0
18891,1932.5573845285755,1.0002376341758,120.0
18892,1932.5587734380504,1.00160357900176,120.0
18893,1932.5601623472924,1.00018519279403,120.0
18894,1932.5615512567672,1.00125352070371,120.0
18895,1932.5629401662427,1.00152686363598,120.0
18896,1932.5643290757184,1.0005509348663,120.0
18897,1932.5657179849616,1.00118342969244,120.0
18898,1932.5671068944368,1.00128641004737,120.0
18899,1932.568495803912,1.00132757665868,120.0
18900,1932.569884713154,1.00096582679101,120.0
18901,1932.5712736226287,1.00060505656007,120.0
18902,1932.5726625321035,1.00118143871604,120.0
18903,1932.574051441346,1.00105462935541,120.0
18904,1932.5754403508208,1.00146196752234,120.0
18905,1932.5768292602963,1.0015876479516,120.0
18906,1932.5782181695392,1.0007774481853,120.0
18907,1932.579607079014,1.00133259820621,120.0
18908,1932.5809959884891,1.00141975958969,120.0
18909,1932.5823848977311,1.00179835645598,120.0
18910,1932.583773807206,1.00103250741309,120.0
18911,1932.5851627166817,1.00146632199167,120.0
18912,1932.5865516259244,1.00131525614686,120.0
18913,1932.5879405354,1.0017857013479,120.0
18914,1932.5893294448756,1.00155241701356,120.0
18915,1932.5907183541176,1.00104819581404,120.0
18916,1932.5921072635929,1.00153053959455,120.0
18917,1932.5934961728344,1.0019710293807,120.0
18918,1932.5948850823097,1.00084890766724,120.0
18919,1932.5962739915517,1.00118961704567,120.0
18920,1932.5976629010272,1.00162715717321,120.0
18921,1932.5990518105027,1.00129735861642,120.0
18922,1932.6004407197447,1.00215762677458,120.0
18923,1932.6018296292195,1.00143835669898,120.0
18924,1932.603218538462,1.00362807229742,120.0
18925,1932.6046074479368,1.00107054521127,120.0
18926,1932.6059963571793,1.00160330406597,120.0
18927,1932.6073852666536,1.00190108131154,120.0
18928,1932.60877417613,1.0018358049043,120.0
18929,1932.6101630853736,1.00104961302629,120.0
18930,1932.6115519948487,1.00130390009545,120.0
18931,1932.6129409040905,1.00113498803487,120.0
18932,1932.6143298135655,1.00203924674058,120.0
18933,1932.6157187228075,1.00186904156938,120.0
18934,1932.6171076322823,1.00227793250271,120.0
18935,1932.6184965415243,1.00095867278883,120.0
18936,1932.619885451,1.00184869625557,120.0
18937,1932.6212743602428,1.00206028400215,120.0
18938,1932.6226632697176,1.00163456925025,120.0
18939,1932.62405217896,1.00096749859895,120.0
18940,1932.6254410884349,1.00225286518089,120.0
18941,1932.6268299976769,1.00233473089673,120.0
18942,1932.6282189069193,1.0021833306101,120.0
18943,1932.629607816394,1.00203813671203,120.0
18944,1932.6309967256368,1.0020155325027,120.0
18945,1932.6323856351128,1.00229816045429,120.0
18946,1932.633774544356,1.00185058330232,120.0
18947,1932.6351634538307,1.00191199621804,120.0
18948,1932.6365523630727,1.00167056852206,120.0
18949,1932.6379412723147,1.00205700184049,120.0
18950,1932.6393301817895,1.00217280390618,120.0
18951,1932.640719091032,1.00196997343789,120.0
18952,1932.6421080005075,1.00164695708401,120.0
18953,1932.64349690975,1.00184229216601,120.0
18954,1932.644885818992,1.00112739369834,120.0
18955,1932.6462747284672,1.0017038819415,120.0
18956,1932.6476636377097,1.00135400118537,120.0
18957,1932.649052547184,1.00145151394561,120.0
18958,1932.6504414564265,1.00190930834486,120.0
18959,1932.651830365668,1.0020807906865,120.0
18960,1932.653219275144,1.00209570842263,120.0
18961,1932.6546081843867,1.00106724961118,120.0
18962,1932.6559970936296,1.00087802734707,120.0
18963,1932.657386003105,1.0022207126097,120.0
18964,1932.658774912347,1.00204450597514,120.0
18965,1932.660163821589,1.00271659748074,120.0
18966,1932.661552731064,1.00188907832726,120.0
18967,1932.6629416403068,1.00300343082295,120.0
18968,1932.6643305495495,1.00189257314107,120.0
18969,1932.6657194590243,1.00196569512746,120.0
18970,1932.6671083682668,1.00173980787611,120.0
18971,1932.6684972775088,1.00291842444016,120.0
18972,1932.669886186984,1.00211672232531,120.0
18973,1932.6712750962256,1.00254620758811,120.0
18974,1932.672664005468,1.0018648294797,120.0
18975,1932.6740529147107,1.00167821942789,120.0
18976,1932.6754418241865,1.00245873374677,120.0
18977,1932.6768307334285,1.00160648162543,120.0
18978,1932.6782196426705,1.00231560688341,120.0
18979,1932.6796085519131,1.00215267983949,120.0
18980,1932.6809974613889,1.00119736036052,120.0
18981,1932.6823863706309,1.00219993227651,120.0
18982,1932.6837752798729,1.00142646076877,120.0
18983,1932.6851641891155,1.00275293688499,120.0
18984,1932.6865530985913,1.00231751337641,120.0
18985,1932.6879420078335,1.00205554140494,120.0
18986,1932.6893309170753,1.00287557580444,120.0
18987,1932.6907198263175,1.00265589607082,120.0
18988,1932.6921087355595,1.00257537383202,120.0
18989,1932.6934976450343,1.0018284887413,120.0
18990,1932.6948865542763,1.00218077063833,120.0
18991,1932.6962754635192,1.00268520714683,120.0
18992,1932.6976643727623,1.00182251597583,120.0
18993,1932.6990532820043,1.00283902970839,120.0
18994,1932.7004421912463,1.00313765055985,120.0
18995,1932.701831100722,1.00226531018332,120.0
18996,1932.7032200099648,1.00305212346662,120.0
18997,1932.7046089192067,1.00195248542366,120.0
18998,1932.7059978284487,1.00216186315157,120.0
18999,1932.7073867376916,1.00324031847027,120.0
19000,1932.7087756469343,1.00356505759981,120.0
19001,1932.7101645561763,1.00166387585867,120.0
19002,1932.7115534654183,1.00279909463534,120.0
19003,1932.7129423748936,1.00280572476061,120.0
19004,1932.7143312841356,1.00250340257883,120.0
19005,1932.7157201933776,1.00125696722098,120.0
19006,1932.7171091026205,1.00267420671702,120.0
19007,1932.7184980118632,1.00224119215657,120.0
19008,1932.7198869211056,1.00172250538307,120.0
19009,1932.7212758303472,1.00261301799246,120.0
19010,1932.7226647395892,1.00251199812898,120.0
19011,1932.7240536488316,1.00245288861363,120.0
19012,1932.7254425580743,1.00249747651269,120.0
19013,1932.7268314673172,1.00304365748349,120.0
19014,1932.72822037656,1.00211617596067,120.0
19015,1932.7296092858023,1.00282493468652,120.0
19016,1932.7309981950448,1.00266869268727,120.0
19017,1932.7323871042868,1.00235818201578,120.0
19018,1932.7337760135288,1.00214891272391,120.0
19019,1932.7351649227708,1.00263433886918,120.0
19020,1932.7365538320128,1.00364785816558,120.0
19021,1932.737942741488,1.00214244212162,120.0
19022,1932.7393316507307,1.00238816299674,120.0
19023,1932.7407205597408,1.00204123848899,120.0
19024,1932.7421094689828,1.00261728510075,120.0
19025,1932.7434983782248,1.00335003165349,120.0
19026,1932.7448872874668,1.00239366073088,120.0
19027,1932.7462761967088,1.00230340896429,120.0
19028,1932.7476651059512,1.00307967248155,120.0
19029,1932.749054015194,1.00273488991319,120.0
19030,1932.7504429244373,1.00255882985096,120.0
19031,1932.75183183368,1.00211552905185,120.0
19032,1932.753220742922,1.003651651875,120.0
19033,1932.7546096521644,1.00368352762603,120.0
19034,1932.7559985614064,1.00260207427009,120.0
19035,1932.7573874706484,1.00264824373156,120.0
19036,1932.7587763798904,1.00232298521686,120.0
19037,1932.7601652891328,1.00245289682003,120.0
19038,1932.7615541983753,1.00363514022494,120.0
19039,1932.762943107618,1.00315087920793,120.0
19040,1932.7643320166271,1.00288529080975,120.0
19041,1932.7657209258691,1.00242181469805,120.0
19042,1932.7671098351116,1.00339353917504,120.0
19043,1932.7684987443536,1.00248889191323,120.0
19044,1932.7698876535956,1.00314585857154,120.0
19045,1932.7712765628376,1.0029050300096,120.0
19046,1932.7726654720811,1.00241593580683,120.0
19047,1932.7740543813247,1.00283386125032,120.0
19048,1932.775443290334,1.00332337968258,120.0
19049,1932.776832199576,1.00310984503569,120.0
19050,1932.778221108818,1.00321988946445,120.0
19051,1932.77961001806,1.00356651096685,120.0
19052,1932.7809989273023,1.00344396613483,120.0
19053,1932.7823878365448,1.00301257584621,120.0
19054,1932.783776745555,1.00281767572516,120.0
19055,1932.7851656547969,1.00245595343508,120.0
19056,1932.7865545640393,1.00311854497223,120.0
19057,1932.7879434732808,1.00251949715795,120.0
19058,1932.7893323825233,1.00254824466432,120.0
19059,1932.7907212915327,1.00208035041706,120.0
19060,1932.7921102007745,1.00377742996664,120.0
19061,1932.7934991100171,1.00272367949576,120.0
19062,1932.79488801926,1.00296623409129,120.0
19063,1932.79627692827,1.00303832894221,120.0
19064,1932.7976658375128,1.00274235728982,120.0
19065,1932.7990547467552,1.00286382681879,120.0
19066,1932.8004436559968,1.00299104257853,120.0
19067,1932.801832565006,1.0026097410766,120.0
19068,1932.8032214742484,1.0034641134089,120.0
19069,1932.8046103834913,1.00211242186961,120.0
19070,1932.805999292734,1.00280281091716,120.0
19071,1932.8073882017432,1.00251630955988,120.0
19072,1932.8087771109851,1.00325097148031,120.0
19073,1932.8101660202271,1.00330733101251,120.0
19074,1932.8115549292363,1.00342493845486,120.0
19075,1932.8129438384788,1.00329572259134,120.0
19076,1932.8143327477208,1.00279814235695,120.0
19077,1932.8157216567308,1.00297952458194,120.0
19078,1932.8171105659735,1.00340025451469,120.0
19079,1932.8184994752155,1.00386801567968,120.0
19080,1932.819888384225,1.00341018716281,120.0
19081,1932.8212772934676,1.00300037687083,120.0
19082,1932.8226662027105,1.00354549695331,120.0
19083,1932.8240551117196,1.00328838083977,120.0
19084,1932.8254440209616,1.00317353741511,120.0
19085,1932.8268329302043,1.00365172022134,120.0
19086,1932.8282218392144,1.00317832627278,120.0
19087,1932.8296107484564,1.00321117034588,120.0
19088,1932.8309996576984,1.00385424061595,120.0
19089,1932.8323885667076,1.00262364325372,120.0
19090,1932.83377747595,1.00330879346488,120.0
19091,1932.8351663849592,1.00363631475662,120.0
19092,1932.836555294202,1.0044259720093,120.0
19093,1932.8379442034447,1.00451898952407,120.0
19094,1932.839333112454,1.00413232274016,120.0
19095,1932.840722021696,1.00539247739195,120.0
19096,1932.8421109307053,1.00378343895119,120.0
19097,1932.8434998399473,1.00359006826521,120.0
19098,1932.8448887489571,1.00384410473945,120.0
19099,1932.8462776582,1.00474629523695,120.0
19100,1932.84766656721,1.00387048882279,120.0
19101,1932.8490554764528,1.00349827547207,120.0
19102,1932.8504443856948,1.00357064333118,120.0
19103,1932.851833294704,1.00370528689558,120.0
19104,1932.853222203946,1.00324167336442,120.0
19105,1932.8546111129556,1.00320095272009,120.0
19106,1932.8560000221976,1.00307710748465,120.0
19107,1932.8573889312067,1.00502925211088,120.0
19108,1932.8587778404496,1.00405543786591,120.0
19109,1932.8601667494593,1.0034965127705,120.0
19110,1932.8615556587015,1.00431710868931,120.0
19111,1932.8629445677109,1.00334654485596,120.0
19112,1932.8643334769529,1.00497478880052,120.0
19113,1932.865722385962,1.00352829496149,120.0
19114,1932.8671112949712,1.00376108274602,120.0
19115,1932.868500204214,1.00359896749334,120.0
19116,1932.8698891132249,1.00285220313807,120.0
19117,1932.8712780224675,1.00361580395201,120.0
19118,1932.8726669314767,1.00392888987725,120.0
19119,1932.8740558407187,1.0035689462565,120.0
19120,1932.875444749728,1.0040260852468,120.0
19121,1932.8768336589703,1.00394375999351,120.0
19122,1932.8782225679793,1.00295946942544,120.0
19123,1932.8796114769889,1.00341557379168,120.0
19124,1932.8810003862316,1.00288811009001,120.0
19125,1932.8823892952416,1.00391133622574,120.0
19126,1932.8837782044836,1.0038201539266,120.0
19127,1932.8851671134928,1.00383500723816,120.0
19128,1932.886556022502,1.00464629491533,120.0
19129,1932.887944931744,1.00398883611571,120.0
19130,1932.8893338407531,1.00328037291483,120.0
19131,1932.8907227497632,1.00380038983679,120.0
19132,1932.8921116590068,1.00430780651537,120.0
19133,1932.8935005680169,1.00375481633996,120.0
19134,1932.8948894770256,1.00388964962341,120.0
19135,1932.896278386268,1.00419051035628,120.0
19136,1932.8976672952776,1.00368428454046,120.0
19137,1932.8990562042864,1.00496835865787,120.0
19138,1932.9004451135283,1.00503768788834,120.0
19139,1932.9018340225384,1.0042188367085,120.0
19140,1932.9032229315485,1.00334604795116,120.0
19141,1932.9046118407907,1.00407598214924,120.0
19142,1932.9060007498,1.00355701617257,120.0
19143,1932.9073896588088,1.0039912336521,120.0
19144,1932.9087785680513,1.00410138838875,120.0
19145,1932.9101674770604,1.0040333091368,120.0
19146,1932.9115563860696,1.00368935788729,120.0
19147,1932.9129452950792,1.00417968152282,120.0
19148,1932.9143342043224,1.00399830113774,120.0
19149,1932.9157231133324,1.00513270672895,120.0
19150,1932.9171120223425,1.00423222388387,120.0
19151,1932.9185009313512,1.00411425648865,120.0
19152,1932.9198898405937,1.00362185301627,120.0
19153,1932.9212787496028,1.00509201521812,120.0
19154,1932.922667658612,1.00452647689018,120.0
19155,1932.924056567622,1.00450363480888,120.0
19156,1932.9254454768648,1.00448390135709,120.0
19157,1932.926834385874,1.00396065186036,120.0
19158,1932.9282232948833,1.00480358760774,120.0
19159,1932.9296122038925,1.004237802555,120.0
19160,1932.9310011129016,1.00439151796092,120.0
19161,1932.9323900219113,1.00483951603127,120.0
19162,1932.9337789311533,1.00464774449331,120.0
19163,1932.935167840163,1.00476720349384,120.0
19164,1932.9365567491727,1.00386632723325,120.0
19165,1932.937945658182,1.00522713209387,120.0
19166,1932.9393345671915,1.00427723852649,120.0
19167,1932.9407234762011,1.00464105938997,120.0
19168,1932.942112385444,1.00447376275895,120.0
19169,1932.9435012944537,1.00498518971766,120.0
19170,1932.9448902034624,1.00404174891008,120.0
19171,1932.946279112473,1.00415219264934,120.0
19172,1932.9476680214827,1.00514296449342,120.0
19173,1932.949056930492,1.00482833708176,120.0
19174,1932.9504458395008,1.00476191797088,120.0
19175,1932.9518347485105,1.00452690619278,120.0
19176,1932.9532236577525,1.00468351679043,120.0
19177,1932.9546125667616,1.00460405366154,120.0
19178,1932.9560014757717,1.00462922108151,120.0
19179,1932.9573903847815,1.00506464885896,120.0
19180,1932.9587792937907,1.00515289276404,120.0
19181,1932.9601682028,1.00418126313531,120.0
19182,1932.9615571118093,1.0048135176289,120.0
19183,1932.9629460208184,1.00458010806211,120.0
19184,1932.9643349298285,1.00480358223877,120.0
19185,1932.9657238388384,1.00356651349309,120.0
19186,1932.9671127478484,1.0049945050214,120.0
19187,1932.9685016568585,1.00450574715788,120.0
19188,1932.9698905658677,1.00396678145334,120.0
19189,1932.9712794748768,1.00453955334177,120.0
19190,1932.972668383886,1.00453708240943,120.0
19191,1932.9740572928952,1.00475836865545,120.0
19192,1932.9754462019043,1.00525241212616,120.0
19193,1932.976835110914,1.00471319233688,120.0
19194,1932.978224019924,1.00510319871515,120.0
19195,1932.9796129289336,1.00484312184592,120.0
19196,1932.9810018379433,1.00500670578197,120.0
19197,1932.982390746952,1.0055934380857,120.0
19198,1932.9837796559616,1.0058558068141,120.0
19199,1932.9851685649708,1.0050796026536,120.0
19200,1932.98655747398,1.00355874407944,120.0
19201,1932.98794638299,1.00529998329302,120.0
19202,1932.9893352920003,1.0042717779225,120.0
19203,1932.9907242010104,1.00526238531384,120.0
19204,1932.9921131100195,1.00499575839506,120.0
19205,1932.9935020190287,1.00411054403589,120.0
19206,1932.994890928038,1.00492813336688,120.0
19207,1932.9962798370475,1.00495636295731,120.0
19208,1932.997668745824,1.00511175255145,120.0
19209,1932.9990576548332,1.00443311609985,120.0
19210,1933.0004465638433,1.00428261116537,120.0
19211,1933.0018354728527,1.00421245850541,120.0
19212,1933.0032243818623,1.00475696590973,120.0
19213,1933.0046132908717,1.00422410709543,120.0
19214,1933.0060021998809,1.00391134436218,120.0
19215,1933.00739110889,1.00434177224564,120.0
19216,1933.0087800176664,1.00398866601441,120.0
19217,1933.0101689266764,1.00683640073011,120.0
19218,1933.0115578356863,1.0045362582686,120.0
19219,1933.012946744696,1.00506565732555,120.0
19220,1933.0143356537064,1.00538470439464,120.0
19221,1933.0157245627151,1.00582080068282,120.0
19222,1933.017113471492,1.00496544700825,120.0
19223,1933.018502380501,1.00402625428855,120.0
19224,1933.0198912895105,1.00490699263288,120.0
19225,1933.0212801985203,1.00485077922684,120.0
19226,1933.02266910753,1.00561252472284,120.0
19227,1933.0240580163068,1.00522235101657,120.0
19228,1933.025446925316,1.00600879757845,120.0
19229,1933.0268358343253,1.00511199723452,120.0
19230,1933.0282247433345,1.00491786239332,120.0
19231,1933.0296136523436,1.00572274928653,120.0
19232,1933.03100256112,1.00535623536933,120.0
19233,1933.03239147013,1.00556315200859,120.0
19234,1933.03378037914,1.00488604543467,120.0
19235,1933.0351692881493,1.00591614722711,120.0
19236,1933.0365581969263,1.00438696720395,120.0
19237,1933.0379471059364,1.00543608046558,120.0
19238,1933.0393360149455,1.0058355702968,120.0
19239,1933.040724923722,1.00615329111405,120.0
19240,1933.0421138327313,1.00553846023431,120.0
19241,1933.0435027417411,1.00451003292772,120.0
19242,1933.0448916507507,1.00446329868052,120.0
19243,1933.0462805595275,1.00550780635278,120.0
19244,1933.0476694685367,1.00519474228692,120.0
19245,1933.049058377546,1.00561517427625,120.0
19246,1933.0504472863224,1.00508519079329,120.0
19247,1933.0518361953316,1.0042466233742,120.0
19248,1933.0532251043408,1.00491668369126,120.0
19249,1933.054614013118,1.00541761334959,120.0
19250,1933.056002922128,1.00483097768533,120.0
19251,1933.0573918311372,1.00413602617816,120.0
19252,1933.0587807399136,1.00462332999916,120.0
19253,1933.0601696489227,1.00498091585655,120.0
19254,1933.0615585577,1.00504692052018,120.0
19255,1933.06294746671,1.0051050575551,120.0
19256,1933.0643363757192,1.00512966907723,120.0
19257,1933.0657252844965,1.00489871532861,120.0
19258,1933.0671141935063,1.00448606970297,120.0
19259,1933.0685031025153,1.00602450706379,120.0
19260,1933.069892011292,1.00565569893633,120.0
19261,1933.0712809203012,1.00476011721404,120.0
19262,1933.0726698290775,1.00550043795999,120.0
19263,1933.0740587380867,1.0059123313394,120.0
19264,1933.075447646864,1.00510572271053,120.0
19265,1933.076836555874,1.00554264331197,120.0
19266,1933.0782254648832,1.00521898422428,120.0
19267,1933.0796143736595,1.00485167503936,120.0
19268,1933.0810032826687,1.00530437533887,120.0
19269,1933.0823921914453,1.00549747633316,120.0
19270,1933.0837811004544,1.00504494928794,120.0
19271,1933.0851700092317,1.00564257652091,120.0
19272,1933.0865589182424,1.00458458530213,120.0
19273,1933.0879478270192,1.00514774304195,120.0
19274,1933.0893367360288,1.00631292359518,120.0
19275,1933.0907256448052,1.00570908977271,120.0
19276,1933.0921145538143,1.00567981415921,120.0
19277,1933.0935034625904,1.0054146923468,120.0
19278,1933.0948923716,1.00506813547449,120.0
19279,1933.0962812803764,1.00625332204166,120.0
19280,1933.0976701893865,1.00511357706619,120.0
19281,1933.0990590981633,1.00464253443673,120.0
19282,1933.1004480071729,1.00540928526723,120.0
19283,1933.1018369159488,1.00556498655622,120.0
19284,1933.1032258247255,1.0063396107033,120.0
19285,1933.1046147337347,1.00623564055735,120.0
19286,1933.1060036425113,1.00508326611571,120.0
19287,1933.1073925515204,1.0056448238829,120.0
19288,1933.1087814602977,1.00507779220008,120.0
19289,1933.110170369308,1.00590633673184,120.0
19290,1933.1115592780857,1.00505721712486,120.0
19291,1933.1129481868616,1.00574395022364,120.0
19292,1933.1143370958707,1.00538883633683,120.0
19293,1933.1157260046473,1.00579733643814,120.0
19294,1933.117114913657,1.00620376629223,120.0
19295,1933.1185038224328,1.00481191505161,120.0
19296,1933.11989273121,1.00537508503408,120.0
19297,1933.12128164022,1.00513764463387,120.0
19298,1933.1226705489964,1.00551879733218,120.0
19299,1933.1240594577728,1.00558084559104,120.0
19300,1933.125448366782,1.00633778444252,120.0
19301,1933.1268372755587,1.00564369734656,120.0
19302,1933.1282261843353,1.00564289530204,120.0
19303,1933.1296150933451,1.00589403901526,120.0
19304,1933.131004002122,1.00542280567195,120.0
19305,1933.1323929108985,1.00586068538357,120.0
19306,1933.1337818199083,1.00574311330988,120.0
19307,1933.1351707286856,1.00585116090973,120.0
19308,1933.136559637462,1.00565312346273,120.0
19309,1933.1379485464713,1.00525586372718,120.0
19310,1933.1393374552476,1.00678650096607,120.0
19311,1933.1407263640249,1.00545962917612,120.0
19312,1933.1421152730347,1.00480896778869,120.0
19313,1933.1435041818113,1.00551493680194,120.0
19314,1933.1448930905872,1.00624142286767,120.0
19315,1933.146281999364,1.00603726371461,120.0
19316,1933.1476709083731,1.00516905690216,120.0
19317,1933.1490598171497,1.0061741506535,120.0
19318,1933.150448725926,1.00543055458856,120.0
19319,1933.1518376347033,1.00665459158961,120.0
19320,1933.15322654348,1.00566256414513,120.0
19321,1933.1546154524897,1.00601923381015,120.0
19322,1933.156004361266,1.00619071693918,120.0
19323,1933.1573932700423,1.00629669618366,120.0
19324,1933.1587821788196,1.00595860935633,120.0
19325,1933.1601710878297,1.00533169818805,120.0
19326,1933.161559996606,1.00578333350943,120.0
19327,1933.1629489053832,1.00611988394694,120.0
19328,1933.16433781416,1.00653278648653,120.0
19329,1933.1657267229364,1.00542029690356,120.0
19330,1933.1671156317127,1.00650496660007,120.0
19331,1933.168504540722,1.00584259301151,120.0
19332,1933.1698934494984,1.0054329757983,120.0
19333,1933.1712823582748,1.00590463643391,120.0
19334,1933.172671267051,1.00684548434123,120.0
19335,1933.1740601758283,1.00559193760568,120.0
19336,1933.1754490846056,1.00508652455295,120.0
19337,1933.176837993382,1.00638023511124,120.0
19338,1933.178226902391,1.00672252944872,120.0
19339,1933.1796158111677,1.0064102103474,120.0
19340,1933.181004719944,1.00628610145209,120.0
19341,1933.1823936287203,1.00580576672565,120.0
19342,1933.1837825374976,1.00611543750417,120.0
19343,1933.1851714462753,1.00566871200765,120.0
19344,1933.1865603550525,1.00630002392922,120.0
19345,1933.1879492638288,1.00712661206252,120.0
19346,1933.1893381726056,1.00678624259813,120.0
19347,1933.190727081382,1.00588960830257,120.0
19348,1933.1921159901583,1.00777088410133,120.0
19349,1933.1935048989344,1.00618448971302,120.0
19350,1933.194893807712,1.00629482972164,120.0
19351,1933.196282716489,1.00668672441531,120.0
19352,1933.1976716254983,1.0059882051309,120.0
19353,1933.1990605342744,1.00643556489299,120.0
19354,1933.2004494430507,1.00600080641314,120.0
19355,1933.2018383518273,1.00650414318183,120.0
19356,1933.203227260604,1.00583349042871,120.0
19357,1933.2046161693804,1.00589124400053,120.0
19358,1933.2060050781577,1.0056736160871,120.0
19359,1933.2073939869344,1.00624328625417,120.0
19360,1933.2087828957117,1.00564551722582,120.0
19361,1933.2101718044887,1.00617460243811,120.0
19362,1933.2115607130324,1.00649479688628,120.0
19363,1933.2129496218088,1.0051920831058,120.0
19364,1933.214338530585,1.00555206809961,120.0
19365,1933.2157274393617,1.0061933814218,120.0
19366,1933.2171163481385,1.00639628089168,120.0
19367,1933.2185052569157,1.00645347803537,120.0
19368,1933.219894165692,1.00581343683427,120.0
19369,1933.2212830744688,1.00649117316908,120.0
19370,1933.2226719832447,1.00541348557445,120.0
19371,1933.2240608920215,1.00638238598917,120.0
19372,1933.2254498007976,1.0064562631533,120.0
19373,1933.2268387095744,1.00565176294991,120.0
19374,1933.2282276183512,1.00601678856543,120.0
19375,1933.2296165271284,1.0059109750545,120.0
19376,1933.231005435672,1.00748297647301,120.0
19377,1933.2323943444492,1.00649359386724,120.0
19378,1933.2337832532264,1.00611543865527,120.0
19379,1933.2351721620028,1.0055313966322,120.0
19380,1933.236561070779,1.0060801791685,120.0
19381,1933.2379499795557,1.00653571350018,120.0
19382,1933.239338888333,1.00602140864899,120.0
19383,1933.2407277968769,1.0067612887477,120.0
19384,1933.2421167056536,1.00606341661007,120.0
19385,1933.2435056144295,1.00671417018866,120.0
19386,1933.244894523206,1.00684944634186,120.0
19387,1933.2462834319824,1.00564547660611,120.0
19388,1933.2476723407592,1.00585944698698,120.0
19389,1933.2490612493032,1.00613136599359,120.0
19390,1933.2504501580804,1.00565154177042,120.0
19391,1933.2532279756333,1.00660736707056,120.0
19392,1933.2546168844096,1.00665613467631,120.0
19393,1933.2560057929531,1.0070704482658,120.0
19394,1933.2573947017304,1.00562859038931,120.0
19395,1933.2587836105072,1.00594484471493,120.0
19396,1933.2601725192849,1.00687454133419,120.0
19397,1933.2615614278288,1.00634012454728,120.0
19398,1933.2629503366056,1.0057492825776,120.0
19399,1933.2643392453815,1.00623958297448,120.0
19400,1933.265728154158,1.00636581409807,120.0
19401,1933.2671170627016,1.0065904480542,120.0
19402,1933.268505971478,1.00692678724838,120.0
19403,1933.2698948802547,1.00651366298197,120.0
19404,1933.2712837887989,1.00658452912872,120.0
19405,1933.272672697576,1.00841404274016,120.0
19406,1933.2740616063525,1.00753013220632,120.0
19407,1933.275450514896,1.00675365799641,120.0
19408,1933.2768394236723,1.00702250750278,120.0
19409,1933.2782283324489,1.00638331447126,120.0
19410,1933.2796172409924,1.00614336056148,120.0
19411,1933.2810061497687,1.0063806488328,120.0
19412,1933.2823950585464,1.00616188487717,120.0
19413,1933.2837839670915,1.00617713768154,120.0
19414,1933.285172875868,1.00600854861272,120.0
19415,1933.2865617846444,1.00632086619158,120.0
19416,1933.287950693188,1.00656922256153,120.0
19417,1933.2893396019645,1.00616162170292,120.0
19418,1933.2907285107408,1.00704433994946,120.0
19419,1933.2921174192843,1.00708823722489,120.0
19420,1933.2935063280615,1.00581093454543,120.0
19421,1933.2948952366055,1.00630823512038,120.0
19422,1933.2962841453823,1.00700785918549,120.0
19423,1933.2976730541588,1.00700168045008,120.0
19424,1933.2990619627024,1.00600518917716,120.0
19425,1933.3004508714785,1.00588735703982,120.0
19426,1933.301839780022,1.00727917055545,120.0
19427,1933.3032286887988,1.00699119052852,120.0
19428,1933.3046175973427,1.00621695408854,120.0
19429,1933.30600650612,1.00674152537208,120.0
19430,1933.3073954148972,1.00584872296216,120.0
19431,1933.3087843234412,1.00585864944577,120.0
19432,1933.310173232218,1.00635503476203,120.0
19433,1933.3115621407617,1.00633161818115,120.0
19434,1933.312951049538,1.00715549945003,120.0
19435,1933.3143399580824,1.00545812820503,120.0
19436,1933.3157288668592,1.00748425650864,120.0
19437,1933.3171177754027,1.00697388138144,120.0
19438,1933.3185066841793,1.00663957237502,120.0
19439,1933.3198955927232,1.00643998246925,120.0
19440,1933.3212845014991,1.00653344234873,120.0
19441,1933.3226734100429,1.00724395075457,120.0
19442,1933.3240623188192,1.00651392757037,120.0
19443,1933.3254512273636,1.00607833314589,120.0
19444,1933.3268401361408,1.00566600311671,120.0
19445,1933.3282290446843,1.00891142588961,120.0
19446,1933.329617953228,1.00643165204435,120.0
19447,1933.3310068620044,1.00614705711374,120.0
19448,1933.3323957705488,1.00684252233999,120.0
19449,1933.3337846793256,1.00706625844243,120.0
19450,1933.3351735878691,1.00647176379028,120.0
19451,1933.3365624966464,1.00661757394766,120.0
19452,1933.3379514051908,1.00746059025185,120.0
19453,1933.3393403137345,1.00677026100322,120.0
19454,1933.3407292225108,1.0062561273638,120.0
19455,1933.3421181310543,1.00689044711925,120.0
19456,1933.3435070398305,1.00621244206463,120.0
19457,1933.344895948374,1.00667741849843,120.0
19458,1933.346284856918,1.00652841481807,120.0
19459,1933.3476737656947,1.00651564253278,120.0
19460,1933.3490626742391,1.00707338346969,120.0
19461,1933.3504515827829,1.00676509016045,120.0
19462,1933.3518404915592,1.00551407055161,120.0
19463,1933.3532294001027,1.00638074835747,120.0
19464,1933.3546183086464,1.00713248067009,120.0
19465,1933.3560072174228,1.00658592786604,120.0
19466,1933.3573961259672,1.00711279031049,120.0
19467,1933.358785034512,1.00662452778753,120.0
19468,1933.3601739432893,1.00596654894894,120.0
19469,1933.3629517603763,1.0070208127156,120.0
19470,1933.36434066892,1.00592883326075,120.0
19471,1933.3657295776964,1.00665670078252,120.0
19472,1933.36711848624,1.00741280390389,120.0
19473,1933.368507394784,1.0075873207318,120.0
19474,1933.3698963035615,1.00657777030806,120.0
19475,1933.3712852121048,1.00664486995889,120.0
19476,1933.3726741206483,1.00672637583684,120.0
19477,1933.374063029192,1.00675290261937,120.0
19478,1933.3754519379684,1.00698589006451,120.0
19479,1933.3768408465123,1.0064513110777,120.0
19480,1933.378229755056,1.00707147096111,120.0
19481,1933.3796186636,1.00663360341258,120.0
19482,1933.3810075721444,1.00641196916118,120.0
19483,1933.3823964809217,1.00717017684234,120.0
19484,1933.3837853894656,1.00706336150156,120.0
19485,1933.3851742980091,1.00645294768704,120.0
19486,1933.3865632065529,1.00766690568425,120.0
19487,1933.3879521150968,1.00644880735446,120.0
19488,1933.3893410238727,1.00730185963197,120.0
19489,1933.3907299324171,1.0069134957402,120.0
19490,1933.3921188409615,1.00635966338051,120.0
19491,1933.3935077495048,1.00712523554292,120.0
19492,1933.3948966580483,1.00665865592504,120.0
19493,1933.396285566592,1.00653939542166,120.0
19494,1933.3976744753688,1.00748362904685,120.0
19495,1933.3990633839123,1.00736455452695,120.0
19496,1933.400452292456,1.00660098972687,120.0
19497,1933.401841201,1.00707225458993,120.0
19498,1933.4032301095444,1.00675379330779,120.0
19499,1933.404619018088,1.00732641329144,120.0
19500,1933.4060079266317,1.00656691660407,120.0
19501,1933.407396835176,1.00545172811803,120.0
19502,1933.40878574372,1.00744306195465,120.0
19503,1933.4101746524968,1.00733192653885,120.0
19504,1933.41156356104,1.00701982561915,120.0
19505,1933.4129524695843,1.00653150880385,120.0
19506,1933.4143413781287,1.00657447036352,120.0
19507,1933.415730286672,1.00747737591164,120.0
19508,1933.417119195216,1.00655093837088,120.0
19509,1933.4185081037592,1.00792093781413,120.0
19510,1933.4212859208465,1.00728372600103,120.0
19511,1933.42267482939,1.00648210265495,120.0
19512,1933.4240637379344,1.00619818684231,120.0
19513,1933.4254526464788,1.0068803095744,120.0
19514,1933.4268415550223,1.00683923468346,120.0
19515,1933.428230463566,1.00663075861445,120.0
19516,1933.4296193721095,1.00607877513019,120.0
19517,1933.4310082806533,1.00710589269577,120.0
19518,1933.4323971891968,1.00641858191768,120.0
19519,1933.4337860977416,1.00610289929052,120.0
19520,1933.4351750062867,1.00635912119375,120.0
19521,1933.4365639148305,1.00693091416105,120.0
19522,1933.437952823374,1.00683075402762,120.0
19523,1933.4393417319177,1.00718093809612,120.0
19524,1933.4407306404612,1.00707075403852,120.0
19525,1933.4421195490047,1.00672484661165,120.0
19526,1933.443508457548,1.00715753188208,120.0
19527,1933.4448973660928,1.00656769983197,120.0
19528,1933.446286274404,1.00724421232458,120.0
19529,1933.4476751829477,1.00674491214285,120.0
19530,1933.4490640914912,1.00644777739848,120.0
19531,1933.4504530000347,1.0061109524195,120.0
19532,1933.4518419085784,1.0067818664167,120.0
19533,1933.453230817122,1.00604672211474,120.0
19534,1933.4546197256657,1.00622887413898,120.0
19535,1933.4560086342096,1.00646143111543,120.0
19536,1933.457397542754,1.00770721797539,120.0
19537,1933.4587864510656,1.0069917515075,120.0
19538,1933.4601753596096,1.00733455733701,120.0
19539,1933.4615642681536,1.0067514646435,120.0
19540,1933.4629531766968,1.00698598640361,120.0
19541,1933.4643420852403,1.00700669548815,120.0
19542,1933.465730993784,1.00670348509828,120.0
19543,1933.4671199020956,1.00627360425297,120.0
19544,1933.46850881064,1.00639651113294,120.0
19545,1933.4698977191836,1.00705993149142,120.0
19546,1933.4712866277273,1.00710127838179,120.0
19547,1933.4726755362703,1.00672221220687,120.0
19548,1933.4740644448143,1.00717200308523,120.0
19549,1933.4754533531247,1.00607970005697,120.0
19550,1933.4768422616687,1.00701501716261,120.0
19551,1933.478231170213,1.00757567563489,120.0
19552,1933.4796200787569,1.00703747667666,120.0
19553,1933.481008987068,1.00733790125603,120.0
19554,1933.4823978956113,1.00593310826162,120.0
19555,1933.4837868041557,1.00648303455739,120.0
19556,1933.4851757127,1.00644838827029,120.0
19557,1933.4865646210108,1.00758320050763,120.0
19558,1933.4879535295552,1.00695006600559,120.0
19559,1933.4893424380991,1.00666073572467,120.0
19560,1933.490731346643,1.00606955521356,120.0
19561,1933.4921202549535,1.00555899249033,120.0
19562,1933.4935091634973,1.00637553952697,120.0
19563,1933.4948980720408,1.00604253648374,120.0
19564,1933.4962869803517,1.00613307507487,120.0
19565,1933.4976758888952,1.0065013528308,120.0
19566,1933.4990647974396,1.00716529954848,120.0
19567,1933.5004537057507,1.00640388841571,120.0
19568,1933.503231522838,1.00734382530425,120.0
19569,1933.5046204311489,1.00608982934419,120.0
19570,1933.5060093396924,1.00681167938135,120.0
19571,1933.507398248236,1.00649122783548,120.0
19572,1933.5087871565477,1.00671415430895,120.0
19573,1933.5115649736367,1.00635857343802,120.0
19574,1933.5129538819476,1.00610345631295,120.0
19575,1933.5143427904911,1.00694932185041,120.0
19576,1933.5157316988016,1.00797001931296,120.0
19577,1933.5171206073455,1.00601297774201,120.0
19578,1933.5185095158888,1.00676660179356,120.0
19579,1933.5198984242,1.00668105042758,120.0
19580,1933.521287332744,1.00597024862836,120.0
19581,1933.5226762410553,1.00591365808788,120.0
19582,1933.5240651495992,1.00676149833166,120.0
19583,1933.5254540579097,1.00622023011829,120.0
19584,1933.5268429664536,1.00671467315745,120.0
19585,1933.5282318749971,1.00691381271571,120.0
19586,1933.5296207833076,1.00663676047577,120.0
19587,1933.5310096918513,1.00703203470234,120.0
19588,1933.5323986001629,1.00675645046335,120.0
19589,1933.5337875087073,1.00617393091358,120.0
19590,1933.5365653255628,1.00656148939333,120.0
19591,1933.5379542338735,1.00645160844499,120.0
19592,1933.5393431424172,1.00778198411049,120.0
19593,1933.540732050728,1.00718757256408,120.0
19594,1933.5435098675832,1.00653277985445,120.0
19595,1933.5448987761272,1.00767635492441,120.0
19596,1933.546287684438,1.00626211495755,120.0
19597,1933.5476765929816,1.00703823063452,120.0
19598,1933.5490655012925,1.00713377228533,120.0
19599,1933.5504544096032,1.0071948062649,120.0
19600,1933.5518433181464,1.00568969949495,120.0
19601,1933.5532322264585,1.00742110547957,120.0
19602,1933.5546211350024,1.00683961580719,120.0
19603,1933.556010043313,1.00710274193531,120.0
19604,1933.5573989518568,1.00680179204428,120.0
19605,1933.5587878601675,1.00680654722678,120.0
19606,1933.560176768479,1.0064762362543,120.0
19607,1933.5615656770233,1.00705489175085,120.0
19608,1933.562954585334,1.00622814229774,120.0
19609,1933.5643434936455,1.00696202772618,120.0
19610,1933.5657324021895,1.00494447468679,120.0
19611,1933.5671213105009,1.00631826503231,120.0
19612,1933.568510219044,1.00716682903744,120.0
19613,1933.5698991273553,1.00544093473819,120.0
19614,1933.5712880356657,1.00669658806711,120.0
19615,1933.5726769442092,1.00615552860288,120.0
19616,1933.57406585252,1.00645216759184,120.0
19617,1933.5754547608312,1.00691859791551,120.0
19618,1933.576843669376,1.00698455915774,120.0
19619,1933.5782325776863,1.00684508998248,120.0
19620,1933.5796214859972,1.00698990792758,120.0
19621,1933.5810103945407,1.00787817482152,120.0
19622,1933.5823993028516,1.00619526995644,120.0
19623,1933.5837882111623,1.00636459787551,120.0
19624,1933.5851771194732,1.00746697120241,120.0
19625,1933.586566028018,1.00589086527814,120.0
19626,1933.5879549363303,1.00758886587528,120.0
19627,1933.5893438446408,1.00668773626588,120.0
19628,1933.5921216614952,1.00706394823327,120.0
19629,1933.593510569806,1.00701325820191,120.0
19630,1933.5948994781168,1.00641064766271,120.0
19631,1933.5962883864277,1.00676467498806,120.0
19632,1933.597677294972,1.00660206128374,120.0
19633,1933.5990662032832,1.00681760894735,120.0
19634,1933.600455111594,1.0055126346602,120.0
19635,1933.6018440199048,1.00698223280143,120.0
19636,1933.6032329284485,1.0058243334339,120.0
19637,1933.60601074507,1.00630689445408,120.0
19638,1933.6073996533817,1.00641052450444,120.0
19639,1933.6087885616928,1.00589341394527,120.0
19640,1933.6101774700037,1.00721847049362,120.0
19641,1933.611566378548,1.00598474093323,120.0
19642,1933.6129552868592,1.00629424101006,120.0
19643,1933.61434419517,1.00684205348604,120.0
19644,1933.6157331034808,1.00689673136149,120.0
19645,1933.6171220117917,1.00652937632214,120.0
19646,1933.6185109201033,1.00593975306333,120.0
19647,1933.6198998286472,1.00633643169662,120.0
19648,1933.621288736958,1.00624169777975,120.0
19649,1933.6226776452688,1.00690172329716,120.0
19650,1933.6240665535795,1.00591346701076,120.0
19651,1933.6254554618904,1.00686602674598,120.0
19652,1933.6268443702013,1.00582408379651,120.0
19653,1933.628233278512,1.00642683049936,120.0
19654,1933.6296221868236,1.00635191633984,120.0
19655,1933.631011095135,1.00573163048114,120.0
19656,1933.6324000034456,1.00657489560241,120.0
19657,1933.6337889117565,1.00625356334855,120.0
19658,1933.6351778200672,1.00579813812753,120.0
19659,1933.6365667286104,1.00646987108783,120.0
19660,1933.6379556369225,1.00654480685959,120.0
19661,1933.6393445452336,1.00617182595966,120.0
19662,1933.6407334535447,1.0067109113665,120.0
19663,1933.6421223618563,1.00770284477511,120.0
19664,1933.6435112701672,1.00682470879964,120.0
19665,1933.6449001784777,1.0060842452704,120.0
19666,1933.6476779950997,1.00597231008435,120.0
19667,1933.6490669034104,1.00627722506116,120.0
19668,1933.6504558117208,1.0063047299588,120.0
19669,1933.6518447200328,1.00666499529767,120.0
19670,1933.653233628344,1.00593016995348,120.0
19671,1933.6546225366549,1.00667855200657,120.0
19672,1933.6560114449655,1.00598038685899,120.0
19673,1933.6574003530432,1.00708551682889,120.0
19674,1933.658789261354,1.00607890815448,120.0
19675,1933.6601781696647,1.00627023443059,120.0
19676,1933.6615670779763,1.0071690466234,120.0
19677,1933.6629559862884,1.0064628760974,120.0
19678,1933.6671227112215,1.0063571502252,120.0
19679,1933.668511619532,1.00603689788252,120.0
19680,1933.6699005278433,1.00673431691131,120.0
19681,1933.6712894361535,1.00667143678389,120.0
19682,1933.672678344465,1.00659912476643,120.0
19683,1933.674067252544,1.00592585410379,120.0
19684,1933.6754561608543,1.00646384000319,120.0
19685,1933.6768450691657,1.00607558307154,120.0
19686,1933.678233977476,1.00587653466367,120.0
19687,1933.6796228857868,1.00649664852473,120.0
19688,1933.6810117940977,1.00628897202995,120.0
19689,1933.6824007024084,1.0070747910916,120.0
19690,1933.6837896104869,1.00646159834638,120.0
19691,1933.6851785187985,1.00612521948487,120.0
19692,1933.6865674271091,1.0068023020034,120.0
19693,1933.68795633542,1.00676081327326,120.0
19694,1933.6893452437312,1.00610686311492,120.0
19695,1933.69073415181,1.006159539299,120.0
19696,1933.6935119684313,1.00659017807938,120.0
19697,1933.6949008767433,1.00730801042162,120.0
19698,1933.6962897850544,1.0060838727476,120.0
19699,1933.6976786931325,1.00629770869702,120.0
19700,1933.6990676014432,1.00646508507966,120.0
19701,1933.7004565097536,1.00617670674976,120.0
19702,1933.7018454180643,1.00542310072018,120.0
19703,1933.7046232344533,1.00625710900508,120.0
19704,1933.7060121427648,1.00671386031701,120.0
19705,1933.7074010508431,1.00686407535786,120.0
19706,1933.708789959154,1.00627761005637,120.0
19707,1933.7101788674647,1.0064313542819,120.0
19708,1933.7115677757756,1.00692294021401,120.0
19709,1933.7129566838537,1.00628593498555,120.0
19710,1933.7143455921644,1.00601118659367,120.0
19711,1933.7171234085552,1.00609425782555,120.0
19712,1933.7185123168665,1.00618446291562,120.0
19713,1933.7199012251776,1.00686346662972,120.0
19714,1933.7212901332553,1.0061514217138,120.0
19715,1933.722679041566,1.00664729400077,120.0
19716,1933.7240679498768,1.00456699038902,120.0
19717,1933.7254568579544,1.00676812565946,120.0
19718,1933.726845766266,1.00628262873547,120.0
19719,1933.7282346743448,1.00786553640665,120.0
19720,1933.7296235826552,1.00654179003218,120.0
19721,1933.7310124909664,1.00787594486619,120.0
19722,1933.732401399044,1.00663073913211,120.0
19723,1933.733790307355,1.00586558167407,120.0
19724,1933.7351792156655,1.00601691926236,120.0
19725,1933.7365681237436,1.00500069449213,120.0
19726,1933.7379570320552,1.00600892750864,120.0
19727,1933.7393459401335,1.00616776921878,120.0
19728,1933.7407348484448,1.00691698741703,120.0
19729,1933.742123756524,1.00576208120482,120.0
19730,1933.7449015729123,1.0061625112639,120.0
19731,1933.7462904812232,1.00656229860269,120.0
19732,1933.747679389534,1.0055525510154,120.0
19733,1933.750457205924,1.00620081342136,120.0
19734,1933.7518461140016,1.0063368026464,120.0
19735,1933.7532350223128,1.00682612072844,120.0
19736,1933.7546239303904,1.00592203664649,120.0
19737,1933.7560128387015,1.00654162218283,120.0
19738,1933.7574017467791,1.00690224732321,120.0
19739,1933.75879065509,1.00653937691628,120.0
19740,1933.76156847148,1.00793739563042,120.0
19741,1933.7629573795584,1.00665957841519,120.0
19742,1933.764346287636,1.00607568636404,120.0
19743,1933.7657351959467,1.00623030584506,120.0
19744,1933.7671241040257,1.00569915565093,120.0
19745,1933.7685130123368,1.00631175640704,120.0
19746,1933.769901920415,1.00614354751028,120.0
19747,1933.7712908287265,1.00601385144154,120.0
19748,1933.7726797368048,1.00625025597592,120.0
19749,1933.7740686448828,1.00575302424391,120.0
19750,1933.7754575531935,1.0069803149445,120.0
19751,1933.7768464612716,1.00732347444111,120.0
19752,1933.7782353695825,1.00669659330033,120.0
19753,1933.77962427766,1.00600278415589,120.0
19754,1933.7810131857389,1.00685714093876,120.0
19755,1933.783791002128,1.00575743568536,120.0
19756,1933.7879577265944,1.00572923352893,120.0
19757,1933.792124451062,1.00559679882437,120.0
19758,1933.7935133591411,1.00590797777084,120.0
19759,1933.7949022674527,1.00605747812831,120.0
19760,1933.7962911755308,1.00621342617912,120.0
19761,1933.7976800836088,1.00631707079651,120.0
19762,1933.7990689919195,1.0067290858501,120.0
19763,1933.8004578999971,1.00515327613763,120.0
19764,1933.8018468080752,1.00586183944042,120.0
19765,1933.8032357163868,1.00658797505266,120.0
19766,1933.8060135325431,1.00602520906858,120.0
19767,1933.8074024406212,1.00595024694756,120.0
19768,1933.808791348932,1.00595919250934,120.0
19769,1933.81018025701,1.0063611729713,120.0
19770,1933.8143469812444,1.00538580116433,120.0
19771,1933.8157358895555,1.00598401479711,120.0
19772,1933.8185137057117,1.00561547670215,120.0
19773,1933.81990261379,1.00569495499752,120.0
19774,1933.8226804301796,1.00582350541087,120.0
19775,1933.8282360624928,1.00557200970122,120.0
19776,1933.831013878881,1.00562814365443,120.0
19777,1933.8324027869592,1.00665440227078,120.0
19778,1933.8337916950377,1.00558277598594,120.0
19779,1933.8351806031153,1.00564996457554,120.0
19780,1933.8365695111936,1.006044999639,120.0
19781,1933.8379584192724,1.00614429937523,120.0
19782,1933.8393473273504,1.00606352463766,120.0
19783,1933.8407362354285,1.00534540119137,120.0
19784,1933.8421251437392,1.00488013338477,120.0
19785,1933.8490696841316,1.00588484888764,120.0
19786,1933.8504585922096,1.00620216416305,120.0
19787,1933.8518475002872,1.00610454425065,120.0
19788,1933.8546253164432,1.0057836792136,120.0
19789,1933.8560142245212,1.00653791995502,120.0
19790,1933.8574031325995,1.00613358648371,120.0
19791,1933.8587920406785,1.00535189622548,120.0
19792,1933.8601809487564,1.00591906180098,120.0
19793,1933.861569856834,1.00552208273077,120.0
19794,1933.862958764912,1.00632135610015,120.0
19795,1933.86434767299,1.00610990788125,120.0
19796,1933.865736581068,1.00598923774177,120.0
19797,1933.867125489146,1.00525700737056,120.0
19798,1933.8685143972243,1.00612354880594,120.0
19799,1933.87268112146,1.00501475170993,120.0
19800,1933.8740700295384,1.00578050338998,120.0
19801,1933.875458937616,1.0056299346019,120.0
19802,1933.8768478456943,1.00570547297243,120.0
19803,1933.8796256618507,1.00559997041133,120.0
19804,1933.8810145696968,1.00537730440677,120.0
19805,1933.8837923858523,1.00623911852106,120.0
19806,1933.8851812939304,1.00576557899322,120.0
19807,1933.886570202008,1.00507785558089,120.0
19808,1933.887959110086,1.00750292650497,120.0
19809,1933.8907369262424,1.00528734949254,120.0
19810,1933.8921258340883,1.00543078587434,120.0
19811,1933.8935147421664,1.0058883717021,120.0
19812,1933.894903650244,1.0059738196921,120.0
19813,1933.8962925583223,1.00567260769486,120.0
19814,1933.8976814664,1.00478587757562,120.0
19815,1933.8990703744787,1.00585663439391,120.0
19816,1933.9004592823253,1.00509638302991,120.0
19817,1933.901848190404,1.00584186696406,120.0
19818,1933.903237098482,1.00550005736243,120.0
19819,1933.9046260065595,1.00473184876728,120.0
19820,1933.9060149146376,1.00511838726417,120.0
19821,1933.9074038224828,1.00474620848323,120.0
19822,1933.908792730561,1.00580452374119,120.0
19823,1933.9115705467173,1.00557113693394,120.0
19824,1933.9129594545632,1.00444404891351,120.0
19825,1933.9143483626408,1.0062133321848,120.0
19826,1933.9157372707189,1.00635769544941,120.0
19827,1933.918515086642,1.00513368167863,120.0
19828,1933.91990399472,1.00519958018328,120.0
19829,1933.9212929027976,1.00607653944094,120.0
19830,1933.9226818108768,1.00522520084884,120.0
19831,1933.9268485348796,1.0051276200401,120.0
19832,1933.93101525888,1.00476709177627,120.0
19833,1933.933793074804,1.00479197491675,120.0
19834,1933.9351819828828,1.00593274159376,120.0
19835,1933.936570890728,1.00573300295402,120.0
19836,1933.9379597988057,1.00554598388497,120.0
19837,1933.9393487068835,1.00562384709388,120.0
19838,1933.9407376147287,1.00454097399256,120.0
19839,1933.9421265228068,1.0051879795254,120.0
19840,1933.9449043387303,1.00536405618035,120.0
19841,1933.9462932468089,1.00438612974789,120.0
19842,1933.949071062732,1.00528559996075,120.0
19843,1933.9504599705772,1.00518670192023,120.0
19844,1933.9532377867336,1.00528205547979,120.0
19845,1933.956015602658,1.00527034360273,120.0
19846,1933.957404510504,1.00535608017352,120.0
19847,1933.9587934185815,1.00401404442898,120.0
19848,1933.9601823264272,1.0044892126994,120.0
19849,1933.9615712345048,1.00588122574115,120.0
19850,1933.96296014235,1.00549361145598,120.0
19851,1933.964349050428,1.00587015107976,120.0
19852,1933.9657379582736,1.00569722493719,120.0
19853,1933.9685157741972,1.00602145027391,120.0
19854,1933.9699046822752,1.00482545218982,120.0
19855,1933.9712935901205,1.0060938296526,120.0
19856,1933.9726824981983,1.00589812270812,120.0
19857,1933.974071406043,1.00478539044537,120.0
19858,1933.9754603141212,1.00627035001627,120.0
19859,1933.9782381300456,1.00491678651107,120.0
19860,1933.9796270378915,1.00571392726446,120.0
19861,1933.9824048538153,1.00512324138059,120.0
19862,1933.9865715775832,1.00584608911099,120.0
19863,1933.9907383013528,1.00611663134684,120.0
19864,1933.993516117276,1.00553074867502,120.0
19865,1933.9949050251207,1.00592888276486,120.0
19866,1933.997682841044,1.00563631380726,120.0
19867,1933.9990717488895,1.00614552405545,120.0
19868,1934.0004606569685,1.00490126558936,120.0
19869,1934.0018495648137,1.00484341776346,120.0
19870,1934.0032384728916,1.00506215738518,120.0
19871,1934.0060162885825,1.00494020239765,120.0
19872,1934.008794104506,1.0048768155209,120.0
19873,1934.010183012352,1.0048869238655,120.0
19874,1934.0115719201976,1.00441341243793,120.0
19875,1934.0129608282757,1.00469365139276,120.0
19876,1934.0143497361207,1.00496207083792,120.0
19877,1934.0157386439655,1.00535767538037,120.0
19878,1934.0171275518107,1.00431074050577,120.0
19879,1934.0185164598888,1.00588803603539,120.0
19880,1934.0199053677345,1.00620146309137,120.0
19881,1934.0212942755804,1.00459161792616,120.0
19882,1934.0226831834257,1.00450439246541,120.0
19883,1934.0254609993483,1.00528953608063,120.0
19884,1934.0268499071935,1.00550937640725,120.0
19885,1934.0282388150388,1.00576275467022,120.0
19886,1934.0296277228836,1.00434262134095,120.0
19887,1934.0310166309623,1.00525533301681,120.0
19888,1934.0379611704227,1.00349557934821,120.0
19889,1934.039350078268,1.00598897961076,120.0
19890,1934.0407389861132,1.00484038617498,120.0
19891,1934.0435168018043,1.00470074697386,120.0
19892,1934.0449057096496,1.0060734510856,120.0
19893,1934.0462946174948,1.00515761343527,120.0
19894,1934.04768352534,1.00504021562573,120.0
19895,1934.049072433418,1.00412197546468,120.0
19896,1934.0504613412627,1.00561273030455,120.0
19897,1934.0546280647995,1.0040361248149,120.0
19898,1934.0560169726448,1.00476918055946,120.0
19899,1934.0574058804896,1.00528768332633,120.0
19900,1934.0587947883348,1.00513015451978,120.0
19901,1934.0615726040264,1.00520567717258,120.0
19902,1934.0629615118717,1.00520580408266,120.0
19903,1934.0643504197171,1.00542736484946,120.0
19904,1934.0657393275633,1.00485323866677,120.0
19905,1934.0685171432533,1.00448533587272,120.0
19906,1934.0699060510983,1.00522102689069,120.0
19907,1934.0712949589436,1.00497774491234,120.0
19908,1934.0726838667883,1.00516629148938,120.0
19909,1934.0740727746336,1.00399634517889,120.0
19910,1934.0768505903256,1.00382489082894,120.0
19911,1934.0782394981704,1.00428977920479,120.0
19912,1934.0810173138605,1.00379849515682,120.0
19913,1934.0824062217057,1.00452763928969,120.0
19914,1934.0837951295507,1.00500183120377,120.0
19915,1934.0851840373969,1.00431501082949,120.0
19916,1934.0865729452432,1.00419127622454,120.0
19917,1934.0879618530887,1.00387102600315,120.0
19918,1934.089350760934,1.00442575619363,120.0
19919,1934.0907396687792,1.00402212540994,120.0
19920,1934.092128576624,1.0051952389296,120.0
19921,1934.0935174844692,1.00407341734162,120.0
19922,1934.0949063920812,1.00531548710536,120.0
19923,1934.0962952999273,1.00285092729086,120.0
19924,1934.0976842077732,1.00552200023584,120.0
19925,1934.0990731156185,1.00495994808994,120.0
19926,1934.1004620234633,1.00413088049767,120.0
19927,1934.101850931308,1.00419514649432,120.0
19928,1934.1046287467657,1.00422334512546,120.0
19929,1934.1060176546107,1.00366625806164,120.0
19930,1934.1074065624568,1.00451195681283,120.0
19931,1934.1087954703023,1.00365244485388,120.0
19932,1934.1101843781476,1.00439779691251,120.0
19933,1934.1115732859923,1.006708596444,120.0
19934,1934.1143511014504,1.00328784958036,120.0
19935,1934.1157400092964,1.00418124333999,120.0
19936,1934.1171289171416,1.00270988720998,120.0
19937,1934.1185178249873,1.00308818919602,120.0
19938,1934.1199067326004,1.00423424343068,120.0
19939,1934.1212956404456,1.00552700696182,120.0
19940,1934.125462363748,1.00393027737294,120.0
19941,1934.128240179438,1.00390292015807,120.0
19942,1934.1296290870507,1.00409218390743,120.0
19943,1934.1310179948969,1.00405083798755,120.0
19944,1934.1324069027416,1.00437482477964,120.0
19945,1934.1337958105871,1.00438151788414,120.0
19946,1934.1365736260443,1.00370532382324,120.0
19947,1934.137962533889,1.00418539210744,120.0
19948,1934.1393514415024,1.00550593848894,120.0
19949,1934.1462959804971,1.00518222533145,120.0
19950,1934.1504627035672,1.00370704586817,120.0
19951,1934.1532405192584,1.0025518296078,120.0
19952,1934.157407242328,1.0038400053574,120.0
19953,1934.1587961501727,1.00366768209198,120.0
19954,1934.1601850580184,1.00401963504528,120.0
19955,1934.1615739656313,1.00447740631335,120.0
19956,1934.1629628734768,1.00419913058608,120.0
19957,1934.1643517810892,1.00342105971742,120.0
19958,1934.165740688934,1.00415164012997,120.0
19959,1934.1671295965464,1.00358772342258,120.0
19960,1934.1685185043923,1.00404397895162,120.0
19961,1934.1699074120052,1.00371460146568,120.0
19962,1934.1712963198504,1.00418240364118,120.0
19963,1934.1726852274633,1.00440675894162,120.0
19964,1934.1740741353092,1.00401131603143,120.0
19965,1934.1754630431544,1.00387453854067,120.0
19966,1934.1768519507664,1.00366308354976,120.0
19967,1934.179629766224,1.003585778429,120.0
19968,1934.1824075816812,1.00457258653786,120.0
19969,1934.1879632125972,1.0031129641117,120.0
19970,1934.1893521202096,1.00364543452264,120.0
19971,1934.1921299356673,1.00471610188295,120.0
19972,1934.1976855665844,1.00399274011067,120.0
19973,1934.1990744741968,1.00339443784176,120.0
19974,1934.2004633818087,1.0041954687078,120.0
19975,1934.2032411972664,1.00444459476724,120.0
19976,1934.2046301048792,1.00351294282393,120.0
19977,1934.2060190127252,1.00356875100399,120.0
19978,1934.2074079203371,1.00356688897539,120.0
19979,1934.2087968279495,1.00354844781307,120.0
19980,1934.2115746434067,1.00389364148336,120.0
19981,1934.2157413664777,1.0027634668506,120.0
19982,1934.2171302740903,1.00377489663239,120.0
19983,1934.2199080895475,1.00430709700643,120.0
19984,1934.22129699716,1.00422190541786,120.0
19985,1934.2226859050047,1.00390378156639,120.0
19986,1934.2296304433016,1.0034166137501,120.0
19987,1934.231019350914,1.00356538989359,120.0
19988,1934.2324082585264,1.00437749071194,120.0
19989,1934.2337971661389,1.00274297678377,120.0
19990,1934.235186073984,1.00323790276601,120.0
19991,1934.240741704434,1.00340170498996,120.0
19992,1934.2435195198916,1.00337524512014,120.0
19993,1934.2449084275036,1.00365597695109,120.0
19994,1934.2504640581872,1.00407661847611,120.0
19995,1934.2518529658,1.00413987368394,120.0
19996,1934.2560196886377,1.00444872313209,120.0
19997,1934.2587975038628,1.00333637908567,120.0
19998,1934.2629642267004,1.00394188475935,120.0
19999,1934.2643531345457,1.00386965967051,120.0
20000,1934.2671309497696,1.00361431743517,120.0
20001,1934.2685198573824,1.00263228729978,120.0
20002,1934.2699087649953,1.00338347112594,120.0
20003,1934.2726865802204,1.00353694811558,120.0
20004,1934.2740754878323,1.00421941838401,120.0
20005,1934.2782422106695,1.00438968154969,120.0
20006,1934.281020025896,1.00341285691649,120.0
20007,1934.2824089335088,1.0055212946663,120.0
20008,1934.2851867487336,1.00401949893916,120.0
20009,1934.2865756563456,1.0036728992115,120.0
20010,1934.2935201941757,1.0034292508134,120.0
20011,1934.294909101788,1.0037024708939,120.0
20012,1934.2962980094,1.00430707644565,120.0
20013,1934.3004647322368,1.0043137571567,120.0
20014,1934.3018536398492,1.00283167340472,120.0
20015,1934.3032425474623,1.00391345689728,120.0
20016,1934.3074092700676,1.00405060554459,120.0
20017,1934.3115759929049,1.003608414062,120.0
20018,1934.3129649005175,1.00311128250958,120.0
20019,1934.3143538078975,1.00274003973648,120.0
20020,1934.3157427155104,1.0028799645788,120.0
20021,1934.3199094383472,1.00365802388155,120.0
20022,1934.3212983457267,1.00293256261311,120.0
20023,1934.3226872533387,1.00347154750385,120.0
20024,1934.324076160952,1.00267123822635,120.0
20025,1934.3254650685649,1.00350482907268,120.0
20026,1934.3268539761773,1.00263659206024,120.0
20027,1934.3282428835569,1.00301695453728,120.0
20028,1934.3296317911688,1.00242459400564,120.0
20029,1934.3310206987808,1.0046483925649,120.0
20030,1934.3337985137728,1.00305643661075,120.0
20031,1934.3351874213863,1.00330945203305,120.0
20032,1934.3379652363792,1.00324646793424,120.0
20033,1934.339354143992,1.00400009224654,120.0
20034,1934.3421319592164,1.00428525621255,120.0
20035,1934.344909774208,1.00372617028647,120.0
20036,1934.3462986818208,1.00392752584199,120.0
20037,1934.3476875892009,1.00372925203624,120.0
20038,1934.3504654044257,1.00206997809989,120.0
20039,1934.3518543118048,1.00325929517515,120.0
20040,1934.3532432194177,1.00311576172349,120.0
20041,1934.3560210344092,1.00344619573174,120.0
20042,1934.357409942022,1.00328145819523,120.0
20043,1934.358798849402,1.00278745711603,120.0
20044,1934.3601877570145,1.00172833967204,120.0
20045,1934.3615766643936,1.00303904747958,120.0
20046,1934.3629655720067,1.00315815423714,120.0
20047,1934.36435447962,1.00303937674089,120.0
20048,1934.3657433869992,1.00288873469467,120.0
20049,1934.367132294611,1.0035024688729,120.0
20050,1934.3685212019916,1.00288471819897,120.0
20051,1934.3699101096047,1.00280515659396,120.0
20052,1934.371299016984,1.00220231546284,120.0
20053,1934.372687924596,1.00309714656449,120.0
20054,1934.375465739588,1.00168892458918,120.0
20055,1934.3810213695729,1.00310948615705,120.0
20056,1934.3837991845644,1.0024002646505,120.0
20057,1934.386576999556,1.00324064197486,120.0
20058,1934.3893548145488,1.00358329393924,120.0
20059,1934.3921326295424,1.00264485661609,120.0
20060,1934.3935215369215,1.00305360678881,120.0
20061,1934.394910444534,1.00279407577698,120.0
20062,1934.3962993519135,1.00268634675807,120.0
20063,1934.3990771669053,1.00256501806093,120.0
20064,1934.4004660742853,1.00315932611449,120.0
20065,1934.401854981898,1.00266991097934,120.0
20066,1934.4032438892775,1.00301758262504,120.0
20067,1934.404632796657,1.00247082495365,120.0
20068,1934.4060217042695,1.00186946898576,120.0
20069,1934.4074106116489,1.00272975014193,120.0
20070,1934.4087995192608,1.0023970016265,120.0
20071,1934.4101884266404,1.00216460216982,120.0
20072,1934.4143551490129,1.0026382962294,120.0
20073,1934.4157440563924,1.00416765579282,120.0
20074,1934.4185218713849,1.00224215718727,120.0
20075,1934.4199107787651,1.00285066069309,120.0
20076,1934.4254664085167,1.00249551621769,120.0
20077,1934.4282442235087,1.00232098273471,120.0
20078,1934.4324109458803,1.00282993134652,120.0
20079,1934.43518876064,1.00270288841472,120.0
20080,1934.4365776680193,1.00358829294779,120.0
20081,1934.4379665756317,1.00420334691576,120.0
20082,1934.4393554830112,1.00241886867808,120.0
20083,1934.4407443903904,1.00291822899309,120.0
20084,1934.44213329777,1.00348576154945,120.0
20085,1934.4435222051504,1.00223565774923,120.0
20086,1934.446300020143,1.00260056481468,120.0
20087,1934.4504667422823,1.00316128225419,120.0
20088,1934.4518556496616,1.00278935686547,120.0
20089,1934.453244557274,1.00344844749132,120.0
20090,1934.4560223720343,1.00281589729372,120.0
20091,1934.4601890941724,1.00388262791504,120.0
20092,1934.461578001552,1.00335936487038,120.0
20093,1934.4629669089315,1.00220620159611,120.0
20094,1934.467133631304,1.00291683982231,120.0
20095,1934.4685225386831,1.00336573060274,120.0
20096,1934.4726892608217,1.003334718238,120.0
20097,1934.4740781682008,1.00338821647688,120.0
20098,1934.4754670755813,1.00194140949475,120.0
20099,1934.48380051986,1.00195231838936,120.0
20100,1934.4879672419993,1.0021426349175,120.0
20101,1934.4907450567584,1.00290045663043,120.0
20102,1934.4935228715171,1.00212081101028,120.0
20103,1934.4949117788967,1.00417023722815,120.0
20104,1934.4963006862763,1.00236232440239,120.0
20105,1934.4990785008035,1.00281591287767,120.0
20106,1934.5018563155625,1.00230173509803,120.0
20107,1934.5032452229427,1.00242299754134,120.0
20108,1934.5046341303228,1.00255505833719,120.0
20109,1934.5060230377023,1.00218987210399,120.0
20110,1934.5074119450817,1.00173109260767,120.0
20111,1934.508800852462,1.00213083452623,120.0
20112,1934.5101897596091,1.00295284637917,120.0
20113,1934.5115786669885,1.00202769455244,120.0
20114,1934.512967574368,1.0032043308106,120.0
20115,1934.517134296506,1.00212256957176,120.0
20116,1934.519912111033,1.00294020365735,120.0
20117,1934.5213010184132,1.00232284481468,120.0
20118,1934.5226899257923,1.00170992102909,120.0
20119,1934.524078833172,1.00177078725905,120.0
20120,1934.5254677403184,1.00283166005222,120.0
20121,1934.5282455550775,1.00426078842088,120.0
20122,1934.5310233696043,1.00203877948483,120.0
20123,1934.5324122769848,1.00269969047647,120.0
20124,1934.5338011843648,1.00230390501703,120.0
20125,1934.5351900917449,1.00212898099199,120.0
20126,1934.5379679062703,1.00145207723485,120.0
20127,1934.53935681365,1.00275613668376,120.0
20128,1934.5421346281769,1.00212559894795,120.0
20129,1934.5435235355567,1.00262197405871,120.0
20130,1934.544912442936,1.00294793295568,120.0
20131,1934.5476902574624,1.00207011836885,120.0
20132,1934.549079164842,1.00131033699216,120.0
20133,1934.5504680719885,1.00155440637556,120.0
20134,1934.5518569793687,1.0014332491019,120.0
20135,1934.5532458867488,1.00101355395267,120.0
20136,1934.5546347938953,1.00162174791776,120.0
20137,1934.5560237012749,1.00286006188928,120.0
20138,1934.5574126086544,1.0020679000226,120.0
20139,1934.5588015158007,1.00268923290974,120.0
20140,1934.5601904231808,1.00208600320152,120.0
20141,1934.561579330328,1.00225307868683,120.0
20142,1934.562968237708,1.00205182610979,120.0
20143,1934.5643571450885,1.001686387546,120.0
20144,1934.5657460522352,1.00148365070666,120.0
20145,1934.5671349596144,1.00242505534467,120.0
20146,1934.568523866761,1.00009366202619,120.0
20147,1934.569912774141,1.00248061340437,120.0
20148,1934.5713016812872,1.00139061833188,120.0
20149,1934.5740794960468,1.00223409488077,120.0
20150,1934.575468403194,1.00165194314491,120.0
20151,1934.5768573105731,1.00199698160392,120.0
20152,1934.581024032246,1.00163040046886,120.0
20153,1934.5824129396256,1.00138014581763,120.0
20154,1934.585190754152,1.00200091608791,120.0
20155,1934.587968568679,1.00181711683841,120.0
20156,1934.5907463829735,1.00202721746936,120.0
20157,1934.5963020120264,1.00144519206091,120.0
20158,1934.6004687339323,1.00160864851121,120.0
20159,1934.6018576410793,1.00184865952001,120.0
20160,1934.6046354556051,1.0015987020872,120.0
20161,1934.606024362752,1.00174973905633,120.0
20162,1934.6088021772791,1.00148067478011,120.0
20163,1934.6101910844257,1.00123734269681,120.0
20164,1934.6115799918052,1.00134896761971,120.0
20165,1934.612968898952,1.00222058643987,120.0
20166,1934.6143578060985,1.00192503000945,120.0
20167,1934.6157467134776,1.00153396457188,120.0
20168,1934.6171356206253,1.00364739304819,120.0
20169,1934.6185245277732,1.00149638929436,120.0
20170,1934.6199134351536,1.00096561827807,120.0
20171,1934.6226912494465,1.00298794099512,120.0
20172,1934.6240801565928,1.00183081515566,120.0
20173,1934.6268579711193,1.00174322503872,120.0
20174,1934.6282468782665,1.0010333450925,120.0
20175,1934.6296357856463,1.00182786017161,120.0
20176,1934.6310246927928,1.00162842552864,120.0
20177,1934.63241359994,1.00200526996137,120.0
20178,1934.6338025070863,1.00175582528222,120.0
20179,1934.635191414466,1.00186070172855,120.0
20180,1934.6365803216124,1.00266102732146,120.0
20181,1934.6379692287587,1.00238856678314,120.0
20182,1934.6393581359064,1.00155936923305,120.0
20183,1934.6407470430536,1.0025415841632,120.0
20184,1934.6421359504332,1.00140903781215,120.0
20185,1934.6435248575797,1.00241777841615,120.0
20186,1934.6449137647264,1.00182827183306,120.0
20187,1934.6463026718736,1.00207790348391,120.0
20188,1934.6476915790208,1.00103405730822,120.0
20189,1934.6504693935476,1.00174791317327,120.0
20190,1934.6518583006948,1.00107505551139,120.0
20191,1934.6560250221348,1.00296120330066,120.0
20192,1934.6615806509544,1.00195874731393,120.0
20193,1934.6643584652488,1.00132545294153,120.0
20194,1934.6657473723951,1.00220149023777,120.0
20195,1934.6685251866884,1.00160341621043,120.0
20196,1934.669914093835,1.0013426009788,120.0
20197,1934.671303000982,1.00211672354923,120.0
20198,1934.6726919081295,1.00115915142323,120.0
20199,1934.674080815276,1.00208183270302,120.0
20200,1934.6754697224233,1.00198054892227,120.0
20201,1934.6768586295705,1.00130940809946,120.0
20202,1934.6782475367177,1.00134458118865,120.0
20203,1934.682414258158,1.00185345722637,120.0
20204,1934.685192072452,1.00134157412706,120.0
20205,1934.6865809795984,1.00185071491731,120.0
20206,1934.690747701038,1.00151520243906,120.0
20207,1934.692136608185,1.0014979913013,120.0
20208,1934.693525515332,1.00190949752374,120.0
20209,1934.694914422479,1.00214427447947,120.0
20210,1934.6963033296256,1.00153866747852,120.0
20211,1934.7004700510656,1.00201781714135,120.0
20212,1934.7018589582124,1.00216276917159,120.0
20213,1934.703247865359,1.00190345842408,120.0
20214,1934.7074145865688,1.00201804458811,120.0
20215,1934.7101924008616,1.0007902101067,120.0
20216,1934.7115813080084,1.00075996771798,120.0
20217,1934.712970215155,1.00146598549993,120.0
20218,1934.7171369363632,1.00214869946875,120.0
20219,1934.71852584351,1.00176103720914,120.0
20220,1934.7199147506567,1.00111345851894,120.0
20221,1934.7226925647171,1.00124008132103,120.0
20222,1934.7254703790104,1.00097323005198,120.0
20223,1934.7268592861576,1.00280928877014,120.0
20224,1934.7296371002187,1.00179678656694,120.0
20225,1934.7310260073652,1.00141261604359,120.0
20226,1934.732414914512,1.00108309431135,120.0
20227,1934.7338038216592,1.0022212641281,120.0
20228,1934.737970542868,1.00167131556698,120.0
20229,1934.739359449782,1.00142139684723,120.0
20230,1934.7407483569289,1.00141281606052,120.0
20231,1934.7421372640752,1.00184302288042,120.0
20232,1934.743526171222,1.00002840607778,120.0
20233,1934.7449150781356,1.00077079131236,120.0
20234,1934.746303985282,1.00124683503374,120.0
20235,1934.7476928924295,1.00147553539356,120.0
20236,1934.7504707064904,1.0018495916401,120.0
20237,1934.7518596136372,1.00115154281594,120.0
20238,1934.7532485205509,1.00195597577541,120.0
20239,1934.7546374276976,1.00209521130965,120.0
20240,1934.7588041489053,1.00070085011364,120.0
20241,1934.7601930558196,1.00060873026012,120.0
20242,1934.7615819629664,1.00076469490561,120.0
20243,1934.764359777028,1.00136366703317,120.0
20244,1934.7657486841747,1.00066667397055,120.0
20245,1934.7671375910884,1.00180565521893,120.0
20246,1934.7685264982351,1.00093927783067,120.0
20247,1934.7699154051495,1.00086001524768,120.0
20248,1934.7713043122967,1.00023417287026,120.0
20249,1934.7726932192104,1.00148526373824,120.0
20250,1934.7740821263571,1.00082578102823,120.0
20251,1934.775471033504,1.00149571037095,120.0
20252,1934.7782488475643,1.00220529588711,120.0
20253,1934.779637754478,1.00157153446139,120.0
20254,1934.7810266616257,1.00115063158605,120.0
20255,1934.78241556854,1.00123829177026,120.0
20256,1934.7879711966605,1.00057138872428,120.0
20257,1934.789360103574,1.00138734958382,120.0
20258,1934.7907490107216,1.00046025360005,120.0
20259,1934.7921379176369,1.00025142227619,120.0
20260,1934.797693545758,1.00071520974976,120.0
20261,1934.8018602667328,1.00124018798185,120.0
20262,1934.808804801768,1.000454479344,120.0
20263,1934.8101937089148,1.00105188568617,120.0
20264,1934.811582615829,1.0002337963262,120.0
20265,1934.8129715227433,1.00135498514803,120.0
20266,1934.8185271508648,1.00055043081997,120.0
20267,1934.821304964692,1.0007666051908,120.0
20268,1934.8226938716064,1.00111259143231,120.0
20269,1934.8240827787547,1.00189218499421,120.0
20270,1934.8254716856688,1.0012610915679,120.0
20271,1934.8282494997295,1.00049731860091,120.0
20272,1934.8296384066432,1.00282169109235,120.0
20273,1934.831027313557,1.00156487489594,120.0
20274,1934.8324162204708,1.00126420588213,120.0
20275,1934.8351940345317,1.000481747414,120.0
20276,1934.8365829414463,1.00119637604758,120.0
20277,1934.83797184836,1.00066614490576,120.0
20278,1934.8393607552737,1.00149256676261,120.0
20279,1934.8421385693343,1.00118805147399,120.0
20280,1934.843527476248,1.00069725237619,120.0
20281,1934.8449163831615,1.00008871520535,120.0
20282,1934.8476941969905,0.99971843985793,120.0
20283,1934.8504720110511,1.00045972957933,120.0
20284,1934.8518609179655,1.00029102457848,120.0
20285,1934.8643610804245,1.00010105851127,120.0
20286,1934.865749987338,0.99947268687265,120.0
20287,1934.8671388942528,1.00050916989713,120.0
20288,1934.8699167080808,1.00036985607806,120.0
20289,1934.8713056149948,1.00044799916999,120.0
20290,1934.8726945219084,1.0007416211603,120.0
20291,1934.874083428822,0.99984857812639,120.0
20292,1934.875472335736,1.0012377671158,120.0
20293,1934.8768612426495,0.99976404529357,120.0
20294,1934.878250149564,1.00101585879316,120.0
20295,1934.8796390564787,1.00033793226225,120.0
20296,1934.8810279633933,1.00195057258518,120.0
20297,1934.8824168703077,1.00060253420382,120.0
20298,1934.8838057772211,1.00024114020587,120.0
20299,1934.8851946841353,1.00092375585499,120.0
20300,1934.8865835910487,1.00062078848133,120.0
20301,1934.8879724979624,1.00053299011266,120.0
20302,1934.8893614048773,1.00210013848967,120.0
20303,1934.8921392187056,1.00073125489102,120.0
20304,1934.8963059394464,1.00049833485494,120.0
20305,1934.8976948463603,1.00067732612666,120.0
20306,1934.8990837532745,1.00108597748724,120.0
20307,1934.900472659956,1.00101598304542,120.0
20308,1934.9018615668704,0.99997196664026,120.0
20309,1934.903250473784,1.00044971940067,120.0
20310,1934.904639380698,1.00123277606983,120.0
20311,1934.9060282876117,1.00019631139338,120.0
20312,1934.9074171945256,0.99983636734669,120.0
20313,1934.911583915036,1.00085398013238,120.0
20314,1934.9129728219505,1.00140670698751,120.0
20315,1934.9143617288644,1.00095610466451,120.0
20316,1934.915750635778,1.00035646715174,120.0
20317,1934.9171395426915,1.00101366081598,120.0
20318,1934.9185284496057,1.00114815005996,120.0
20319,1934.9199173562863,1.00048031550081,120.0
20320,1934.921306263201,1.00080092886595,120.0
20321,1934.9226951701155,1.0018484930227,120.0
20322,1934.9240840770292,0.99998116906265,120.0
20323,1934.9254729837105,1.00060205883867,120.0
20324,1934.9296397044516,1.00004848613975,120.0
20325,1934.9324175180473,1.00063938233282,120.0
20326,1934.935195331875,1.00051554832893,120.0
20327,1934.9393620523836,1.00138496356786,120.0
20328,1934.9435287728943,1.00074131192494,120.0
20329,1934.944917679576,1.00132812021729,120.0
20330,1934.9463065864895,0.99939326089701,120.0
20331,1934.9476954934032,1.00013108725926,120.0
20332,1934.9490844000843,1.00016551208359,120.0
20333,1934.951862213912,1.00168675652015,120.0
20334,1934.9532511205928,1.00052974044255,120.0
20335,1934.9546400275071,1.00176567251768,120.0
20336,1934.9560289344215,1.00098372061493,120.0
20337,1934.9588067480165,1.00140624720459,120.0
20338,1934.9601956546971,1.00061560970218,120.0
20339,1934.9615845616113,1.0005976830548,120.0
20340,1934.964362375206,0.99949839322086,120.0
20341,1934.967140188802,1.00139409696548,120.0
20342,1934.968529095716,1.0007386696819,120.0
20343,1934.9713069093111,1.00049021802393,120.0
20344,1934.972695815993,1.00101422285964,120.0
20345,1934.9740847229064,1.00000746269327,120.0
20346,1934.9754736295884,1.00043949380094,120.0
20347,1934.9768625365027,1.00118071556921,120.0
20348,1934.978251443184,1.0008472548227,120.0
20349,1934.9796403500975,1.00151789735571,120.0
20350,1934.9810292567784,1.00123857496159,120.0
20351,1934.982418163692,1.00030236312459,120.0
20352,1934.9838070703731,1.00054190042052,120.0
20353,1934.9879737908827,1.00079905913693,120.0
20354,1934.9907516044775,1.00033298629936,120.0
20355,1934.9921405111588,1.00046099591576,120.0
20356,1934.9935294178397,1.00074368228128,120.0
20357,1934.9976961383488,1.00062690081865,120.0
20358,1935.0018628586256,0.99977658423994,120.0
20359,1935.0046406719885,0.99998030942688,120.0
20360,1935.006029578902,0.99977117659301,120.0
20361,1935.0074184855832,1.00049626097243,120.0
20362,1935.0088073924976,1.00118591054114,120.0
20363,1935.01158520586,1.0005619356088,120.0
20364,1935.012974112774,1.00097466593317,120.0
20365,1935.0143630194552,1.00065801285503,120.0
20366,1935.019918646412,1.00013064677644,120.0
20367,1935.0226964600076,1.00025934937935,120.0
20368,1935.0240853666885,1.00057778276665,120.0
20369,1935.0254742733691,1.00048747814198,120.0
20370,1935.0282520869644,1.00070691915818,120.0
20371,1935.029640993646,1.00031229785558,120.0
20372,1935.031029900328,1.00071785407229,120.0
20373,1935.0324188070097,1.00064533936301,120.0
20374,1935.035196620605,1.00115655608923,120.0
20375,1935.0379744339664,1.00068002105567,120.0
20376,1935.0407522473288,1.0010920558164,120.0
20377,1935.0421411542436,1.00095470678976,120.0
20378,1935.0435300609245,1.00008486072753,120.0
20379,1935.044918967605,1.00119141602709,120.0
20380,1935.046307874286,1.00095499253023,120.0
20381,1935.0476967809673,0.99953204795624,120.0
20382,1935.049085687648,1.00115654263875,120.0
20383,1935.0504745943292,1.00085260547089,120.0
20384,1935.0518635012436,1.00061742793292,120.0
20385,1935.0532524079251,1.00097072548398,120.0
20386,1935.0560302212873,0.99994469831689,120.0
20387,1935.057419127968,0.99995089865866,120.0
20388,1935.0588080346488,1.00112510316163,120.0
20389,1935.0601969413297,0.99926298712367,120.0
20390,1935.0615858480116,1.0005381154735,120.0
20391,1935.0643636613756,1.00082339612039,120.0
20392,1935.0657525680565,1.00108125357398,120.0
20393,1935.0671414747371,1.0005228690649,120.0
20394,1935.0685303814184,1.00099642791914,120.0
20395,1935.0699192880993,1.00125357725963,120.0
20396,1935.0713081950132,1.0015266677801,120.0
20397,1935.072697101694,1.00082856036693,120.0
20398,1935.0740860083756,1.00094559347978,120.0
20399,1935.0754749150572,1.00145730128719,120.0
20400,1935.0782527281865,1.00119144198664,120.0
20401,1935.0796416348671,0.99973381744369,120.0
20402,1935.08380835491,1.00092168227212,120.0
20403,1935.0851972615917,1.00027709675148,120.0
20404,1935.0865861682737,1.00127697648201,120.0
20405,1935.0879750749543,1.00127146541919,120.0
20406,1935.0893639816352,1.00092719789056,120.0
20407,1935.090752888316,1.00072522006972,120.0
20408,1935.0921417949976,1.0008210954878,120.0
20409,1935.0935307016796,1.00115697233107,120.0
20410,1935.0949196083611,1.00012377689083,120.0
20411,1935.0963085150424,1.00097712317232,120.0
20412,1935.1004752348529,1.00112349853332,120.0
20413,1935.1018641415335,0.99966003558115,120.0
20414,1935.1046419548957,1.00055940646578,120.0
20415,1935.1060308615772,1.0003788673157,120.0
20416,1935.1074197682588,1.00071530702004,120.0
20417,1935.1088086747072,1.00142391038423,120.0
20418,1935.1129753947496,1.00095862538304,120.0
20419,1935.114364301431,1.0008421586874,120.0
20420,1935.1157532078787,1.00010535369404,120.0
20421,1935.1171421145605,1.00087560716208,120.0
20422,1935.118531021242,0.9999466668143,120.0
20423,1935.119919927923,0.9996789707503,120.0
20424,1935.1213088343711,0.99965186351818,120.0
20425,1935.122697741053,1.0006285735313,120.0
20426,1935.1254755544153,1.0007218436846,120.0
20427,1935.1268644608635,1.00034048041721,120.0
20428,1935.1282533675449,1.00128932788125,120.0
20429,1935.1310311809077,1.00035047081447,120.0
20430,1935.1324200873555,1.00021623735607,120.0
20431,1935.136586807166,1.000295043487,120.0
20432,1935.1379757138468,1.00049172500279,120.0
20433,1935.1449202467873,1.00127042792986,120.0
20434,1935.146309153468,1.00168178079541,120.0
20435,1935.1476980601492,1.00032762598128,120.0
20436,1935.1504758732797,1.00064297152316,120.0
20437,1935.1518647797277,1.00119105235271,120.0
20438,1935.1546425930912,1.00128516550021,120.0
20439,1935.1560314995393,1.00164158942697,120.0
20440,1935.16019821935,1.00161871532247,120.0
20441,1935.1615871257984,1.0004469011634,120.0
20442,1935.1629760324793,1.0007278660111,120.0
20443,1935.1685316587375,1.00092263146323,120.0
20444,1935.1713094718673,1.00086737105241,120.0
20445,1935.1740872849969,1.00096376469441,120.0
20446,1935.1782540045745,1.00014786528061,120.0
20447,1935.179642911255,1.00007609294829,120.0
20448,1935.1810318177031,1.00097552234483,120.0
20449,1935.182420724385,1.00066093684579,120.0
20450,1935.1879763506452,1.00199986995581,120.0
20451,1935.1893652570932,0.99981122237506,120.0
20452,1935.1907541635417,0.99991852144316,120.0
20453,1935.1935319766712,1.00086747625903,120.0
20454,1935.1963097898008,1.00084995796093,120.0
20455,1935.1976986962488,1.00027582376055,120.0
20456,1935.19908760293,0.99963020670033,120.0
20457,1935.200476509378,1.00067382687782,120.0
20458,1935.2018654158264,1.00067930687662,120.0
20459,1935.203254322508,0.99982972019742,120.0
20460,1935.204643228957,1.00058657293788,120.0
20461,1935.2060321354047,1.00152777706599,120.0
20462,1935.2074210420856,1.00047394368098,120.0
20463,1935.2129766681107,1.00094648688256,120.0
20464,1935.2143655745597,1.00022354980938,120.0
20465,1935.2171433876908,1.00095627421025,120.0
20466,1935.2185322941389,1.00149646092115,120.0
20467,1935.2199212005871,1.00035122371236,120.0
20468,1935.2213101070352,1.00089254280232,120.0
20469,1935.222699013716,1.00128100768299,120.0
20470,1935.224087920164,1.00026285660048,120.0
20471,1935.2254768266132,1.00051227720453,120.0
20472,1935.226865733062,1.00079160303212,120.0
20473,1935.2296435461913,1.00038046133553,120.0
20474,1935.2310324526393,1.0008119939529,120.0
20475,1935.2324213590873,1.00018527642789,120.0
20476,1935.233810265535,1.00117923790685,120.0
20477,1935.2351991719831,1.00072210432422,120.0
20478,1935.236588078665,1.00059638155128,120.0
20479,1935.2379769851136,1.0017211445514,120.0
20480,1935.2463104238032,1.00153199270562,120.0
20481,1935.2476993304856,1.00097534603576,120.0
20482,1935.2490882369343,1.00080376946356,120.0
20483,1935.2504771433823,1.00188329131355,120.0
20484,1935.2518660498304,1.00210781973651,120.0
20485,1935.2532549562784,1.00070120160106,120.0
20486,1935.2546438627269,1.00061525561066,120.0
20487,1935.256032769175,1.00041533804473,120.0
20488,1935.2574216756232,1.00152112323372,120.0
20489,1935.258810582072,1.00149993018173,120.0
20490,1935.2615883949688,1.00044419654305,120.0
20491,1935.2643662078651,1.00102828629994,120.0
20492,1935.2657551143132,1.00016470408876,120.0
20493,1935.2671440207612,0.99996639363461,120.0
20494,1935.26853292721,1.0008318083701,120.0
20495,1935.2713107401073,1.00120452458023,120.0
20496,1935.272699646555,1.00021300384723,120.0
20497,1935.2754774594512,1.00098327619152,120.0
20498,1935.2810330852465,1.00191884724173,120.0
20499,1935.2824219916945,1.00188996998096,120.0
20500,1935.2838108981427,1.00069618677523,120.0
20501,1935.2851998045908,1.00134817505738,120.0
20502,1935.2865887110393,1.00072602719243,120.0
20503,1935.2907554301512,1.00187438871303,120.0
20504,1935.2921443366,1.00045900432083,120.0
20505,1935.293533243048,1.00031976776887,120.0
20506,1935.294922149496,1.00069669512616,120.0
20507,1935.296311055944,1.00047380934711,120.0
20508,1935.2976999621596,1.0006028483703,120.0
20509,1935.300477775056,1.00074176007637,120.0
20510,1935.3032555879531,1.00011137999429,120.0
20511,1935.3046444944011,1.00146873837985,120.0
20512,1935.3060334006168,1.00011320978568,120.0
20513,1935.3074223070648,1.00093410143783,120.0
20514,1935.3102001199625,1.00099498327727,120.0
20515,1935.3115890264105,1.0006426313801,120.0
20516,1935.3129779326264,1.0007942011902,120.0
20517,1935.3143668390755,1.00130036434706,120.0
20518,1935.3171446519716,1.001107238166,120.0
20519,1935.3185335581868,1.00169451072439,120.0
20520,1935.3199224646353,1.00123277212143,120.0
20521,1935.3324226219709,1.0012959535041,120.0
20522,1935.3352004346357,1.00165635592257,120.0
20523,1935.336589341084,1.00112186416956,120.0
20524,1935.340756060196,1.00067128246546,120.0
20525,1935.3463116855248,1.00129635925064,120.0
20526,1935.349089498421,1.00120235500921,120.0
20527,1935.3518673110843,1.00093821969057,120.0
20528,1935.356034029964,1.00146407482815,120.0
20529,1935.3574229364128,1.00051307632111,120.0
20530,1935.3615896552913,1.00170386066608,120.0
20531,1935.3657563744027,1.00167059295858,120.0
20532,1935.3671452806188,1.0007868072273,120.0
20533,1935.3685341870676,1.00194583105496,120.0
20534,1935.3699230932828,1.00148502357262,120.0
20535,1935.3754787186112,1.00108643176648,120.0
20536,1935.3768676248264,1.0014392174391,120.0
20537,1935.3782565312752,1.00122432026423,120.0
20538,1935.3796454374913,1.00163967846438,120.0
20539,1935.3810343439393,1.00130096185697,120.0
20540,1935.385201062818,1.00041132530547,120.0
20541,1935.3865899690331,1.00158338857964,120.0
20542,1935.387978875482,1.00041721143872,120.0
20543,1935.3935345005768,1.0007243489663,120.0
20544,1935.394923406792,1.0009137852047,120.0
20545,1935.3990901256711,1.00077529233395,120.0
20546,1935.4018679383355,1.00185995489235,120.0
20547,1935.4046457507673,1.00224308128459,120.0
20548,1935.4060346572155,1.00171592263768,120.0
20549,1935.4199237198352,1.00065529578454,120.0
20550,1935.4213126260513,1.00053114265068,120.0
20551,1935.426868251146,1.00295609910867,120.0
20552,1935.429646063577,1.00240786527969,120.0
20553,1935.4324238762408,1.00196153338171,120.0
20554,1935.4338127824567,1.0014735828639,120.0
20555,1935.4352016886724,1.00156032771136,120.0
20556,1935.436590594889,1.00169220730988,120.0
20557,1935.437979501104,1.00085398572568,120.0
20558,1935.4407573135345,1.00102191686246,120.0
20559,1935.4449240321817,1.00174760900897,120.0
20560,1935.4477018448447,1.00181673219831,120.0
20561,1935.4490907510603,1.00099042838357,120.0
20562,1935.4532574697068,1.00142322213395,120.0
20563,1935.4574241883536,1.00178549365849,120.0
20564,1935.460202000784,1.00097545132727,120.0
20565,1935.4768688751387,1.00127951565307,120.0
20566,1935.4796466875691,1.00096843217379,120.0
20567,1935.4865912184137,1.00116682131168,120.0
20568,1935.4921468430423,1.00153646333707,120.0
20569,1935.493535749258,1.00145874626175,120.0
20570,1935.4963135616883,1.00238748085118,120.0
20571,1935.499091373888,1.00223909893703,120.0
20572,1935.500480280104,1.00162259285918,120.0
20573,1935.5018691863193,1.00157356853731,120.0
20574,1935.5060359047325,1.00138736145407,120.0
20575,1935.5102026231468,1.0012224925956,120.0
20576,1935.511591529362,1.00148333370139,120.0
20577,1935.51436934156,1.00374846882709,120.0
20578,1935.5171471539904,1.00204003267829,120.0
20579,1935.5185360599737,1.00187344086889,120.0
20580,1935.5213138724048,1.00230213381422,120.0
20581,1935.5240916846024,1.00191670009454,120.0
20582,1935.5254805908176,1.00098495914648,120.0
20583,1935.5282584030156,1.00175157167991,120.0
20584,1935.5310362152147,1.00206084233796,120.0
20585,1935.5324251214308,1.00285940475096,120.0
20586,1935.5338140274137,1.00103477502446,120.0
20587,1935.5365918398445,1.00196999993556,120.0
20588,1935.539369652042,1.00166693092805,120.0
20589,1935.5407585580251,1.00213181335347,120.0
20590,1935.5421474642412,1.0012399418868,120.0
20591,1935.543536370224,1.00226290731318,120.0
20592,1935.5449252764392,1.00196264439641,120.0
20593,1935.5463141824212,1.00139456327046,120.0
20594,1935.5477030886364,1.00144581920182,120.0
20595,1935.549091994852,1.00210298659879,120.0
20596,1935.5504809008344,1.00175762377951,120.0
20597,1935.5546476192487,1.00213558768924,120.0
20598,1935.5602032434113,1.00161703457149,120.0
20599,1935.5629810556104,1.00223915205836,120.0
20600,1935.5643699618263,1.00208270913621,120.0
20601,1935.5657588678096,1.0010258414601,120.0
20602,1935.572703398188,1.00097335270587,120.0
20603,1935.5740923044043,1.00223806846405,120.0
20604,1935.5754812103864,1.00126939857957,120.0
20605,1935.5768701163693,1.00197263154585,120.0
20606,1935.5810368345496,1.00195300039002,120.0
20607,1935.5824257407648,1.00189313992127,120.0
20608,1935.589370270911,1.00245728770691,120.0
20609,1935.5907591771263,1.00266723737586,120.0
20610,1935.592148083109,1.00191476873269,120.0
20611,1935.5935369890913,1.00153700548698,120.0
20612,1935.597703707274,1.0024478004851,120.0
20613,1935.5990926132567,1.00189610589942,120.0
20614,1935.6018704254543,1.00196546997538,120.0
20615,1935.6046482374193,1.00330848085058,120.0
20616,1935.6074260493856,1.00322124395389,120.0
20617,1935.6102038615832,1.00248824141741,120.0
20618,1935.6115927675655,1.00207400628403,120.0
20619,1935.6143705795307,1.00245630856994,120.0
20620,1935.615759485746,1.00219321772477,120.0
20621,1935.618537297712,1.00201658577517,120.0
20622,1935.6227040156596,1.00236661471683,120.0
20623,1935.624092921642,1.0015379050454,120.0
20624,1935.6268707338409,1.00235989093521,120.0
20625,1935.6282596398237,1.00280584007594,120.0
20626,1935.6338152637547,1.00267280396333,120.0
20627,1935.635204169737,1.00257142817229,120.0
20628,1935.6379819817028,1.00175119011416,120.0
20629,1935.6421486996508,1.00294720773814,120.0
20630,1935.6435376056336,1.00251134659685,120.0
20631,1935.6518710415296,1.00276915459914,120.0
20632,1935.6602044774247,1.00309925863159,120.0
20633,1935.6643711951417,1.00316382194781,120.0
20634,1935.665760101124,1.00247691790255,120.0
20635,1935.6671490071064,1.00333453585813,120.0
20636,1935.6685379130888,1.00275907192172,120.0
20637,1935.6699268190712,1.00174194716323,120.0
20638,1935.6713157250545,1.00259739911946,120.0
20639,1935.6727046310375,1.0028201562667,120.0
20640,1935.6740935367873,1.00301888633152,120.0
20641,1935.6754824427696,1.0028150789285,120.0
20642,1935.6810380667,1.00344127417484,120.0
20643,1935.6824269724505,1.00294882071485,120.0
20644,1935.6852047844152,1.00247778605263,120.0
20645,1935.68937150213,1.0019568145043,120.0
20646,1935.690760408112,1.00216570002514,120.0
20647,1935.6921493140956,1.00204391535206,120.0
20648,1935.6935382200788,1.00210112915136,120.0
20649,1935.6949271258288,1.00260892849148,120.0
20650,1935.696316031812,1.00309472791505,120.0
20651,1935.699093843544,1.0022013692612,120.0
20652,1935.7004827495264,1.00290318127998,120.0
20653,1935.7060383732248,1.00322749563732,120.0
20654,1935.7102050909396,1.00338219388565,120.0
20655,1935.7129829026717,1.00359665499086,120.0
20656,1935.7171496203875,1.0035867551234,120.0
20657,1935.71853852637,1.00253037833504,120.0
20658,1935.7282608675507,1.00328166780367,120.0
20659,1935.7296497733012,1.00177203412191,120.0
20660,1935.7324275850328,1.00240828111858,120.0
20661,1935.7338164910152,1.00378620939566,120.0
20662,1935.736594302748,1.00333750762548,120.0
20663,1935.7379832084985,1.00262868724944,120.0
20664,1935.7393721144808,1.00286606142456,120.0
20665,1935.7407610202304,1.00281608737642,120.0
20666,1935.7421499262132,1.00322113495352,120.0
20667,1935.7463166436955,1.00337147617825,120.0
20668,1935.7490944554283,1.00349796418849,120.0
20669,1935.7504833611777,1.00194058544685,120.0
20670,1935.7615946081085,1.00383963079196,120.0
20671,1935.7629835138584,1.00399307861614,120.0
20672,1935.7657613255908,1.00294929502791,120.0
20673,1935.7685391370908,1.0018931942082,120.0
20674,1935.7699280430736,1.00305281210226,120.0
20675,1935.7727058545731,1.00348074342314,120.0
20676,1935.7754836663048,1.00301026880041,120.0
20677,1935.7782614780372,1.00344865922786,120.0
20678,1935.7796503837872,1.00403084201637,120.0
20679,1935.7810392895376,1.00343924486676,120.0
20680,1935.7879838185188,1.00330421483731,120.0
20681,1935.7935394417511,1.00342538831744,120.0
20682,1935.7949283475016,1.0033400880996,120.0
20683,1935.7977061592344,1.0030286171605,120.0
20684,1935.8018728764848,1.00349179901976,120.0
20685,1935.8032617822344,1.00219377504453,120.0
20686,1935.807428499716,1.00271179538938,120.0
20687,1935.8088174054656,1.00342813513946,120.0
20688,1935.8213175574465,1.00376156049819,120.0
20689,1935.8240953689472,1.00397860922236,120.0
20690,1935.828262086197,1.00449414169679,120.0
20691,1935.8296509919471,1.00312490455404,120.0
20692,1935.8310398976969,1.00310538455561,120.0
20693,1935.832428803446,1.00383152129177,120.0
20694,1935.8338177091969,1.00366793846841,120.0
20695,1935.8421511436948,1.00477987811413,120.0
20696,1935.8435400492117,1.00367024193036,120.0
20697,1935.8463178607124,1.00373244354374,120.0
20698,1935.847706766462,1.0031098338247,120.0
20699,1935.8490956722117,1.00280060017348,120.0
20700,1935.8504845779612,1.00319625304254,120.0
20701,1935.8532623894605,1.00335672046425,120.0
20702,1935.8560402007276,1.00307731631581,120.0
20703,1935.8574291064776,1.00285492329776,120.0
20704,1935.8602069179772,1.00371628616327,120.0
20705,1935.8615958237272,1.00382759080813,120.0
20706,1935.8643736352271,1.00304771824633,120.0
20707,1935.8657625407448,1.00318010443208,120.0
20708,1935.8685403522447,1.00493987715666,120.0
20709,1935.8740959750105,1.00449741677857,120.0
20710,1935.87548488076,1.00357994703231,120.0
20711,1935.878262692028,1.00470806314503,120.0
20712,1935.8796515977776,1.00364083668595,120.0
20713,1935.8810405035272,1.00436507262153,120.0
20714,1935.8865961262927,1.00325140159945,120.0
20715,1935.8893739375603,1.0036539158044,120.0
20716,1935.89076284331,1.00356912511511,120.0
20717,1935.8921517488272,1.00477289449175,120.0
20718,1935.897707371594,1.00404779321286,120.0
20719,1935.9004851828615,1.00363561977942,120.0
20720,1935.903262994128,1.00487582773787,120.0
20721,1935.9046518998775,1.00485376263604,120.0
20722,1935.907429711144,1.00367167689975,120.0
20723,1935.908818616894,1.00420314066607,120.0
20724,1935.9115964281616,1.00552808885948,120.0
20725,1935.9157631449448,1.00353923408835,120.0
20726,1935.9185409562112,1.00355485950503,120.0
20727,1935.9240965787455,1.00344204902699,120.0
20728,1935.9254854844953,1.00342147674763,120.0
20729,1935.9296522012787,1.00425072516262,120.0
20730,1935.9310411070296,1.00406989264858,120.0
20731,1935.9324300125472,1.00441216414148,120.0
20732,1935.9338189182968,1.00395828228481,120.0
20733,1935.9379856350804,1.00372247608896,120.0
20734,1935.9407634463464,1.00454828989633,120.0
20735,1935.942152351864,1.00445808048668,120.0
20736,1935.946319068648,1.00419758777233,120.0
20737,1935.9490968799144,1.00432554533397,120.0
20738,1935.9532635966984,1.00381157254803,120.0
20739,1935.9574303134823,1.00316624966807,120.0
20740,1935.9588192189992,1.00425594323315,120.0
20741,1935.9602081247488,1.00520562720128,120.0
20742,1935.9615970302657,1.00392760860047,120.0
20743,1935.9671526525683,1.00300060512125,120.0
20744,1935.9713193693512,1.00459610725956,120.0
20745,1935.972708274868,1.00352479645242,120.0
20746,1935.9740971803856,1.00524837971639,120.0
20747,1935.9782638971697,1.00463970388349,120.0
20748,1935.9810417082033,1.00409199773057,120.0
20749,1935.98243061372,1.00458325749469,120.0
20750,1935.9838195192367,1.00456693059956,120.0
20751,1935.9907640470549,1.00355785941752,120.0
20752,1935.9949307636057,1.00419408265836,120.0
20753,1936.0018752914248,1.00426903319645,120.0
20754,1936.0032641969417,1.00495367419772,120.0
20755,1936.0046531024584,1.00442708960123,120.0
20756,1936.0088198190103,1.00478924102161,120.0
20757,1936.0129865355605,1.00458081684846,120.0
20758,1936.0143754410772,1.00401456297135,120.0
20759,1936.015764346594,1.00436609599561,120.0
20760,1936.0171532521113,1.00537931995362,120.0
20761,1936.0199310631456,1.00691912995382,120.0
20762,1936.0213199686627,1.00406390577707,120.0
20763,1936.0227088741792,1.00442190935103,120.0
20764,1936.0254866852129,1.00399452078418,120.0
20765,1936.0268755907296,1.00557861070511,120.0
20766,1936.0282644962467,1.00428676305712,120.0
20767,1936.0352090236008,1.00430576302936,120.0
20768,1936.0421535509531,1.00491784876022,120.0
20769,1936.0435424564696,1.00413102330464,120.0
20770,1936.04770917302,1.00356040667436,120.0
20771,1936.0490980785369,1.00435041811519,120.0
20772,1936.0518758893393,1.00369256560484,120.0
20773,1936.053264794856,1.00424495009573,120.0
20774,1936.0602093222071,1.00476679525662,120.0
20775,1936.0629871330088,1.00451466556065,120.0
20776,1936.064376038526,1.00463669869631,120.0
20777,1936.0713205656457,1.00482626375088,120.0
20778,1936.0727094711633,1.00524764596534,120.0
20779,1936.0754872819643,1.00421676928766,120.0
20780,1936.0768761874813,1.0050006729588,120.0
20781,1936.0782650929984,1.00473336732288,120.0
20782,1936.0810429037992,1.00409836784227,120.0
20783,1936.0852096201177,1.00503192888807,120.0
20784,1936.0865985254015,1.00570226701625,120.0
20785,1936.0879874309187,1.00394860233367,120.0
20786,1936.0893763364352,1.00388750389495,120.0
20787,1936.092154147236,1.00432278117551,120.0
20788,1936.0963208633225,1.00513501354641,120.0
20789,1936.0990986741228,1.00372759464663,120.0
20790,1936.103265390442,1.00539330865828,120.0
20791,1936.1046542957265,1.00491962865379,120.0
20792,1936.1115988228455,1.00426442371328,120.0
20793,1936.1129877281292,1.00438751865516,120.0
20794,1936.119932255016,1.00615130358999,120.0
20795,1936.1213211605332,1.00489085981722,120.0
20796,1936.1227100658168,1.00559782128514,120.0
20797,1936.124098971334,1.00485594169961,120.0
20798,1936.1254878766176,1.00535208590168,120.0
20799,1936.1268767819024,1.00621629592069,120.0
20800,1936.12826568742,1.00501251529972,120.0
20801,1936.129654592704,1.00554908427863,120.0
20802,1936.131043497988,1.00503000304892,120.0
20803,1936.1352102140725,1.0058035352904,120.0
20804,1936.1365991195892,1.00456329640235,120.0
20805,1936.1379880248749,1.00527464995943,120.0
20806,1936.1407658356768,1.00383014249842,120.0
20807,1936.142154740961,1.00528400486739,120.0
20808,1936.1435436462448,1.00640842315908,120.0
20809,1936.1449325517617,1.00474806692004,120.0
20810,1936.1463214570456,1.00526218332092,120.0
20811,1936.1477103623297,1.00497648202952,120.0
20812,1936.1490992676145,1.00509362932319,120.0
20813,1936.1504881731316,1.00543694869678,120.0
20814,1936.1615994156375,1.00513724491295,120.0
20815,1936.1629883209212,1.00564186041079,120.0
20816,1936.1643772264383,1.00513057100175,120.0
20817,1936.165766131722,1.00577509303685,120.0
20818,1936.1671550370063,1.00570482666994,120.0
20819,1936.16854394229,1.00458139175548,120.0
20820,1936.1699328475747,1.0047338191102,120.0
20821,1936.1713217528595,1.00533771842469,120.0
20822,1936.172710658144,1.00510012966131,120.0
20823,1936.1740995636617,1.00454839077743,120.0
20824,1936.1754884689456,1.00547458598399,120.0
20825,1936.1768773742297,1.00549171235221,120.0
20826,1936.1782662795133,1.00530239844297,120.0
20827,1936.1796551847976,1.00508181633387,120.0
20828,1936.181044090082,1.00501062860713,120.0
20829,1936.1824329953668,1.00515106455399,120.0
20830,1936.1838219006504,1.00464963196979,120.0
20831,1936.1852108059345,1.00468124008907,120.0
20832,1936.1865997112184,1.00550317884144,120.0
20833,1936.1879886165027,1.00524365560839,120.0
20834,1936.1893775217864,1.00476611215045,120.0
20835,1936.1907664270705,1.00493978241899,120.0
20836,1936.1921553323552,1.00481830335881,120.0
20837,1936.19354423764,1.00642214242366,120.0
20838,1936.194933142924,1.00588940989121,120.0
20839,1936.1963220482075,1.00504862664561,120.0
20840,1936.1977109534917,1.00539329093855,120.0
20841,1936.1990998587755,1.00521748766187,120.0
20842,1936.2004887640596,1.0054286982909,120.0
20843,1936.2018776693435,1.00561511276477,120.0
20844,1936.203266574628,1.00553292333487,120.0
20845,1936.2046554799128,1.00533698708916,120.0
20846,1936.2060443851967,1.00497092034166,120.0
20847,1936.2074332904808,1.00640305112222,120.0
20848,1936.2088221957652,1.00438953273529,120.0
20849,1936.21021110105,1.00539322078565,120.0
20850,1936.211600006334,1.00480198986261,120.0
20851,1936.2129889116188,1.00534102538847,120.0
20852,1936.2143778166703,1.00411518005831,120.0
20853,1936.2157667219544,1.00526687794803,120.0
20854,1936.2171556272383,1.00579848442475,120.0
20855,1936.2185445325224,1.0049896200095,120.0
20856,1936.2199334378065,1.00596989011995,120.0
20857,1936.22132234309,1.00556137822383,120.0
20858,1936.2227112483745,1.00542587228148,120.0
20859,1936.224100153426,1.00472333821951,120.0
20860,1936.2254890587108,1.00545356393905,120.0
20861,1936.2268779639944,1.00519264208431,120.0
20862,1936.2282668692783,1.00608968298589,120.0
20863,1936.2296557745624,1.00510692979327,120.0
20864,1936.2310446798467,1.00588951402876,120.0
20865,1936.2324335848975,1.00561387593398,120.0
20866,1936.2338224901816,1.00493421773267,120.0
20867,1936.2352113954664,1.00524620789134,120.0
20868,1936.2366003007508,1.0059949278329,120.0
20869,1936.2379892058025,1.00539991045442,120.0
20870,1936.239378111086,1.00493320181663,120.0
20871,1936.24076701637,1.00529064866827,120.0
20872,1936.2421559216536,1.00543670229984,120.0
20873,1936.2435448267056,1.00581748343059,120.0
20874,1936.2449337319904,1.00639858442044,120.0
20875,1936.2463226372747,1.00559559903593,120.0
20876,1936.247711542327,1.00479633006082,120.0
20877,1936.2491004476108,1.00564798603804,120.0
20878,1936.2504893528949,1.00561795796231,120.0
20879,1936.2518782581787,1.00561652105641,120.0
20880,1936.25326716323,1.00480122518012,120.0
20881,1936.254656068514,1.00474040821502,120.0
20882,1936.2560449737975,1.00455917491945,120.0
20883,1936.2574338788495,1.00558816352795,120.0
20884,1936.2588227841345,1.00571598087226,120.0
20885,1936.2602116891856,1.0056016979394,120.0
20886,1936.2616005944697,1.00594089432724,120.0
20887,1936.2629894997533,1.0054530903365,120.0
20888,1936.2643784048043,1.00585120757876,120.0
20889,1936.2657673100884,1.00589856535363,120.0
20890,1936.2671562151395,1.00539267734848,120.0
20891,1936.268545120424,1.00526512853347,120.0
20892,1936.2699340257088,1.00578966208859,120.0
20893,1936.27132293076,1.00527659167378,120.0
20894,1936.272711836044,1.00548544238414,120.0
20895,1936.2741007410953,1.00504353012146,120.0
20896,1936.2754896463791,1.00578797579378,120.0
20897,1936.27687855143,1.00536792228841,120.0
20898,1936.2782674567147,1.00521817449219,120.0
20899,1936.2796563617671,1.00551962698685,120.0
20900,1936.281045267052,1.00516458821042,120.0
20901,1936.2824341721032,1.00531310783763,120.0
20902,1936.2838230773873,1.00648743767772,120.0
20903,1936.285211982438,1.00617954620851,120.0
20904,1936.2866008877224,1.00508211404232,120.0
20905,1936.2879897927733,1.00569931095582,120.0
20906,1936.2893786980576,1.00584257924417,120.0
20907,1936.2907676031095,1.00530315482718,120.0
20908,1936.2921565083936,1.00609281337227,120.0
20909,1936.2935454134447,1.0062714360986,120.0
20910,1936.2949343187288,1.00572389671315,120.0
20911,1936.29632322378,1.00524372473495,120.0
20912,1936.297712129064,1.00517176665401,120.0
20913,1936.2991010341148,1.00569786527578,120.0
20914,1936.3004899391667,1.00500983174242,120.0
20915,1936.3018788444513,1.00586669885942,120.0
20916,1936.3032677495028,1.00504494408949,120.0
20917,1936.3046566547864,1.00603699514353,120.0
20918,1936.3060455598377,1.0054006917786,120.0
20919,1936.3074344648887,1.00489521765171,120.0
20920,1936.3088233701728,1.0055343638407,120.0
20921,1936.310212275224,1.0058272996764,120.0
20922,1936.311601180276,1.00534323487804,120.0
20923,1936.3129900855604,1.00584391907268,120.0
20924,1936.3143789906112,1.00564432351284,120.0
20925,1936.3157678956632,1.00560818818228,120.0
20926,1936.317156800948,1.00507772429952,120.0
20927,1936.3185457059992,1.00557040591625,120.0
20928,1936.3199346110505,1.00540788687764,120.0
20929,1936.321323516334,1.00537265628322,120.0
20930,1936.322712421386,1.0045330770869,120.0
20931,1936.324101326438,1.00574801353422,120.0
20932,1936.3254902314889,1.00461083784554,120.0
20933,1936.3268791367727,1.00593173781735,120.0
20934,1936.328268041824,1.00579974373036,120.0
20935,1936.3296569468753,1.00566682647569,120.0
20936,1936.3310458519263,1.00539433382761,120.0
20937,1936.3324347572109,1.00566009752677,120.0
20938,1936.3338236622628,1.00605730333636,120.0
20939,1936.3352125673136,1.00660841461013,120.0
20940,1936.3366014723651,1.00529241639707,120.0
20941,1936.337990377416,1.00484214188519,120.0
20942,1936.3393792827,1.00635834817119,120.0
20943,1936.340768187751,1.00646355465981,120.0
20944,1936.3421570928024,1.00600937283502,120.0
20945,1936.3435459978543,1.00526382184432,120.0
20946,1936.344934902906,1.00576283866929,120.0
20947,1936.346323807957,1.00585457455596,120.0
20948,1936.3477127132412,1.00616026157324,120.0
20949,1936.349101618292,1.00597930071095,120.0
20950,1936.3504905233433,1.00547897773467,120.0
20951,1936.3518794283953,1.0050256299526,120.0
20952,1936.3532683334472,1.00605949753636,120.0
20953,1936.3546572384987,1.0061534574582,120.0
20954,1936.3560461435504,1.00534354297895,120.0
20955,1936.357435048602,1.00590666866702,120.0
20956,1936.3588239536527,1.00559783806171,120.0
20957,1936.360212858704,1.00540605856078,120.0
20958,1936.361601763988,1.00537786257802,120.0
20959,1936.3629906690392,1.00667160219232,120.0
20960,1936.3643795740904,1.00561900301761,120.0
20961,1936.365768479142,1.00560443895523,120.0
20962,1936.367157384194,1.00538632107911,120.0
20963,1936.3685462892452,1.00573590399612,120.0
20964,1936.369935194296,1.00556710799899,120.0
20965,1936.3713240993472,1.00554017210699,120.0
20966,1936.3727130043983,1.00574682036567,120.0
20967,1936.3741019094496,1.00543473458688,120.0
20968,1936.3754908145008,1.0057187401719,120.0
20969,1936.3768797195523,1.0060362077673,120.0
20970,1936.378268624604,1.0061404602848,120.0
20971,1936.3796575296556,1.00596839347405,120.0
20972,1936.3810464347064,1.00578421730376,120.0
20973,1936.3824353397576,1.00479531836661,120.0
20974,1936.383824244576,1.00566880731432,120.0
20975,1936.3852131496271,1.00570849107146,120.0
20976,1936.3866020546784,1.00577813337297,120.0
20977,1936.3879909597308,1.00624022993676,120.0
20978,1936.3893798647832,1.00521595514976,120.0
20979,1936.3907687698345,1.00627478420475,120.0
20980,1936.3921576748855,1.00578303064303,120.0
20981,1936.3935465799368,1.00681402059685,120.0
20982,1936.394935484988,1.0056492865559,120.0
20983,1936.3963243900391,1.0052389741972,120.0
20984,1936.397713294858,1.00580423005149,120.0
20985,1936.3991021999095,1.00550493647646,120.0
20986,1936.4004911049608,1.00497064645491,120.0
20987,1936.401880010012,1.00542384709975,120.0
20988,1936.403268915063,1.0057456476599,120.0
20989,1936.4046578201144,1.00623158973121,120.0
20990,1936.4060467249324,1.00494420074933,120.0
20991,1936.4074356299836,1.00609051566205,120.0
20992,1936.4088245350356,1.00474867867537,120.0
20993,1936.4102134400875,1.00518050639726,120.0
20994,1936.4116023451384,1.00633195253826,120.0
20995,1936.4129912499568,1.00522844716098,120.0
20996,1936.414380155008,1.00634208575172,120.0
20997,1936.4157690600591,1.00623804318165,120.0
20998,1936.41715796511,1.00465971335556,120.0
20999,1936.4185468699288,1.00649669623031,120.0
21000,1936.4199357749803,1.00593248215087,120.0
21001,1936.421324680032,1.00561886029322,120.0
21002,1936.422713585083,1.00672407003397,120.0
21003,1936.4241024899025,1.00588814783938,120.0
21004,1936.425491394954,1.00640122251221,120.0
21005,1936.4268803000052,1.00585775859864,120.0
21006,1936.4282692048232,1.00583621130762,120.0
21007,1936.4296581098747,1.00524905858332,120.0
21008,1936.4310470149264,1.00609987887127,120.0
21009,1936.4324359197456,1.00604490468822,120.0
21010,1936.4338248247968,1.00632465875762,120.0
21011,1936.4352137298476,1.00532577181554,120.0
21012,1936.436602634666,1.00607896772251,120.0
21013,1936.4379915397171,1.00623304007612,120.0
21014,1936.4393804447684,1.00589359250877,120.0
21015,1936.4407693495864,1.00578436393539,120.0
21016,1936.4421582546383,1.00556029629838,120.0
21017,1936.4435471594577,1.005410765939,120.0
21018,1936.4449360645085,1.00552530738416,120.0
21019,1936.4463249695596,1.00597219468097,120.0
21020,1936.447713874378,1.00604302765463,120.0
21021,1936.4491027794288,1.00669494170117,120.0
21022,1936.4504916842473,1.00612099785564,120.0
21023,1936.4518805892992,1.00553763143166,120.0
21024,1936.4532694941183,1.00573862041316,120.0
21025,1936.4546583991691,1.00612064973776,120.0
21026,1936.4560473039876,1.0056511443772,120.0
21027,1936.4574362090384,1.00497133390373,120.0
21028,1936.4588251138568,1.00573892390892,120.0
21029,1936.460214018908,1.00548761705697,120.0
21030,1936.4616029237272,1.00739260049572,120.0
21031,1936.4629918287796,1.00713054389826,120.0
21032,1936.4643807335983,1.00557305219628,120.0
21033,1936.4657696386496,1.00568654481509,120.0
21034,1936.467158543468,1.00515884756441,120.0
21035,1936.4685474485193,1.00662111522598,120.0
21036,1936.4699363533375,1.00528533403756,120.0
21037,1936.4713252583883,1.00544982062058,120.0
21038,1936.4727141632072,1.00606945797148,120.0
21039,1936.4741030682587,1.00580436830615,120.0
21040,1936.4754919730776,1.00580364585609,120.0
21041,1936.476880877896,1.00519587313118,120.0
21042,1936.478269782947,1.00555597036929,120.0
21043,1936.4796586877655,1.00596355223022,120.0
21044,1936.4810475928164,1.00486155386558,120.0
21045,1936.4824364976353,1.00585365270017,120.0
21046,1936.4838254024532,1.00646932991962,120.0
21047,1936.4852143075052,1.00523156077403,120.0
21048,1936.486603212324,1.00588052149721,120.0
21049,1936.4879921171423,1.00552969513177,120.0
21050,1936.4893810221936,1.00557022335017,120.0
21051,1936.490769927012,1.00613786613286,120.0
21052,1936.49215883183,1.0044327649577,120.0
21053,1936.4935477368808,1.00560931275407,120.0
21054,1936.4949366416995,1.00607268072392,120.0
21055,1936.4963255465184,1.00597503074966,120.0
21056,1936.4977144515713,1.00535856386458,120.0
21057,1936.49910335639,1.00526382908125,120.0
21058,1936.500492261208,1.00572415739083,120.0
21059,1936.5018811660264,1.00634927290365,120.0
21060,1936.5032700710776,1.00581489789479,120.0
21061,1936.504658975896,1.00678107174497,120.0
21062,1936.5060478807145,1.0061049510354,120.0
21063,1936.5074367855336,1.00577867300446,120.0
21064,1936.5088256905851,1.00577029095406,120.0
21065,1936.5102145954036,1.00524860905938,120.0
21066,1936.5116035002216,1.00611719584656,120.0
21067,1936.51299240504,1.00582161270985,120.0
21068,1936.5143813098584,1.0064439870541,120.0
21069,1936.5157702149097,1.00605628413552,120.0
21070,1936.5171591197284,1.00545229037537,120.0
21071,1936.5185480245475,1.00663153230251,120.0
21072,1936.5199369293657,1.00714535754396,120.0
21073,1936.521325834184,1.00557462488036,120.0
21074,1936.5227147390024,1.00561085376291,120.0
21075,1936.5241036440536,1.00575432461346,120.0
21076,1936.525492548872,1.00515780216929,120.0
21077,1936.52688145369,1.005320536249,120.0
21078,1936.5282703585092,1.00626812599054,120.0
21079,1936.529659263328,1.00527564764054,120.0
21080,1936.5310481681463,1.00589286581095,120.0
21081,1936.5324370729647,1.00715967197806,120.0
21082,1936.5338259777827,1.00533200205596,120.0
21083,1936.5352148826016,1.00672070903553,120.0
21084,1936.5366037874207,1.00613416630103,120.0
21085,1936.537992692472,1.00653468277699,120.0
21086,1936.539381597291,1.00625294924318,120.0
21087,1936.54077050211,1.00514632394291,120.0
21088,1936.542159406928,1.00627635619462,120.0
21089,1936.5435483117465,1.00584440933626,120.0
21090,1936.544937216565,1.00496685675026,120.0
21091,1936.5463261213831,1.00557789324889,120.0
21092,1936.5477150262016,1.00545295707504,120.0
21093,1936.5491039310195,1.00664011290567,120.0
21094,1936.550492835839,1.00525351527559,120.0
21095,1936.5518817406576,1.00541521966102,120.0
21096,1936.553270645476,1.00565632213229,120.0
21097,1936.5546595502944,1.00586769882519,120.0
21098,1936.556048455113,1.0063825201132,120.0
21099,1936.5574373599309,1.00589932104742,120.0
21100,1936.558826264749,1.00539111394739,120.0
21101,1936.5602151693347,1.00573714190828,120.0
21102,1936.5616040741536,1.00646108425113,120.0
21103,1936.5629929789727,1.00578266545414,120.0
21104,1936.5643818837907,1.00713911553163,120.0
21105,1936.5657707886091,1.00558033074112,120.0
21106,1936.5671596934276,1.0055787436757,120.0
21107,1936.568548598246,1.00600277402909,120.0
21108,1936.569937503064,1.00553900605833,120.0
21109,1936.5713264078831,1.00488415733008,120.0
21110,1936.57271531247,1.00563288167447,120.0
21111,1936.5741042172888,1.00526633141947,120.0
21112,1936.5754931221072,1.0063717731389,120.0
21113,1936.5768820269257,1.00558932177023,120.0
21114,1936.578270931744,1.00556403334179,120.0
21115,1936.579659836562,1.00591908938262,120.0
21116,1936.5810487411477,1.00517474861628,120.0
21117,1936.5824376459664,1.00569758710788,120.0
21118,1936.5838265507855,1.0053566777593,120.0
21119,1936.585215455604,1.00555332433747,120.0
21120,1936.586604360422,1.00566705138241,120.0
21121,1936.5879932650075,1.00608176981422,120.0
21122,1936.589382169826,1.005506385414,120.0
21123,1936.5907710746444,1.00543026554558,120.0
21124,1936.5921599794624,1.00486400770076,120.0
21125,1936.5935488840487,1.00609957805538,120.0
21126,1936.594937788868,1.00569536743746,120.0
21127,1936.5963266936865,1.00541639782573,120.0
21128,1936.5977155985045,1.00531875079008,120.0
21129,1936.5991045030896,1.00497036561776,120.0
21130,1936.600493407908,1.00521682005356,120.0
21131,1936.6018823127265,1.00658502278963,120.0
21132,1936.603271217312,1.00553212390874,120.0
21133,1936.6046601221308,1.00573811560137,120.0
21134,1936.60604902695,1.00647175710181,120.0
21135,1936.6074379315353,1.00569215592874,120.0
21136,1936.6088268363535,1.0055064639129,120.0
21137,1936.6102157411729,1.00589861886741,120.0
21138,1936.6116046457587,1.00674443272444,120.0
21139,1936.6129935505771,1.00576314239727,120.0
21140,1936.6143824553951,1.00581377872533,120.0
21141,1936.6157713599816,1.00508073058671,120.0
21142,1936.6171602648003,1.0046303156472,120.0
21143,1936.618549169386,1.0060407022167,120.0
21144,1936.6199380742044,1.00652702297852,120.0
21145,1936.6213269790223,1.00554073281974,120.0
21146,1936.622715883608,1.00561235889032,120.0
21147,1936.6241047884264,1.00531832619012,120.0
21148,1936.6254936930125,1.005561789179,120.0
21149,1936.6268825978316,1.00604755537121,120.0
21150,1936.6282715024167,1.00486288088597,120.0
21151,1936.6296604072352,1.00540497697428,120.0
21152,1936.6310493118208,1.00560781300945,120.0
21153,1936.6324382166392,1.00570462132555,120.0
21154,1936.6338271214577,1.00577717220252,120.0
21155,1936.6352160260428,1.00563270552794,120.0
21156,1936.636604930862,1.00460329959885,120.0
21157,1936.637993835448,1.00687329333669,120.0
21158,1936.6393827400336,1.00528566178528,120.0
21159,1936.640771644852,1.00545004445884,120.0
21160,1936.6421605494372,1.0050443055126,120.0
21161,1936.6435494542552,1.00607400863754,120.0
21162,1936.6449383588408,1.0054188211337,120.0
21163,1936.6463272636593,1.0059975287657,120.0
21164,1936.6477161682465,1.00568035429646,120.0
21165,1936.6491050730656,1.00579740219978,120.0
21166,1936.6504939776512,1.00506419756514,120.0
21167,1936.6518828822368,1.00505147277465,120.0
21168,1936.6532717870552,1.00555590353382,120.0
21169,1936.6546606916409,1.0058514512763,120.0
21170,1936.6560495964588,1.00518505213751,120.0
21171,1936.657438501044,1.00579771338872,120.0
21172,1936.6588274056303,1.00650634185732,120.0
21173,1936.6602163104496,1.00552017621382,120.0
21174,1936.6616052150353,1.00600084961644,120.0
21175,1936.6629941196204,1.00557332729896,120.0
21176,1936.6643830244384,1.00539245711831,120.0
21177,1936.665771929024,1.00569209629835,120.0
21178,1936.6671608336096,1.00630242650184,120.0
21179,1936.668549738428,1.00534598431693,120.0
21180,1936.669938643014,1.00507722448259,120.0
21181,1936.6713275476,1.00499932863485,120.0
21182,1936.6727164524184,1.00546576361045,120.0
21183,1936.674105357004,1.00544359178344,120.0
21184,1936.6754942615896,1.00512247555717,120.0
21185,1936.6768831661752,1.00605664138365,120.0
21186,1936.6782720709932,1.00584610291321,120.0
21187,1936.6796609755784,1.00539751689121,120.0
21188,1936.681049880165,1.00516929479432,120.0
21189,1936.6824387847512,1.00560811063811,120.0
21190,1936.6838276895696,1.00498334928223,120.0
21191,1936.6852165941548,1.006736376887,120.0
21192,1936.6866054987408,1.00537703359554,120.0
21193,1936.6879944033271,1.00624134453312,120.0
21194,1936.6893833079123,1.00530487164244,120.0
21195,1936.6907722127312,1.00598873462872,120.0
21196,1936.6921611173177,1.00535130988197,120.0
21197,1936.693550021903,1.00518657734867,120.0
21198,1936.6949389264887,1.0054141200261,120.0
21199,1936.696327831074,1.00444152222875,120.0
21200,1936.6977167356597,1.00547883237168,120.0
21201,1936.6991056402449,1.00525543902233,120.0
21202,1936.7004945450633,1.00478821868149,120.0
21203,1936.7018834496496,1.0049810492595,120.0
21204,1936.7032723542357,1.00582021208561,120.0
21205,1936.7046612588213,1.00482537956124,120.0
21206,1936.7060501634064,1.0064476916932,120.0
21207,1936.707439067992,1.00528654341038,120.0
21208,1936.7088279725776,1.00543394002806,120.0
21209,1936.7102168771632,1.00501372518768,120.0
21210,1936.7116057817489,1.00634429451121,120.0
21211,1936.7129946863347,1.00511685818787,120.0
21212,1936.7143835909208,1.00503264522761,120.0
21213,1936.715772495506,1.00586254532164,120.0
21214,1936.7171614000915,1.00592860364171,120.0
21215,1936.7185503049104,1.00545524970154,120.0
21216,1936.7199392094956,1.00514257328362,120.0
21217,1936.7213281140807,1.00504464710502,120.0
21218,1936.7227170186663,1.00503776227808,120.0
21219,1936.724105923253,1.00490840585348,120.0
21220,1936.7254948276072,1.0054537545246,120.0
21221,1936.7268837321928,1.00552342474003,120.0
21222,1936.7282726367785,1.00532645244524,120.0
21223,1936.7296615413636,1.00532251604654,120.0
21224,1936.7310504459492,1.00504269341463,120.0
21225,1936.7324393505344,1.00505946492129,120.0
21226,1936.73382825512,1.00520925753427,120.0
21227,1936.7352171597065,1.00582897447449,120.0
21228,1936.7366060642923,1.00556819329592,120.0
21229,1936.737994968878,1.00546118961419,120.0
21230,1936.739383873463,1.00507644163959,120.0
21231,1936.7407727780487,1.00546451481427,120.0
21232,1936.7421616826343,1.00484084337967,120.0
21233,1936.7435505872195,1.0051852075496,120.0
21234,1936.7449394915732,1.00492601461879,120.0
21235,1936.7463283961592,1.00653806296704,120.0
21236,1936.7477173007449,1.00574183227366,120.0
21237,1936.7491062053305,1.00550158562312,120.0
21238,1936.7504951099156,1.00498299113711,120.0
21239,1936.7518840145012,1.00543287759103,120.0
21240,1936.7532729188536,1.00579397170648,120.0
21241,1936.7546618234392,1.00578060057044,120.0
21242,1936.7560507280257,1.00524336541047,120.0
21243,1936.7574396326115,1.00573281682578,120.0
21244,1936.758828537197,1.00519316717575,120.0
21245,1936.7602174415497,1.00565915701573,120.0
21246,1936.7616063461353,1.00476040487658,120.0
21247,1936.7629952507211,1.00527294167999,120.0
21248,1936.7643841553072,1.00622951920116,120.0
21249,1936.76577305966,1.0047559342053,120.0
21250,1936.7671619642465,1.00544728001433,120.0
21251,1936.7685508688323,1.00621249693268,120.0
21252,1936.769939773418,1.00453243588256,120.0
21253,1936.7713286777705,1.00499834378983,120.0
21254,1936.772717582356,1.00496033480542,120.0
21255,1936.7741064869415,1.00525503775631,120.0
21256,1936.775495391294,1.00515883272591,120.0
21257,1936.7768842958797,1.00542081733372,120.0
21258,1936.7782732004655,1.00535413224024,120.0
21259,1936.7796621048187,1.00496510876589,120.0
21260,1936.7810510094043,1.0044922515426,120.0
21261,1936.78243991399,1.00572854452589,120.0
21262,1936.7838288183427,1.00469219920935,120.0
21263,1936.785217722928,1.00587562967616,120.0
21264,1936.7866066275135,1.00568276404541,120.0
21265,1936.7879955318665,1.00456235476657,120.0
21266,1936.7893844364523,1.00561750420407,120.0
21267,1936.7907733408056,1.00578181967214,120.0
21268,1936.7921622453912,1.00536739157269,120.0
21269,1936.7935511499763,1.00554418375312,120.0
21270,1936.7949400543291,1.00498587020563,120.0
21271,1936.7963289589147,1.00609426670665,120.0
21272,1936.7977178632675,1.00564758694204,120.0
21273,1936.799106767853,1.00467472093579,120.0
21274,1936.800495672206,1.00539593389302,120.0
21275,1936.801884576793,1.00448764200786,120.0
21276,1936.8032734811463,1.00553955711779,120.0
21277,1936.804662385732,1.00540168043656,120.0
21278,1936.806051290317,1.0043027399819,120.0
21279,1936.8074401946697,1.00593789191195,120.0
21280,1936.8088290992553,1.00565122962992,120.0
21281,1936.8102180036087,1.00539188256623,120.0
21282,1936.811606907962,1.00579117009144,120.0
21283,1936.8129958125476,1.00563207048727,120.0
21284,1936.8143847169,1.00517951014753,120.0
21285,1936.8157736214855,1.00614302491535,120.0
21286,1936.8171625258385,1.00502343143007,120.0
21287,1936.818551430424,1.00492151285503,120.0
21288,1936.8199403347764,1.00421029634134,120.0
21289,1936.8213292393625,1.00539807894673,120.0
21290,1936.8227181437155,1.00448062534598,120.0
21291,1936.8241070480683,1.0050062769136,120.0
21292,1936.825495952654,1.00629195323982,120.0
21293,1936.8268848570065,1.0055468683456,120.0
21294,1936.828273761592,1.00505099389708,120.0
21295,1936.8296626659449,1.0049887490215,120.0
21296,1936.8310515702976,1.00456124365866,120.0
21297,1936.8324404748832,1.00516759469655,120.0
21298,1936.8338293792367,1.00552648310589,120.0
21299,1936.8352182835897,1.00404703536751,120.0
21300,1936.8366071881749,1.00497849597145,120.0
21301,1936.8379960925276,1.00528355895752,120.0
21302,1936.83938499688,1.00587755909818,120.0
21303,1936.8407739014665,1.00573425880211,120.0
21304,1936.8421628058195,1.00517450243362,120.0
21305,1936.8435517101732,1.00439544056019,120.0
21306,1936.8449406147593,1.00531945573028,120.0
21307,1936.846329519112,1.00516070297553,120.0
21308,1936.8477184234644,1.00459209077713,120.0
21309,1936.8491073278171,1.00434198237553,120.0
21310,1936.8504962324023,1.00512634923569,120.0
21311,1936.8518851367553,1.00504905168903,120.0
21312,1936.853274041108,1.00457920623214,120.0
21313,1936.8546629454609,1.00492764872082,120.0
21314,1936.8560518500472,1.00557241890381,120.0
21315,1936.8574407544,1.0057212520448,120.0
21316,1936.8588296587525,1.00566340056321,120.0
21317,1936.8602185631053,1.00511597469295,120.0
21318,1936.861607467458,1.00559384910031,120.0
21319,1936.8629963718104,1.00507101645555,120.0
21320,1936.864385276397,1.00478293340244,120.0
21321,1936.86577418075,1.00557227883616,120.0
21322,1936.8671630851024,1.0052251533109,120.0
21323,1936.8685519894552,1.00505918806593,120.0
21324,1936.869940893808,1.00504272653924,120.0
21325,1936.8713297981603,1.00525845559095,120.0
21326,1936.872718702513,1.00420933377516,120.0
21327,1936.8741076070987,1.00551672142871,120.0
21328,1936.875496511452,1.00406419832188,120.0
21329,1936.8768854158056,1.00460420085201,120.0
21330,1936.878274320158,1.00531297136426,120.0
21331,1936.8796632245112,1.0047235581552,120.0
21332,1936.881052128865,1.00503149099801,120.0
21333,1936.8824410332172,1.00505916376381,120.0
21334,1936.88382993757,1.00523657207212,120.0
21335,1936.8852188419223,1.00496190031482,120.0
21336,1936.886607746276,1.00495730993348,120.0
21337,1936.8879966506292,1.00407695170839,120.0
21338,1936.8893855549816,1.00408427001947,120.0
21339,1936.8907744593344,1.00540092260918,120.0
21340,1936.8921633636871,1.00475142487674,120.0
21341,1936.8935522680397,1.00511393728203,120.0
21342,1936.894941172392,1.00525601539874,120.0
21343,1936.8963300767448,1.00530869215914,120.0
21344,1936.8977189810985,1.00524996855247,120.0
21345,1936.8991078854517,1.00407225072277,120.0
21346,1936.900496789804,1.00435063471658,120.0
21347,1936.9018856941568,1.00491712129083,120.0
21348,1936.9032745985096,1.0041562232574,120.0
21349,1936.9046635028624,1.00527798083082,120.0
21350,1936.9060524072147,1.00532017241893,120.0
21351,1936.9074413115673,1.0041514006667,120.0
21352,1936.9088302159207,1.00455716123491,120.0
21353,1936.910219120274,1.00504973854297,120.0
21354,1936.9116080246267,1.00453192581145,120.0
21355,1936.9129969287465,1.00431674052412,120.0
21356,1936.9143858330992,1.00520912455399,120.0
21357,1936.9157747374516,1.00544724323474,120.0
21358,1936.9171636418043,1.00507750494951,120.0
21359,1936.9185525461571,1.00568517586154,120.0
21360,1936.9199414505113,1.00392990257148,120.0
21361,1936.9213303548652,1.00564788299168,120.0
21362,1936.922719258985,1.0046312057424,120.0
21363,1936.9241081633377,1.00499268136507,120.0
21364,1936.9254970676905,1.0049259401882,120.0
21365,1936.9268859720432,1.00444702575105,120.0
21366,1936.9282748763956,1.00470937850489,120.0
21367,1936.929663780516,1.00434176133027,120.0
21368,1936.9310526848697,1.00393411030993,120.0
21369,1936.932441589222,1.00479988288638,120.0
21370,1936.9338304935748,1.00471101357593,120.0
21371,1936.9352193976945,1.00429897954354,120.0
21372,1936.9366083020473,1.00457256976153,120.0
21373,1936.9379972063996,1.00511736930411,120.0
21374,1936.9393861107524,1.00521797145486,120.0
21375,1936.9407750148728,1.0046538958202,120.0
21376,1936.9421639192265,1.00429423784665,120.0
21377,1936.9435528235788,1.00527975870377,120.0
21378,1936.9449417276985,1.00487272914654,120.0
21379,1936.9463306320513,1.00464230447411,120.0
21380,1936.947719536404,1.00402979073074,120.0
21381,1936.9491084405236,1.0050523999289,120.0
21382,1936.9504973448763,1.00488986413199,120.0
21383,1936.9518862492296,1.00439710128341,120.0
21384,1936.9532751533504,1.00511714306958,120.0
21385,1936.9546640577028,1.00567933948003,120.0
21386,1936.9560529620555,1.00452387711458,120.0
21387,1936.9574418661753,1.00440113440897,120.0
21388,1936.9588307705287,1.00490474391864,120.0
21389,1936.960219674882,1.00425278868233,120.0
21390,1936.9616085790017,1.00427153538581,120.0
21391,1936.962997483355,1.00471989611967,120.0
21392,1936.9643863874755,1.00477740384797,120.0
21393,1936.965775291828,1.00444258875455,120.0
21394,1936.967164195948,1.00460068200541,120.0
21395,1936.9685531003008,1.00519720734815,120.0
21396,1936.9699420046531,1.00464544275129,120.0
21397,1936.971330908773,1.00475776980088,120.0
21398,1936.9727198131257,1.00443163208546,120.0
21399,1936.9741087172465,1.00385800926276,120.0
21400,1936.9754976215995,1.00446452847071,120.0
21401,1936.9768865257192,1.00505242299914,120.0
21402,1936.978275430072,1.0045156323091,120.0
21403,1936.9796643341915,1.00393912875722,120.0
21404,1936.981053238544,1.00395756343462,120.0
21405,1936.982442142664,1.00502200298323,120.0
21406,1936.9838310470177,1.00410352787213,120.0
21407,1936.985219951138,1.00491384955317,120.0
21408,1936.9866088552576,1.00454111077175,120.0
21409,1936.9879977596104,1.00495905841031,120.0
21410,1936.9893866637303,1.00445560948308,120.0
21411,1936.990775568083,1.00415440851931,120.0
21412,1936.9921644722028,1.00530706092166,120.0
21413,1936.9935533765552,1.00491608296421,120.0
21414,1936.994942280676,1.0048831108907,120.0
21415,1936.9963311847964,1.00427820097577,120.0
21416,1936.9977200891487,1.00458740480347,120.0
21417,1936.9991089932691,1.00431913349396,120.0
21418,1937.00049789739,1.00433666460501,120.0
21419,1937.0018868017423,1.00442239250549,120.0
21420,1937.0032757058625,1.00440105233793,120.0
21421,1937.0046646099825,1.00508269214292,120.0
21422,1937.0060535143352,1.00452670304718,120.0
21423,1937.007442418456,1.00377559517531,120.0
21424,1937.008831322576,1.00445423216929,120.0
21425,1937.0102202269288,1.005031439707,120.0
21426,1937.0116091310483,1.00415194232334,120.0
21427,1937.012998035168,1.00453599759715,120.0
21428,1937.0143869395208,1.00407606533872,120.0
21429,1937.0157758436403,1.00392830511306,120.0
21430,1937.0171647477612,1.00484427647391,120.0
21431,1937.0185536518816,1.00390174596754,120.0
21432,1937.0199425562344,1.00397190720739,120.0
21433,1937.021331460354,1.00405536939876,120.0
21434,1937.0227203644736,1.00471783092874,120.0
21435,1937.0241092685935,1.0042863249089,120.0
21436,1937.0254981729463,1.00501582697446,120.0
21437,1937.0268870770665,1.00458687208237,120.0
21438,1937.0282759811864,1.00451305497369,120.0
21439,1937.0296648853073,1.00459911144376,120.0
21440,1937.0310537894268,1.00399765531228,120.0
21441,1937.0324426937796,1.00383036820257,120.0
21442,1937.0338315978995,1.00400564379348,120.0
21443,1937.0352205020192,1.00365137607043,120.0
21444,1937.0366094061387,1.00339695989333,120.0
21445,1937.0379983102584,1.00435835381883,120.0
21446,1937.03938721438,1.00418459233848,120.0
21447,1937.0407761185013,1.00496607566351,120.0
21448,1937.0421650228536,1.00483431009734,120.0
21449,1937.0435539269736,1.00473969053389,120.0
21450,1937.0449428310933,1.00427833173789,120.0
21451,1937.0463317352132,1.0043241659419,120.0
21452,1937.0477206393327,1.00419381906087,120.0
21453,1937.0491095434531,1.00361350221693,120.0
21454,1937.050498447574,1.00396128983335,120.0
21455,1937.0518873516935,1.00425617600571,120.0
21456,1937.0532762558137,1.00427224483933,120.0
21457,1937.0546651599332,1.00411742659634,120.0
21458,1937.0560540640531,1.00454250339606,120.0
21459,1937.0574429681728,1.0042575273391,120.0
21460,1937.0588318722928,1.00425579542672,120.0
21461,1937.0602207764136,1.00405547382637,120.0
21462,1937.0616096805336,1.00416035202441,120.0
21463,1937.0629985846535,1.00413656185091,120.0
21464,1937.0643874887735,1.0046254725971,120.0
21465,1937.0657763928932,1.00348479142311,120.0
21466,1937.0671652970127,1.00366843403149,120.0
21467,1937.0685542011329,1.00409098550995,120.0
21468,1937.0699431052528,1.00403853883531,120.0
21469,1937.0713320093732,1.00386432048374,120.0
21470,1937.0727209134936,1.00488417153075,120.0
21471,1937.0741098176131,1.0041608368781,120.0
21472,1937.0754987217333,1.00378701474694,120.0
21473,1937.0768876258533,1.00453576676354,120.0
21474,1937.0782765299728,1.00376380339404,120.0
21475,1937.0796654338603,1.00449370143254,120.0
21476,1937.0810543379807,1.00373871449615,120.0
21477,1937.0824432421016,1.00460064069775,120.0
21478,1937.0838321462224,1.00471087120077,120.0
21479,1937.085221050342,1.00367116549022,120.0
21480,1937.0866099544617,1.0032472520692,120.0
21481,1937.0879988585812,1.0048922391616,120.0
21482,1937.0893877624685,1.00415647673892,120.0
21483,1937.090776666588,1.00414940390961,120.0
21484,1937.092165570708,1.0049348439416,120.0
21485,1937.0935544748284,1.00347451134107,120.0
21486,1937.0949433789488,1.00366972482072,120.0
21487,1937.0963322830687,1.00483806459689,120.0
21488,1937.097721186956,1.00435290855528,120.0
21489,1937.0991100910755,1.00388056721791,120.0
21490,1937.1004989951953,1.00381728325523,120.0
21491,1937.1018878993152,1.004359850901,120.0
21492,1937.1032768032032,1.00336868594523,120.0
21493,1937.1046657073232,1.00375639228657,120.0
21494,1937.1060546114431,1.00324758466728,120.0
21495,1937.107443515563,1.00299273292342,120.0
21496,1937.10883241945,1.00311936374981,120.0
21497,1937.1102213235697,1.00442488389375,120.0
21498,1937.1116102276897,1.0038574390897,120.0
21499,1937.1129991315768,1.00393673914647,120.0
21500,1937.1143880356972,1.00454211269065,120.0
21501,1937.1157769398176,1.00423060183582,120.0
21502,1937.1171658437045,1.00410593425623,120.0
21503,1937.1185547478244,1.00475159328922,120.0
21504,1937.1199436519444,1.00380520840264,120.0
21505,1937.121332555832,1.0038652595819,120.0
21506,1937.1227214599523,1.00441083686227,120.0
21507,1937.124110364072,1.00270214465416,120.0
21508,1937.12549926796,1.00378060534815,120.0
21509,1937.1268881720805,1.00339330287906,120.0
21510,1937.1282770759672,1.00433045338119,120.0
21511,1937.129665980087,1.00329905504533,120.0
21512,1937.1310548842068,1.00366525341404,120.0
21513,1937.132443788094,1.00324165426875,120.0
21514,1937.1338326922137,1.00347776161495,120.0
21515,1937.1352215961008,1.00383174037334,120.0
21516,1937.1366105002212,1.00273445144621,120.0
21517,1937.1379994041088,1.00417423267865,120.0
21518,1937.1393883082287,1.00390286207469,120.0
21519,1937.1407772121156,1.00356193647887,120.0
21520,1937.1421661162356,1.00397221343823,120.0
21521,1937.1435550201224,1.00299559340982,120.0
21522,1937.144943924242,1.00293313591295,120.0
21523,1937.1463328281293,1.00320241320367,120.0
21524,1937.1477217322497,1.00416413765951,120.0
21525,1937.1491106361375,1.00369251336491,120.0
21526,1937.1504995402572,1.00380559449868,120.0
21527,1937.151888444144,1.00342119748866,120.0
21528,1937.153277348264,1.00411626471126,120.0
21529,1937.1546662521507,1.00409713395908,120.0
21530,1937.156055156271,1.00394952292556,120.0
21531,1937.1574440601576,1.00246969982525,120.0
21532,1937.1588329640451,1.00401183259075,120.0
21533,1937.1602218681655,1.00289098106483,120.0
21534,1937.1616107720536,1.00458248360935,120.0
21535,1937.162999676174,1.00306839312977,120.0
21536,1937.1643885800609,1.00314354577826,120.0
21537,1937.165777483948,1.00339313031246,120.0
21538,1937.1671663880677,1.00314456676511,120.0
21539,1937.1685552919555,1.00345192183616,120.0
21540,1937.1699441958433,1.00429384613186,120.0
21541,1937.1713330999632,1.00269641870007,120.0
21542,1937.17272200385,1.0031587150991,120.0
21543,1937.1741109077368,1.00347951533089,120.0
21544,1937.1754998118568,1.00342366794589,120.0
21545,1937.1768887157436,1.00365859602148,120.0
21546,1937.1782776196308,1.00380574384283,120.0
21547,1937.1796665237512,1.00369146653616,120.0
21548,1937.1810554276387,1.00346531525097,120.0
21549,1937.1824443315256,1.00299874602831,120.0
21550,1937.1838332354127,1.00332836084003,120.0
21551,1937.1852221395327,1.00327099212312,120.0
21552,1937.1866110434196,1.0036277538792,120.0
21553,1937.1879999473065,1.00364253112741,120.0
21554,1937.1893888511936,1.0031615913493,120.0
21555,1937.190777755314,1.00242515200018,120.0
21556,1937.1921666592016,1.00329866702651,120.0
21557,1937.1935555630887,1.00242867638382,120.0
21558,1937.1949444669756,1.00272755757335,120.0
21559,1937.1963333708625,1.00363753198488,120.0
21560,1937.1977222749824,1.00374459974313,120.0
21561,1937.1991111788695,1.0027466330191,120.0
21562,1937.2005000827564,1.00285170480123,120.0
21563,1937.201888986644,1.0027776875467,120.0
21564,1937.2032778905325,1.00302992614327,120.0
21565,1937.20466679442,1.00275461397289,120.0
21566,1937.20605569854,1.00263805378169,120.0
21567,1937.207444602427,1.00355872094029,120.0
21568,1937.2088335063136,1.00291615547857,120.0
21569,1937.210222410201,1.00283629135639,120.0
21570,1937.211611314088,1.00278762967098,120.0
21571,1937.2130002179752,1.00349230047839,120.0
21572,1937.2143891218632,1.00341855321687,120.0
21573,1937.21577802575,1.00346284117135,120.0
21574,1937.2171669296367,1.00261630469633,120.0
21575,1937.218555833524,1.00287063085436,120.0
21576,1937.2199447374107,1.00264693485358,120.0
21577,1937.221333641298,1.00302394798144,120.0
21578,1937.2227225451857,1.00352957786088,120.0
21579,1937.2241114490732,1.00358129801864,120.0
21580,1937.2255003529604,1.0031264721979,120.0
21581,1937.2268892568472,1.00313329542021,120.0
21582,1937.2282781607344,1.00284902314357,120.0
21583,1937.2296670646213,1.00231149413092,120.0
21584,1937.231055968508,1.00239345592117,120.0
21585,1937.2324448723953,1.00284189782546,120.0
21586,1937.2338337762828,1.0032708877546,120.0
21587,1937.2352226801704,1.00345356732604,120.0
21588,1937.2366115840575,1.00322256781476,120.0
21589,1937.2380004879444,1.00266022248546,120.0
21590,1937.2393893918313,1.00323650872558,120.0
21591,1937.2407782957184,1.00299294283621,120.0
21592,1937.2421671996055,1.00266354194998,120.0
21593,1937.2435561034924,1.00266516681153,120.0
21594,1937.2449450073807,1.00388645983507,120.0
21595,1937.2463339112687,1.00248642150342,120.0
21596,1937.2477228149232,1.00371005143537,120.0
21597,1937.2491117188104,1.00353538811451,120.0
21598,1937.2505006226972,1.00313545027144,120.0
21599,1937.251889526584,1.00251889039696,120.0
21600,1937.2532784304713,1.00327749252267,120.0
21601,1937.254667334358,1.00252745610139,120.0
21602,1937.256056238013,1.00207219648134,120.0
21603,1937.2574451419007,1.00298060530382,120.0
21604,1937.2588340457876,1.00197992427571,120.0
21605,1937.2602229496745,1.00332627292191,120.0
21606,1937.2616118535616,1.00198941782204,120.0
21607,1937.2630007572157,1.00300203289333,120.0
21608,1937.2643896611028,1.00319876113325,120.0
21609,1937.2657785649897,1.00216669888171,120.0
21610,1937.2671674688777,1.00260107603968,120.0
21611,1937.2685563727648,1.00188926052768,120.0
21612,1937.269945276419,1.00252102729975,120.0
21613,1937.2713341803064,1.00338390997818,120.0
21614,1937.272723084193,1.00306292034664,120.0
21615,1937.2741119878472,1.00292223412833,120.0
21616,1937.2755008917345,1.00381500273832,120.0
21617,1937.2768897956212,1.00337324997013,120.0
21618,1937.278278699276,1.00305655242801,120.0
21619,1937.2796676031635,1.00279135508001,120.0
21620,1937.2810565070504,1.00223890966328,120.0
21621,1937.2824454109375,1.00351097413421,120.0
21622,1937.2838343145916,1.00250467014242,120.0
21623,1937.285223218479,1.00322061286852,120.0
21624,1937.2866121221336,1.00231748322354,120.0
21625,1937.288001026022,1.00284775322662,120.0
21626,1937.2893899299097,1.00346524853969,120.0
21627,1937.2907788335635,1.00370247137203,120.0
21628,1937.2921677374509,1.00350850704837,120.0
21629,1937.2935566411047,1.00279454702372,120.0
21630,1937.294945544992,1.00283600304316,120.0
21631,1937.2963344488787,1.00285692234767,120.0
21632,1937.2977233525328,1.00214157947994,120.0
21633,1937.2991122564204,1.00257192855973,120.0
21634,1937.3005011600756,1.00315546605116,120.0
21635,1937.3018900639624,1.00280444536971,120.0
21636,1937.3032789676165,1.0031579660691,120.0
21637,1937.3046678715036,1.00216321744081,120.0
21638,1937.3060567751577,1.00195740775535,120.0
21639,1937.3074456790448,1.00296675085183,120.0
21640,1937.3088345826989,1.00235768576824,120.0
21641,1937.3102234865864,1.00150298351582,120.0
21642,1937.3116123902416,1.00230996154022,120.0
21643,1937.3130012941283,1.003244938779,120.0
21644,1937.3143901977824,1.0027342668259,120.0
21645,1937.3157791016697,1.00300800585635,120.0
21646,1937.3171680053235,1.00213012135374,120.0
21647,1937.3185569092104,1.00266793043612,120.0
21648,1937.3199458128647,1.00241149684572,120.0
21649,1937.321334716752,1.00252262902654,120.0
21650,1937.3227236204073,1.00265922734939,120.0
21651,1937.324112524061,1.00300533935771,120.0
21652,1937.325501427948,1.00253355464093,120.0
21653,1937.3268903316025,1.00227383789936,120.0
21654,1937.3282792354896,1.00253161250838,120.0
21655,1937.3296681391444,1.00278614430603,120.0
21656,1937.331057042799,1.00273925599819,120.0
21657,1937.332445946687,1.00218049904838,120.0
21658,1937.3338348503416,1.00199467037318,120.0
21659,1937.335223753996,1.00308613952574,120.0
21660,1937.3366126578828,1.0029219517209,120.0
21661,1937.3380015615369,1.00251477167985,120.0
21662,1937.3393904651907,1.00213448956737,120.0
21663,1937.340779369078,1.00337555322666,120.0
21664,1937.3421682727328,1.0022555988156,120.0
21665,1937.3435571763875,1.00274686967715,120.0
21666,1937.3449460800416,1.00088292813627,120.0
21667,1937.3463349839287,1.00304177762473,120.0
21668,1937.3477238875832,1.00153479740644,120.0
21669,1937.3491127912368,1.0031547152319,120.0
21670,1937.3505016948911,1.00224555103562,120.0
21671,1937.3518905987785,1.00288547846466,120.0
21672,1937.3532795024332,1.00224721078926,120.0
21673,1937.354668406088,1.00261198640169,120.0
21674,1937.356057309742,1.00288928332292,120.0
21675,1937.3574462136291,1.00150216421502,120.0
21676,1937.3588351172832,1.00232875782478,120.0
21677,1937.3602240209373,1.00283401606372,120.0
21678,1937.3616129245916,1.00250479101299,120.0
21679,1937.3630018282456,1.00274177124645,120.0
21680,1937.3643907319004,1.00304750072624,120.0
21681,1937.365779635788,1.00183926124303,120.0
21682,1937.3671685394424,1.00258472816665,120.0
21683,1937.368557443096,1.00256574464634,120.0
21684,1937.3699463467503,1.00181895435996,120.0
21685,1937.3713352504053,1.00218126429295,120.0
21686,1937.37272415406,1.00264360481118,120.0
21687,1937.3741130577143,1.00216717766877,120.0
21688,1937.3755019613693,1.00243971113778,120.0
21689,1937.376890865024,1.00225128929775,120.0
21690,1937.3782797689112,1.00216283798506,120.0
21691,1937.3796686725652,1.00149228196162,120.0
21692,1937.3810575762193,1.00204338465836,120.0
21693,1937.3824464798731,1.00140734459252,120.0
21694,1937.3838353835276,1.0021918152497,120.0
21695,1937.385224287182,1.00343344509194,120.0
21696,1937.386613190837,1.00148120003238,120.0
21697,1937.3880020944912,1.00167934737002,120.0
21698,1937.3893909981457,1.00296207540518,120.0
21699,1937.3907799017995,1.00257089494613,120.0
21700,1937.3921688054536,1.00325508855376,120.0
21701,1937.393557709108,1.00167178010705,120.0
21702,1937.394946612762,1.00252754127833,120.0
21703,1937.396335516416,1.00238729655444,120.0
21704,1937.3977244200712,1.00225212984223,120.0
21705,1937.399113323726,1.0030032856083,120.0
21706,1937.40050222738,1.00217052228357,120.0
21707,1937.4018911308017,1.00178793727783,120.0
21708,1937.4032800344555,1.00217153725952,120.0
21709,1937.4046689381096,1.00168856510286,120.0
21710,1937.406057841764,1.00238833174194,120.0
21711,1937.4074467454184,1.00069638089957,120.0
21712,1937.4088356490736,1.00089639920364,120.0
21713,1937.4102245527276,1.00136542006328,120.0
21714,1937.411613456382,1.0019020953533,120.0
21715,1937.413002360036,1.00176634912787,120.0
21716,1937.414391263458,1.00156661183825,120.0
21717,1937.4157801671129,1.0015653238804,120.0
21718,1937.4171690707667,1.00212907408319,120.0
21719,1937.418557974422,1.00181743986718,120.0
21720,1937.4199468780769,1.00177397165162,120.0
21721,1937.421335781498,1.00186431590101,120.0
21722,1937.422724685152,1.00276301117335,120.0
21723,1937.4241135888064,1.00236657734031,120.0
21724,1937.42550249246,1.00163121158605,120.0
21725,1937.4268913961143,1.00132488296898,120.0
21726,1937.428280299536,1.0020526335299,120.0
21727,1937.4296692031908,1.0020855436296,120.0
21728,1937.4310581068455,1.00232209243573,120.0
21729,1937.4324470104996,1.00232133108171,120.0
21730,1937.4338359139208,1.00140847628576,120.0
21731,1937.435224817575,1.00214276422284,120.0
21732,1937.4366137212292,1.00165479776884,120.0
21733,1937.4380026246504,1.0019158631183,120.0
21734,1937.439391528305,1.0023102465269,120.0
21735,1937.4407804319596,1.00154883516651,120.0
21736,1937.4421693356144,1.00141130733155,120.0
21737,1937.443558239036,1.00201853765899,120.0
21738,1937.44494714269,1.00181355808202,120.0
21739,1937.4463360461111,1.00178989311143,120.0
21740,1937.4477249497656,1.00154281281148,120.0
21741,1937.4491138534192,1.00237722123851,120.0
21742,1937.4505027568407,1.00177570443246,120.0
21743,1937.4518916604957,1.00117258634794,120.0
21744,1937.4532805641504,1.00152849290997,120.0
21745,1937.454669467572,1.00106519438472,120.0
21746,1937.456058371226,1.00179493454756,120.0
21747,1937.457447274648,1.00083208086356,120.0
21748,1937.4588361783028,1.00134035656768,120.0
21749,1937.460225081724,1.00103616146402,120.0
21750,1937.4616139853792,1.00238487550681,120.0
21751,1937.4630028890335,1.00145186612925,120.0
21752,1937.4643917924552,1.00101561003204,120.0
21753,1937.4657806961093,1.00159215641743,120.0
21754,1937.4671695995305,1.00128697000811,120.0
21755,1937.4685585031843,1.00172766778601,120.0
21756,1937.469947406606,1.00143579490447,120.0
21757,1937.4713363102603,1.00162651034687,120.0
21758,1937.4727252136825,1.00114581791333,120.0
21759,1937.4741141173367,1.00127326537856,120.0
21760,1937.4755030207584,1.00160447250773,120.0
21761,1937.4768919244125,1.0015162178357,120.0
21762,1937.4782808278335,1.00166280203041,120.0
21763,1937.4796697312552,1.00080426529803,120.0
21764,1937.4810586349092,1.00143617205724,120.0
21765,1937.4824475383305,1.00098218286807,120.0
21766,1937.4838364419857,1.00100121657768,120.0
21767,1937.4852253454071,1.00233825762302,120.0
21768,1937.4866142490616,1.00065417670271,120.0
21769,1937.4880031524829,1.00183579667722,120.0
21770,1937.489392055904,1.00144541072284,120.0
21771,1937.4907809595584,1.00111692253193,120.0
21772,1937.4921698629796,1.00126802885435,120.0
21773,1937.4935587664008,1.00068931295936,120.0
21774,1937.494947670056,1.0018047023638,120.0
21775,1937.4963365734775,1.00141031035609,120.0
21776,1937.4977254768992,1.00137149568044,120.0
21777,1937.4991143805532,1.00104983684114,120.0
21778,1937.5005032839745,1.00109330125767,120.0
21779,1937.5018921873968,1.00097753526572,120.0
21780,1937.5032810910511,1.00112047492891,120.0
21781,1937.5046699944724,1.00151528258264,120.0
21782,1937.5060588978947,1.00113289810611,120.0
21783,1937.5074478013169,1.0012476114517,120.0
21784,1937.5088367049707,1.00096555441635,120.0
21785,1937.510225608392,1.00041142021203,120.0
21786,1937.5116145118131,1.00121131620594,120.0
21787,1937.5130034152348,1.00034484462605,120.0
21788,1937.5143923188891,1.00160898144103,120.0
21789,1937.5157812223113,1.00039070269618,120.0
21790,1937.5171701257327,1.00192289791569,120.0
21791,1937.518559029154,1.00236169386061,120.0
21792,1937.5199479325756,1.00189940438902,120.0
21793,1937.5213368362297,1.00168565880287,120.0
21794,1937.5227257396512,1.00078739597902,120.0
21795,1937.5241146430724,1.00129950019407,120.0
21796,1937.5255035464936,1.00083199764291,120.0
21797,1937.5268924499155,1.00124468413778,120.0
21798,1937.5282813533377,1.0003880479194,120.0
21799,1937.5296702567591,1.00031544178214,120.0
21800,1937.5310591604132,1.001453514177,120.0
21801,1937.5324480638344,1.00053604614762,120.0
21802,1937.533836967256,1.00149881328905,120.0
21803,1937.535225870677,1.00080229174882,120.0
21804,1937.5366147740983,1.00099573303645,120.0
21805,1937.5380036775205,1.00144482954157,120.0
21806,1937.5393925809424,1.00074940822924,120.0
21807,1937.540781484364,1.00047884254326,120.0
21808,1937.5421703877848,1.0010960484066,120.0
21809,1937.5435592912063,1.00021801127081,120.0
21810,1937.5449481946284,1.00123593066875,120.0
21811,1937.5463370980503,1.00010421077936,120.0
21812,1937.5477260014716,1.00074868980794,120.0
21813,1937.5491149048937,1.00196236234476,120.0
21814,1937.550503808316,1.00051253750974,120.0
21815,1937.5518927117369,1.00090321369954,120.0
21816,1937.5532816151583,1.00047530160185,120.0
21817,1937.5546705185795,0.9992631392566,120.0
21818,1937.5560594220008,1.00054518749982,120.0
21819,1937.5574483254225,1.00023919276321,120.0
21820,1937.5588372288437,1.00037401596496,120.0
21821,1937.5602261322656,1.00018111720862,120.0
21822,1937.5616150356875,1.00083717645236,120.0
21823,1937.5630039391087,1.00048280908115,120.0
21824,1937.5643928425304,1.00034559355032,120.0
21825,1937.5657817459517,1.00022512432313,120.0
21826,1937.5671706493729,1.00093034480052,120.0
21827,1937.5685595525613,1.00048918948943,120.0
21828,1937.5699484559827,1.00000264657557,120.0
21829,1937.5713373594049,1.00025379047153,120.0
21830,1937.5727262628268,1.00086005271145,120.0
21831,1937.574115166248,1.00048485878772,120.0
21832,1937.5755040696693,1.0004227994381,120.0
21833,1937.5768929730907,1.00046094984872,120.0
21834,1937.578281876279,1.00038552511271,120.0
21835,1937.5796707797003,1.00028300302196,120.0
21836,1937.5810596831225,1.00035477006412,120.0
21837,1937.5824485865444,1.00092407655085,120.0
21838,1937.5838374899656,1.0001907354417,120.0
21839,1937.5852263931545,1.00026882226663,120.0
21840,1937.5866152965757,1.00035069471531,120.0
21841,1937.5880041999967,1.00096890856396,120.0
21842,1937.5893931034188,1.00090608832388,120.0
21843,1937.590782006608,1.00067738349898,120.0
21844,1937.59217091003,1.0006260004546,120.0
21845,1937.593559813452,1.00057705035362,120.0
21846,1937.5949487166408,0.99984838322995,120.0
21847,1937.5963376200616,1.00038838335269,120.0
21848,1937.5977265234833,1.00053912369596,120.0
21849,1937.5991154269043,1.00080681306217,120.0
21850,1937.6005043300931,1.00028672333898,120.0
21851,1937.6018932335144,1.00027403867023,120.0
21852,1937.603282136936,1.00024046364614,120.0
21853,1937.6046710401251,1.00080471496143,120.0
21854,1937.6060599435468,1.00072989170255,120.0
21855,1937.6074488467352,0.99982658467675,120.0
21856,1937.608837750157,1.00002814639695,120.0
21857,1937.610226653578,1.00026211370637,120.0
21858,1937.6116155567663,1.00065502330774,120.0
21859,1937.6130044601875,1.00002517948449,120.0
21860,1937.6143933636097,1.00060059079027,120.0
21861,1937.6157822667988,1.00077351204297,120.0
21862,1937.61717117022,1.00073750427841,120.0
21863,1937.6185600734088,1.00009447486972,120.0
21864,1937.61994897683,0.9997098152249,120.0
21865,1937.6213378800185,1.00076264491962,120.0
21866,1937.62272678344,1.00042370573035,120.0
21867,1937.6241156866283,0.99971234223097,120.0
21868,1937.6255045900505,1.00037903633844,120.0
21869,1937.6268934932395,1.00015521015993,120.0
21870,1937.6282823966608,1.00042580636382,120.0
21871,1937.6296712998496,1.00007817314474,120.0
21872,1937.6310602032704,1.0000333979487,120.0
21873,1937.6324491064593,1.00069501347024,120.0
21874,1937.6338380098812,1.00026549910066,120.0
21875,1937.6352269130707,1.00020788347701,120.0
21876,1937.6366158164928,1.00081770224002,120.0
21877,1937.6380047196817,0.99957552770891,120.0
21878,1937.6393936231027,1.00028789692211,120.0
21879,1937.640782526291,1.00016573773478,120.0
21880,1937.6421714294795,1.00040969735957,120.0
21881,1937.6435603329012,0.99938655311742,120.0
21882,1937.6449492360896,0.99999303155659,120.0
21883,1937.6463381395115,0.99960339585352,120.0
21884,1937.6477270427004,0.99998663629487,120.0
21885,1937.6491159458892,1.00017969078021,120.0
21886,1937.6505048493104,1.00038894475362,120.0
21887,1937.6518937524993,0.99970533181464,120.0
21888,1937.6532826556872,0.99964651410927,120.0
21889,1937.6546715591087,0.9994316895577,120.0
21890,1937.656060462297,0.99986172178922,120.0
21891,1937.6574493654864,0.99971055693063,120.0
21892,1937.6588382689083,0.99954507833717,120.0
21893,1937.6602271720967,1.00022186075519,120.0
21894,1937.661616075285,0.99992417996685,120.0
21895,1937.6630049787068,0.99980906473969,120.0
21896,1937.6643938818952,0.9999099468509,120.0
21897,1937.665782785084,1.00046265684536,120.0
21898,1937.667171688272,1.00002655580665,120.0
21899,1937.6685605916944,0.99962904599518,120.0
21900,1937.6699494948832,0.99947663171404,120.0
21901,1937.671338398072,0.99916654063472,120.0
21902,1937.6727273012605,0.9997383390899,120.0
21903,1937.6741162044489,0.99884606429949,120.0
21904,1937.67550510787,0.99979111164907,120.0
21905,1937.6768940110585,0.99961674180007,120.0
21906,1937.6782829142471,1.0001757098814,120.0
21907,1937.679671817437,0.99927474011453,120.0
21908,1937.6810607206269,0.99963276117329,120.0
21909,1937.6824496238153,1.00060622587365,120.0
21910,1937.6838385272365,1.00010043729012,120.0
21911,1937.6852274304251,0.99957140597831,120.0
21912,1937.6866163336135,0.99928940980973,120.0
21913,1937.688005236802,0.99987314255907,120.0
21914,1937.6893941399903,0.99915069921099,120.0
21915,1937.69078304318,1.00018811945512,120.0
21916,1937.6921719463687,0.99852205232393,120.0
21917,1937.6935608495576,0.99982678526456,120.0
21918,1937.694949752746,0.99921139249235,120.0
21919,1937.6963386561672,0.9995263484329,120.0
21920,1937.6977275593556,0.99952379905679,120.0
21921,1937.699116462544,0.999931079519,120.0
21922,1937.7005053657333,1.00044491676857,120.0
21923,1937.7018942689224,0.99917985548603,120.0
21924,1937.7032831721112,0.99947414172591,120.0
21925,1937.7046720752992,1.00006410902131,120.0
21926,1937.706060978488,1.0,120.0
21927,1937.7074498816764,0.99946861039376,120.0
21928,1937.7088387848648,0.99931170286223,120.0
21929,1937.7102276880537,0.99893264215134,120.0
21930,1937.7116165912428,0.99936252841578,120.0
21931,1937.713005494432,0.99953183967339,120.0
21932,1937.71439439762,0.99877635148118,120.0
21933,1937.715783300576,0.99990783024089,120.0
21934,1937.7171722037644,1.00008762820635,120.0
21935,1937.7185611069528,0.99856882519102,120.0
21936,1937.7199500101412,0.99894862746091,120.0
21937,1937.7213389133296,0.99995998204043,120.0
21938,1937.7227278165187,0.99924819803324,120.0
21939,1937.7241167197087,0.99940009969805,120.0
21940,1937.725505622898,0.99926794175209,120.0
21941,1937.7268945260864,0.99847117863829,120.0
21942,1937.7282834292753,0.99932455509698,120.0
21943,1937.7296723322308,0.99953198920175,120.0
21944,1937.7310612354192,0.9991017325632,120.0
21945,1937.7324501386076,0.9990254384761,120.0
21946,1937.7338390417967,0.99951821382477,120.0
21947,1937.735227944986,0.99899813176095,120.0
21948,1937.7366168479416,0.99897816835241,120.0
21949,1937.7380057511305,0.99959886878709,120.0
21950,1937.7393946543184,0.99834205152049,120.0
21951,1937.7407835575073,0.99763313643143,120.0
21952,1937.7421724606957,0.9979046608885,120.0
21953,1937.7435613636512,0.99793038975827,120.0
21954,1937.7449502668403,0.9969199941104,120.0
21955,1937.7463391700296,0.99780837208103,120.0
21956,1937.747728073218,0.99847758879847,120.0
21957,1937.7491169761736,0.99705515426081,120.0
21958,1937.7505058793624,0.9990411810699,120.0
21959,1937.7518947825508,0.9980038040616,120.0
21960,1937.7532836855064,0.99656408950085,120.0
21961,1937.7546725886957,0.99740429074498,120.0
21962,1937.7560614918848,0.99653139349354,120.0
21963,1937.7574503948404,0.99761898595547,120.0
21964,1937.7588392980288,0.99696904855471,120.0
21965,1937.7602282012172,0.99667062310193,120.0
21966,1937.7616171041727,0.99669075724565,120.0
21967,1937.7630060073611,0.99726786038833,120.0
21968,1937.76439491055,0.99735609011845,120.0
21969,1937.7657838135065,0.99637667513946,120.0
21970,1937.7671727166955,0.99710345651193,120.0
21971,1937.768561619651,0.99702369791346,120.0
21972,1937.7699505228404,0.99717513104057,120.0
21973,1937.7713394260295,0.99634778287316,120.0
21974,1937.7727283289853,0.99696816891513,120.0
21975,1937.7741172321737,0.99785482384685,120.0
21976,1937.7755061351293,0.99758045132085,120.0
21977,1937.7768950383183,0.99669259431771,120.0
21978,1937.7782839412748,0.9967315723432,120.0
21979,1937.7796728444632,0.99740170328733,120.0
21980,1937.7810617474192,0.99620387894614,120.0
21981,1937.7824506506072,0.99738711991445,120.0
21982,1937.7838395535628,0.99634500118396,120.0
21983,1937.7852284567516,0.99633334802512,120.0
21984,1937.7866173597072,0.99631004223235,120.0
21985,1937.788006262896,0.99685400549358,120.0
21986,1937.7893951658527,0.99605847272511,120.0
21987,1937.7907840690411,0.99688781963237,120.0
21988,1937.7921729719967,0.99739439252314,120.0
21989,1937.793561875185,0.99662422902766,120.0
21990,1937.7949507781411,0.9970244292994,120.0
21991,1937.7963396810967,0.99620879858145,120.0
21992,1937.797728584285,0.99672067169133,120.0
21993,1937.7991174872416,0.99700520489186,120.0
21994,1937.8005063904304,0.9955253538318,120.0
21995,1937.8018952933865,0.99652426350735,120.0
21996,1937.803284196342,0.99630676601027,120.0
21997,1937.8046730995304,0.99641468795756,120.0
21998,1937.806062002486,0.9966320651854,120.0
21999,1937.8074509054416,0.99714942207919,120.0
22000,1937.8088398086304,0.99633256048834,120.0
22001,1937.8102287115864,0.99674534986002,120.0
22002,1937.811617614543,0.99656479931386,120.0
22003,1937.8130065177313,0.99708303635767,120.0
22004,1937.814395420687,0.996251936307,120.0
22005,1937.815784323643,0.99587235236576,120.0
22006,1937.817173226832,0.99596808992517,120.0
22007,1937.818562129788,0.99636542009554,120.0
22008,1937.8199510327447,0.99776026446229,120.0
22009,1937.8213399357007,0.99675365789385,120.0
22010,1937.8227288388896,0.99674100901286,120.0
22011,1937.8241177418452,0.99581566527482,120.0
22012,1937.8255066448007,0.9966020319109,120.0
22013,1937.826895547756,0.99685115216969,120.0
22014,1937.828284450712,0.99590651398828,120.0
22015,1937.8296733539005,0.99579163243261,120.0
22016,1937.8310622568567,0.99601199325319,120.0
22017,1937.8324511598132,0.99606169178787,120.0
22018,1937.8338400627688,0.99647335044229,120.0
22019,1937.8352289657244,0.99759170093912,120.0
22020,1937.8366178689128,0.99660192625039,120.0
22021,1937.8380067718688,0.99826086209543,120.0
22022,1937.8393956748243,0.99683558269297,120.0
22023,1937.84078457778,0.99646013264885,120.0
22024,1937.8421734807364,0.99615394129807,120.0
22025,1937.8435623836929,0.99590725644053,120.0
22026,1937.8449512866484,0.99652020054513,120.0
22027,1937.846340189604,0.99626357889335,120.0
22028,1937.8477290925596,0.99658183463994,120.0
22029,1937.8491179955151,0.99546060933858,120.0
22030,1937.8505068987035,0.99552295216537,120.0
22031,1937.8518958016596,0.99594470190376,120.0
22032,1937.853284704616,0.99657323890538,120.0
22033,1937.854673607572,0.99587026698702,120.0
22034,1937.8560625105276,0.99535749000295,120.0
22035,1937.8574514134832,0.99617131400286,120.0
22036,1937.8588403164392,0.9964839712929,120.0
22037,1937.8602292193948,0.99517330815724,120.0
22038,1937.8616181223504,0.99717888510358,120.0
22039,1937.8630070253068,0.99633226732824,120.0
22040,1937.8643959282635,0.99508679671734,120.0
22041,1937.86578483122,0.99607079452979,120.0
22042,1937.867173734176,0.99539519133557,120.0
22043,1937.8685626368983,0.99664179511214,120.0
22044,1937.869951539854,0.9967032523335,120.0
22045,1937.87134044281,0.99520476028831,120.0
22046,1937.8727293457655,0.99664564549976,120.0
22047,1937.8741182487215,0.9960293194565,120.0
22048,1937.8755071516784,0.99586186202173,120.0
22049,1937.8768960546336,0.99590064099165,120.0
22050,1937.8782849575896,0.99594524334008,120.0
22051,1937.8796738605452,0.99560847095575,120.0
22052,1937.8810627635007,0.99610064443091,120.0
22053,1937.8824516662237,0.99597672157408,120.0
22054,1937.8838405691793,0.99625281127201,120.0
22055,1937.8852294721355,0.99622021866349,120.0
22056,1937.886618375092,0.99742678752823,120.0
22057,1937.8880072780476,0.99651549954827,120.0
22058,1937.8893961807703,0.99611754396368,120.0
22059,1937.890785083726,0.99584290484048,120.0
22060,1937.8921739866817,0.99638257209808,120.0
22061,1937.8935628896377,0.99566277412702,120.0
22062,1937.8949517925932,0.99572834854414,120.0
22063,1937.896340695317,0.99646161342306,120.0
22064,1937.8977295982727,0.99581366616607,120.0
22065,1937.8991185012285,0.99641073496726,120.0
22066,1937.900507404184,0.99566184590246,120.0
22067,1937.9018963069072,0.99676639939801,120.0
22068,1937.9032852098628,0.99611125166106,120.0
22069,1937.9046741128184,0.99714005252337,120.0
22070,1937.9060630155411,0.99676553427035,120.0
22071,1937.9074519184976,0.99825141374434,120.0
22072,1937.9088408214536,0.99730730333291,120.0
22073,1937.9102297241773,0.99717057363799,120.0
22074,1937.9116186271335,0.99738601534954,120.0
22075,1937.913007530089,0.99705767385186,120.0
22076,1937.914396432812,0.99789989849637,120.0
22077,1937.915785335768,0.99828131892239,120.0
22078,1937.9171742387236,0.99747439038646,120.0
22079,1937.9185631414473,0.99769084312333,120.0
22080,1937.919952044403,0.99805187341519,120.0
22081,1937.9213409471265,0.9972521871636,120.0
22082,1937.9227298500816,0.99790447750067,120.0
22083,1937.9241187530376,0.99747858134462,120.0
22084,1937.9255076557604,0.99709515998237,120.0
22085,1937.926896558716,0.99767686095195,120.0
22086,1937.9282854614387,0.99799593262758,120.0
22087,1937.9296743643952,0.99769485723077,120.0
22088,1937.9310632671188,0.99843585224438,120.0
22089,1937.9324521700744,0.99722453545008,120.0
22090,1937.9338410727971,0.99756860953542,120.0
22091,1937.9352299757527,0.99651123768916,120.0
22092,1937.9366188784757,0.99771780277023,120.0
22093,1937.9380077814312,0.99718293605495,120.0
22094,1937.9393966841549,0.99675814941855,120.0
22095,1937.9407855871111,0.99839741118438,120.0
22096,1937.9421744898336,0.99797793617884,120.0
22097,1937.9435633927897,0.99702755383891,120.0
22098,1937.9449522955128,0.99644760918629,120.0
22099,1937.9463411982351,0.99676097723793,120.0
22100,1937.9477301011907,0.99727598018738,120.0
22101,1937.9491190039137,0.99790342449992,120.0
22102,1937.95050790687,0.99730263012263,120.0
22103,1937.9518968095936,0.99812597390687,120.0
22104,1937.9532857123163,0.99769127006552,120.0
22105,1937.954674615272,0.99741315296526,120.0
22106,1937.9560635179948,0.99693938536092,120.0
22107,1937.9574524207185,0.99668880967168,120.0
22108,1937.9588413236747,0.99697647127747,120.0
22109,1937.9602302263977,0.99702704543538,120.0
22110,1937.9616191291211,0.99670091269653,120.0
22111,1937.9630080320771,0.99739761195779,120.0
22112,1937.9643969348003,0.99784329731094,120.0
22113,1937.9657858375233,0.99755864724149,120.0
22114,1937.9671747404789,0.99790879899707,120.0
22115,1937.9685636432016,0.9962552001957,120.0
22116,1937.9699525459243,0.99676549901509,120.0
22117,1937.9713414486473,0.99705591521432,120.0
22118,1937.9727303516036,0.99700425353227,120.0
22119,1937.9741192543272,0.9965346317605,120.0
22120,1937.97550815705,0.99733932241684,120.0
22121,1937.976897059773,0.99640367360627,120.0
22122,1937.978285962728,0.99662207252582,120.0
22123,1937.9796748654512,0.9976512470381,120.0
22124,1937.981063768174,0.99691822961383,120.0
22125,1937.9824526708967,0.99657530425232,120.0
22126,1937.9838415736203,0.99791039234674,120.0
22127,1937.9852304763435,0.99661198968918,120.0
22128,1937.9866193792996,0.997030583677,120.0
22129,1937.9880082820223,0.99610692496323,120.0
22130,1937.9893971847453,0.99661261985805,120.0
22131,1937.990786087468,0.99736804982025,120.0
22132,1937.9921749901907,0.99786688057907,120.0
22133,1937.9935638929144,0.99659269653959,120.0
22134,1937.9949527956376,0.99599318952496,120.0
22135,1937.9963416983608,0.99669409990169,120.0
22136,1937.9977306013163,0.99703677862292,120.0
22137,1937.9991195040393,0.99621424331645,120.0
22138,1938.000508406762,0.997228354698,120.0
22139,1938.0018973094848,0.99626896494119,120.0
22140,1938.0032862122075,0.99753057331733,120.0
22141,1938.0046751149312,0.99697315767176,120.0
22142,1938.0060640176553,0.99679611149995,120.0
22143,1938.007452920379,0.99639915233348,120.0
22144,1938.0088418231016,0.99698462368323,120.0
22145,1938.0102307258248,0.99722346798573,120.0
22146,1938.0116196285471,0.99539985915174,120.0
22147,1938.01300853127,0.99652359424135,120.0
22148,1938.0143974339928,0.99614024642265,120.0
22149,1938.0157863367165,0.9971989954003,120.0
22150,1938.01717523944,0.99679491370711,120.0
22151,1938.0185641421629,0.99578849833877,120.0
22152,1938.0199530446528,0.99722853947913,120.0
22153,1938.0213419473755,0.99611103553902,120.0
22154,1938.0227308500985,0.99688915868378,120.0
22155,1938.0241197528217,0.99557967730126,120.0
22156,1938.025508655544,0.9973148288752,120.0
22157,1938.0268975582676,0.99673622717532,120.0
22158,1938.0282864609912,0.99607377453074,120.0
22159,1938.029675363714,0.99638059785921,120.0
22160,1938.0310642664367,0.99565822841091,120.0
22161,1938.0324531689268,0.99753089091167,120.0
22162,1938.0338420716496,0.996473106462,120.0
22163,1938.0352309743723,0.99654528026258,120.0
22164,1938.0366198770953,0.99592449653337,120.0
22165,1938.0380087798187,0.99637970440023,120.0
22166,1938.0393976823095,0.9962339333088,120.0
22167,1938.040786585032,0.99622738881779,120.0
22168,1938.0421754877552,0.99625481911813,120.0
22169,1938.043564390478,0.9957671179135,120.0
22170,1938.0449532932007,0.9958903351677,120.0
22171,1938.0463421956908,0.99585132625065,120.0
22172,1938.0477310984136,0.99586555961144,120.0
22173,1938.0491200011372,0.99676008047626,120.0
22174,1938.050508903628,0.99697901756942,120.0
22175,1938.0518978063503,0.99588599787339,120.0
22176,1938.053286709074,0.99592847154139,120.0
22177,1938.0546756117976,0.99587015681727,120.0
22178,1938.0560645142875,0.99545422917172,120.0
22179,1938.0574534170105,0.99611254933884,120.0
22180,1938.058842319734,0.99640614357845,120.0
22181,1938.0602312222247,0.99600967199622,120.0
22182,1938.0616201249472,0.99578511523907,120.0
22183,1938.0630090276704,0.99690404612358,120.0
22184,1938.06439793016,0.99575292284813,120.0
22185,1938.0657868328833,0.99558810190253,120.0
22186,1938.0671757353732,0.99560960537568,120.0
22187,1938.068564638096,0.9958732246456,120.0
22188,1938.0699535408191,0.99662921196799,120.0
22189,1938.07134244331,0.9954050073984,120.0
22190,1938.0727313460327,0.99639492219033,120.0
22191,1938.0741202485233,0.99660892235369,120.0
22192,1938.0755091512456,0.9964454606914,120.0
22193,1938.0768980537357,0.99625311327834,120.0
22194,1938.0782869564584,0.99560160294934,120.0
22195,1938.0796758589483,0.99556629623595,120.0
22196,1938.081064761672,0.99517753621359,120.0
22197,1938.0824536641628,0.99590174002699,120.0
22198,1938.0838425668856,0.99651794058583,120.0
22199,1938.0852314693752,0.99537524121028,120.0
22200,1938.0866203720984,0.99621136028504,120.0
22201,1938.0880092745883,0.99543507545795,120.0
22202,1938.0893981773113,0.99601499951309,120.0
22203,1938.0907870798012,0.99598365769313,120.0
22204,1938.0921759825249,0.99644719442629,120.0
22205,1938.0935648850152,0.99561898828257,120.0
22206,1938.094953787738,0.99683079301705,120.0
22207,1938.0963426902283,0.9962280304294,120.0
22208,1938.0977315927184,0.99598683459143,120.0
22209,1938.0991204954407,0.99615304699244,120.0
22210,1938.1005093979309,0.99616071325094,120.0
22211,1938.1018983004208,0.99519285107538,120.0
22212,1938.103287203145,0.99638977060705,120.0
22213,1938.1046761056368,0.99498924811857,120.0
22214,1938.106065008359,0.99551269595679,120.0
22215,1938.1074539108492,0.99602838721732,120.0
22216,1938.1088428133392,0.99567796386665,120.0
22217,1938.1102317158295,0.99620181754852,120.0
22218,1938.111620618552,0.99679079632867,120.0
22219,1938.1130095210428,0.99555446762794,120.0
22220,1938.1143984235337,0.99526791359883,120.0
22221,1938.1157873262564,0.99599548661646,120.0
22222,1938.1171762287463,0.99565285863857,120.0
22223,1938.1185651312364,0.99560076315452,120.0
22224,1938.1199540337263,0.99662156624139,120.0
22225,1938.1213429364489,0.99545455237951,120.0
22226,1938.1227318389392,0.99542997086796,120.0
22227,1938.1241207414296,0.99498242309268,120.0
22228,1938.1255096439209,0.99564912726645,120.0
22229,1938.1268985464103,0.99668529875016,120.0
22230,1938.1282874491333,0.99546620534528,120.0
22231,1938.1296763516232,0.99540467029627,120.0
22232,1938.1310652541133,0.99493797875313,120.0
22233,1938.1324541566032,0.99635033994817,120.0
22234,1938.1338430590931,0.99559794918106,120.0
22235,1938.135231961584,0.99568173135191,120.0
22236,1938.1366208643076,0.99558640073207,120.0
22237,1938.1380097667975,0.99597927768454,120.0
22238,1938.1393986692876,0.99567045772175,120.0
22239,1938.1407875717775,0.99530643011906,120.0
22240,1938.1421764742672,0.99543113955453,120.0
22241,1938.1435653767571,0.99585750840137,120.0
22242,1938.1449542792473,0.99569397910838,120.0
22243,1938.146343181738,0.99603451279185,120.0
22244,1938.147732084229,0.99550056737414,120.0
22245,1938.1491209867188,0.99565643492477,120.0
22246,1938.1505098892087,0.99568236353419,120.0
22247,1938.1518987916995,0.99495895647283,120.0
22248,1938.1532876941903,0.99518869422909,120.0
22249,1938.15467659668,0.99458291723038,120.0
22250,1938.15606549917,0.99544277627593,120.0
22251,1938.1574544016607,0.99525824284193,120.0
22252,1938.1588433041516,0.99584609831304,120.0
22253,1938.1602322066417,0.99537590337371,120.0
22254,1938.1616211091316,0.99501747155643,120.0
22255,1938.1630100116215,0.99551421414842,120.0
22256,1938.1643989141112,0.99551461407935,120.0
22257,1938.1657878166016,0.99547272874335,120.0
22258,1938.167176719092,0.99570158761186,120.0
22259,1938.1685656215827,0.99568268317933,120.0
22260,1938.1699545240729,0.99497825749626,120.0
22261,1938.172732329053,0.99536520367288,120.0
22262,1938.17412123131,0.99518524150447,120.0
22263,1938.1755101338,0.99476258964274,120.0
22264,1938.17689903629,0.99530237101561,120.0
22265,1938.1782879387808,0.99430068071201,120.0
22266,1938.1796768412712,0.99570342131115,120.0
22267,1938.181065743761,0.99482412254356,120.0
22268,1938.1824546460184,0.99467481391122,120.0
22269,1938.1838435485083,0.99418587391289,120.0
22270,1938.1852324509985,0.99534373664014,120.0
22271,1938.1866213534884,0.99439436927568,120.0
22272,1938.1880102559785,0.99497308612939,120.0
22273,1938.189399158236,0.99559884952573,120.0
22274,1938.1907880607273,0.99471807927389,120.0
22275,1938.1921769632168,0.9950705145467,120.0
22276,1938.193565865707,0.99471870933226,120.0
22277,1938.194954767964,0.99500818251017,120.0
22278,1938.1963436704543,0.99538008520859,120.0
22279,1938.197732572944,0.99470187077573,120.0
22280,1938.1991214752013,0.99413705269985,120.0
22281,1938.200510377692,0.99446399436962,120.0
22282,1938.2018992801832,0.99440112323485,120.0
22283,1938.2032881824412,0.99528059365429,120.0
22284,1938.2046770849313,0.9951933670115,120.0
22285,1938.2060659874212,0.99620933963572,120.0
22286,1938.2074548896785,0.99498091796186,120.0
22287,1938.2088437921684,0.99530914752215,120.0
22288,1938.2102326946583,0.99460161369166,120.0
22289,1938.211621596916,0.99556360180374,120.0
22290,1938.213010499407,0.9950465362296,120.0
22291,1938.214399401664,0.99536932994254,120.0
22292,1938.215788304154,0.99446048515807,120.0
22293,1938.217177206644,0.99569195568292,120.0
22294,1938.218566108901,0.99431326399057,120.0
22295,1938.2199550113912,0.99413374232114,120.0
22296,1938.2213439136483,0.99461062846002,120.0
22297,1938.2227328161391,0.99579323134491,120.0
22298,1938.2241217183969,0.9946317680953,120.0
22299,1938.2255106208872,0.99514398241434,120.0
22300,1938.226899523144,0.99478658143457,120.0
22301,1938.228288425634,0.99430114920139,120.0
22302,1938.2296773278913,0.99437268198741,120.0
22303,1938.2310662303812,0.99371916128807,120.0
22304,1938.2324551326387,0.995039011481,120.0
22305,1938.2338440351296,0.99430625655389,120.0
22306,1938.2352329373869,0.99454399840911,120.0
22307,1938.2366218398768,0.99455538356445,120.0
22308,1938.238010742134,0.99373946271825,120.0
22309,1938.2393996443911,0.9940168047521,120.0
22310,1938.2407885468813,0.99350302413629,120.0
22311,1938.2421774491384,0.99342825482395,120.0
22312,1938.2435663516292,0.99359782519561,120.0
22313,1938.2449552538867,0.99381622691073,120.0
22314,1938.246344156144,0.99337336862795,120.0
22315,1938.247733058634,0.99366591039482,120.0
22316,1938.2491219608912,0.99290772134439,120.0
22317,1938.250510863148,0.99288765589469,120.0
22318,1938.251899765639,0.99349838239672,120.0
22319,1938.2532886678969,0.99335719097929,120.0
22320,1938.2546775701544,0.99315837434422,120.0
22321,1938.2560664726457,0.99375672536893,120.0
22322,1938.2574553749023,0.99274317259047,120.0
22323,1938.25884427716,0.99262579842833,120.0
22324,1938.260233179417,0.99293459594449,120.0
22325,1938.2616220819073,0.99432606074382,120.0
22326,1938.263010984164,0.99272282112103,120.0
22327,1938.2643998864212,0.99323609049861,120.0
22328,1938.2657887886792,0.99285864422325,120.0
22329,1938.2671776911695,0.99289034101296,120.0
22330,1938.2685665934273,0.99260034496124,120.0
22331,1938.269955495684,0.99354036887708,120.0
22332,1938.2713443979412,0.99231561437281,120.0
22333,1938.2727333001983,0.99251790368991,120.0
22334,1938.2741222024556,0.99355253025475,120.0
22335,1938.2755111049455,0.99326418058281,120.0
22336,1938.2769000072033,0.99260277728179,120.0
22337,1938.2782889094613,0.99371833704534,120.0
22338,1938.2796778117183,0.99315489763114,120.0
22339,1938.2810667139756,0.99340403603315,120.0
22340,1938.2824556162327,0.99393815996528,120.0
22341,1938.28384451849,0.99315641428065,120.0
22342,1938.285233420747,0.99326854908853,120.0
22343,1938.286622323238,0.99262409854896,120.0
22344,1938.2880112254957,0.99233694814433,120.0
22345,1938.2894001277527,0.99262435290292,120.0
22346,1938.29078903001,0.99348432729175,120.0
22347,1938.2921779322671,0.9931285523998,120.0
22348,1938.293566834524,0.99384608175302,120.0
22349,1938.2949557367815,0.99277226821189,120.0
22350,1938.2963446390384,0.99365007937649,120.0
22351,1938.2977335412963,0.99288335014852,120.0
22352,1938.2991224435543,0.99307105709025,120.0
22353,1938.3005113458112,0.99273284331529,120.0
22354,1938.3019002480687,0.99239994874725,120.0
22355,1938.3032891503265,0.99288848210912,120.0
22356,1938.3046780525844,0.99314074680426,120.0
22357,1938.3060669548415,0.9923280750296,120.0
22358,1938.3074558570984,0.99274436733468,120.0
22359,1938.3088447591235,0.9924828693922,120.0
22360,1938.3102336613815,0.9924443095362,120.0
22361,1938.3116225636388,0.99290478849168,120.0
22362,1938.313011465896,0.99202263686837,120.0
22363,1938.3144003681527,0.99322353248839,120.0
22364,1938.31578927041,0.99303098201454,120.0
22365,1938.3171781726671,0.99261458509897,120.0
22366,1938.3185670749249,0.99176457982183,120.0
22367,1938.3199559769496,0.99280727368433,120.0
22368,1938.3213448792071,0.99244908824856,120.0
22369,1938.3227337814644,0.9927149878039,120.0
22370,1938.3241226837215,0.9929494643283,120.0
22371,1938.3255115859793,0.99265722838923,120.0
22372,1938.3269004880033,0.99333650217062,120.0
22373,1938.3282893902604,0.99379422243535,120.0
22374,1938.3296782925177,0.99273008462446,120.0
22375,1938.3310671947752,0.99280760742959,120.0
22376,1938.3324560970336,0.99299352404267,120.0
22377,1938.3338449990576,0.99280257583783,120.0
22378,1938.3352339013147,0.99348559248401,120.0
22379,1938.336622803572,0.99312122954747,120.0
22380,1938.338011705596,0.99292269964585,120.0
22381,1938.3394006078531,0.99251443922039,120.0
22382,1938.3407895101104,0.99215620750226,120.0
22383,1938.3421784123684,0.99244213082953,120.0
22384,1938.343567314393,0.99293797634227,120.0
22385,1938.3449562166504,0.99351415637356,120.0
22386,1938.3463451189075,0.99322871393731,120.0
22387,1938.347734020932,0.99312825781726,120.0
22388,1938.3491229231893,0.99407046328734,120.0
22389,1938.3505118252135,0.99319465569031,120.0
22390,1938.3519007274715,0.99363669986767,120.0
22391,1938.3532896297293,0.99321432012747,120.0
22392,1938.354678531754,0.99438089685746,120.0
22393,1938.356067434012,0.99564254403803,120.0
22394,1938.3574563360364,0.99376039476433,120.0
22395,1938.3588452382935,0.99376552002745,120.0
22396,1938.360234140318,0.99371664714013,120.0
22397,1938.3616230425753,0.99388321328148,120.0
22398,1938.3630119448328,0.99480185862614,120.0
22399,1938.364400846858,0.99365508353855,120.0
22400,1938.3657897491153,0.99397605407137,120.0
22401,1938.3671786511395,0.99421694416148,120.0
22402,1938.3685675533968,0.9940721064045,120.0
22403,1938.3699564554208,0.99388199475191,120.0
22404,1938.3713453574453,0.99421346133994,120.0
22405,1938.3727342597024,0.99325898821803,120.0
22406,1938.3741231617275,0.99414093498518,120.0
22407,1938.3755120639855,0.99345486111356,120.0
22408,1938.3769009660095,0.99366424328362,120.0
22409,1938.3782898682668,0.99347832619091,120.0
22410,1938.379678770291,0.99354520111569,120.0
22411,1938.3810676725484,0.99409520199803,120.0
22412,1938.3824565745729,0.99395107307555,120.0
22413,1938.3838454765971,0.99388181867181,120.0
22414,1938.3852343788549,0.99484742675613,120.0
22415,1938.38662328088,0.99338620181729,120.0
22416,1938.388012182904,0.99327937751505,120.0
22417,1938.3894010851611,0.99431630491861,120.0
22418,1938.3907899871856,0.99315130287313,120.0
22419,1938.39217888921,0.99348266054348,120.0
22420,1938.3935677914671,0.9944712130287,120.0
22421,1938.3949566934912,0.99359211236015,120.0
22422,1938.3963455955163,0.9936518497275,120.0
22423,1938.3977344977743,0.99386820220459,120.0
22424,1938.3991233997988,0.9935905597955,120.0
22425,1938.4005123018233,0.99423050649261,120.0
22426,1938.4019012038473,0.99311475563195,120.0
22427,1938.4032901061044,0.99267258382697,120.0
22428,1938.4046790081288,0.99332095786579,120.0
22429,1938.4060679101544,0.99468466829852,120.0
22430,1938.40745681218,0.99347048543651,120.0
22431,1938.4088457142043,0.99354731973791,120.0
22432,1938.4102346164616,0.99311557128755,120.0
22433,1938.4116235184863,0.99273556397864,120.0
22434,1938.4130124205103,0.99335818704435,120.0
22435,1938.4144013225348,0.99370317182725,120.0
22436,1938.4157902245593,0.99362143641785,120.0
22437,1938.417179126584,0.9937419156157,120.0
22438,1938.4185680286091,0.99311532779659,120.0
22439,1938.4199569308664,0.99369694663881,120.0
22440,1938.4213458328904,0.9936655088227,120.0
22441,1938.422734734915,0.99349202929901,120.0
22442,1938.4241236369392,0.99330516474839,120.0
22443,1938.4255125389636,0.99351714614679,120.0
22444,1938.426901440988,0.99377953102421,120.0
22445,1938.4282903430128,0.99371503856652,120.0
22446,1938.429679245038,0.99322634803873,120.0
22447,1938.4310681470624,0.99345761061039,120.0
22448,1938.4324570490865,0.99352135908271,120.0
22449,1938.4338459511112,0.99356737121421,120.0
22450,1938.4352348531352,0.99376625892399,120.0
22451,1938.4366237551596,0.99323822977291,120.0
22452,1938.438012657184,0.99354225922762,120.0
22453,1938.4394015592088,0.99376658990721,120.0
22454,1938.4407904612344,0.99384548786682,120.0
22455,1938.4421793632584,0.99347184981452,120.0
22456,1938.4435682652825,0.99357753614966,120.0
22457,1938.4449571673067,0.99337214573371,120.0
22458,1938.4463460693312,0.99370265407393,120.0
22459,1938.447734971356,0.99372198523076,120.0
22460,1938.44912387338,0.9939968206758,120.0
22461,1938.4505127754048,0.99338731815089,120.0
22462,1938.4519016771972,0.99345710236012,120.0
22463,1938.4532905792216,0.99261057080278,120.0
22464,1938.454679481246,0.99239437187168,120.0
22465,1938.4560683832703,0.99345313686107,120.0
22466,1938.4574572852944,0.9930366497331,120.0
22467,1938.4588461873195,0.99264964938501,120.0
22468,1938.460235089112,0.99326455779563,120.0
22469,1938.4616239911368,0.99407864899308,120.0
22470,1938.463012893162,0.99261309558493,120.0
22471,1938.464401795186,0.9927732688741,120.0
22472,1938.4657906972104,0.9934144963028,120.0
22473,1938.467179599002,0.99349061595502,120.0
22474,1938.4685685010263,0.99296127753584,120.0
22475,1938.4699574030508,0.99227585734162,120.0
22476,1938.4713463050757,0.99416699689601,120.0
22477,1938.472735206868,0.99354310208855,120.0
22478,1938.474124108892,0.99297058785275,120.0
22479,1938.4755130109163,0.99391213765792,120.0
22480,1938.4769019129408,0.99305924955027,120.0
22481,1938.4782908147324,0.99317224383285,120.0
22482,1938.479679716757,0.99274120608255,120.0
22483,1938.481068618781,0.99274865295454,120.0
22484,1938.4824575205732,0.99282316771098,120.0
22485,1938.4838464225984,0.99276288933666,120.0
22486,1938.4852353243896,0.9935167559769,120.0
22487,1938.486624226414,0.993314418587,120.0
22488,1938.4880131284383,0.99293384339752,120.0
22489,1938.48940203023,0.99328905487533,120.0
22490,1938.4907909322544,0.99350086652843,120.0
22491,1938.4921798340456,0.99262844794087,120.0
22492,1938.4935687360708,0.99301064917009,120.0
22493,1938.4949576380957,0.99313952232467,120.0
22494,1938.496346539887,0.99289125459324,120.0
22495,1938.497735441912,0.9922581221812,120.0
22496,1938.4991243437032,0.99246977601415,120.0
22497,1938.5005132457272,0.99281287484681,120.0
22498,1938.5019021475189,0.99349687249033,120.0
22499,1938.5032910495431,0.99275299374998,120.0
22500,1938.5046799513352,0.99243411494821,120.0
22501,1938.5060688533608,0.99330505115117,120.0
22502,1938.507457755152,0.99274741589588,120.0
22503,1938.508846657176,0.99229241833134,120.0
22504,1938.510235558968,0.99340712652544,120.0
22505,1938.5116244609928,0.99201109272762,120.0
22506,1938.5130133627852,0.99292840930589,120.0
22507,1938.5144022645763,0.99362331068207,120.0
22508,1938.5157911666015,0.99302257282929,120.0
22509,1938.5171800683936,0.99358153488108,120.0
22510,1938.518568970418,0.99242624430169,120.0
22511,1938.5199578722095,0.99302596193996,120.0
22512,1938.5213467740011,0.99264038673023,120.0
22513,1938.5227356760251,0.9931536006522,120.0
22514,1938.5241245778168,0.99275806099906,120.0
22515,1938.5255134796091,0.99314111640026,120.0
22516,1938.5269023816345,0.99342292092632,120.0
22517,1938.5282912834257,0.99298944543362,120.0
22518,1938.529680185217,0.99338529286585,120.0
22519,1938.5310690872411,0.99386211256261,120.0
22520,1938.5324579890328,0.9933796547679,120.0
22521,1938.5338468908249,0.99306503325455,120.0
22522,1938.535235792616,0.99312387037242,120.0
22523,1938.5366246946408,0.99343149660903,120.0
22524,1938.5380135964328,0.99357543771628,120.0
22525,1938.5394024982247,0.99288853806189,120.0
22526,1938.5407914000164,0.9922996234817,120.0
22527,1938.5421803020408,0.99272664645442,120.0
22528,1938.543569203832,0.99317606941717,120.0
22529,1938.5449581056232,0.99318204800844,120.0
22530,1938.5463470074153,0.99315265708231,120.0
22531,1938.5477359092072,0.99273848044408,120.0
22532,1938.5491248109995,0.99275312277021,120.0
22533,1938.5505137130235,0.99279925038227,120.0
22534,1938.5519026148152,0.99317199795873,120.0
22535,1938.5532915166068,0.9931985852559,120.0
22536,1938.5546804183984,0.99269068578794,120.0
22537,1938.5560693201896,0.99307271427623,120.0
22538,1938.5574582219813,0.99296436840394,120.0
22539,1938.5588471237736,0.99276136869688,120.0
22540,1938.5602360255657,0.99311043748634,120.0
22541,1938.5616249273571,0.99259218442605,120.0
22542,1938.5630138291488,0.9925651669427,120.0
22543,1938.56440273094,0.99333494364594,120.0
22544,1938.5657916327325,0.99237944215602,120.0
22545,1938.5671805345248,0.99264061905325,120.0
22546,1938.568569436316,0.9937738614689,120.0
22547,1938.569958338108,0.99288463803302,120.0
22548,1938.5713472399004,0.99219813997045,120.0
22549,1938.572736141692,0.99290755732941,120.0
22550,1938.5741250434833,0.99386986213448,120.0
22551,1938.575513945275,0.99227278359866,120.0
22552,1938.5769028470663,0.99270669544483,120.0
22553,1938.578291748858,0.99324462017506,120.0
22554,1938.5796806506492,0.99300012547361,120.0
22555,1938.5810695524417,0.99306045734409,120.0
22556,1938.5824584542336,0.99220684623252,120.0
22557,1938.5838473560257,0.99280774649184,120.0
22558,1938.5852362578169,0.99301986489115,120.0
22559,1938.586625159608,0.99203645516152,120.0
22560,1938.5880140611669,0.99353248286641,120.0
22561,1938.5894029629585,0.99269209689485,120.0
22562,1938.5907918647504,0.99314814662947,120.0
22563,1938.5921807665427,0.99289238585595,120.0
22564,1938.5935696683343,0.99361684919485,120.0
22565,1938.5949585701255,0.99307330317207,120.0
22566,1938.5963474716843,0.99286038875056,120.0
22567,1938.597736373476,0.99303657448245,120.0
22568,1938.5991252752676,0.99215090462441,120.0
22569,1938.6005141770593,0.99345185871986,120.0
22570,1938.6019030786183,0.99296137279013,120.0
22571,1938.6032919804104,0.99227044525227,120.0
22572,1938.604680882202,0.99211898300759,120.0
22573,1938.6060697839937,0.99259009790712,120.0
22574,1938.607458685552,0.99295118159293,120.0
22575,1938.6088475873437,0.99298370372584,120.0
22576,1938.610236489135,0.99352753461965,120.0
22577,1938.611625390694,0.99291965668227,120.0
22578,1938.613014292486,0.99280153406678,120.0
22579,1938.6144031942783,0.99227568499404,120.0
22580,1938.6157920958367,0.99280547021713,120.0
22581,1938.6171809976283,0.99136941678082,120.0
22582,1938.61856989942,0.9926721807679,120.0
22583,1938.6199588009792,0.99183852424816,120.0
22584,1938.6213477027716,0.99238016508541,120.0
22585,1938.6227366045628,0.99340679951211,120.0
22586,1938.6241255061225,0.9932838355612,120.0
22587,1938.6255144079144,0.99261682189794,120.0
22588,1938.6269033094732,0.99312192015157,120.0
22589,1938.6282922112648,0.99227004072897,120.0
22590,1938.6296811128232,0.99267860262858,120.0
22591,1938.6310700146148,0.99250123315375,120.0
22592,1938.6324589161736,0.99372363495849,120.0
22593,1938.6338478179648,0.99200881775881,120.0
22594,1938.6352367195243,0.99175243349161,120.0
22595,1938.6366256213169,0.99329453820776,120.0
22596,1938.6380145228752,0.99277411210894,120.0
22597,1938.6394034246669,0.99228836541358,120.0
22598,1938.6407923262257,0.99300060643093,120.0
22599,1938.6421812280169,0.99253534241296,120.0
22600,1938.6435701295757,0.99302616403479,120.0
22601,1938.644959031368,0.99247814280808,120.0
22602,1938.6463479329273,0.99248181757573,120.0
22603,1938.6477368344856,0.99312253230406,120.0
22604,1938.6491257362777,0.99256031335661,120.0
22605,1938.650514637836,0.99258000260909,120.0
22606,1938.6519035396273,0.99226881237183,120.0
22607,1938.653292441186,0.99249994701563,120.0
22608,1938.6546813427449,0.99296027805564,120.0
22609,1938.6560702445367,0.99263583610662,120.0
22610,1938.6574591460965,0.99192806188643,120.0
22611,1938.6588480476553,0.99227462464622,120.0
22612,1938.6602369494465,0.99285546988474,120.0
22613,1938.6616258510053,0.99280453014817,120.0
22614,1938.663014752564,0.99342390608611,120.0
22615,1938.6644036541225,0.99328575851449,120.0
22616,1938.665792555914,0.99185344111941,120.0
22617,1938.6671814574736,0.99265800293744,120.0
22618,1938.6685703590329,0.99272716176757,120.0
22619,1938.6699592605912,0.99301672336918,120.0
22620,1938.6713481623833,0.99237351934746,120.0
22621,1938.6727370639417,0.99268505529815,120.0
22622,1938.6741259655,0.99230321738376,120.0
22623,1938.6755148670595,0.99278246499474,120.0
22624,1938.6769037686192,0.99317148837204,120.0
22625,1938.6782926701785,0.99223008354236,120.0
22626,1938.6796815719704,0.99139725824312,120.0
22627,1938.6810704735292,0.99227767219666,120.0
22628,1938.682459375088,0.99314969268183,120.0
22629,1938.6838482766464,0.99214212437639,120.0
22630,1938.6852371782056,0.99192007863497,120.0
22631,1938.686626079764,0.99316614817335,120.0
22632,1938.6880149813223,0.99321106804397,120.0
22633,1938.689403882882,0.99267604653583,120.0
22634,1938.690792784441,0.99262883955385,120.0
22635,1938.6921816862327,0.99282085749861,120.0
22636,1938.6935705877916,0.99217921367641,120.0
22637,1938.69495948935,0.99263257412703,120.0
22638,1938.6963483909087,0.99224138643008,120.0
22639,1938.6977372924675,0.99264232171133,120.0
22640,1938.6991261940263,0.99286002540314,120.0
22641,1938.7005150955856,0.99264085158119,120.0
22642,1938.7019039971449,0.99250631227214,120.0
22643,1938.7032928987032,0.99275291845129,120.0
22644,1938.7046818002625,0.99296045777882,120.0
22645,1938.706070701588,0.99268694288126,120.0
22646,1938.7074596031468,0.99262672862267,120.0
22647,1938.7088485047057,0.99370092208528,120.0
22648,1938.7102374062647,0.99261279921397,120.0
22649,1938.711626307824,0.99311966521686,120.0
22650,1938.7130152093828,0.99222419590183,120.0
22651,1938.7144041109416,0.99308197390638,120.0
22652,1938.7157930125,0.99305407608632,120.0
22653,1938.7171819140588,0.99209087440968,120.0
22654,1938.7185708153847,0.99298420710392,120.0
22655,1938.719959716943,0.99237791293374,120.0
22656,1938.7213486185024,0.99237952742739,120.0
22657,1938.722737520062,0.99265204977485,120.0
22658,1938.724126421621,0.99170120805328,120.0
22659,1938.7255153231793,0.99184309467781,120.0
22660,1938.7269042245052,0.99244432302072,120.0
22661,1938.728293126064,0.99286076706095,120.0
22662,1938.7296820276224,0.99295518148661,120.0
22663,1938.731070929182,0.99285132902239,120.0
22664,1938.7324598305092,0.99225179765239,120.0
22665,1938.7338487320685,0.99223596063344,120.0
22666,1938.735237633627,0.99254558518895,120.0
22667,1938.7366265349528,0.99232936744625,120.0
22668,1938.7380154365117,0.99234690181481,120.0
22669,1938.7394043380705,0.99339092408049,120.0
22670,1938.7407932396288,0.99246386890086,120.0
22671,1938.7421821409553,0.99294946144884,120.0
22672,1938.7435710425143,0.992194558204,120.0
22673,1938.7449599438407,0.9928771250847,120.0
22674,1938.746348845399,0.99226292463147,120.0
22675,1938.747737746958,0.99225348880007,120.0
22676,1938.749126648284,0.99226084112473,120.0
22677,1938.7505155498427,0.99185773391616,120.0
22678,1938.7519044511685,0.99267910747915,120.0
22679,1938.7532933527273,0.99302596486237,120.0
22680,1938.7546822542863,0.9916190983157,120.0
22681,1938.7560711556127,0.99195302544554,120.0
22682,1938.7574600571716,0.99265224247871,120.0
22683,1938.7588489584975,0.99223568570282,120.0
22684,1938.760237860056,0.99302919651096,120.0
22685,1938.761626761382,0.99242395220502,120.0
22686,1938.7630156629407,0.99172575463489,120.0
22687,1938.7644045642671,0.99302064556266,120.0
22688,1938.7657934658264,0.9920387848929,120.0
22689,1938.7671823671524,0.99178278350617,120.0
22690,1938.7685712687112,0.99314030405333,120.0
22691,1938.7699601700367,0.99254528657482,120.0
22692,1938.7713490713627,0.99231040041185,120.0
22693,1938.7727379729215,0.99323697021518,120.0
22694,1938.7741268742473,0.99174642603317,120.0
22695,1938.7755157758068,0.9925065673452,120.0
22696,1938.7769046771332,0.99273075478184,120.0
22697,1938.7782935784592,0.9926017328564,120.0
22698,1938.7796824800175,0.99252795914839,120.0
22699,1938.7810713813435,0.99290335790978,120.0
22700,1938.7824602826693,0.99292668441388,120.0
22701,1938.783849184228,0.9922835532786,120.0
22702,1938.785238085554,0.99210602562154,120.0
22703,1938.7866269868805,0.9921209106955,120.0
22704,1938.7880158884404,0.99244096531399,120.0
22705,1938.7894047897669,0.99217566358706,120.0
22706,1938.7907936910929,0.99249475287305,120.0
22707,1938.7921825926517,0.99111511111656,120.0
22708,1938.7935714939777,0.99150988168506,120.0
22709,1938.7949603953032,0.99325810395474,120.0
22710,1938.7963492966287,0.99200073180894,120.0
22711,1938.7977381979556,0.99194150262454,120.0
22712,1938.799127099515,0.99296628013868,120.0
22713,1938.8005160008408,0.99176833423265,120.0
22714,1938.8019049021664,0.99219859501641,120.0
22715,1938.8032938034924,0.99270768699612,120.0
22716,1938.8046827048183,0.99277239362526,120.0
22717,1938.806071606144,0.99365931233047,120.0
22718,1938.807460507703,0.99389123977285,120.0
22719,1938.808849409029,0.99336826060597,120.0
22720,1938.8102383103555,0.99194653607012,120.0
22721,1938.8116272116815,0.99183482426038,120.0
22722,1938.8130161130075,0.99266191789251,120.0
22723,1938.8144050143335,0.99248094136453,120.0
22724,1938.8157939156592,0.99283643643973,120.0
22725,1938.8171828169848,0.99285195938696,120.0
22726,1938.8185717183107,0.99312543767393,120.0
22727,1938.8199606196376,0.99247789845272,120.0
22728,1938.821349520964,0.99285114828621,120.0
22729,1938.8227384222896,0.99226516556483,120.0
22730,1938.8241273236156,0.9936848566591,120.0
22731,1938.825516224941,0.99257522916683,120.0
22732,1938.826905126267,0.99266947039958,120.0
22733,1938.8282940275933,0.99182334536366,120.0
22734,1938.8296829289195,0.99317368229722,120.0
22735,1938.831071830246,0.99253230114705,120.0
22736,1938.832460731572,0.99170242615832,120.0
22737,1938.833849632898,0.99217478019164,120.0
22738,1938.8352385342237,0.99238052221969,120.0
22739,1938.8366274355496,0.99188361300567,120.0
22740,1938.8380163368752,0.99267138424362,120.0
22741,1938.8394052382012,0.99264122525423,120.0
22742,1938.8407941392948,0.99197933896337,120.0
22743,1938.8421830406216,0.99238324482013,120.0
22744,1938.8435719419472,0.9921958863001,120.0
22745,1938.8449608432736,0.9926965385306,120.0
22746,1938.8463497446,0.99153219855159,120.0
22747,1938.8477386459265,0.99278049786166,120.0
22748,1938.8491275470192,0.99278956261039,120.0
22749,1938.8505164483452,0.99227359941817,120.0
22750,1938.8519053496716,0.99277028951268,120.0
22751,1938.853294250998,0.99234430175801,120.0
22752,1938.8546831520912,0.99254674487278,120.0
22753,1938.8560720534167,0.99266681347555,120.0
22754,1938.8574609547427,0.9927960378625,120.0
22755,1938.858849856069,0.99185876025632,120.0
22756,1938.8602387571616,0.99161666226116,120.0
22757,1938.8616276584871,0.99192878384631,120.0
22758,1938.863016559814,0.99252569300491,120.0
22759,1938.864405460908,0.9913743886118,120.0
22760,1938.8671832635591,0.99263048487476,120.0
22761,1938.868572164652,0.99198982074059,120.0
22762,1938.8699610659785,0.99321058001594,120.0
22763,1938.871349967304,0.99277952532959,120.0
22764,1938.8727388683972,0.99210438946252,120.0
22765,1938.8741277697236,0.99392720846734,120.0
22766,1938.8755166708172,0.99264182445122,120.0
22767,1938.8769055721432,0.99178044073128,120.0
22768,1938.878294473236,0.99202330684191,120.0
22769,1938.879683374562,0.99216461169729,120.0
22770,1938.8810722756552,0.99296266025425,120.0
22771,1938.8824611769808,0.99250533853262,120.0
22772,1938.8838500783072,0.99180062362196,120.0
22773,1938.8852389794008,0.99187844449565,120.0
22774,1938.886627880494,0.99205213384042,120.0
22775,1938.88801678182,0.9929931682881,120.0
22776,1938.8894056829129,0.9924122146728,120.0
22777,1938.8907945842388,0.99213234555127,120.0
22778,1938.8921834853315,0.99256907914679,120.0
22779,1938.8935723866575,0.9925501145013,120.0
22780,1938.8949612877511,0.99263486578424,120.0
22781,1938.8963501890776,0.99166833212835,120.0
22782,1938.8977390901707,0.99225214694896,120.0
22783,1938.899127991264,0.99191218344292,120.0
22784,1938.9005168925896,0.99302912016387,120.0
22785,1938.9019057936828,0.99276563118467,120.0
22786,1938.9032946947764,0.99244972502878,120.0
22787,1938.9046835961028,0.99212734144079,120.0
22788,1938.9060724971969,0.99287044678815,120.0
22789,1938.9074613982905,0.99222329825901,120.0
22790,1938.908850299616,0.99217674966957,120.0
22791,1938.9102392007092,0.99183275392872,120.0
22792,1938.911628101802,0.99225767575104,120.0
22793,1938.9130170028952,0.99281106780488,120.0
22794,1938.9144059042212,0.99307405168233,120.0
22795,1938.915794805314,0.99169583390975,120.0
22796,1938.9171837064075,0.99230327704816,120.0
22797,1938.9185726075011,0.99259768572148,120.0
22798,1938.919961508827,0.99231889427131,120.0
22799,1938.9213504099205,0.99256895237547,120.0
22800,1938.9227393110136,0.99253439382441,120.0
22801,1938.9241282121063,0.99286341398957,120.0
22802,1938.9255171131992,0.99324627944498,120.0
22803,1938.9269060142924,0.9922907991039,120.0
22804,1938.9282949156188,0.99227646595955,120.0
22805,1938.929683816713,0.99272416307959,120.0
22806,1938.9310727178056,0.99234690290774,120.0
22807,1938.9324616188983,0.992888409585,120.0
22808,1938.9338505199917,0.99230598159487,120.0
22809,1938.9352394210844,0.99259357582082,120.0
22810,1938.9366283221775,0.99260272418565,120.0
22811,1938.9380172232704,0.99223457272028,120.0
22812,1938.9394061243645,0.99352754508369,120.0
22813,1938.940795025458,0.99307591790006,120.0
22814,1938.9421839265513,0.9928171153539,120.0
22815,1938.943572827644,0.99263199957221,120.0
22816,1938.944961728737,0.99333002786498,120.0
22817,1938.94635062983,0.9928958733246,120.0
22818,1938.9477395309227,0.99252336236446,120.0
22819,1938.9491284320168,0.99246736912648,120.0
22820,1938.9505173331104,0.99221954903129,120.0
22821,1938.9519062342035,0.99302819339288,120.0
22822,1938.9532951352965,0.99226772038893,120.0
22823,1938.9546840363892,0.99217770297038,120.0
22824,1938.9560729374823,0.99303340574795,120.0
22825,1938.9574618385752,0.99342584709294,120.0
22826,1938.9588507396688,0.99316151303289,120.0
22827,1938.9602396405292,0.99301516174604,120.0
22828,1938.961628541624,0.99266211388442,120.0
22829,1938.9630174427175,0.99274341667283,120.0
22830,1938.9644063438104,0.99252188847962,120.0
22831,1938.9657952449036,0.99322686169223,120.0
22832,1938.9671841459965,0.99323705937731,120.0
22833,1938.9685730468564,0.99221391654516,120.0
22834,1938.9699619479495,0.99319386837649,120.0
22835,1938.9713508490431,0.99279049944029,120.0
22836,1938.9727397501372,0.99222099808942,120.0
22837,1938.9741286509973,0.99290297930054,120.0
22838,1938.9755175520904,0.99274682368128,120.0
22839,1938.9769064531831,0.99271309856124,120.0
22840,1938.978295354276,0.99246259302776,120.0
22841,1938.9796842551364,0.9927692155223,120.0
22842,1938.9810731562295,0.99257156427419,120.0
22843,1938.9824620573231,0.99274196573238,120.0
22844,1938.983850958184,0.99210558179761,120.0
22845,1938.9852398592768,0.99235036690081,120.0
22846,1938.98662876037,0.99259832949297,120.0
22847,1938.9880176612303,0.99267679620447,120.0
22848,1938.9894065623232,0.99304408165096,120.0
22849,1938.9907954631833,0.99183733412878,120.0
22850,1938.9921843642765,0.994797730932,120.0
22851,1938.99357326537,0.993304178384,120.0
22852,1938.9949621662313,0.99239853501172,120.0
22853,1938.996351067324,0.99290855508397,120.0
22854,1938.997739968184,0.99254325073635,120.0
22855,1938.9991288692772,0.99235837664577,120.0
22856,1939.000517770137,0.99275527148357,120.0
22857,1939.0019066712305,0.99299352113719,120.0
22858,1939.0032955720912,0.99399497443044,120.0
22859,1939.0046844731849,0.99169717053332,120.0
22860,1939.0060733740452,0.99359204190943,120.0
22861,1939.007462275138,0.99271855458272,120.0
22862,1939.0088511759984,0.992701157802,120.0
22863,1939.010240077091,0.99322289469407,120.0
22864,1939.0116289779512,0.99272000252289,120.0
22865,1939.0130178788115,0.99306127531238,120.0
22866,1939.0144067799051,0.99287896033872,120.0
22867,1939.0157956807664,0.993367863297,120.0
22868,1939.0171845818593,0.99278325519645,120.0
22869,1939.0185734827191,0.99339552918362,120.0
22870,1939.0199623835797,0.9927028870918,120.0
22871,1939.0213512846728,0.99342742763484,120.0
22872,1939.0227401855332,0.99294223400065,120.0
22873,1939.0241290863944,0.9932283731482,120.0
22874,1939.025517987488,0.99282821934991,120.0
22875,1939.0269068883488,0.99329851270928,120.0
22876,1939.028295789209,0.99334295417622,120.0
22877,1939.0296846900696,0.99375588693191,120.0
22878,1939.0310735911623,0.9931787909204,120.0
22879,1939.0324624920224,0.99296999450656,120.0
22880,1939.0338513928823,0.9930175274212,120.0
22881,1939.0352402937428,0.99301377198271,120.0
22882,1939.0366291948365,0.99344246782645,120.0
22883,1939.0380180956977,0.99414055850959,120.0
22884,1939.0394069965575,0.99330932460869,120.0
22885,1939.0407958974176,0.99356519081701,120.0
22886,1939.042184798278,0.9940892669938,120.0
22887,1939.0435736991385,0.99279639839748,120.0
22888,1939.0449626002312,0.99448355654482,120.0
22889,1939.0463515010913,0.99267165752916,120.0
22890,1939.0477404019523,0.99305612621699,120.0
22891,1939.0491293028128,0.9934695469211,120.0
22892,1939.0505182036732,0.99346342025281,120.0
22893,1939.0519071045337,0.99317358917547,120.0
22894,1939.0532960053936,0.99317889867482,120.0
22895,1939.0546849062537,0.99350239669094,120.0
22896,1939.056073807114,0.99236198121438,120.0
22897,1939.0574627079748,0.99328530904066,120.0
22898,1939.0588516088355,0.99331594532454,120.0
22899,1939.060240509696,0.99265753029628,120.0
22900,1939.061629410556,0.99345311094167,120.0
22901,1939.063018311416,0.99260387975059,120.0
22902,1939.0644072122764,0.99306050364857,120.0
22903,1939.065796113137,0.99336770829946,120.0
22904,1939.0671850139968,0.99387661532988,120.0
22905,1939.0685739148576,0.99331448537777,120.0
22906,1939.0699628157183,0.99401864721924,120.0
22907,1939.0713517165784,0.9932454557143,120.0
22908,1939.0727406174387,0.99352985438355,120.0
22909,1939.0741295180665,0.99308569218511,120.0
22910,1939.0755184189263,0.99276704372814,120.0
22911,1939.0769073197864,0.99239001272191,120.0
22912,1939.0782962206467,0.99395354757545,120.0
22913,1939.0796851215075,0.99310418391179,120.0
22914,1939.0810740223685,0.99336878337382,120.0
22915,1939.0824629229965,0.99285194761358,120.0
22916,1939.0838518238572,0.99296615407734,120.0
22917,1939.0852407247176,0.99362949276501,120.0
22918,1939.0866296255776,0.99326326751974,120.0
22919,1939.0880185262051,0.99324236911158,120.0
22920,1939.0894074270652,0.99318935515418,120.0
22921,1939.0907963279265,0.99404059067848,120.0
22922,1939.0921852287872,0.99389087051151,120.0
22923,1939.0935741294145,0.99371234433316,120.0
22924,1939.0949630302744,0.99340727574057,120.0
22925,1939.0963519311344,0.99317985779497,120.0
22926,1939.097740831762,0.99322654472307,120.0
22927,1939.0991297326225,0.99308938650797,120.0
22928,1939.1005186334824,0.99335446517652,120.0
22929,1939.1019075341103,0.99363596951753,120.0
22930,1939.1032964349713,0.99402728782289,120.0
22931,1939.1046853355983,0.99328114830886,120.0
22932,1939.1060742364589,0.99300464242377,120.0
22933,1939.1074631373187,0.99351279078592,120.0
22934,1939.1088520379465,0.99418727392827,120.0
22935,1939.1102409388063,0.99320026894024,120.0
22936,1939.1116298394336,0.99300326062957,120.0
22937,1939.1130187402948,0.99371284932886,120.0
22938,1939.1144076409228,0.99404495213875,120.0
22939,1939.1157965417833,0.9932717729081,120.0
22940,1939.1171854424103,0.99546497124729,120.0
22941,1939.1185743432704,0.9937369421367,120.0
22942,1939.1199632438977,0.99295562980101,120.0
22943,1939.121352144758,0.99447528850729,120.0
22944,1939.122741045386,0.99350589088967,120.0
22945,1939.124129946014,0.99347731035941,120.0
22946,1939.1255188468745,0.9937865685729,120.0
22947,1939.1269077475015,0.99331986500793,120.0
22948,1939.1282966483616,0.99415406525585,120.0
22949,1939.1296855489888,0.99337172235379,120.0
22950,1939.1310744496163,0.99367792713811,120.0
22951,1939.1324633504769,0.99401075957398,120.0
22952,1939.1338522511048,0.99310940626977,120.0
22953,1939.1352411517328,0.9931870601053,120.0
22954,1939.1366300525929,0.99266130885675,120.0
22955,1939.1380189532204,0.99456611454657,120.0
22956,1939.1394078538476,0.99308759755476,120.0
22957,1939.1407967547077,0.99380805294671,120.0
22958,1939.1421856553352,0.9936473701549,120.0
22959,1939.1435745559625,0.99360796257399,120.0
22960,1939.1449634565913,0.99403087080764,120.0
22961,1939.1463523574528,0.99478239181765,120.0
22962,1939.14774125808,0.99389193456661,120.0
22963,1939.1491301587075,0.9935100290748,120.0
22964,1939.1505190593348,0.9938650628478,120.0
22965,1939.1519079599625,0.9932046545503,120.0
22966,1939.1532968605895,0.99431152943749,120.0
22967,1939.1546857614496,0.99328478716925,120.0
22968,1939.1560746620776,0.99318214590215,120.0
22969,1939.1574635627055,0.99345679715393,120.0
22970,1939.1588524633332,0.99354473066649,120.0
22971,1939.1602413639605,0.99383691126636,120.0
22972,1939.1616302645875,0.99421141370245,120.0
22973,1939.1630191652152,0.99388430699064,120.0
22974,1939.1644080658425,0.99317298427384,120.0
22975,1939.16579696647,0.99402054668848,120.0
22976,1939.167185867098,0.99359439071833,120.0
22977,1939.1685747677257,0.99441220847641,120.0
22978,1939.1699636683531,0.99290861311775,120.0
22979,1939.1713525689809,0.99349778089523,120.0
22980,1939.172741469608,0.99402738933259,120.0
22981,1939.1741303702352,0.99399666825962,120.0
22982,1939.1755192708624,0.99348951984518,120.0
22983,1939.1769081714908,0.99428875501612,120.0
22984,1939.1782970721188,0.99384182082996,120.0
22985,1939.179685972746,0.99439079138759,120.0
22986,1939.1810748733735,0.99367700340942,120.0
22987,1939.1824637740008,0.99388955083359,120.0
22988,1939.183852674628,0.99420767022246,120.0
22989,1939.1852415750227,0.99287721212286,120.0
22990,1939.18663047565,0.99364593548091,120.0
22991,1939.188019376278,0.99374891778481,120.0
22992,1939.189408276906,0.99441256643644,120.0
22993,1939.190797177533,0.99517360847059,120.0
22994,1939.1921860781608,0.99338567733821,120.0
22995,1939.1935749785553,0.99360491507957,120.0
22996,1939.1949638791828,0.99393154457889,120.0
22997,1939.19635277981,0.99383631704399,120.0
22998,1939.1977416804373,0.99372524883854,120.0
22999,1939.1991305808328,0.99442705474214,120.0
23000,1939.2005194814603,0.99359860644737,120.0
23001,1939.201908382088,0.99380138362377,120.0
23002,1939.2032972827153,0.9941101969602,120.0
23003,1939.2046861831095,0.9944112343797,120.0
23004,1939.2060750837368,0.99434914117457,120.0
23005,1939.2074639841323,0.9943950232114,120.0
23006,1939.2088528847603,0.99336590686948,120.0
23007,1939.2102417853885,0.99458886735448,120.0
23008,1939.2116306857836,0.99439157383903,120.0
23009,1939.2130195864108,0.99439864964534,120.0
23010,1939.2144084870383,0.9946334030356,120.0
23011,1939.2157973874328,0.99513933828717,120.0
23012,1939.21718628806,0.99490856160456,120.0
23013,1939.2185751884545,0.99457531158021,120.0
23014,1939.219964089082,0.99405402306293,120.0
23015,1939.2213529894773,0.99407724821532,120.0
23016,1939.2227418901052,0.99464235919039,120.0
23017,1939.2241307905,0.99429848678925,120.0
23018,1939.2255196911271,0.99434157209089,120.0
23019,1939.2269085915216,0.99398441023146,120.0
23020,1939.2282974921488,0.99415986123221,120.0
23021,1939.2296863925435,0.99479478669699,120.0
23022,1939.2310752931708,0.99436092354477,120.0
23023,1939.232464193566,0.99451457817809,120.0
23024,1939.2338530939612,0.99531502323991,120.0
23025,1939.2352419945885,0.99445426499281,120.0
23026,1939.2366308949831,0.99408074445884,120.0
23027,1939.2380197956104,0.99476024279207,120.0
23028,1939.2394086960048,0.99483596579708,120.0
23029,1939.2407975963993,0.99349042947527,120.0
23030,1939.2421864970277,0.9943164175997,120.0
23031,1939.2435753974228,0.99421165985092,120.0
23032,1939.2449642978177,0.99433215838134,120.0
23033,1939.246353198212,0.99401821625891,120.0
23034,1939.2477420988391,0.99536776230119,120.0
23035,1939.2491309992336,0.99478790810777,120.0
23036,1939.250519899628,0.99436901734944,120.0
23037,1939.2519088000224,0.99394632184517,120.0
23038,1939.2532977006504,0.99508955815075,120.0
23039,1939.254686601046,0.99411677742556,120.0
23040,1939.2560755014404,0.99381264485507,120.0
23041,1939.2574644018353,0.99449484718142,120.0
23042,1939.2588533022297,0.99522292215161,120.0
23043,1939.2602422028567,0.9947913595958,120.0
23044,1939.2616311032511,0.99482202024835,120.0
23045,1939.2630200036456,0.99524848247329,120.0
23046,1939.2644089040411,0.99497860237768,120.0
23047,1939.265797804436,0.99422979962035,120.0
23048,1939.2671867048307,0.99594364282327,120.0
23049,1939.2685756052251,0.99465373236229,120.0
23050,1939.2699645056196,0.9948232078536,120.0
23051,1939.2713534060151,0.99465281054701,120.0
23052,1939.2727423064105,0.99433426832892,120.0
23053,1939.274131206805,0.994589105168,120.0
23054,1939.2755201072,0.99453983652959,120.0
23055,1939.2769090075951,0.99381473853932,120.0
23056,1939.2782979079896,0.9942533291732,120.0
23057,1939.279686808384,0.99388675891763,120.0
23058,1939.2810757087789,0.99430675181017,120.0
23059,1939.2824646091733,0.99518532929956,120.0
23060,1939.2838535095675,0.99504574702697,120.0
23061,1939.285242409962,0.99451943075907,120.0
23062,1939.2866313103575,0.99473210904527,120.0
23063,1939.2880202107528,0.99500642622089,120.0
23064,1939.2894091111473,0.99511062132132,120.0
23065,1939.2907980115417,0.99499373231193,120.0
23066,1939.2921869117033,0.99598932212826,120.0
23067,1939.293575812098,0.99500122466117,120.0
23068,1939.2949647124924,0.99488536457012,120.0
23069,1939.2963536128875,0.99399378718001,120.0
23070,1939.2977425132829,0.99537092318513,120.0
23071,1939.2991314134445,0.99488705804317,120.0
23072,1939.3005203138391,0.99438264260734,120.0
23073,1939.3019092142335,0.99525927596742,120.0
23074,1939.303298114628,0.99406273463056,120.0
23075,1939.3046870147896,0.99501863958152,120.0
23076,1939.306075915184,0.99538631145723,120.0
23077,1939.3074648155796,0.99493974300736,120.0
23078,1939.3102426161363,0.99515461078492,120.0
23079,1939.3116315165307,0.99465324736976,120.0
23080,1939.3130204166923,0.9947614777118,120.0
23081,1939.3144093170868,0.99498206076396,120.0
23082,1939.3157982174816,0.9953199573211,120.0
23083,1939.3171871176432,0.99446242644348,120.0
23084,1939.3185760180384,0.99472877032053,120.0
23085,1939.3199649182009,0.99556265645354,120.0
23086,1939.3213538185953,0.99609523261172,120.0
23087,1939.3227427187571,0.99486889605276,120.0
23088,1939.3241316191516,0.9942911450573,120.0
23089,1939.3255205193132,0.99459793938876,120.0
23090,1939.326909419708,0.99530444353441,120.0
23091,1939.3282983198696,0.99494242976405,120.0
23092,1939.3296872202648,0.99540324694978,120.0
23093,1939.3310761204273,0.9949853549872,120.0
23094,1939.3324650208217,0.99544830793574,120.0
23095,1939.3338539209833,0.99447969026732,120.0
23096,1939.3352428213784,0.99587295104926,120.0
23097,1939.3366317215407,0.99531380815324,120.0
23098,1939.3380206217023,0.99468781335056,120.0
23099,1939.3394095220972,0.9947205643229,120.0
23100,1939.3407984222592,0.99471786082084,120.0
23101,1939.3421873226544,0.99538592953046,120.0
23102,1939.3435762228164,0.99537698103023,120.0
23103,1939.344965122978,0.99505576526617,120.0
23104,1939.346354023373,0.99545527316875,120.0
23105,1939.3477429235345,0.99586420815101,120.0
23106,1939.349131823696,0.99497151634257,120.0
23107,1939.3505207238577,0.9952143913854,120.0
23108,1939.3519096242528,0.99559374106911,120.0
23109,1939.353298524415,0.99514218589654,120.0
23110,1939.3546874245767,0.99605856062509,120.0
23111,1939.3560763247383,0.99527234007924,120.0
23112,1939.3574652249,0.99708053174162,120.0
23113,1939.3588541252948,0.99601146928654,120.0
23114,1939.3602430254568,0.99578150682401,120.0
23115,1939.361631925619,0.99585567408711,120.0
23116,1939.3630208257812,0.99479614227339,120.0
23117,1939.3644097259428,0.99508457828332,120.0
23118,1939.3657986261048,0.99530317560218,120.0
23119,1939.3671875262664,0.99648604928022,120.0
23120,1939.3685764266609,0.99610083139038,120.0
23121,1939.3699653268225,0.99615995901033,120.0
23122,1939.371354226984,0.99549695639978,120.0
23123,1939.3727431271464,0.99492584107046,120.0
23124,1939.3741320273089,0.99575740165667,120.0
23125,1939.3755209274705,0.9950523065217,120.0
23126,1939.376909827632,0.99521549825763,120.0
23127,1939.3782987277937,0.99469071956497,120.0
23128,1939.3796876279555,0.99553682966112,120.0
23129,1939.381076528117,0.99714295641783,120.0
23130,1939.3824654282791,0.99497395055171,120.0
23131,1939.3838543282088,0.99567803043775,120.0
23132,1939.3852432283709,0.9956594901937,120.0
23133,1939.3866321285327,0.99538595096233,120.0
23134,1939.3880210286943,0.99565123650614,120.0
23135,1939.389409928856,0.9958861830413,120.0
23136,1939.3907988290175,0.99487252189594,120.0
23137,1939.392187729179,0.99530477914385,120.0
23138,1939.3935766293407,0.99553455319414,120.0
23139,1939.3949655292704,0.99613656421714,120.0
23140,1939.3963544294331,0.99520491571645,120.0
23141,1939.3977433295947,0.99517288683433,120.0
23142,1939.3991322297563,0.99627776084311,120.0
23143,1939.400521129918,0.99563044177361,120.0
23144,1939.4019100298476,0.99543945480298,120.0
23145,1939.40329893001,0.99627389310287,120.0
23146,1939.4046878301715,0.99488616803126,120.0
23147,1939.4060767301012,0.99554237547329,120.0
23148,1939.4074656302632,0.99574323425936,120.0
23149,1939.4088545304253,0.9961558705163,120.0
23150,1939.4102434303545,0.99561350480777,120.0
23151,1939.411632330516,0.99623323525744,120.0
23152,1939.4130212306775,0.99590057766792,120.0
23153,1939.4144101306065,0.99609024655495,120.0
23154,1939.4157990307688,0.99611101744767,120.0
23155,1939.4171879306984,0.99591584539006,120.0
23156,1939.41857683086,0.99662489287036,120.0
23157,1939.4199657310216,0.99614075631231,120.0
23158,1939.4213546309504,0.99665752022733,120.0
23159,1939.422743531112,0.99608507083171,120.0
23160,1939.4241324310408,0.99567542654947,120.0
23161,1939.4255213312028,0.99605542844038,120.0
23162,1939.4269102311323,0.99665197134468,120.0
23163,1939.4282991312944,0.99676528422232,120.0
23164,1939.4296880312236,0.99559006980145,120.0
23165,1939.4310769313852,0.99681702802768,120.0
23166,1939.432465831314,0.99546602891572,120.0
23167,1939.4338547312427,0.99650259876917,120.0
23168,1939.4352436314043,0.99736803683929,120.0
23169,1939.436632531333,0.99554658065136,120.0
23170,1939.4380214312632,0.9961033318827,120.0
23171,1939.4394103314255,0.99600375401573,120.0
23172,1939.4407992313545,0.99630968547969,120.0
23173,1939.442188131516,0.99621656161455,120.0
23174,1939.4435770314449,0.9957896719793,120.0
23175,1939.4449659313736,0.99607296502352,120.0
23176,1939.4463548313024,0.99536470361178,120.0
23177,1939.447743731464,0.99583813089048,120.0
23178,1939.4491326313937,0.99514078262389,120.0
23179,1939.4505215313231,0.99572588051162,120.0
23180,1939.451910431252,0.99587026526824,120.0
23181,1939.453299331414,0.99574310909261,120.0
23182,1939.4546882313427,0.99622458264109,120.0
23183,1939.4560771312715,0.9963549326766,120.0
23184,1939.4574660312,0.99612119577862,120.0
23185,1939.4588549311293,0.99693112475381,120.0
23186,1939.4602438310587,0.99635908728487,120.0
23187,1939.4616327309884,0.99527680470398,120.0
23188,1939.46302163115,0.99651351226264,120.0
23189,1939.4644105310788,0.99564649455485,120.0
23190,1939.4657994310076,0.99591972081775,120.0
23191,1939.4671883309363,0.99674897816954,120.0
23192,1939.468577230866,0.99639839245299,120.0
23193,1939.4699661307957,0.99738987188613,120.0
23194,1939.4713550307251,0.99582876733046,120.0
23195,1939.4727439306548,0.9963305899147,120.0
23196,1939.4741328305836,0.99718789346221,120.0
23197,1939.4755217305124,0.99603667850676,120.0
23198,1939.4769106304411,0.99594126929731,120.0
23199,1939.47829953037,0.9966936948964,120.0
23200,1939.479688430299,0.99632063731842,120.0
23201,1939.4810773302283,0.99651735927264,120.0
23202,1939.4824662299256,0.99677590085998,120.0
23203,1939.483855129854,0.99600543328521,120.0
23204,1939.4852440297827,0.99729866593303,120.0
23205,1939.4866329297115,0.99648444431123,120.0
23206,1939.4880218296407,0.99665164516922,120.0
23207,1939.4894107295695,0.99627108307858,120.0
23208,1939.4907996294985,0.99684775133906,120.0
23209,1939.4921885291951,0.99635752184874,120.0
23210,1939.4935774291243,0.99560093325936,120.0
23211,1939.4949663290536,0.99739739810408,120.0
23212,1939.4963552289823,0.99618333215761,120.0
23213,1939.4977441286785,0.99709671255077,120.0
23214,1939.4991330286073,0.99640946967001,120.0
23215,1939.500521928536,0.99669524524103,120.0
23216,1939.501910828232,0.99595723787083,120.0
23217,1939.5032997281617,0.99622936900214,120.0
23218,1939.5046886280911,0.99704966759872,120.0
23219,1939.5060775277873,0.99609828712401,120.0
23220,1939.507466427716,0.99659893914901,120.0
23221,1939.5088553276448,0.9961093268484,120.0
23222,1939.5102442273408,0.99646004203141,120.0
23223,1939.51163312727,0.99652277856174,120.0
23224,1939.513022026966,0.99746673748984,120.0
23225,1939.5144109268956,0.99642909486065,120.0
23226,1939.515799826592,0.99717508428743,120.0
23227,1939.5171887265208,0.99692542702949,120.0
23228,1939.5185776262172,0.99633789255624,120.0
23229,1939.519966526146,0.99692415231187,120.0
23230,1939.5213554258416,0.99666511820202,120.0
23231,1939.5227443257704,0.99716210317821,120.0
23232,1939.5241332254668,0.99657497104701,120.0
23233,1939.525522125396,0.99655342161094,120.0
23234,1939.526911025093,0.99744885279865,120.0
23235,1939.5282999250217,0.99649147024854,120.0
23236,1939.5296888247176,0.99655862838084,120.0
23237,1939.531077724414,0.99615742970716,120.0
23238,1939.5324666243428,0.99638499463891,120.0
23239,1939.5338555240387,0.99694357119671,120.0
23240,1939.5352444237355,0.99727452731238,120.0
23241,1939.536633323666,0.99694097285202,120.0
23242,1939.5380222233623,0.99720860910615,120.0
23243,1939.5394111230587,0.99701936006219,120.0
23244,1939.5408000227544,0.99645145853658,120.0
23245,1939.5421889226832,0.99623969118203,120.0
23246,1939.5435778223791,0.99696979089587,120.0
23247,1939.5449667220755,0.99700829713484,120.0
23248,1939.546355621772,0.99655490717803,120.0
23249,1939.5477445214688,0.99788731095225,120.0
23250,1939.5491334213975,0.99704712879525,120.0
23251,1939.5505223210937,0.99689464798615,120.0
23252,1939.5519112207896,0.99658296469603,120.0
23253,1939.5533001204856,0.99713716706429,120.0
23254,1939.554689020182,0.99696309181286,120.0
23255,1939.556077919878,0.99732193705458,120.0
23256,1939.5574668195748,0.99718554880777,120.0
23257,1939.5588557192712,0.99595382533972,120.0
23258,1939.560244618967,0.99715180000672,120.0
23259,1939.5616335186633,0.99825560939018,120.0
23260,1939.5630224183592,0.99657111477933,120.0
23261,1939.5644113180551,0.99759376503875,120.0
23262,1939.5658002177513,0.99814566940687,120.0
23263,1939.5671891174472,0.9965718710817,120.0
23264,1939.568578017144,0.99669403865293,120.0
23265,1939.5699669168407,0.99697759683375,120.0
23266,1939.5713558165369,0.99689753662259,120.0
23267,1939.5727447162328,0.99639440628176,120.0
23268,1939.5741336159288,0.99720803607277,120.0
23269,1939.5755225156252,0.99649152103073,120.0
23270,1939.5769114153209,0.99742912639464,120.0
23271,1939.5783003150168,0.99787157450997,120.0
23272,1939.5796892144808,0.99757932393496,120.0
23273,1939.5810781141777,0.99739871629769,120.0
23274,1939.5824670138736,0.99700470185352,120.0
23275,1939.5838559135696,0.99772691789908,120.0
23276,1939.585244813033,0.99726535734922,120.0
23277,1939.5866337127288,0.99749801979761,120.0
23278,1939.5880226124248,0.99697360331539,120.0
23279,1939.5894115121207,0.99694604231616,120.0
23280,1939.5908004115847,0.99826083440584,120.0
23281,1939.5921893112816,0.99706668807569,120.0
23282,1939.5935782109775,0.99713897677613,120.0
23283,1939.5949671104408,0.99799141370066,120.0
23284,1939.5963560101368,0.99816131554392,120.0
23285,1939.5977449098327,0.99696613293964,120.0
23286,1939.599133809296,0.99794156000947,120.0
23287,1939.600522708993,0.99707994624893,120.0
23288,1939.6019116084565,0.99832503815801,120.0
23289,1939.6033005081529,0.99703806748633,120.0
23290,1939.604689407616,0.99703973771222,120.0
23291,1939.606078307312,0.99760632500363,120.0
23292,1939.6074672067757,0.9975596649681,120.0
23293,1939.6088561064723,0.99736911203267,120.0
23294,1939.6102450059357,0.99743527383076,120.0
23295,1939.611633905632,0.99720520925532,120.0
23296,1939.6130228050963,0.99784739130101,120.0
23297,1939.614411704792,0.99771787818173,120.0
23298,1939.6158006042551,0.99760551114738,120.0
23299,1939.6171895037185,0.99726090785243,120.0
23300,1939.6185784034149,0.99757067314492,120.0
23301,1939.619967302878,0.99748210697347,120.0
23302,1939.621356202574,0.99726622709158,120.0
23303,1939.622745102038,0.99701604992231,120.0
23304,1939.6241340015015,0.99729074085237,120.0
23305,1939.6255229009648,0.99790122776025,120.0
23306,1939.6269118006608,0.99797864208768,120.0
23307,1939.628300700124,0.99767200296939,120.0
23308,1939.6296895995872,0.99809817605932,120.0
23309,1939.6310784990503,0.99746128465214,120.0
23310,1939.6324673987465,0.99763952033293,120.0
23311,1939.6338562982105,0.99805821887439,120.0
23312,1939.6352451976743,0.99918591714754,120.0
23313,1939.6366340971376,0.99793051719343,120.0
23314,1939.6380229966007,0.99785512389553,120.0
23315,1939.639411896297,0.99793815881265,120.0
23316,1939.64080079576,0.99813129182952,120.0
23317,1939.6421896952231,0.99773181657261,120.0
23318,1939.6435785946865,0.99683935794005,120.0
23319,1939.6449674941505,0.99754534547517,120.0
23320,1939.646356393614,0.99844216693281,120.0
23321,1939.6477452930772,0.99782323285479,120.0
23322,1939.6491341925405,0.9972119929837,120.0
23323,1939.6505230920036,0.9988567518906,120.0
23324,1939.6519119914667,0.99717439428672,120.0
23325,1939.65330089093,0.99767475613965,120.0
23326,1939.6546897903936,0.99816178996867,120.0
23327,1939.6560786898576,0.99725359553805,120.0
23328,1939.6574675893207,0.99719771979022,120.0
23329,1939.658856488784,0.9982947237852,120.0
23330,1939.6602453880143,0.99770763011002,120.0
23331,1939.6616342874777,0.99823841048457,120.0
23332,1939.6630231869408,0.99701778377709,120.0
23333,1939.664412086404,0.99762901179272,120.0
23334,1939.665800985868,0.99813687118318,120.0
23335,1939.667189885332,0.9986489442291,120.0
23336,1939.6685787845624,0.99763456762697,120.0
23337,1939.6699676840256,0.99821456854419,120.0
23338,1939.671356583489,0.99793581390135,120.0
23339,1939.6727454829515,0.99766547925731,120.0
23340,1939.6741343821825,0.99730330931465,120.0
23341,1939.6755232816452,0.99985269857957,120.0
23342,1939.6769121811092,0.99842382961563,120.0
23343,1939.6783010803408,0.99741947421457,120.0
23344,1939.6796899798048,0.99790945638439,120.0
23345,1939.681078879268,0.99771023405992,120.0
23346,1939.6824677784984,0.99769526662807,120.0
23347,1939.6838566779616,0.99745340218391,120.0
23348,1939.685245577425,0.99819747855396,120.0
23349,1939.6866344766552,0.99734458109502,120.0
23350,1939.6880233761192,0.99813707797945,120.0
23351,1939.68941227535,0.99710245203509,120.0
23352,1939.6908011748135,0.99800663301811,120.0
23353,1939.6921900740435,0.99764449434182,120.0
23354,1939.6935789735069,0.99907030975397,120.0
23355,1939.6949678727372,0.99764409622202,120.0
23356,1939.6963567722005,0.99806358158436,120.0
23357,1939.6977456714308,0.99874904370952,120.0
23358,1939.699134570662,0.99795780296532,120.0
23359,1939.7005234701255,0.99742484781408,120.0
23360,1939.701912369356,0.99795584324448,120.0
23361,1939.7033012688191,0.99754950081683,120.0
23362,1939.7046901680496,0.99765172143949,120.0
23363,1939.70607906728,0.99768806686755,120.0
23364,1939.7074679667433,0.99856586378484,120.0
23365,1939.7088568659744,0.9984843705028,120.0
23366,1939.7102457652056,1.00006077784176,120.0
23367,1939.7116346644357,0.99907485382812,120.0
23368,1939.7130235638992,0.9986702314346,120.0
23369,1939.7144124631293,0.99811401460042,120.0
23370,1939.7158013623596,0.99862071744464,120.0
23371,1939.71719026159,0.99867483880571,120.0
23372,1939.7185791608204,0.9973179040997,120.0
23373,1939.719968060284,0.9992790167105,120.0
23374,1939.721356959515,0.99799609655785,120.0
23375,1939.7227458587456,0.99839709460338,120.0
23376,1939.724134757976,0.9989421391194,120.0
23377,1939.7255236572064,0.99807584339275,120.0
23378,1939.726912556437,0.99829778898554,120.0
23379,1939.7283014556672,0.99835078405753,120.0
23380,1939.7296903548977,0.99882526163404,120.0
23381,1939.7310792541289,0.99881593752117,120.0
23382,1939.7324681533596,0.99874104121038,120.0
23383,1939.73385705259,0.998793610786,120.0
23384,1939.7352459518204,0.99899424267837,120.0
23385,1939.7366348510504,0.99840789902886,120.0
23386,1939.7380237502807,0.9988811874229,120.0
23387,1939.7408015487415,0.99948712745144,120.0
23388,1939.7421904479727,0.99874637672373,120.0
23389,1939.743579347204,0.99872890652744,120.0
23390,1939.744968246201,0.99961705709084,120.0
23391,1939.746357145432,0.99913799785943,120.0
23392,1939.747746044662,0.99920437875194,120.0
23393,1939.7491349438928,0.99833628512062,120.0
23394,1939.7505238431236,0.99831422987264,120.0
23395,1939.7519127421217,0.99916597736695,120.0
23396,1939.753301641353,0.99951647449839,120.0
23397,1939.754690540584,0.99836832514017,120.0
23398,1939.7560794395815,0.99900069243136,120.0
23399,1939.757468338812,0.99863689920642,120.0
23400,1939.758857238042,0.99869118766327,120.0
23401,1939.7602461370395,0.99968945774197,120.0
23402,1939.76163503627,0.99926320067396,120.0
23403,1939.7630239355003,0.99897998568028,120.0
23404,1939.7644128344984,0.99901213470914,120.0
23405,1939.7658017337296,0.99953529031809,120.0
23406,1939.7671906327273,0.99904252054301,120.0
23407,1939.7685795319576,0.99966773259703,120.0
23408,1939.7699684309553,0.99911051559433,120.0
23409,1939.7713573301855,0.99891024870818,120.0
23410,1939.7727462291828,0.99924673151751,120.0
23411,1939.774135128414,0.9992646855228,120.0
23412,1939.7755240274123,0.99966139451929,120.0
23413,1939.7769129266428,0.99942338680719,120.0
23414,1939.77830182564,0.99872708800651,120.0
23415,1939.781079623868,0.99981640457387,120.0
23416,1939.7824685228657,0.99841794220978,120.0
23417,1939.783857422096,0.99949078661158,120.0
23418,1939.785246321094,0.99836613357758,120.0
23419,1939.7866352200924,0.99854966235213,120.0
23420,1939.7880241193227,0.99821643075599,120.0
23421,1939.7894130183204,0.99901937885702,120.0
23422,1939.7908019173176,0.99845495911393,120.0
23423,1939.7921908163155,0.99921587117465,120.0
23424,1939.7935797155455,0.99861509981161,120.0
23425,1939.7963575135416,0.99941545197074,120.0
23426,1939.7977464125397,0.99936220089881,120.0
23427,1939.7991353115372,0.99954878108806,120.0
23428,1939.8005242105348,1.00012648269443,120.0
23429,1939.801913109765,1.00054454904594,120.0
23430,1939.8033020087623,0.99892724358313,120.0
23431,1939.80469090776,0.99982136214413,120.0
23432,1939.806079806758,0.99947658542919,120.0
23433,1939.807468705756,0.99918025973426,120.0
23434,1939.808857604754,0.99946167425536,120.0
23435,1939.8102465037516,0.99911980471516,120.0
23436,1939.8116354027493,0.99869428143325,120.0
23437,1939.8130243017467,0.99966627300724,120.0
23438,1939.8144132007444,0.99805853958416,120.0
23439,1939.8158020997416,0.9992266352705,120.0
23440,1939.8171909987393,0.99921762101789,120.0
23441,1939.8185798975048,0.99918423131243,120.0
23442,1939.8199687965032,1.00003958524038,120.0
23443,1939.8213576955009,1.00039787950167,120.0
23444,1939.822746594498,0.99909378746853,120.0
23445,1939.8241354934955,0.99886710319203,120.0
23446,1939.8255243924937,1.00037457362454,120.0
23447,1939.8269132912592,0.99967623291947,120.0
23448,1939.828302190257,1.00013560268522,120.0
23449,1939.8296910892557,1.00110915009128,120.0
23450,1939.8310799882531,0.99974029474851,120.0
23451,1939.832468887018,0.99868505400482,120.0
23452,1939.8338577860152,0.99967912300922,120.0
23453,1939.8352466850129,0.99963736815342,120.0
23454,1939.8366355837777,0.9995637368247,120.0
23455,1939.8380244827752,0.999827732825,120.0
23456,1939.8394133817735,1.00032466640109,120.0
23457,1939.8408022805388,0.99910914687769,120.0
23458,1939.843580078301,0.99950933949535,120.0
23459,1939.8449689772983,0.99938249158658,120.0
23460,1939.8463578760632,1.00078655375856,120.0
23461,1939.8477467750608,0.9993506457519,120.0
23462,1939.8491356738257,0.99994486883679,120.0
23463,1939.850524572824,0.99974613027374,120.0
23464,1939.8519134715891,0.99999131160881,120.0
23465,1939.8533023705863,1.00002660826353,120.0
23466,1939.8546912693512,1.00002900302846,120.0
23467,1939.856080168116,1.00027253862091,120.0
23468,1939.8574690671137,0.99929809641342,120.0
23469,1939.8588579658783,0.99966802668401,120.0
23470,1939.8602468646427,0.99960176273957,120.0
23471,1939.8616357636413,1.00019312848023,120.0
23472,1939.8630246624068,0.99981499578453,120.0
23473,1939.8644135611712,0.99886978285219,120.0
23474,1939.865802459936,1.00033460337298,120.0
23475,1939.8671913589335,0.99961300627855,120.0
23476,1939.8685802576983,0.99981292635033,120.0
23477,1939.8699691564627,0.99979310974119,120.0
23478,1939.871358055228,1.00089029580468,120.0
23479,1939.872746953993,1.00029889064475,120.0
23480,1939.8741358529912,1.00034404280433,120.0
23481,1939.875524751756,0.99972249020744,120.0
23482,1939.8769136505207,0.99986869095633,120.0
23483,1939.8783025492855,0.99985318009357,120.0
23484,1939.87969144805,0.99950597964648,120.0
23485,1939.8824692455792,1.00026309248218,120.0
23486,1939.883858144345,0.99978814323948,120.0
23487,1939.8852470431104,0.99977125146252,120.0
23488,1939.8866359418753,1.00112551547204,120.0
23489,1939.8880248406397,1.00014824333926,120.0
23490,1939.889413739404,1.00053001099109,120.0
23491,1939.8908026381691,1.0009428415052,120.0
23492,1939.8921915367011,0.99968634994468,120.0
23493,1939.8935804354664,1.00017002037503,120.0
23494,1939.8949693342315,0.99960464319869,120.0
23495,1939.8963582329964,1.00066003066844,120.0
23496,1939.8977471317612,1.00086815640803,120.0
23497,1939.899136030526,0.99985792818805,120.0
23498,1939.9005249290576,1.00055626678444,120.0
23499,1939.9019138278231,1.00157940285629,120.0
23500,1939.9033027265884,1.00046854376257,120.0
23501,1939.904691625354,1.00074338530334,120.0
23502,1939.9060805238864,1.00013648311199,120.0
23503,1939.9074694226513,1.00094348716902,120.0
23504,1939.908858321416,1.00098646045656,120.0
23505,1939.9102472199477,1.00031416924166,120.0
23506,1939.9116361187123,1.00155061820836,120.0
23507,1939.9130250172443,1.00070323865728,120.0
23508,1939.9144139160092,1.00092132619749,120.0
23509,1939.9158028145416,1.00054422882625,120.0
23510,1939.9171917133067,0.99994520758472,120.0
23511,1939.9185806118387,1.00030377841125,120.0
23512,1939.9199695106036,1.00074462806822,120.0
23513,1939.9213584091356,0.99996981044643,120.0
23514,1939.9227473079,1.0008874106603,120.0
23515,1939.924136206432,1.00079064022617,120.0
23516,1939.9255251051964,1.00076116109166,120.0
23517,1939.9269140037293,1.0012776335118,120.0
23518,1939.928302902262,1.00196839493893,120.0
23519,1939.9296918010264,1.00096367600593,120.0
23520,1939.9310806995584,1.0003850915819,120.0
23521,1939.93246959809,1.00115839977375,120.0
23522,1939.9338584968552,1.00137578269504,120.0
23523,1939.9352473953873,1.00044424401918,120.0
23524,1939.9366362939188,1.00168303042524,120.0
23525,1939.9380251924513,1.00119128870173,120.0
23526,1939.9394140912163,1.00089590494706,120.0
23527,1939.9408029897484,0.99994945508302,120.0
23528,1939.9421918882808,1.00043549141036,120.0
23529,1939.9435807868124,1.00051417684253,120.0
23530,1939.944969685344,1.00138958152565,120.0
23531,1939.946358583876,1.00062440809351,120.0
23532,1939.9477474824089,1.00107949736268,120.0
23533,1939.9491363809411,1.00098292779555,120.0
23534,1939.9505252794731,1.0009141282233,120.0
23535,1939.9519141780047,1.00143539893077,120.0
23536,1939.9533030765367,1.00014672639059,120.0
23537,1939.9546919750687,1.00121177749474,120.0
23538,1939.9560808736005,1.00027407706652,120.0
23539,1939.9574697721323,1.00101819222067,120.0
23540,1939.9588586706648,1.00093613670471,120.0
23541,1939.9602475691977,1.00170302080876,120.0
23542,1939.9616364677297,1.0007098760281,120.0
23543,1939.9630253662613,1.00074185602555,120.0
23544,1939.9644142647933,1.0006298730779,120.0
23545,1939.9658031633248,1.00198241177675,120.0
23546,1939.967192061624,1.00123673176986,120.0
23547,1939.968580960156,1.0016767572226,120.0
23548,1939.9699698586885,1.00037729356637,120.0
23549,1939.9713587572212,1.00141732492017,120.0
23550,1939.97274765552,1.0010137461195,120.0
23551,1939.974136554052,1.00129336491653,120.0
23552,1939.9755254525835,1.00143624017224,120.0
23553,1939.9783032494145,1.00105715144758,120.0
23554,1939.9796921479472,1.000977734069,120.0
23555,1939.98246994478,1.0011270217874,120.0
23556,1939.9838588430791,1.00145793918565,120.0
23557,1939.9852477416111,1.00137559489447,120.0
23558,1939.9866366399103,1.00053586384957,120.0
23559,1939.988025538442,1.00220380303986,120.0
23560,1939.9894144367408,1.0015983483917,120.0
23561,1939.9921922335727,1.00427694500891,120.0
23562,1939.9935811318724,1.00155850683471,120.0
23563,1939.9949700304044,1.00263603689225,120.0
23564,1939.996358928703,1.00100803814088,120.0
23565,1939.9977478270025,1.00144116908931,120.0
23566,1939.9991367255343,1.00193008724078,120.0
23567,1940.0005256238337,1.00207597789592,120.0
23568,1940.0019145221324,1.00110249508611,120.0
23569,1940.0033034206651,1.00129858492119,120.0
23570,1940.0046923189648,1.00138220108333,120.0
23571,1940.0060812172635,1.00100606047503,120.0
23572,1940.007470115563,1.00199777682334,120.0
23573,1940.0088590138616,1.0019666742477,120.0
23574,1940.0102479121608,1.00164099861411,120.0
23575,1940.0116368106928,1.0015641689007,120.0
23576,1940.0130257089925,1.0015470772787,120.0
23577,1940.0144146072923,1.00092030712842,120.0
23578,1940.0158035055913,1.0019811383022,120.0
23579,1940.0171924038905,1.00180594277021,120.0
23580,1940.0185813021892,1.00165594532406,120.0
23581,1940.0199702004884,1.00217457214777,120.0
23582,1940.0213590987876,1.00225363682531,120.0
23583,1940.0227479970863,1.00179029170929,120.0
23584,1940.024136895386,1.00166024843952,120.0
23585,1940.0255257934527,1.00201605527305,120.0
23586,1940.026914691752,1.00181892346371,120.0
23587,1940.028303590051,1.00208307102089,120.0
23588,1940.0296924883503,1.0016254931904,120.0
23589,1940.0310813866492,1.00201019006612,120.0
23590,1940.032470284948,1.00206145241438,120.0
23591,1940.0338591830143,1.00135687447524,120.0
23592,1940.035248081314,1.00088438842839,120.0
23593,1940.036636979614,1.00323276774554,120.0
23594,1940.0380258779128,1.00218703415842,120.0
23595,1940.0394147759791,1.00215716584433,120.0
23596,1940.0408036742783,1.00257875031603,120.0
23597,1940.0421925725773,1.00218711414033,120.0
23598,1940.0435814706436,1.00081286946758,120.0
23599,1940.0449703689424,1.00252690324559,120.0
23600,1940.0463592670092,1.00206024687085,120.0
23601,1940.0477481653088,1.0014206464739,120.0
23602,1940.0491370633752,1.00180259961099,120.0
23603,1940.0505259616743,1.0016284134062,120.0
23604,1940.0519148597407,1.0020963902829,120.0
23605,1940.0533037580396,1.00213783354442,120.0
23606,1940.0546926561055,1.00245091044932,120.0
23607,1940.0560815544047,1.00206079753864,120.0
23608,1940.0574704524715,1.00239588810244,120.0
23609,1940.0588593505388,1.00335710487325,120.0
23610,1940.0602482488384,1.00188007213079,120.0
23611,1940.0616371469052,1.00172128178041,120.0
23612,1940.0630260449716,1.00135365540694,120.0
23613,1940.0644149432708,1.00281708099962,120.0
23614,1940.065803841337,1.00129233516075,120.0
23615,1940.0671927394037,1.00185830993126,120.0
23616,1940.0685816374703,1.00213849315193,120.0
23617,1940.0699705357697,1.00198434571459,120.0
23618,1940.071359433836,1.00167501811849,120.0
23619,1940.072748331902,1.00206124964778,120.0
23620,1940.0741372299683,1.00258684509937,120.0
23621,1940.0755261280344,1.00223379536365,120.0
23622,1940.0769150261008,1.00200106981942,120.0
23623,1940.0783039241676,1.00250726473784,120.0
23624,1940.0796928222344,1.00233583655884,120.0
23625,1940.0810817203007,1.00260955218823,120.0
23626,1940.0824706183669,1.00224498610218,120.0
23627,1940.0838595164332,1.00267243770985,120.0
23628,1940.0852484144991,1.00215375214139,120.0
23629,1940.0866373125657,1.00230374280256,120.0
23630,1940.088026210632,1.00240825370466,120.0
23631,1940.0894151086984,1.00227695655496,120.0
23632,1940.0908040067657,1.00200527885367,120.0
23633,1940.0921929045987,1.00203968382668,120.0
23634,1940.0935818026653,1.00337215273156,120.0
23635,1940.0949707007312,1.00138618161907,120.0
23636,1940.0963595987976,1.0022637013714,120.0
23637,1940.0977484966309,1.00245317612999,120.0
23638,1940.1019151905984,1.00237958399295,120.0
23639,1940.1033040886643,1.00233549667697,120.0
23640,1940.1046929867305,1.00159666576485,120.0
23641,1940.106081884564,1.00224977151163,120.0
23642,1940.10747078263,1.00257383837478,120.0
23643,1940.1088596804636,1.00272520558414,120.0
23644,1940.1102485785295,1.00196446059937,120.0
23645,1940.111637476364,1.00151028474205,120.0
23646,1940.1130263744308,1.00233368346696,120.0
23647,1940.114415272264,1.00324058727168,120.0
23648,1940.1158041703304,1.0027559355429,120.0
23649,1940.1171930681635,1.00224902057477,120.0
23650,1940.1185819659968,1.0028957829886,120.0
23651,1940.1199708640631,1.00283975227079,120.0
23652,1940.1213597618969,1.00191282796461,120.0
23653,1940.1227486597304,1.00252205153556,120.0
23654,1940.1241375577977,1.00279108872463,120.0
23655,1940.1255264556307,1.00260984654443,120.0
23656,1940.126915353464,1.0023340069926,120.0
23657,1940.1283042512975,1.00260277355855,120.0
23658,1940.129693149364,1.00139222978797,120.0
23659,1940.1310820471977,1.00261551819876,120.0
23660,1940.1324709450312,1.0024648598175,120.0
23661,1940.1338598428651,1.00219390106376,120.0
23662,1940.135248740699,1.00209492277848,120.0
23663,1940.1366376385324,1.00264454814321,120.0
23664,1940.1380265363655,1.00278161355298,120.0
23665,1940.1394154341992,1.00370389010957,120.0
23666,1940.1408043320323,1.003393734325,120.0
23667,1940.1421932298665,1.00262455948879,120.0
23668,1940.1435821277012,1.00290384752211,120.0
23669,1940.1449710255351,1.00322467854694,120.0
23670,1940.146359923369,1.00331413603111,120.0
23671,1940.147748821202,1.00256343114522,120.0
23672,1940.1491377190353,1.00311408708892,120.0
23673,1940.150526616636,1.00353285042993,120.0
23674,1940.1519155144697,1.00272304259321,120.0
23675,1940.1533044123028,1.00335349797113,120.0
23676,1940.1546933101367,1.00345110201139,120.0
23677,1940.156082207738,1.00244127264851,120.0
23678,1940.1574711055712,1.00292385280723,120.0
23679,1940.1588600034047,1.00284263260034,120.0
23680,1940.1602489010052,1.00305617520835,120.0
23681,1940.1616377988385,1.00385776680371,120.0
23682,1940.163026696672,1.00371263637518,120.0
23683,1940.164415594273,1.00343848909799,120.0
23684,1940.1658044921064,1.00272474755763,120.0
23685,1940.167193389708,1.00285936877031,120.0
23686,1940.1685822875413,1.00373200807445,120.0
23687,1940.1699711851415,1.00308604434735,120.0
23688,1940.1713600829753,1.00260658132868,120.0
23689,1940.172748980576,1.00335489929454,120.0
23690,1940.1741378784093,1.002971976837,120.0
23691,1940.1755267760095,1.0038730872339,120.0
23692,1940.1769156736111,1.00361614486224,120.0
23693,1940.178304571445,1.00307454199606,120.0
23694,1940.1796934690456,1.00288644422395,120.0
23695,1940.1810823666465,1.00447665668465,120.0
23696,1940.1824712642467,1.00341218505926,120.0
23697,1940.18386016208,1.0030491107517,120.0
23698,1940.1852490596807,1.0030687361722,120.0
23699,1940.1866379572816,1.00287621868949,120.0
23700,1940.1880268548832,1.00257515064283,120.0
23701,1940.1894157524837,1.00314517994549,120.0
23702,1940.190804650084,1.00313080617339,120.0
23703,1940.1921935476848,1.00392444318581,120.0
23704,1940.1935824452853,1.00298702964544,120.0
23705,1940.194971342886,1.00326163132277,120.0
23706,1940.1963602404865,1.00300706851207,120.0
23707,1940.197749138088,1.00330591348484,120.0
23708,1940.1991380356887,1.00223069965547,120.0
23709,1940.2005269332897,1.00366978603673,120.0
23710,1940.20191583089,1.00316124879817,120.0
23711,1940.2033047284904,1.00265212792253,120.0
23712,1940.2046936260913,1.00317913318806,120.0
23713,1940.2060825236915,1.00335264567832,120.0
23714,1940.2074714210592,1.00389258205353,120.0
23715,1940.2088603186603,1.00418945724544,120.0
23716,1940.210249216262,1.00404991001804,120.0
23717,1940.2116381138624,1.00415242957667,120.0
23718,1940.21302701123,1.00426033049957,120.0
23719,1940.2144159088305,1.00309003808196,120.0
23720,1940.2158048064312,1.00420674296477,120.0
23721,1940.2171937037992,1.00317833420103,120.0
23722,1940.2185826013992,1.00357455034967,120.0
23723,1940.219971498768,1.00331953605323,120.0
23724,1940.2213603963692,1.00466211468826,120.0
23725,1940.2227492937368,1.00316197216409,120.0
23726,1940.2241381913375,1.00286318719914,120.0
23727,1940.2255270887051,1.00409182672648,120.0
23728,1940.2269159863065,1.00346470926647,120.0
23729,1940.2283048836748,1.00391402953373,120.0
23730,1940.2296937812753,1.00404238035137,120.0
23731,1940.2310826786436,1.00335040445072,120.0
23732,1940.232471576012,1.00341610968267,120.0
23733,1940.2338604733795,1.0040036399189,120.0
23734,1940.2352493709805,1.00317083120676,120.0
23735,1940.236638268348,1.00337717553854,120.0
23736,1940.238027165716,1.00425298204176,120.0
23737,1940.2394160630836,1.00321687319859,120.0
23738,1940.2408049604512,1.00359998413035,120.0
23739,1940.2421938580524,1.00335537597982,120.0
23740,1940.243582755421,1.00395772325653,120.0
23741,1940.2449716527888,1.00393879286845,120.0
23742,1940.2463605501564,1.00349658179784,120.0
23743,1940.247749447524,1.00391908179085,120.0
23744,1940.2491383448917,1.00454734651211,120.0
23745,1940.2505272422595,1.00382014151668,120.0
23746,1940.251916139628,1.00427875203906,120.0
23747,1940.2533050369964,1.00396842835402,120.0
23748,1940.254693934364,1.00448387621772,120.0
23749,1940.2560828314988,1.00419956148209,120.0
23750,1940.2574717288664,1.00430707205507,120.0
23751,1940.2588606262343,1.00428697319847,120.0
23752,1940.260249523602,1.00361104263183,120.0
23753,1940.2616384209696,1.00336294424067,120.0
23754,1940.2630273181055,1.00303534957175,120.0
23755,1940.2644162154736,1.00300316299442,120.0
23756,1940.2658051128417,1.00507995322363,120.0
23757,1940.2671940099765,1.00381535345483,120.0
23758,1940.268582907344,1.00449079218303,120.0
23759,1940.2713607018468,1.00465166230777,120.0
23760,1940.2727495992144,1.00435976111539,120.0
23761,1940.27413849635,1.00350090358837,120.0
23762,1940.2755273937184,1.0036424935653,120.0
23763,1940.2769162908533,1.00421872653118,120.0
23764,1940.278305187988,1.00501542469723,120.0
23765,1940.279694085356,1.00414354389155,120.0
23766,1940.2810829824907,1.0040205423172,120.0
23767,1940.2824718798583,1.00400086804923,120.0
23768,1940.2838607769932,1.00368615978674,120.0
23769,1940.2852496741289,1.00363437724873,120.0
23770,1940.2866385712643,1.00452122154363,120.0
23771,1940.2880274686324,1.0051117691456,120.0
23772,1940.2894163657672,1.00397688611651,120.0
23773,1940.290805262902,1.00432769729971,120.0
23774,1940.2921941600368,1.00471237949157,120.0
23775,1940.294971954307,1.00420409754109,120.0
23776,1940.2963608514424,1.00431102412674,120.0
23777,1940.2977497485776,1.00344333530536,120.0
23778,1940.299138645713,1.0044286558535,120.0
23779,1940.3005275428477,1.00358628540413,120.0
23780,1940.3019164399825,1.00400133552742,120.0
23781,1940.3033053371175,1.00450137153959,120.0
23782,1940.3046942342523,1.00445336041476,120.0
23783,1940.306083131388,1.00475186452325,120.0
23784,1940.3074720285235,1.00429718151197,120.0
23785,1940.3088609256583,1.00448079514649,120.0
23786,1940.3102498225603,1.00410917125452,120.0
23787,1940.311638719695,1.0046471074563,120.0
23788,1940.31302761683,1.00432818892527,120.0
23789,1940.3144165137328,1.00403011084093,120.0
23790,1940.3158054108685,1.00437220415996,120.0
23791,1940.317194308004,1.00442447356343,120.0
23792,1940.3185832049069,1.00489336346167,120.0
23793,1940.3199721020417,1.00451356435364,120.0
23794,1940.321360998944,1.00450302908076,120.0
23795,1940.3227498960784,1.003870736327,120.0
23796,1940.3241387929809,1.00520822363436,120.0
23797,1940.3255276901157,1.00473921095247,120.0
23798,1940.3269165870176,1.00446594275302,120.0
23799,1940.3283054841531,1.00380878313034,120.0
23800,1940.329694381056,1.00439772533665,120.0
23801,1940.3310832779584,1.0042094941321,120.0
23802,1940.3324721750928,1.00438813713643,120.0
23803,1940.3338610719948,1.00473627598954,120.0
23804,1940.3352499688967,1.00588964827821,120.0
23805,1940.3366388657992,1.00476626849013,120.0
23806,1940.338027762934,1.00426587399572,120.0
23807,1940.3394166598368,1.00424204831714,120.0
23808,1940.3408055567395,1.00477173772938,120.0
23809,1940.3421944536417,1.00358692107626,120.0
23810,1940.3435833505437,1.00433584169734,120.0
23811,1940.3449722474456,1.00430957903291,120.0
23812,1940.346361144348,1.00476895412157,120.0
23813,1940.3477500412496,1.00506799709093,120.0
23814,1940.3491389381516,1.00422316575642,120.0
23815,1940.351916731957,1.00518545169383,120.0
23816,1940.3533056288595,1.00511406693423,120.0
23817,1940.3546945255289,1.00473924777698,120.0
23818,1940.3560834224304,1.00418576207771,120.0
23819,1940.3574723193328,1.00502582401537,120.0
23820,1940.3588612162348,1.00524516002819,120.0
23821,1940.3602501129049,1.00506329947546,120.0
23822,1940.3616390098075,1.00425027022026,120.0
23823,1940.3630279067097,1.00535455463599,120.0
23824,1940.3644168033788,1.00438064561559,120.0
23825,1940.3658057002808,1.00449272867506,120.0
23826,1940.3671945971832,1.00415471198428,120.0
23827,1940.368583493852,1.00464643708907,120.0
23828,1940.369972390754,1.00489034511168,120.0
23829,1940.371361287424,1.00435783034649,120.0
23830,1940.372750184094,1.00500391738402,120.0
23831,1940.374139080996,1.00514788980159,120.0
23832,1940.3755279776651,1.00437294343629,120.0
23833,1940.376916874567,1.00539561906776,120.0
23834,1940.3783057712365,1.00433231888511,120.0
23835,1940.3796946679056,1.00600336309,120.0
23836,1940.3810835645747,1.00470016309036,120.0
23837,1940.3824724614776,1.00519366940714,120.0
23838,1940.3838613581477,1.00580831662865,120.0
23839,1940.3852502548168,1.0048925467652,120.0
23840,1940.386639151486,1.00450930447664,120.0
23841,1940.388028048155,1.00371610926752,120.0
23842,1940.3894169448247,1.00461147883377,120.0
23843,1940.3908058414936,1.00513272155663,120.0
23844,1940.3921947381627,1.00572341781995,120.0
23845,1940.3935836348328,1.00340725695908,120.0
23846,1940.3949725315028,1.00510720110585,120.0
23847,1940.396361428172,1.00452648782035,120.0
23848,1940.3977503248411,1.00402192537708,120.0
23849,1940.3991392215105,1.004486275383,120.0
23850,1940.40052811818,1.00528452375153,120.0
23851,1940.401917014616,1.0041549609176,120.0
23852,1940.4033059112855,1.00443591854097,120.0
23853,1940.404694807956,1.00479403529473,120.0
23854,1940.4060837043935,1.00511191003428,120.0
23855,1940.407472601063,1.00548873929842,120.0
23856,1940.408861497732,1.00526164766125,120.0
23857,1940.4102503941688,1.00448049370292,120.0
23858,1940.411639290838,1.00486598756919,120.0
23859,1940.4130281872744,1.00570373739035,120.0
23860,1940.4144170839431,1.00460052639497,120.0
23861,1940.4158059803804,1.00467352210041,120.0
23862,1940.4171948770504,1.00385875869521,120.0
23863,1940.4213615665924,1.00425978453067,120.0
23864,1940.4227504630287,1.00409021556797,120.0
23865,1940.4241393594652,1.00500461859332,120.0
23866,1940.4255282561353,1.00457626388062,120.0
23867,1940.426917152572,1.00336607394239,120.0
23868,1940.4283060490088,1.00407806514876,120.0
23869,1940.4296949454451,1.00406661138311,120.0
23870,1940.4310838418817,1.00400156657298,120.0
23871,1940.432472738318,1.00374177933979,120.0
23872,1940.4338616347543,1.0038662615091,120.0
23873,1940.4352505311904,1.00395962296206,120.0
23874,1940.436639427628,1.0038917705945,120.0
23875,1940.4380283240648,1.0033884717929,120.0
23876,1940.4394172205011,1.00339285174222,120.0
23877,1940.4408061169377,1.00436749490653,120.0
23878,1940.442195013374,1.00467998612912,120.0
23879,1940.4435839098105,1.003761803369,120.0
23880,1940.444972806014,1.00446684111311,120.0
23881,1940.4463617024503,1.00420868831282,120.0
23882,1940.4477505988875,1.00446885213238,120.0
23883,1940.450528391528,1.00384555058224,120.0
23884,1940.4519172879643,1.00534142244912,120.0
23885,1940.453306184168,1.00353365806325,120.0
23886,1940.4546950806043,1.00457128344328,120.0
23887,1940.456083976808,1.00347448669333,120.0
23888,1940.4574728732443,1.00359598558479,120.0
23889,1940.4588617694487,1.00317385792454,120.0
23890,1940.4602506656531,1.00488811931366,120.0
23891,1940.4616395620897,1.00319162529522,120.0
23892,1940.463028458293,1.00397092797077,120.0
23893,1940.4644173544964,1.0044970189348,120.0
23894,1940.4658062509327,1.00315060327028,120.0
23895,1940.4671951471364,1.00436796605724,120.0
23896,1940.46858404334,1.00391173815635,120.0
23897,1940.469972939544,1.00420394072994,120.0
23898,1940.4713618357484,1.00369714204288,120.0
23899,1940.472750731952,1.003367988639,120.0
23900,1940.475528524592,1.00399897807299,120.0
23901,1940.4769174207956,1.00323915680885,120.0
23902,1940.4783063167663,1.00393336952884,120.0
23903,1940.4796952129705,1.00406732688486,120.0
23904,1940.4810841091748,1.00411260013553,120.0
23905,1940.4824730053783,1.00433859464442,120.0
23906,1940.483861901582,1.00309005663615,120.0
23907,1940.4852507977855,1.00390556345358,120.0
23908,1940.48802858996,1.00449960947691,120.0
23909,1940.4894174861636,1.00415239791961,120.0
23910,1940.4921952783393,1.00441716669794,120.0
23911,1940.4935841745423,1.00390396128916,120.0
23912,1940.4949730705137,1.00550628441178,120.0
23913,1940.4963619667171,1.00415510559576,120.0
23914,1940.4977508626885,1.0040093137669,120.0
23915,1940.4991397586596,1.00386113154322,120.0
23916,1940.5005286548633,1.00344217714098,120.0
23917,1940.5019175508348,1.00387366284896,120.0
23918,1940.5033064470392,1.00436051085905,120.0
23919,1940.5046953430096,1.00362400641826,120.0
23920,1940.5060842389803,1.00330769861987,120.0
23921,1940.5144176150393,1.00467009694133,120.0
23922,1940.51580651101,1.0043678333683,120.0
23923,1940.5171954069804,1.00631722149312,120.0
23924,1940.5185843029512,1.00391262664577,120.0
23925,1940.519973198922,1.00398858863085,120.0
23926,1940.52136209466,1.00392717563204,120.0
23927,1940.5227509906308,1.00650696436577,120.0
23928,1940.524139886602,1.00555270860632,120.0
23929,1940.5269176783115,1.00403974778702,120.0
23930,1940.528306574282,1.00465172433273,120.0
23931,1940.5296954702528,1.00516991862768,120.0
23932,1940.5310843659909,1.00471800525427,120.0
23933,1940.5324732619615,1.00491510637165,120.0
23934,1940.5338621576996,1.00488972095686,120.0
23935,1940.535251053671,1.00445155105437,120.0
23936,1940.5366399494092,1.00554790168966,120.0
23937,1940.53802884538,1.00501180037334,120.0
23938,1940.5394177411183,1.00550617902523,120.0
23939,1940.5421955328268,1.00480975715156,120.0
23940,1940.5435844285648,1.00425186483954,120.0
23941,1940.544973324303,1.00592134883194,120.0
23942,1940.5463622200416,1.00540549244751,120.0
23943,1940.54775111578,1.00615777118244,120.0
23944,1940.5491400117503,1.00594948843331,120.0
23945,1940.5505289074883,1.00563888389484,120.0
23946,1940.5519178032264,1.00506190705308,120.0
23947,1940.553306698964,1.00453158474812,120.0
23948,1940.5546955947025,1.00530870859335,120.0
23949,1940.556084490208,1.0051193588075,120.0
23950,1940.5574733859464,1.00539293717207,120.0
23951,1940.5588622816845,1.00572613992587,120.0
23952,1940.5602511774223,1.00560189281869,120.0
23953,1940.5616400731603,1.0058221209131,120.0
23954,1940.563028968665,1.00603394769437,120.0
23955,1940.5644178644031,1.00524559805325,120.0
23956,1940.5658067601407,1.00607622033382,120.0
23957,1940.5671956556469,1.00711984979319,120.0
23958,1940.5685845513856,1.00517848589444,120.0
23959,1940.5699734471232,1.00677262333888,120.0
23960,1940.5713623426284,1.00578089922072,120.0
23961,1940.5727512381332,1.00519330688548,120.0
23962,1940.5741401338712,1.0058465904947,120.0
23963,1940.5755290293769,1.00558202621207,120.0
23964,1940.5769179251145,1.00560469456789,120.0
23965,1940.57830682062,1.00515880722775,120.0
23966,1940.5796957161256,1.00514756288134,120.0
23967,1940.5810846116312,1.00547335888985,120.0
23968,1940.5824735073688,1.00550984334118,120.0
23969,1940.583862402874,1.00447814990863,120.0
23970,1940.5852512983793,1.00489454019147,120.0
23971,1940.586640193884,1.00517314731596,120.0
23972,1940.589417984895,1.0049695895069,120.0
23973,1940.5908068804008,1.00600730712714,120.0
23974,1940.5921957759056,1.00586534847618,120.0
23975,1940.5935846714108,1.005658266827,120.0
23976,1940.594973566684,1.00539009552609,120.0
23977,1940.5963624621895,1.00652054314431,120.0
23978,1940.5977513576947,1.00561261556876,120.0
23979,1940.5991402532004,1.00594222313075,120.0
23980,1940.6005291484732,1.00493813204632,120.0
23981,1940.6019180439785,1.00545958575307,120.0
23982,1940.6033069394832,1.00463967638038,120.0
23983,1940.604695834756,1.00630732064988,120.0
23984,1940.6060847302608,1.00500311571131,120.0
23985,1940.6074736255327,1.00492716535226,120.0
23986,1940.608862521038,1.00482221433976,120.0
23987,1940.6102514163113,1.00606723095575,120.0
23988,1940.611640311584,1.00562398824907,120.0
23989,1940.6130292070889,1.0050683725217,120.0
23990,1940.6144181023612,1.00587999864063,120.0
23991,1940.6158069976336,1.00552012592936,120.0
23992,1940.6171958929056,1.0056046798471,120.0
23993,1940.618584788178,1.00488684101676,120.0
23994,1940.6199736834503,1.00471096703578,120.0
23995,1940.621362578956,1.00566471550383,120.0
23996,1940.6227514742288,1.00552680306632,120.0
23997,1940.6241403695012,1.00565733468399,120.0
23998,1940.6255292645403,1.00380011404093,120.0
23999,1940.6269181598127,1.00543184878371,120.0
24000,1940.6283070550849,1.00600988094364,120.0
24001,1940.6296959503572,1.00545921520647,120.0
24002,1940.6310848456296,1.0052933587414,120.0
24003,1940.6324737409025,1.00559058783623,120.0
24004,1940.6338626359427,1.0066715826578,120.0
24005,1940.6352515312149,1.00589397148738,120.0
24006,1940.636640426254,1.00518594364691,120.0
24007,1940.6380293215263,1.00538267114957,120.0
24008,1940.6394182167987,1.00587718698768,120.0
24009,1940.6408071118385,1.00458084729418,120.0
24010,1940.6421960068776,1.0052960215007,120.0
24011,1940.6435849021505,1.00563876842816,120.0
24012,1940.6449737971905,1.00541372700065,120.0
24013,1940.64636269223,1.0087900492929,120.0
24014,1940.6477515875024,1.00793204745459,120.0
24015,1940.6491404825415,1.00615278160164,120.0
24016,1940.6505293775808,1.00490485314257,120.0
24017,1940.6519182726204,1.00588716135192,120.0
24018,1940.65330716766,1.00611019484047,120.0
24019,1940.6546960627,1.00504348188036,120.0
24020,1940.65608495774,1.00541311947825,120.0
24021,1940.6574738527795,1.00513270511989,120.0
24022,1940.6588627478188,1.00626188337791,120.0
24023,1940.6602516428584,1.00540094043075,120.0
24024,1940.6616405378977,1.00410642716649,120.0
24025,1940.6630294329373,1.00551585663434,120.0
24026,1940.6644183279773,1.00649471704395,120.0
24027,1940.6658072227845,1.00574323499733,120.0
24028,1940.667196117824,1.00542811317321,120.0
24029,1940.668585012863,1.00608247998123,120.0
24030,1940.66997390767,1.006099898467,120.0
24031,1940.6713628027092,1.00574245415937,120.0
24032,1940.672751697516,1.00565148865896,120.0
24033,1940.6741405925552,1.00607159189523,120.0
24034,1940.6755294873624,1.00598547201064,120.0
24035,1940.67691838217,1.00511783649947,120.0
24036,1940.6783072772091,1.00580315858879,120.0
24037,1940.679696172016,1.00568243417657,120.0
24038,1940.6810850668223,1.00489486850097,120.0
24039,1940.6824739616288,1.00496347795066,120.0
24040,1940.6838628566688,1.00540359944012,120.0
24041,1940.685251751475,1.00655188404295,120.0
24042,1940.6866406462825,1.0059808715445,120.0
24043,1940.6880295410897,1.00542964968313,120.0
24044,1940.689418435896,1.00525312560649,120.0
24045,1940.690807330703,1.00547611504033,120.0
24046,1940.6921962255096,1.00526386315235,120.0
24047,1940.6935851200833,1.00646616141038,120.0
24048,1940.6949740148905,1.00569888161379,120.0
24049,1940.6963629096977,1.00559258191616,120.0
24050,1940.6977518045048,1.00580552503971,120.0
24051,1940.6991406990792,1.00607506800925,120.0
24052,1940.700529593886,1.00564729938705,120.0
24053,1940.7033073832663,1.00534109899127,120.0
24054,1940.70469627784,1.00573712444678,120.0
24055,1940.7060851726465,1.00529526614341,120.0
24056,1940.7074740672203,1.00679454935059,120.0
24057,1940.7088629620275,1.00582896568611,120.0
24058,1940.710251856602,1.00632508521335,120.0
24059,1940.7116407511755,1.00497280501024,120.0
24060,1940.7130296457497,1.00475459421445,120.0
24061,1940.714418540323,1.00605327965454,120.0
24062,1940.7158074351296,1.00607047231292,120.0
24063,1940.7171963297037,1.00542610416269,120.0
24064,1940.718585224278,1.00495836541793,120.0
24065,1940.7199741188529,1.00571096391997,120.0
24066,1940.7213630134263,1.00617613759879,120.0
24067,1940.7227519077671,1.00680930345513,120.0
24068,1940.7241408023408,1.00657041652095,120.0
24069,1940.7255296969145,1.00559777708238,120.0
24070,1940.7269185914884,1.00563160033261,120.0
24071,1940.7283074858296,1.00571723589072,120.0
24072,1940.7296963804035,1.00538225971269,120.0
24073,1940.731085274978,1.00528753798892,120.0
24074,1940.7324741693192,1.00634208011375,120.0
24075,1940.7338630638928,1.00609691395083,120.0
24076,1940.735251958234,1.00585953491738,120.0
24077,1940.7366408528076,1.00565087693288,120.0
24078,1940.7380297471484,1.00523726850929,120.0
24079,1940.7394186414897,1.00621458057979,120.0
24080,1940.740807536064,1.00471654887753,120.0
24081,1940.7421964304056,1.00541196133064,120.0
24082,1940.7435853247464,1.00539307333595,120.0
24083,1940.7449742190872,1.00703300855843,120.0
24084,1940.746363113428,1.00621430260079,120.0
24085,1940.7477520077691,1.00555084027255,120.0
24086,1940.74914090211,1.00612305997084,120.0
24087,1940.7505297964512,1.00589453224789,120.0
24088,1940.7519186907928,1.00612346582459,120.0
24089,1940.7533075851345,1.00569508359317,120.0
24090,1940.7546964794751,1.00539264243568,120.0
24091,1940.7560853735831,1.00607953647664,120.0
24092,1940.757474267924,1.00500551735325,120.0
24093,1940.7588631622648,1.00540406207771,120.0
24094,1940.7602520563728,1.00694011601119,120.0
24095,1940.761640950714,1.00657755190443,120.0
24096,1940.7630298448228,1.00551811903829,120.0
24097,1940.7644187391645,1.00589263798327,120.0
24098,1940.7658076332723,1.00587735784455,120.0
24099,1940.7671965276131,1.00544714639967,120.0
24100,1940.7699743158296,1.00570703267433,120.0
24101,1940.7713632099376,1.00654636906697,120.0
24102,1940.7727521040456,1.0052662565936,120.0
24103,1940.7741409983876,1.00623890606543,120.0
24104,1940.775529892496,1.00561512816557,120.0
24105,1940.7769187866045,1.0054546991207,120.0
24106,1940.7783076807125,1.00535409972861,120.0
24107,1940.7796965748205,1.00605842080931,120.0
24108,1940.7810854686957,1.00622374666541,120.0
24109,1940.782474362804,1.0062686652275,120.0
24110,1940.7838632569124,1.00472002940785,120.0
24111,1940.7852521510215,1.00613149959974,120.0
24112,1940.786641044897,1.00572767157781,120.0
24113,1940.788029939005,1.00569993105139,120.0
24114,1940.789418833113,1.00608947962279,120.0
24115,1940.790807726988,1.00584285340529,120.0
24116,1940.7921966210963,1.00524400384775,120.0
24117,1940.7935855149713,1.00646932242947,120.0
24118,1940.7949744088476,1.00532225206271,120.0
24119,1940.796363302956,1.00515276771293,120.0
24120,1940.7977521968312,1.00643296965105,120.0
24121,1940.7991410907068,1.00650590885723,120.0
24122,1940.8005299845825,1.0053014735257,120.0
24123,1940.8019188784583,1.00593234014844,120.0
24124,1940.8033077723337,1.0059621187849,120.0
24125,1940.804696666442,1.00553748901712,120.0
24126,1940.8060855600847,1.00574444828744,120.0
24127,1940.8074744539608,1.0049912811352,120.0
24128,1940.808863347836,1.00513814412401,120.0
24129,1940.8102522417112,1.00509088325996,120.0
24130,1940.8116411355868,1.00585195028146,120.0
24131,1940.8130300294624,1.00530270550181,120.0
24132,1940.8144189231043,1.0046079674365,120.0
24133,1940.8158078169797,1.00518025403178,120.0
24134,1940.8171967106227,1.0062790349029,120.0
24135,1940.8185856044988,1.005641469113,120.0
24136,1940.8199744981412,1.00575186116176,120.0
24137,1940.8213633920163,1.00527615348968,120.0
24138,1940.822752285659,1.00481607581056,120.0
24139,1940.8241411793013,1.00479344578666,120.0
24140,1940.8255300731769,1.00546825563496,120.0
24141,1940.8269189668188,1.00470851618845,120.0
24142,1940.828307860462,1.00442383758583,120.0
24143,1940.8296967541053,1.00532535741934,120.0
24144,1940.8310856477476,1.00597655009703,120.0
24145,1940.83247454139,1.00602997074274,120.0
24146,1940.8338634350323,1.00506503328921,120.0
24147,1940.835252328675,1.00675621827146,120.0
24148,1940.8366412223177,1.00536971837541,120.0
24149,1940.838030115728,1.00527755469351,120.0
24150,1940.8394190093709,1.00478284303826,120.0
24151,1940.8408079030132,1.00579203434251,120.0
24152,1940.8421967964227,1.00597001545422,120.0
24153,1940.8435856900653,1.00550340857092,120.0
24154,1940.8449745834748,1.00537917040628,120.0
24155,1940.8463634771172,1.00588347308838,120.0
24156,1940.847752370527,1.00482179131428,120.0
24157,1940.84914126417,1.00600832776732,120.0
24158,1940.8505301575804,1.00561830801689,120.0
24159,1940.8519190509896,1.00521821950141,120.0
24160,1940.8533079443991,1.00536196951005,120.0
24161,1940.854696838042,1.00529817525181,120.0
24162,1940.8560857314517,1.00567620847378,120.0
24163,1940.8574746248612,1.00557002245039,120.0
24164,1940.8588635182707,1.00556080950592,120.0
24165,1940.8602524116811,1.00579292965826,120.0
24166,1940.8616413048585,1.00606233575516,120.0
24167,1940.863030198268,1.00562575160262,120.0
24168,1940.8644190916775,1.00518709718272,120.0
24169,1940.8658079850873,1.0051275624678,120.0
24170,1940.867196878264,1.00632011990204,120.0
24171,1940.8685857716737,1.00616676001286,120.0
24172,1940.8699746650832,1.00500867973077,120.0
24173,1940.8713635582603,1.00568784581629,120.0
24174,1940.872752451438,1.00585030568494,120.0
24175,1940.8741413448477,1.006420010757,120.0
24176,1944.08525251912,1.00184916894881,120.0
24177,1944.0866414088052,1.00206236030581,120.0
24178,1944.0880302984897,1.00201141630057,120.0
24179,1944.0894191881737,1.00163796439479,120.0
24180,1944.0908080780907,1.0028581535149,120.0
24181,1944.0921969677752,1.00162369171654,120.0
24182,1944.0935858574596,1.00204697344339,120.0
24183,1944.094974747144,1.00156218786238,120.0
24184,1944.0963636368288,1.00203856766371,120.0
24185,1944.0977525265137,1.00261887345608,120.0
24186,1944.099141416198,1.00138894448935,120.0
24187,1944.1005303058823,1.00225651745059,120.0
24188,1944.1019191957996,1.00268797955756,120.0
24189,1944.103308085484,1.00147933011074,120.0
24190,1944.104696975168,1.0017576931737,120.0
24191,1944.1060858648532,1.0019130386787,120.0
24192,1944.107474754538,1.00219624960866,120.0
24193,1944.1088636442223,1.00204238233445,120.0
24194,1944.1102525339068,1.00111134646517,120.0
24195,1944.1116414235908,1.00171391948466,120.0
24196,1944.1130303132752,1.00215060535583,120.0
24197,1944.1144192031925,1.0019732723579,120.0
24198,1944.1158080928767,1.00237798668613,120.0
24199,1944.1171969825616,1.00179796364287,120.0
24200,1944.1185858722467,1.00116760324058,120.0
24201,1944.1199747619307,1.00157504354897,120.0
24202,1944.1213636516152,1.00263507932291,120.0
24203,1944.1227525413,1.0015788364872,120.0
24204,1944.124141430984,1.00306901673358,120.0
24205,1944.1255303206683,1.00278505316222,120.0
24206,1944.1269192105851,1.00236121999945,120.0
24207,1944.1283081002705,1.0015540519331,120.0
24208,1944.1296969899556,1.00154547560562,120.0
24209,1944.13108587964,1.00308393054835,120.0
24210,1944.132474769324,1.00149453144088,120.0
24211,1944.133863659008,1.00253873964296,120.0
24212,1944.1352525486927,1.00206059136942,120.0
24213,1944.136641438376,1.00188999485867,120.0
24214,1944.13803032806,1.00216403659887,120.0
24215,1944.1394192179775,1.00238198297155,120.0
24216,1944.1408081076625,1.00344741081904,120.0
24217,1944.1421969973471,1.00190479360752,120.0
24218,1944.1435858870311,1.00196320861552,120.0
24219,1944.144974776716,1.00243863510789,120.0
24220,1944.1463636664,1.00237404077334,120.0
24221,1944.147752556084,1.00311308142569,120.0
24222,1944.1491414457685,1.00225815300978,120.0
24223,1944.1505303354536,1.00136173635697,120.0
24224,1944.1519192251387,1.00199626856065,120.0
24225,1944.1533081150556,1.00177976631369,120.0
24226,1944.15469700474,1.00254147400369,120.0
24227,1944.156085894424,1.00177568835836,120.0
24228,1944.157474784109,1.00158082932794,120.0
24229,1944.1588636737931,1.00150600703397,120.0
24230,1944.160252563478,1.00143411318649,120.0
24231,1944.1616414531627,1.00336312077133,120.0
24232,1944.1630303428472,1.0010376878264,120.0
24233,1944.1644192325316,1.00143460588434,120.0
24234,1944.165808122216,1.00202950784485,120.0
24235,1944.1671970119,1.00234421531947,120.0
24236,1944.1685859015845,1.00163234489002,120.0
24237,1944.1699747915015,1.00070819691709,120.0
24238,1944.1713636811864,1.00132689889118,120.0
24239,1944.1727525708716,1.00088042482581,120.0
24240,1944.17553035024,1.00109804212003,120.0
24241,1944.1769192399245,1.00207803830189,120.0
24242,1944.1783081296087,1.00181478540502,120.0
24243,1944.1796970192931,1.00283752238657,120.0
24244,1944.1810859089776,1.00102067700671,120.0
24245,1944.1824747986625,1.0020443163318,120.0
24246,1944.1838636883472,1.00169768259056,120.0
24247,1944.185252578032,1.00166686839775,120.0
24248,1944.186641467716,1.00214410886206,120.0
24249,1944.1880303576331,1.00109088232361,120.0
24250,1944.1894192473176,1.00188113121699,120.0
24251,1944.1908081370016,1.00254473540089,120.0
24252,1944.192197026686,1.00101624064439,120.0
24253,1944.1935859163711,1.001204029953,120.0
24254,1944.194974806056,1.00209434480762,120.0
24255,1944.1963636957405,1.00166872308615,120.0
24256,1944.1977525854247,1.00066244718526,120.0
24257,1944.1991414751087,1.00119652750992,120.0
24258,1944.2005303647932,1.0020408784045,120.0
24259,1944.2019192544776,1.00137298481084,120.0
24260,1944.203308144162,1.00038631665919,120.0
24261,1944.2046970338467,1.00150949225925,120.0
24262,1944.206085923532,1.00094169599798,120.0
24263,1944.2074748132163,1.00231819420798,120.0
24264,1944.2088637029003,1.00192300747553,120.0
24265,1944.2102525925848,1.00130647067721,120.0
24266,1944.211641482502,1.00079150497228,120.0
24267,1944.2130303721865,1.00071297299369,120.0
24268,1944.2144192618707,1.00139104114232,120.0
24269,1944.2158081515556,1.00146937299825,120.0
24270,1944.2171970412408,1.00198943534562,120.0
24271,1944.2185859309247,1.00163100271153,120.0
24272,1944.2199748206092,1.00219408766316,120.0
24273,1944.2213637102936,1.00155644019917,120.0
24274,1944.2227525999776,1.00152395073798,120.0
24275,1944.2241414896623,1.00177739984404,120.0
24276,1944.2255303793472,1.00189549284075,120.0
24277,1944.226919269032,1.0009811491264,120.0
24278,1944.2283081587163,1.00191116394541,120.0
24279,1944.2296970484008,1.0009734133644,120.0
24280,1944.2310859380852,1.00136560411766,120.0
24281,1944.2324748277697,1.00217961977178,120.0
24282,1944.2338637174537,1.00114538234359,120.0
24283,1944.235252607138,1.00223626658672,120.0
24284,1944.2366414968233,1.00199675137511,120.0
24285,1944.238030386508,1.00180828507729,120.0
24286,1944.2394192761924,1.00239223498359,120.0
24287,1944.2408081658768,1.00190282341897,120.0
24288,1944.2421970555608,1.00147497094087,120.0
24289,1944.2435859452453,1.00126833541891,120.0
24290,1944.2449748349295,1.00159674033218,120.0
24291,1944.246363724614,1.00229195616668,120.0
24292,1944.2477526142989,1.00141803793297,120.0
24293,1944.2491415042168,1.00193560287105,120.0
24294,1944.2505303939008,1.00243868006375,120.0
24295,1944.2519192835853,1.00203931861345,120.0
24296,1944.2533081732695,1.00166828510946,120.0
24297,1944.254697062954,1.00106000125827,120.0
24298,1944.256085952638,1.00035387024018,120.0
24299,1944.2574748423224,1.00076073451527,120.0
24300,1944.2588637320075,1.00250711440033,120.0
24301,1944.2602526216929,1.00179760165542,120.0
24302,1944.2616415113769,1.00108098767041,120.0
24303,1944.2630304010609,1.00180425450158,120.0
24304,1944.2644192907453,1.00191851673759,120.0
24305,1944.2658081804295,1.00178313741197,120.0
24306,1944.2671970701144,1.00222708650153,120.0
24307,1944.2685859597984,1.00001801150493,120.0
24308,1944.269974849483,1.00089714845864,120.0
24309,1944.271363739168,1.00104657990346,120.0
24310,1944.272752628853,1.00124846400001,120.0
24311,1944.2741415185371,1.00172745834558,120.0
24312,1944.2755304082211,1.00073047234842,120.0
24313,1944.2769192979056,1.00122280626281,120.0
24314,1944.2783081875896,1.00177945572642,120.0
24315,1944.2796970772747,1.00183881908683,120.0
24316,1944.28108596696,1.00196900112314,120.0
24317,1944.282474856644,1.00207932795955,120.0
24318,1944.2838637463285,1.00260010962374,120.0
24319,1944.2852526360127,1.0003675871336,120.0
24320,1944.2866415256972,1.00070620969047,120.0
24321,1944.2880304153816,1.00199586640703,120.0
24322,1944.2894193050656,1.00177040626998,120.0
24323,1944.2908081947508,1.00135574193334,120.0
24324,1944.2921970842028,1.00125842180701,120.0
24325,1944.2935859738873,1.00147904934073,120.0
24326,1944.2949748635715,1.00121389843549,120.0
24327,1944.296363753256,1.00133225873323,120.0
24328,1944.29775264294,1.00152784778532,120.0
24329,1944.2991415326244,1.00039844233021,120.0
24330,1944.3005304223088,1.00226185314849,120.0
24331,1944.3019193119935,1.00231611753421,120.0
24332,1944.3033082016789,1.00142409880604,120.0
24333,1944.304697091363,1.00265104204811,120.0
24334,1944.306085981047,1.0006240416772,120.0
24335,1944.3074748707315,1.0000582839589,120.0
24336,1944.308863760416,1.00102131492199,120.0
24337,1944.3102526501004,1.00061230486009,120.0
24338,1944.311641539785,1.00305566507913,120.0
24339,1944.3130304294696,1.0022374593425,120.0
24340,1944.3144193191545,1.00210286277506,120.0
24341,1944.3158082088387,1.00052533310729,120.0
24342,1944.3171970985231,1.00066019593966,120.0
24343,1944.3185859882076,1.00161922349339,120.0
24344,1944.319974877892,1.00175432100227,120.0
24345,1944.321363767576,1.0016775622684,120.0
24346,1944.3227526572605,1.00153479681939,120.0
24347,1944.3241415469452,1.00178050420563,120.0
24348,1944.3255304366303,0.99967407783846,120.0
24349,1944.3269193263147,1.0015280497249,120.0
24350,1944.328308215766,1.00046988838926,120.0
24351,1944.3296971054504,1.00084002366805,120.0
24352,1944.3310859951348,1.00155765253483,120.0
24353,1944.3324748848192,1.0009534973702,120.0
24354,1944.3352526641888,1.00109514843542,120.0
24355,1944.3366415538733,1.00137691591913,120.0
24356,1944.3380304435575,1.00175715663217,120.0
24357,1944.339419333242,1.00125555261727,120.0
24358,1944.3408082229255,1.00141353187982,120.0
24359,1944.3421971126093,1.00162599058289,120.0
24360,1944.3435860022937,1.00132732427259,120.0
24361,1944.3449748919784,1.00159550431382,120.0
24362,1944.3463637816635,1.00141450624273,120.0
24363,1944.3477526711151,1.00106926722383,120.0
24364,1944.3491415607991,1.00090639380448,120.0
24365,1944.3505304504836,1.00159242326531,120.0
24366,1944.351919340168,1.00221488023603,120.0
24367,1944.353308229852,1.00118845167398,120.0
24368,1944.3546971195367,1.00158533719324,120.0
24369,1944.3560860092216,1.00137284038197,120.0
24370,1944.3574748989065,1.00098607732426,120.0
24371,1944.3588637885907,1.00102096993158,120.0
24372,1944.3602526782752,1.0013049402142,120.0
24373,1944.3616415679596,1.00216386896395,120.0
24374,1944.363030457644,1.001423501786,120.0
24375,1944.3644193470952,1.00163147804431,120.0
24376,1944.3658082367792,1.00132712656393,120.0
24377,1944.3671971264644,1.00076690512261,120.0
24378,1944.3685860161495,1.00110779361753,120.0
24379,1944.369974905834,1.00014642954663,120.0
24380,1944.371363795518,1.00145390824388,120.0
24381,1944.3727526852024,1.00087063613926,120.0
24382,1944.3741415748868,1.00192902518747,120.0
24383,1944.3755304645713,1.00074467641976,120.0
24384,1944.3769193540224,1.00147922039923,120.0
24385,1944.3783082437076,1.00117371843896,120.0
24386,1944.3796971333925,1.00136003356242,120.0
24387,1944.3810860230767,1.00062060097733,120.0
24388,1944.3824749127612,1.00198319951398,120.0
24389,1944.3838638024456,1.00089262386306,120.0
24390,1944.3852526921296,1.00073136308385,120.0
24391,1944.386641581814,1.00092825948311,120.0
24392,1944.3880304712657,1.00063835410665,120.0
24393,1944.3894193609503,1.00133189730171,120.0
24394,1944.3908082506357,1.00049481658791,120.0
24395,1944.39219714032,1.00171720630713,120.0
24396,1944.393586030004,1.00112294773958,120.0
24397,1944.3949749196884,1.0008958189217,120.0
24398,1944.3963638093728,1.00103050697207,120.0
24399,1944.3977526990573,1.00107810406916,120.0
24400,1944.399141588509,1.0014685587478,120.0
24401,1944.4005304781945,1.00160743833196,120.0
24402,1944.4019193678785,1.00080965101459,120.0
24403,1944.403308257563,1.00115742144064,120.0
24404,1944.4046971472471,1.0012682206152,120.0
24405,1944.4060860369316,1.00113403719303,120.0
24406,1944.407474926616,1.00065898373404,120.0
24407,1944.4088638160672,1.00037826631318,120.0
24408,1944.4102527057523,1.00192557108534,120.0
24409,1944.4116415954377,1.00103236618977,120.0
24410,1944.4130304851217,1.00142694049693,120.0
24411,1944.414419374806,1.00139163732557,120.0
24412,1944.41580826449,0.99981375058134,120.0
24413,1944.4171971539415,1.00179573298714,120.0
24414,1944.418586043626,1.00091667813042,120.0
24415,1944.4199749333104,1.00205809802028,120.0
24416,1944.421363822995,1.00064088777432,120.0
24417,1944.42275271268,1.00046217690065,120.0
24418,1944.424141602365,1.00167119811301,120.0
24419,1944.425530491816,1.00064184154293,120.0
24420,1944.4269193815005,1.00096954498111,120.0
24421,1944.4283082711847,1.00141375189152,120.0
24422,1944.4296971608687,1.0005187705049,120.0
24423,1944.4310860505536,1.00055772528684,120.0
24424,1944.4324749400057,1.00038239156573,120.0
24425,1944.4338638296904,1.0005104904825,120.0
24426,1944.4352527193748,1.00103805479704,120.0
24427,1944.4366416090593,1.00135825921432,120.0
24428,1944.4380304987435,1.00267310908126,120.0
24429,1944.4394193884275,1.0010544959106,120.0
24430,1944.4408082778791,1.00147350330454,120.0
24431,1944.4421971675636,1.00172796402377,120.0
24432,1944.4435860572485,1.00168924197354,120.0
24433,1944.4449749469331,1.0006288742618,120.0
24434,1944.4463638366176,1.00032810836374,120.0
24435,1944.4477527260697,1.00099418699703,120.0
24436,1944.4491416157537,1.00168902939281,120.0
24437,1944.4505305054377,1.00057446759249,120.0
24438,1944.451919395122,1.00093473486921,120.0
24439,1944.4533082845744,1.00093615726929,120.0
24440,1944.4546971742595,1.00091558704435,120.0
24441,1944.4560860639435,1.00125356158967,120.0
24442,1944.457474953628,1.00087863115118,120.0
24443,1944.458863843312,1.00119951425037,120.0
24444,1944.460252732764,1.00169864134569,120.0
24445,1944.461641622448,1.00180238764131,120.0
24446,1944.4630305121325,1.00124891133275,120.0
24447,1944.4644194018172,1.00124872366392,120.0
24448,1944.4658082912697,1.00138765768861,120.0
24449,1944.467197180954,1.00078583647205,120.0
24450,1944.468586070638,1.0010517898461,120.0
24451,1944.4699749603224,1.00134215763622,120.0
24452,1944.4713638500068,1.00132587922306,120.0
24453,1944.4727527394584,1.00123251215499,120.0
24454,1944.4741416291424,1.00140173191511,120.0
24455,1944.4755305188276,1.00072219900382,120.0
24456,1944.476919408513,1.00062938256448,120.0
24457,1944.478308297964,1.00139796706296,120.0
24458,1944.4796971876483,1.00059944687654,120.0
24459,1944.4810860773323,1.00151281966134,120.0
24460,1944.4824749670167,1.00121833554608,120.0
24461,1944.4838638564684,1.00132131943523,120.0
24462,1944.4852527461528,1.00087731232284,120.0
24463,1944.4866416358375,1.00135160112383,120.0
24464,1944.4880305255224,1.00072753602555,120.0
24465,1944.4894194149745,1.00110123608686,120.0
24466,1944.4908083046585,1.00114571236911,120.0
24467,1944.492197194343,1.00125990111162,120.0
24468,1944.4935860837943,1.0014626453391,120.0
24469,1944.4949749734783,1.0005504734919,120.0
24470,1944.4963638631627,1.00076439976103,120.0
24471,1944.497752752848,0.9999768142656,120.0
24472,1944.4991416423,1.00122739136609,120.0
24473,1944.5005305319844,1.00076289720452,120.0
24474,1944.5019194216688,1.00097379038606,120.0
24475,1944.5033083113528,1.00190329502764,120.0
24476,1944.5046972008045,1.00018681091843,120.0
24477,1944.506086090489,1.00049743315441,120.0
24478,1944.5074749801731,1.00015704536802,120.0
24479,1944.5088638696257,1.0002795221255,120.0
24480,1944.5102527593103,1.00182602724631,120.0
24481,1944.5116416489943,1.0001906531342,120.0
24482,1944.5130305386792,1.00013288533708,120.0
24483,1944.5144194281304,1.000580648161,120.0
24484,1944.5158083178144,1.00062486868281,120.0
24485,1944.5171972074984,1.00005889115132,120.0
24486,1944.5185860969495,1.00000265258686,120.0
24487,1944.519974986635,1.00116478851891,120.0
24488,1944.5213638763191,1.00077024341308,120.0
24489,1944.5227527657703,1.00031854809798,120.0
24490,1944.5241416554547,1.00052603640256,120.0
24491,1944.5255305451392,1.00032906467506,120.0
24492,1944.5269194345904,1.00088131855164,120.0
24493,1944.5283083242753,1.00119976607622,120.0
24494,1944.52969721396,1.00021157495454,120.0
24495,1944.531086103412,1.00083331415215,120.0
24496,1944.5324749930965,1.00090249858327,120.0
24497,1944.533863882781,1.00162453778201,120.0
24498,1944.5352527722323,1.00124163911938,120.0
24499,1944.5366416619163,1.00078580948982,120.0
24500,1944.5380305516007,1.00101995418483,120.0
24501,1944.5394194410524,1.0013989522765,120.0
24502,1944.5408083307373,0.99984020132723,120.0
24503,1944.5421972204224,1.00067854604944,120.0
24504,1944.5435861098736,1.0013985654173,120.0
24505,1944.544974999558,0.99981657792577,120.0
24506,1944.5463638892425,1.00066608094989,120.0
24507,1944.5477527786936,1.00108170546883,120.0
24508,1944.5491416683783,1.00060149970655,120.0
24509,1944.5505305580623,1.00225987756732,120.0
24510,1944.5519194475144,1.00055669501885,120.0
24511,1944.5533083371995,1.00097428618447,120.0
24512,1944.554697226884,1.00054977701754,120.0
24513,1944.5560861163356,1.00081474964076,120.0
24514,1944.5574750060196,1.00136924826583,120.0
24515,1944.5588638954712,1.00121232052959,120.0
24516,1944.5602527851552,1.00056922833063,120.0
24517,1944.56164167484,0.99852786415974,120.0
24518,1944.563030564292,1.00143482179848,120.0
24519,1944.5644194539768,1.00077467911831,120.0
24520,1944.5658083436613,1.00067970826303,120.0
24521,1944.567197233113,1.00043650477983,120.0
24522,1944.5685861227971,1.00087592267376,120.0
24523,1944.5699750122485,1.00073860161458,120.0
24524,1944.5713639019327,1.00075421513407,120.0
24525,1944.5727527916176,1.00093074362638,120.0
24526,1944.57414168107,0.99950944920708,120.0
24527,1944.5755305707544,1.0001086339961,120.0
24528,1944.5769194602055,1.0004499848355,120.0
24529,1944.5783083498904,1.00023805021859,120.0
24530,1944.5796972395744,1.0004580114451,120.0
24531,1944.5810861290256,1.0005366201229,120.0
24532,1944.58247501871,0.9991868789316,120.0
24533,1944.5838639081624,1.00101611680278,120.0
24534,1944.5852527978473,0.99948271239109,120.0
24535,1944.5866416875317,1.000077925617,120.0
24536,1944.588030576983,0.99991133038841,120.0
24537,1944.589419466667,0.99968100041972,120.0
24538,1944.5908083561187,1.00051250389145,120.0
24539,1944.5921972458032,1.00173094639265,120.0
24540,1944.5935861354876,1.00088942442941,120.0
24541,1944.5949750249397,1.00019947918397,120.0
24542,1944.5963639146244,1.00131556439707,120.0
24543,1944.597752804076,0.9995742022117,120.0
24544,1944.5991416937604,1.00061008685659,120.0
24545,1944.600530583212,1.00036682086016,120.0
24546,1944.601919472896,0.99971611579496,120.0
24547,1944.6033083623477,1.00077763361155,120.0
24548,1944.604697252032,1.00042364253436,120.0
24549,1944.6060861417168,1.00197298127407,120.0
24550,1944.607475031169,1.00084238620549,120.0
24551,1944.6088639208535,1.00008556624417,120.0
24552,1944.6102528103047,0.99965280708444,120.0
24553,1944.6116416999891,1.00089652621528,120.0
24554,1944.6130305894408,1.00155081807854,120.0
24555,1944.6144194791252,1.00082366704381,120.0
24556,1944.6158083685768,1.00061879108619,120.0
24557,1944.6171972582615,0.99945359499725,120.0
24558,1944.6185861477136,1.00032235262945,120.0
24559,1944.619975037398,0.99951175727139,120.0
24560,1944.6213639270825,0.99947133911659,120.0
24561,1944.6227528165336,0.99988197696515,120.0
24562,1944.624141706218,1.00102676117039,120.0
24563,1944.6255305956695,0.99986221404947,120.0
24564,1944.626919485354,1.00066238711955,120.0
24565,1944.628308374806,0.99945464339482,120.0
24566,1944.6296972644911,1.00078184567258,120.0
24567,1944.6310861539423,1.00033100039243,120.0
24568,1944.6324750436268,0.99989688232904,120.0
24569,1944.6338639330784,0.99950993881953,120.0
24570,1944.6352528227624,1.00081921171818,120.0
24571,1944.6366417122144,1.00098325633983,120.0
24572,1944.6380306018991,1.00001150939633,120.0
24573,1944.6394194913512,0.9998742352689,120.0
24574,1944.6408083810356,1.00008503731242,120.0
24575,1944.6421972704873,0.99989783831118,120.0
24576,1944.6435861601713,1.00077276007706,120.0
24577,1944.6449750496229,0.99870519618053,120.0
24578,1944.646363939307,1.0003238231455,120.0
24579,1944.6477528287587,1.00055704584875,120.0
24580,1944.6491417184436,1.00051606148478,120.0
24581,1944.650530607896,0.99946808390769,120.0
24582,1944.6519194973473,0.99972996776966,120.0
24583,1944.6533083870315,1.00117215262628,120.0
24584,1944.6546972764831,1.00084739820357,120.0
24585,1944.6560861661671,0.99962629198868,120.0
24586,1944.6574750556188,1.00041901279976,120.0
24587,1944.6588639453032,1.00028131128778,120.0
24588,1944.6602528347553,1.00006800292485,120.0
24589,1944.66164172444,1.00019517277484,120.0
24590,1944.663030613892,1.0000946725771,120.0
24591,1944.664419503576,1.00029914780021,120.0
24592,1944.6658083930276,0.99997631841919,120.0
24593,1944.667197282712,0.9994428321872,120.0
24594,1944.6685861721633,1.00016647219118,120.0
24595,1944.6699750616149,1.00010261996428,120.0
24596,1944.6713639512996,1.00143480979439,120.0
24597,1944.672752840752,0.99944891694933,120.0
24598,1944.6741417304356,0.99974256643674,120.0
24599,1944.6755306198863,0.99946834578663,120.0
24600,1944.6769195095708,1.00045950596298,120.0
24601,1944.678308399022,0.99993206358887,120.0
24602,1944.6796972884736,0.99853730803114,120.0
24603,1944.681086178158,0.99997350576648,120.0
24604,1944.6824750676103,1.0006594838752,120.0
24605,1944.6838639572952,0.99868984798751,120.0
24606,1944.6852528467464,0.99915843895019,120.0
24607,1944.6866417364313,1.0003386057272,120.0
24608,1944.6880306258824,0.99977196348127,120.0
24609,1944.6894195153336,1.00000632596527,120.0
24610,1944.690808405018,0.99994349074134,120.0
24611,1944.6921972944704,0.99952136166623,120.0
24612,1944.6935861841553,0.99936153819715,120.0
24613,1944.6949750736069,1.00007233425314,120.0
24614,1944.6963639630585,0.99906671738403,120.0
24615,1944.6977528527425,0.99972098183498,120.0
24616,1944.699141742194,0.99966985903491,120.0
24617,1944.7005306316455,1.00102199814743,120.0
24618,1944.70191952133,0.99950280543132,120.0
24619,1944.703308410782,0.99927708919198,120.0
24620,1944.7046973004667,1.00033233159857,120.0
24621,1944.7060861899183,1.00049441264186,120.0
24622,1944.70747507937,1.00037367002591,120.0
24623,1944.7088639690544,1.0003569365593,120.0
24624,1944.7102528585056,1.00030971803054,120.0
24625,1944.7116417479572,1.00057911276549,120.0
24626,1944.7130306376416,0.99964584436629,120.0
24627,1944.7144195270937,0.9993670631877,120.0
24628,1944.7158084167788,1.00068442833565,120.0
24629,1944.7171973062304,0.99994647670758,120.0
24630,1944.7185861956816,0.99920182447058,120.0
24631,1944.719975085366,0.99998088094257,120.0
24632,1944.7213639748177,0.99870622223292,120.0
24633,1944.7227528642688,0.99944238345468,120.0
24634,1944.7241417539533,1.00014452246717,120.0
24635,1944.7255306434051,0.99970870165943,120.0
24636,1944.7269195328577,1.00017560641685,120.0
24637,1944.7283084225417,0.99870430988779,120.0
24638,1944.7296973119935,0.99999102483542,120.0
24639,1944.731086201445,1.0001635603615,120.0
24640,1944.7324750911291,0.99894839546845,120.0
24641,1944.7338639805805,0.99801912992083,120.0
24642,1944.735252870032,0.99995432005197,120.0
24643,1944.7366417597168,0.99954244091128,120.0
24644,1944.738030649169,0.99955375625075,120.0
24645,1944.7394195386207,1.00003832339383,120.0
24646,1944.740808428072,0.9998092693918,120.0
24647,1944.7421973177563,0.99885806118238,120.0
24648,1944.743586207208,1.00108044940031,120.0
24649,1944.7449750966596,1.00040750791407,120.0
24650,1944.7463639863436,0.99934408960331,120.0
24651,1944.747752875796,0.99952409961628,120.0
24652,1944.749141765248,0.99874068274654,120.0
24653,1944.7505306549324,0.99962061266422,120.0
24654,1944.751919544384,0.9992639693353,120.0
24655,1944.7533084338352,1.00016468985216,120.0
24656,1944.7546973232868,0.99826706641138,120.0
24657,1944.7560862129712,0.99907634286486,120.0
24658,1944.757475102423,0.99854736891149,120.0
24659,1944.7588639918756,0.99868603933362,120.0
24660,1944.7602528813272,0.99974495903889,120.0
24661,1944.7616417710112,1.00002180193552,120.0
24662,1944.7630306604624,0.9993888223519,120.0
24663,1944.7644195499145,0.99851569281088,120.0
24664,1944.7658084395985,0.99936695259839,120.0
24665,1944.76719732905,0.99854467805751,120.0
24666,1944.768586218502,0.99917710700871,120.0
24667,1944.7699751079545,0.99915247968074,120.0
24668,1944.7713639976384,1.00007056361138,120.0
24669,1944.7727528870903,0.99888487800983,120.0
24670,1944.7741417765417,0.99937505411488,120.0
24671,1944.7755306659928,0.99868419500598,120.0
24672,1944.7769195554445,0.99908096065413,120.0
24673,1944.7783084451287,0.9989415159221,120.0
24674,1944.7796973345808,0.99941385953497,120.0
24675,1944.7810862240333,0.99943205072528,120.0
24676,1944.782475113485,0.99904053717772,120.0
24677,1944.783864003169,0.99937580156372,120.0
24678,1944.7852528926203,0.99991999898453,120.0
24679,1944.786641782072,0.99879062246892,120.0
24680,1944.7880306715235,0.99913313591079,120.0
24681,1944.7894195609747,0.99854999596417,120.0
24682,1944.79080845066,0.99876329334469,120.0
24683,1944.792197340112,0.99860169494787,120.0
24684,1944.7935862295635,0.99874297087606,120.0
24685,1944.7949751190151,0.99803605221986,120.0
24686,1944.7963640084663,0.99989522516667,120.0
24687,1944.7977528981507,0.99809286980369,120.0
24688,1944.799141787602,0.99921122032084,120.0
24689,1944.8005306770535,0.99869962984269,120.0
24690,1944.8019195665056,0.99917725322551,120.0
24691,1944.803308455958,0.99928064007605,120.0
24692,1944.8046973456424,0.99868064052693,120.0
24693,1944.8060862350935,0.9986772684163,120.0
24694,1944.8074751245451,0.9995786918776,120.0
24695,1944.8088640139968,0.99809984519925,120.0
24696,1944.8102529034484,0.99938144716865,120.0
24697,1944.8116417929004,0.99883745060075,120.0
24698,1944.8130306825851,0.99922751272747,120.0
24699,1944.8144195720367,0.99935616898482,120.0
24700,1944.8158084614884,0.99814373090962,120.0
24701,1944.81719735094,0.99855672621633,120.0
24702,1944.8185862403905,0.99860775990689,120.0
24703,1944.8199751298416,0.99843544813342,120.0
24704,1944.8213640195256,0.99868913540967,120.0
24705,1944.822752908978,0.99945540594342,120.0
24706,1944.8241417984304,0.99881820766693,120.0
24707,1944.8255306878816,0.99825113017519,120.0
24708,1944.8269195773328,0.99834896837566,120.0
24709,1944.8283084667844,0.99808647292806,120.0
24710,1944.829697356236,0.99857359164505,120.0
24711,1944.8310862456876,0.99816538063741,120.0
24712,1944.832475135372,0.99884923948003,120.0
24713,1944.833864024824,0.99865170937341,120.0
24714,1944.835252914276,0.99735514254629,120.0
24715,1944.8366418037276,0.99856313678528,120.0
24716,1944.8380306931792,0.99815988061156,120.0
24717,1944.8394195826304,0.99863272478401,120.0
24718,1944.840808472082,0.99787709123137,120.0
24719,1944.8421973615336,0.99848761693914,120.0
24720,1944.8435862509848,0.99816462887186,120.0
24721,1944.84497514067,0.99902822048788,120.0
24722,1944.8463640301225,0.99871361577067,120.0
24723,1944.8477529195736,0.9988531476852,120.0
24724,1944.8491418090248,0.99955487579325,120.0
24725,1944.8505306984769,0.99881542605612,120.0
24726,1944.851919587928,0.99902550274345,120.0
24727,1944.8533084773796,0.99944609867489,120.0
24728,1944.8546973668313,0.99820249696821,120.0
24729,1944.856086256283,0.99924580433831,120.0
24730,1944.8574751457352,0.99776670877981,120.0
24731,1944.8588640351868,0.99738662209132,120.0
24732,1944.8602529246384,0.99816502610177,120.0
24733,1944.8616418140896,0.99945228059799,120.0
24734,1944.863030703774,0.99838750206716,120.0
24735,1944.8644195932256,0.99851731765574,120.0
24736,1944.8658084826768,0.99738477826271,120.0
24737,1944.867197372129,0.99877817228659,120.0
24738,1944.8685862615816,0.99908460486324,120.0
24739,1944.8699751510328,0.99759576154969,120.0
24740,1944.871364040484,0.99842279196967,120.0
24741,1944.872752929936,0.99753829533248,120.0
24742,1944.8741418193872,0.99906334388234,120.0
24743,1944.8755307088388,0.99825408642173,120.0
24744,1944.876919598291,0.9976200500364,120.0
24745,1944.8783084877427,0.99933854940279,120.0
24746,1944.8796973771944,0.99880659290864,120.0
24747,1944.8810862666464,0.9987865290547,120.0
24748,1944.8824751560976,0.99789589730294,120.0
24749,1944.8838640455488,0.99798591370858,120.0
24750,1944.8852529350004,0.99805269983927,120.0
24751,1944.886641824452,1.00004887878726,120.0
24752,1944.888030713904,0.99930951653909,120.0
24753,1944.8894196033564,0.9980964839562,120.0
24754,1944.8908084928075,0.99824997451442,120.0
24755,1944.8921973822592,0.99853917434677,120.0
24756,1944.8935862717108,0.99781464482044,120.0
24757,1944.894975161162,0.99830640010928,120.0
24758,1944.8963640506136,0.99810802807798,120.0
24759,1944.8977529400652,0.99790929112658,120.0
24760,1944.8991418295177,0.9983990812623,120.0
24761,1944.9005307189695,0.99840621567856,120.0
24762,1944.9019196084207,0.99815248304943,120.0
24763,1944.9033084978723,0.99824368572825,120.0
24764,1944.904697387324,0.99745822101302,120.0
24765,1944.906086276775,0.99887975017484,120.0
24766,1944.9074751662267,0.99773234706814,120.0
24767,1944.9088640556784,0.99841988252357,120.0
24768,1944.9102529451304,0.99776776634005,120.0
24769,1944.9116418345827,0.99832284572256,120.0
24770,1944.913030724034,0.99768944152395,120.0
24771,1944.914419613253,0.9977896009564,120.0
24772,1944.915808502704,0.99844806110283,120.0
24773,1944.9171973921557,0.99686410959979,120.0
24774,1944.9185862816073,0.99759883107756,120.0
24775,1944.9199751710587,0.99708012359703,120.0
24776,1944.9213640605112,0.99810580473771,120.0
24777,1944.9227529499633,0.99822740783322,120.0
24778,1944.9241418394145,0.99806709861963,120.0
24779,1944.925530728866,0.99775905006742,120.0
24780,1944.9269196183177,0.99712790413733,120.0
24781,1944.9283085077689,0.99946624643769,120.0
24782,1944.9296973972205,0.99858157726393,120.0
24783,1944.9310862866723,0.99740283535139,120.0
24784,1944.932475175892,0.99797716607159,120.0
24785,1944.9338640653432,0.99792321915626,120.0
24786,1944.9352529547948,0.99756133462482,120.0
24787,1944.9366418442464,0.99872582530624,120.0
24788,1944.9380307336976,0.99798851548336,120.0
24789,1944.9394196231497,0.99692281015777,120.0
24790,1944.9408085126008,0.99731401353356,120.0
24791,1944.942197402053,0.99872656822734,120.0
24792,1944.9435862915047,0.99764583230187,120.0
24793,1944.9449751807235,0.99802969500397,120.0
24794,1944.9463640701752,0.99840491107821,120.0
24795,1944.9477529596268,0.99721612894594,120.0
24796,1944.949141849078,0.99763477401995,120.0
24797,1944.950530738529,0.99859445446941,120.0
24798,1944.95191962798,0.99848233550959,120.0
24799,1944.953308517432,0.99729919611927,120.0
24800,1944.9546974066511,0.9984031607386,120.0
24801,1944.9560862961027,0.99887757989839,120.0
24802,1944.957475185554,0.99696048901914,120.0
24803,1944.9588640750055,0.99711444781737,120.0
24804,1944.9602529644571,0.99822502330792,120.0
24805,1944.9616418539088,0.99757730939202,120.0
24806,1944.963030743127,0.99636294961476,120.0
24807,1944.9644196325796,0.9979543445009,120.0
24808,1944.9658085220317,0.99884555490394,120.0
24809,1944.9671974114833,0.99808013655669,120.0
24810,1944.9685863009347,0.998397608259,120.0
24811,1944.969975190386,0.99826994179013,120.0
24812,1944.9713640796049,0.99723970182435,120.0
24813,1944.972752969056,0.99678735504747,120.0
24814,1944.9741418585077,0.99724850832039,120.0
24815,1944.9755307479595,0.99778120182081,120.0
24816,1944.976919637412,0.99726374843466,120.0
24817,1944.9783085266304,0.99760450814789,120.0
24818,1944.979697416082,0.99733495200373,120.0
24819,1944.9810863055336,0.99792261216188,120.0
24820,1944.9824751949852,0.99651441030375,120.0
24821,1944.9838640844368,0.99770026687616,120.0
24822,1944.985252973656,0.99709883846249,120.0
24823,1944.986641863108,0.99744028368123,120.0
24824,1944.9880307525596,0.99715989393263,120.0
24825,1944.9894196420107,0.9969401786939,120.0
24826,1944.9908085312295,0.99753055977326,120.0
24827,1944.9921974206811,0.99748649383613,120.0
24828,1944.9935863101323,0.99686777850216,120.0
24829,1944.994975199584,0.99783646151278,120.0
24830,1944.9963640888031,0.99532475757877,120.0
24831,1944.9977529782557,0.99761844012007,120.0
24832,1944.9991418677073,0.99658445752286,120.0
24833,1945.0005307571585,0.99712593605121,120.0
24834,1945.0019196463772,0.99664210129694,120.0
24835,1945.0033085358289,0.99692343501854,120.0
24836,1945.00469742528,0.99637173285174,120.0
24837,1945.0060863147316,0.99658004239182,120.0
24838,1945.0074752039511,0.99631583287141,120.0
24839,1945.0088640934032,0.99702045368834,120.0
24840,1945.0102529828544,0.99655779577051,120.0
24841,1945.0116418723064,0.99642271081803,120.0
24842,1945.0130307615248,0.99752158027341,120.0
24843,1945.014419650976,0.99671342675304,120.0
24844,1945.0158085404275,0.99699412681395,120.0
24845,1945.0171974296463,0.99784448868904,120.0
24846,1945.0185863190984,0.9970430880178,120.0
24847,1945.0199752085507,0.99767409925656,120.0
24848,1945.0213640977693,0.99761322148095,120.0
24849,1945.0227529872209,0.99608857655718,120.0
24850,1945.024141876672,0.99729951542353,120.0
24851,1945.0255307661237,0.99783805332219,120.0
24852,1945.0269196553425,0.99877705307541,120.0
24853,1945.0283085447936,0.9987110090842,120.0
24854,1945.029697434246,0.99764463425603,120.0
24855,1945.0310863234652,0.99732665431569,120.0
24856,1945.0324752129168,0.99746007175722,120.0
24857,1945.0338641023684,0.99779977014043,120.0
24858,1945.0352529915867,0.99859428777408,120.0
24859,1945.0366418810383,0.99758200474619,120.0
24860,1945.03803077049,0.99768757681582,120.0
24861,1945.0394196597083,0.99695303793638,120.0
24862,1945.0408085491608,0.99703230941836,120.0
24863,1945.04219743838,0.99713454653609,120.0
24864,1945.0435863278312,0.9982484826215,120.0
24865,1945.0449752172829,0.99604858445599,120.0
24866,1945.0463641065016,0.99722474168609,120.0
24867,1945.0477529959533,0.99696510911809,120.0
24868,1945.0491418854049,0.99714906031449,120.0
24869,1945.050530774624,0.99680693838048,120.0
24870,1945.051919664076,0.99709911081051,120.0
24871,1945.0533085532948,0.99630731073141,120.0
24872,1945.0546974427464,0.99698150037949,120.0
24873,1945.0560863321975,0.99626876809205,120.0
24874,1945.0574752214163,0.99478386529411,120.0
24875,1945.0588641108675,0.99677490849303,120.0
24876,1945.060253000319,0.99510440279299,120.0
24877,1945.0616418895384,0.99614009087791,120.0
24878,1945.0630307789909,0.99658235092016,120.0
24879,1945.0644196682097,0.99555176262307,120.0
24880,1945.0658085576608,0.99702742940067,120.0
24881,1945.0671974468796,0.99676074097401,120.0
24882,1945.0685863363312,0.99567983892483,120.0
24883,1945.0699752257824,0.99681167340453,120.0
24884,1945.0713641150012,0.9954207342516,120.0
24885,1945.0727530044535,0.99586143302535,120.0
24886,1945.0741418936727,0.99686916111253,120.0
24887,1945.0755307831232,0.99591953725412,120.0
24888,1945.0769196723415,0.99567902998201,120.0
24889,1945.0783085617927,0.99660148161835,120.0
24890,1945.0796974512443,0.99506923613849,120.0
24891,1945.081086340463,0.99617677760517,120.0
24892,1945.0824752299145,0.99612396493153,120.0
24893,1945.0838641191335,0.9951805919422,120.0
24894,1945.085253008586,0.99665526910067,120.0
24895,1945.0866418978048,0.99545417985272,120.0
24896,1945.088030787256,0.99682091382244,120.0
24897,1945.0894196764748,0.99501488574833,120.0
24898,1945.090808565926,0.99591713077819,120.0
24899,1945.0921974551447,0.99592612573146,120.0
24900,1945.0935863445964,0.99574821965712,120.0
24901,1945.094975233816,0.99579559943821,120.0
24902,1945.096364123268,0.99622422884364,120.0
24903,1945.0977530124865,0.99612769933366,120.0
24904,1945.099141901938,0.99502781128167,120.0
24905,1945.1005307911569,0.99678832630691,120.0
24906,1945.101919680608,0.99475972477957,120.0
24907,1945.1033085698268,0.99571115905907,120.0
24908,1945.1060863484984,0.99460638837322,120.0
24909,1945.1074752379495,0.99514802528673,120.0
24910,1945.1088641271683,0.99567588982407,120.0
24911,1945.11025301662,0.99472340102042,120.0
24912,1945.1116419058385,0.99598878046888,120.0
24913,1945.11303079529,0.9958671968632,120.0
24914,1945.114419684509,0.99522710955656,120.0
24915,1945.1158085739607,0.99489170777799,120.0
24916,1945.11719746318,0.99518994382194,120.0
24917,1945.1185863526316,0.99643277777668,120.0
24918,1945.1199752418504,0.99497276489711,120.0
24919,1945.1213641310687,0.99611059045557,120.0
24920,1945.1227530205203,0.99575711274044,120.0
24921,1945.124141909739,0.99673738969284,120.0
24922,1945.1255307991903,0.99638390219401,120.0
24923,1945.1269196884095,0.99619911962632,120.0
24924,1945.128308577862,0.99651072793352,120.0
24925,1945.1296974670809,0.99646853181785,120.0
24926,1945.1310863562992,0.99530082830954,120.0
24927,1945.1324752457508,0.99566224946322,120.0
24928,1945.1338641349691,0.99559763321698,120.0
24929,1945.1352530244208,0.99593595371959,120.0
24930,1945.1366419136396,0.99605168522558,120.0
24931,1945.1380308028592,0.99592366002865,120.0
24932,1945.139419692311,0.99542527214878,120.0
24933,1945.1408085815297,0.99521276225318,120.0
24934,1945.1421974709813,0.99527887848915,120.0
24935,1945.1435863602,0.99574318799565,120.0
24936,1945.1449752494184,0.99522646071371,120.0
24937,1945.14636413887,0.99538195596489,120.0
24938,1945.1477530280883,0.99584140595878,120.0
24939,1945.1491419175409,0.9966524364174,120.0
24940,1945.15053080676,0.99652539188181,120.0
24941,1945.1519196959784,0.99726240558082,120.0
24942,1945.15330858543,0.99695714278056,120.0
24943,1945.1546974746489,0.99716701816144,120.0
24944,1945.1560863638676,0.99550678343115,120.0
24945,1945.1574752533193,0.99653055414747,120.0
24946,1945.1588641425376,0.99777284679094,120.0
24947,1945.1602530317568,0.99737692977058,120.0
24948,1945.1616419212091,0.99641618420734,120.0
24949,1945.163030810428,0.99624622839332,120.0
24950,1945.1644196996465,0.99576031319891,120.0
24951,1945.1658085890977,0.99618550811803,120.0
24952,1945.1671974783164,0.99592866054355,120.0
24953,1945.1685863675352,0.99538561364285,120.0
24954,1945.1699752569873,0.9965447101318,120.0
24955,1945.1713641462068,0.99670207328895,120.0
24956,1945.172753035425,0.99618720434264,120.0
24957,1945.1741419248767,0.99594050826235,120.0
24958,1945.1755308140955,0.99600389932615,120.0
24959,1945.176919703314,0.99588125634378,120.0
24960,1945.1783085927657,0.99592395620796,120.0
24961,1945.1810863712035,0.99512853655833,120.0
24962,1945.1824752604227,0.99647009631351,120.0
24963,1945.1838641498744,0.99591061143207,120.0
24964,1945.1852530390931,0.9946947120985,120.0
24965,1945.1866419283117,0.99587318034389,120.0
24966,1945.188030817763,0.99480891229244,120.0
24967,1945.1894197069817,0.9953987608362,120.0
24968,1945.1908085962004,0.99455362287722,120.0
24969,1945.1921974854192,0.99546079511559,120.0
24970,1945.1935863748704,0.99486967845865,120.0
24971,1945.1949752640892,0.99502314541418,120.0
24972,1945.1963641533075,0.99633609697992,120.0
24973,1945.1977530425263,0.99521984595406,120.0
24974,1945.199141931978,0.99657087151871,120.0
24975,1945.2005308211967,0.99509456272203,120.0
24976,1945.2019197104153,0.99555106253105,120.0
24977,1945.2033085996347,0.99526041959426,120.0
24978,1945.2046974890868,0.99498548737818,120.0
24979,1945.2060863783051,0.99488551834662,120.0
24980,1945.207475267524,0.99518423858754,120.0
24981,1945.2088641567427,0.99520034260725,120.0
24982,1945.2102530459613,0.99433919472867,120.0
24983,1945.211641935413,0.99509320724373,120.0
24984,1945.2130308246312,0.99517644694435,120.0
24985,1945.2144197138507,0.99470155909537,120.0
24986,1945.21580860307,0.99401331906448,120.0
24987,1945.2171974922887,0.99567225573457,120.0
24988,1945.21858638174,0.99531272078606,120.0
24989,1945.219975270959,0.9959469910961,120.0
24990,1945.2213641601777,0.99596682539395,120.0
24991,1945.222753049396,0.9942587889548,120.0
24992,1945.2241419386155,0.99562515231903,120.0
24993,1945.2255308280676,0.99590779752013,120.0
24994,1945.2269197172864,0.9958474076186,120.0
24995,1945.2283086065052,0.99496509305316,120.0
24996,1945.2296974957237,0.99560998263775,120.0
24997,1945.2310863849425,0.99563342806995,120.0
24998,1945.2324752741608,0.99458464382409,120.0
24999,1945.2338641633796,0.9949809337761,120.0
25000,1945.2352530528317,0.99494943864073,120.0
25001,1945.2366419420512,0.99640480842489,120.0
25002,1945.2380308312695,0.9959888528696,120.0
25003,1945.239419720488,0.99649253360936,120.0
25004,1945.2408086097073,0.99636998210417,120.0
25005,1945.2421974989256,0.99595777001345,120.0
25006,1945.2435863881444,0.99638465655125,120.0
25007,1945.244975277596,0.99659286124028,120.0
25008,1945.2463641668153,0.99551216098838,120.0
25009,1945.2477530560343,0.99475942704102,120.0
25010,1945.2491419452529,0.99534348802165,120.0
25011,1945.250530834472,0.99557298352972,120.0
25012,1945.2519197236904,0.99621704385774,120.0
25013,1945.2533086129088,0.99589118658179,120.0
25014,1945.2546975021276,0.9953361398493,120.0
25015,1945.2560863913463,0.99491293491415,120.0
25016,1945.2574752805656,0.99469569751359,120.0
25017,1945.2588641700177,0.99494979113137,120.0
25018,1945.2602530592364,0.9956484501188,120.0
25019,1945.2616419484552,0.99591457250693,120.0
25020,1945.2630308376736,0.99565360158184,120.0
25021,1945.2644197268924,0.99639547292429,120.0
25022,1945.2658086161111,0.99560599462503,120.0
25023,1945.2671975053297,0.99605427068971,120.0
25024,1945.2685863945492,0.99520733932201,120.0
25025,1945.2699752837684,0.9948505046113,120.0
25026,1945.2713641729868,0.99495794095079,120.0
25027,1945.2727530622055,0.99529364873846,120.0
25028,1945.2741419514243,0.99555236225727,120.0
25029,1945.275530840643,0.99529876867568,120.0
25030,1945.2769197298617,0.99567906179245,120.0
25031,1945.27830861908,0.9956891699213,120.0
25032,1945.2796975082993,0.99574207746803,120.0
25033,1945.2810863975187,0.99644801443634,120.0
25034,1945.2824752867375,0.99503811794407,120.0
25035,1945.2838641759563,0.99526754670026,120.0
25036,1945.2852530651749,0.99530846270269,120.0
25037,1945.2866419543936,0.99395128090538,120.0
25038,1945.288030843612,0.99472645798551,120.0
25039,1945.2894197328317,0.99525016129464,120.0
25040,1945.2908086220507,0.99525707077689,120.0
25041,1945.2921975112697,0.99484399772408,120.0
25042,1945.293586400488,0.99455801607789,120.0
25043,1945.2949752897068,0.99474464354625,120.0
25044,1945.2963641789252,0.99393974941835,120.0
25045,1945.297753068144,0.99485205093297,120.0
25046,1945.2991419573627,0.99537467194204,120.0
25047,1945.300530846582,0.99642773776854,120.0
25048,1945.3019197358008,0.99493446509099,120.0
25049,1945.3033086250184,0.99496874789487,120.0
25050,1945.3046975142372,0.99600052117043,120.0
25051,1945.306086403456,0.99518078569418,120.0
25052,1945.3074752926743,0.9951462841882,120.0
25053,1945.3088641818931,0.99504234298477,120.0
25054,1945.310253071112,0.99521446372687,120.0
25055,1945.3116419603311,0.99475907226617,120.0
25056,1945.3130308495504,0.99465944063209,120.0
25057,1945.3144197387692,0.99468280044142,120.0
25058,1945.315808627988,0.99492791538038,120.0
25059,1945.3171975169737,0.99501541782716,120.0
25060,1945.318586406192,0.99457006362825,120.0
25061,1945.3199752954108,0.99398589002928,120.0
25062,1945.3213641846296,0.99512884257249,120.0
25063,1945.3227530738488,0.99412456772644,120.0
25064,1945.3241419630683,0.9936977969399,120.0
25065,1945.3255308522869,0.99545009977496,120.0
25066,1945.3269197415057,0.99365498152231,120.0
25067,1945.328308630724,0.99548678662984,120.0
25068,1945.3296975199432,0.99480856032079,120.0
25069,1945.3310864089287,0.99540944591188,120.0
25070,1945.3324752981473,0.99499368280201,120.0
25071,1945.3338641873668,0.99528277999675,120.0
25072,1945.335253076586,0.99466702496996,120.0
25073,1945.3366419658048,0.99475013178737,120.0
25074,1945.3380308550231,0.99564346726463,120.0
25075,1945.339419744242,0.9950590668515,120.0
25076,1945.3408086334605,0.99516525179931,120.0
25077,1945.3421975224464,0.99524555523922,120.0
25078,1945.3435864116657,0.99528729538531,120.0
25079,1945.3449753008852,0.99527835485021,120.0
25080,1945.3463641901037,0.9949778839839,120.0
25081,1945.3477530793225,0.99377294220234,120.0
25082,1945.3491419685408,0.99559780503407,120.0
25083,1945.3505308575268,0.99507713562688,120.0
25084,1945.3519197467456,0.99392644112398,120.0
25085,1945.353308635964,0.99415797793587,120.0
25086,1945.3546975251836,0.99477391651556,120.0
25087,1945.3560864144029,0.99428052301029,120.0
25088,1945.3574753033884,0.99538378859154,120.0
25089,1945.3588641926071,0.99478574852077,120.0
25090,1945.360253081826,0.99575046858428,120.0
25091,1945.3616419710445,0.99438965209441,120.0
25092,1945.3630308602633,0.99478014842407,120.0
25093,1945.3644197492488,0.99436768836707,120.0
25094,1945.365808638468,0.99450810922472,120.0
25095,1945.3671975276875,0.99539661855712,120.0
25096,1945.3685864169065,0.99386019652112,120.0
25097,1945.3699753061248,0.9946462739774,120.0
25098,1945.3713641951108,0.99545154088794,120.0
25099,1945.3727530843296,0.99469582367164,120.0
25100,1945.374141973548,0.99430702423622,120.0
25101,1945.3755308627667,0.99445396664849,120.0
25102,1945.3769197517531,0.99406578371113,120.0
25103,1945.3783086409724,0.99498786773199,120.0
25104,1945.3796975301912,0.99407455331413,120.0
25105,1945.38108641941,0.99483362081307,120.0
25106,1945.3824753083957,0.99512488314069,120.0
25107,1945.3838641976145,0.9950552477277,120.0
25108,1945.3852530868328,0.99494274535865,120.0
25109,1945.3866419758187,0.99506633092519,120.0
25110,1945.388030865038,0.99481029622794,120.0
25111,1945.3894197542577,0.99498211670487,120.0
25112,1945.390808643476,0.99494852242361,120.0
25113,1945.392197532462,0.99489818944877,120.0
25114,1945.3935864216803,0.99476375209246,120.0
25115,1945.394975310899,0.99422027489294,120.0
25116,1945.3963641998848,0.9947422080767,120.0
25117,1945.3977530891036,0.99415240257491,120.0
25118,1945.399141978323,0.99379597048216,120.0
25119,1945.4005308673095,0.99411370548951,120.0
25120,1945.401919756528,0.99498632848437,120.0
25121,1945.4033086457468,0.99431513699097,120.0
25122,1945.4046975347323,0.99299881540697,120.0
25123,1945.4060864239511,0.9941347050447,120.0
25124,1945.4074753131692,0.99374197020586,120.0
25125,1945.4088642021547,0.99452207797406,120.0
25126,1945.4102530913744,0.99507637480011,120.0
25127,1945.4116419805928,0.99401941499203,120.0
25128,1945.4130308695787,0.99393313632558,120.0
25129,1945.4144197587975,0.99410296229186,120.0
25130,1945.415808648016,0.99464878066735,120.0
25131,1945.417197537002,0.99426563883228,120.0
25132,1945.4185864262208,0.99386669497054,120.0
25133,1945.41997531544,0.9942043920728,120.0
25134,1945.4213642044265,0.9942540317531,120.0
25135,1945.4227530936448,0.99446433770001,120.0
25136,1945.4241419826312,0.99363410806767,120.0
25137,1945.4255308718496,0.99497802002827,120.0
25138,1945.426919761068,0.99287555628163,120.0
25139,1945.4283086500536,0.99315587791531,120.0
25140,1945.4296975392729,0.99383436912241,120.0
25141,1945.4310864282593,0.99371340625402,120.0
25142,1945.4324753174783,0.99366848564209,120.0
25143,1945.4338642066969,0.99464400157796,120.0
25144,1945.4352530956828,0.99419971353683,120.0
25145,1945.4366419849016,0.99378374313372,120.0
25146,1945.4380308738876,0.99455436017231,120.0
25147,1945.439419763106,0.99448983694534,120.0
25148,1945.440808652092,0.99367281183467,120.0
25149,1945.442197541311,0.99484716939872,120.0
25150,1945.4435864305303,0.99374313024724,120.0
25151,1945.444975319516,0.99428029958628,120.0
25152,1945.4463642087353,0.99376036518976,120.0
25153,1945.4477530977208,0.99332959973138,120.0
25154,1945.4491419869391,0.99395665488871,120.0
25155,1945.450530875925,0.99434642443618,120.0
25156,1945.451919765144,0.99378452183897,120.0
25157,1945.4533086541303,0.99472829808362,120.0
25158,1945.4546975433495,0.99375359874772,120.0
25159,1945.4560864323355,0.99416124412837,120.0
25160,1945.4574753215545,0.99458481441159,120.0
25161,1945.45886421054,0.99420959909747,120.0
25162,1945.4602530997588,0.99417648914794,120.0
25163,1945.4616419887443,0.9937501841718,120.0
25164,1945.463030877964,0.9945469303227,120.0
25165,1945.4644197669504,0.99343514095783,120.0
25166,1945.4658086561687,0.99284144794734,120.0
25167,1945.4671975451547,0.99443435732768,120.0
25168,1945.4685864343735,0.99304061053242,120.0
25169,1945.4699753233592,0.99506374854167,120.0
25170,1945.4713642125776,0.99424913976065,120.0
25171,1945.4727531015635,0.99287746209541,120.0
25172,1945.4741419907828,0.9933097295087,120.0
25173,1945.4755308797696,0.99319558432294,120.0
25174,1945.476919768988,0.9943200025473,120.0
25175,1945.478308657974,0.99339800166197,120.0
25176,1945.47969754696,0.99385714443069,120.0
25177,1945.4810864361784,0.99386448949456,120.0
25178,1945.4824753251644,0.99423715644197,120.0
25179,1945.4838642143827,0.99400449139239,120.0
25180,1945.4852531033696,0.99435911674147,120.0
25181,1945.4866419925888,0.99335360682557,120.0
25182,1945.4880308815743,0.99413243487735,120.0
25183,1945.4894197705603,0.99324891442421,120.0
25184,1945.4908086597793,0.99347036525191,120.0
25185,1945.4921975487648,0.99392097562111,120.0
25186,1945.4935864379836,0.99410589995552,120.0
25187,1945.494975326969,0.99355246193689,120.0
25188,1945.4963642159555,0.99568112099806,120.0
25189,1945.4977531051752,0.99323032060445,120.0
25190,1945.4991419941607,0.9945238236603,120.0
25191,1945.5005308833795,0.99286086049588,120.0
25192,1945.5019197723657,0.99316999915601,120.0
25193,1945.5033086613512,0.99311146565479,120.0
25194,1945.50469755057,0.99413317352666,120.0
25195,1945.5060864395557,0.99379493107885,120.0
25196,1945.5074753287752,0.99421370890251,120.0
25197,1945.508864217761,0.99390819324657,120.0
25198,1945.510253106746,0.9939400977809,120.0
25199,1945.5116419959647,0.99329884238234,120.0
25200,1945.5130308849505,0.99350347178904,120.0
25201,1945.514419773936,0.99296906557363,120.0
25202,1945.5158086631548,0.99340825603894,120.0
25203,1945.5171975521407,0.99260623024672,120.0
25204,1945.5185864411271,0.99325823194106,120.0
25205,1945.5199753303464,0.99370094447726,120.0
25206,1945.5213642193323,0.99433754712145,120.0
25207,1945.5227531083185,0.99363774120157,120.0
25208,1945.5241419975368,0.99322516682325,120.0
25209,1945.5255308865228,0.99370505266218,120.0
25210,1945.5269197755083,0.99328412621431,120.0
25211,1945.5283086644952,0.99383659967559,120.0
25212,1945.5296975537144,0.9935134845898,120.0
25213,1945.5310864427,0.99290092487093,120.0
25214,1945.532475331686,0.9938492493941,120.0
25215,1945.533864220905,0.99448590324293,120.0
25216,1945.5352531098904,0.99324564339522,120.0
25217,1945.536641998876,0.99204681162193,120.0
25218,1945.538030887862,0.99374007960462,120.0
25219,1945.539419777081,0.99368449303717,120.0
25220,1945.540808666068,0.99268794622027,120.0
25221,1945.5421975550537,0.9931488393825,120.0
25222,1945.5435864440392,0.99298168071642,120.0
25223,1945.5449753332584,0.99342368275494,120.0
25224,1945.546364222244,0.99268927624438,120.0
25225,1945.5477531112297,0.99275035577885,120.0
25226,1945.5491420002156,0.99226534045403,120.0
25227,1945.550530889435,0.99376269619803,120.0
25228,1945.5519197784215,0.9928623796443,120.0
25229,1945.5533086674072,0.99284002046613,120.0
25230,1945.5546975563932,0.9932679604821,120.0
25231,1945.5560864456115,0.99286019539441,120.0
25232,1945.5574753345977,0.99213338631739,120.0
25233,1945.5588642235832,0.99244365930697,120.0
25234,1945.5602531125692,0.99319926185848,120.0
25235,1945.5616420015556,0.99331194396247,120.0
25236,1945.5630308907753,0.99358753829649,120.0
25237,1945.5644197797608,0.99398474951436,120.0
25238,1945.5658086687467,0.99197651810746,120.0
25239,1945.5671975577325,0.99285779831156,120.0
25240,1945.5685864467184,0.99293318369817,120.0
25241,1945.569975335704,0.9929565378501,120.0
25242,1945.5713642249227,0.99328938738078,120.0
25243,1945.5727531139091,0.99435620588667,120.0
25244,1945.5741420028955,0.99318785854218,120.0
25245,1945.5755308918815,0.99236073537877,120.0
25246,1945.5769197808672,0.99373200821862,120.0
25247,1945.5783086698532,0.99228965820557,120.0
25248,1945.5796975588387,0.99334440761603,120.0
25249,1945.5810864480577,0.99292770857146,120.0
25250,1945.582475337044,0.99331123360108,120.0
25251,1945.5838642260308,0.99304304088889,120.0
25252,1945.5852531150165,0.99241436185985,120.0
25253,1945.5866420040024,0.99279144871025,120.0
25254,1945.588030892988,0.99308909592004,120.0
25255,1945.589419781974,0.99219866320924,120.0
25256,1945.59080867096,0.99284826580135,120.0
25257,1945.5921975601784,0.99288357012665,120.0
25258,1945.5935864491648,0.99278969243766,120.0
25259,1945.5949753381512,0.99319074293703,120.0
25260,1945.5963642271372,0.99287751584582,120.0
25261,1945.5977531161232,0.99236257926593,120.0
25262,1945.599142005109,0.99255316622717,120.0
25263,1945.6005308940944,0.99236687970691,120.0
25264,1945.6019197830803,0.99270054360334,120.0
25265,1945.6033086720663,0.99287049170092,120.0
25266,1945.6046975610527,0.99292728663693,120.0
25267,1945.6060864500384,0.99220045803348,120.0
25268,1945.6074753390235,0.99296816130207,120.0
25269,1945.6102531169952,0.99422970268321,120.0
25270,1945.6116420062144,0.99442574411456,120.0
25271,1945.6130308952,0.99255680363811,120.0
25272,1945.6144197841857,0.99361021832124,120.0
25273,1945.6158086731723,0.99256262384669,120.0
25274,1945.6171975621587,0.99221845382397,120.0
25275,1945.6185864511444,0.99280720805479,120.0
25276,1945.6199753401304,0.99330304598873,120.0
25277,1945.621364229116,0.99248249062411,120.0
25278,1945.6227531181016,0.99261750548416,120.0
25279,1945.624142007088,0.99276113180051,120.0
25280,1945.6255308960735,0.99255949907083,120.0
25281,1945.62691978506,0.99277793731302,120.0
25282,1945.6283086740464,0.99275535077543,120.0
25283,1945.6296975630323,0.99205529090898,120.0
25284,1945.6310864520185,0.99294385952508,120.0
25285,1945.632475341004,0.99202582933189,120.0
25286,1945.63386422999,0.99269174885104,120.0
25287,1945.6352531189757,0.99320997929249,120.0
25288,1945.6366420079623,0.99249977131724,120.0
25289,1945.638030896716,0.99253557662192,120.0
25290,1945.6394197857016,0.99274886889688,120.0
25291,1945.6408086746876,0.9922660676,120.0
25292,1945.642197563673,0.99362875831603,120.0
25293,1945.6435864526593,0.99316693091267,120.0
25294,1945.6449753416448,0.99328943473387,120.0
25295,1945.6463642306308,0.99181809030203,120.0
25296,1945.6477531196172,0.99294435065982,120.0
25297,1945.649142008604,0.99313862257643,120.0
25298,1945.6505308975895,0.99278041002435,120.0
25299,1945.6519197865753,0.99375689357827,120.0
25300,1945.6533086755612,0.99251918018156,120.0
25301,1945.6546975645467,0.99221644406199,120.0
25302,1945.6560864533,0.99207034545955,120.0
25303,1945.6574753422856,0.99325326747233,120.0
25304,1945.6588642312724,0.99189038933341,120.0
25305,1945.6602531202589,0.99275680632447,120.0
25306,1945.6616420092444,0.99184275569875,120.0
25307,1945.6630308982303,0.99325663339345,120.0
25308,1945.664419787216,0.99228076328792,120.0
25309,1945.665808676202,0.99178161651209,120.0
25310,1945.667197565188,0.9929508055279,120.0
25311,1945.6685864539409,0.99283275741656,120.0
25312,1945.6699753429273,0.99205161233673,120.0
25313,1945.671364231914,0.99230337458676,120.0
25314,1945.6727531208996,0.99140518980723,120.0
25315,1945.6741420098851,0.9928892173256,120.0
25316,1945.675530898871,0.99190970254973,120.0
25317,1945.6769197876245,0.99325962997783,120.0
25318,1945.67830867661,0.9924016208535,120.0
25319,1945.679697565596,0.99284738866706,120.0
25320,1945.6810864545823,0.99273409931913,120.0
25321,1945.6824753435687,0.99151269920028,120.0
25322,1945.6838642325547,0.9919393663508,120.0
25323,1945.685253121308,0.99241890608907,120.0
25324,1945.6866420102936,0.9926296993086,120.0
25325,1945.6880308992793,0.99384255507255,120.0
25326,1945.6894197882652,0.99035132590545,120.0
25327,1945.6908086772507,0.99185225075253,120.0
25328,1945.6921975660043,0.99280861149954,120.0
25329,1945.6935864549912,0.99280219691326,120.0
25330,1945.6949753439767,0.99250849907104,120.0
25331,1945.6963642329629,0.99221569962302,120.0
25332,1945.6977531217156,0.99205803846772,120.0
25333,1945.6991420107008,0.99180028948322,120.0
25334,1945.700530899686,0.99295931218649,120.0
25335,1945.7019197886727,0.99252424281517,120.0
25336,1945.7033086774263,0.99218037632412,120.0
25337,1945.704697566412,0.99203646034407,120.0
25338,1945.706086455398,0.99238431154932,120.0
25339,1945.7074753443835,0.99254735774364,120.0
25340,1945.7088642331369,0.99192326211139,120.0
25341,1945.7102531221224,0.99210019054364,120.0
25342,1945.7116420111083,0.99290885401792,120.0
25343,1945.7130309000947,0.99212378973458,120.0
25344,1945.7144197888483,0.99258875020409,120.0
25345,1945.71719756682,0.99171314723923,120.0
25346,1945.7185864555731,0.99194141055846,120.0
25347,1945.7199753445589,0.99267611882343,120.0
25348,1945.7213642335448,0.99181375439629,120.0
25349,1945.7227531222975,0.99216381748328,120.0
25350,1945.7241420112844,0.99190582871782,120.0
25351,1945.7255309002708,0.99028279662983,120.0
25352,1945.7269197890237,0.99138753213637,120.0
25353,1945.7283086780096,0.99304547833507,120.0
25354,1945.7296975669951,0.99221143552119,120.0
25355,1945.731086455748,0.9928614365717,120.0
25356,1945.7324753447344,0.9912019833867,120.0
25357,1945.73386423372,0.99200608299085,120.0
25358,1945.7352531224735,0.99225112083538,120.0
25359,1945.73664201146,0.99180346600894,120.0
25360,1945.7380309004457,0.99323746040123,120.0
25361,1945.7394197891992,0.99067023459656,120.0
25362,1945.7408086781847,0.99062794170211,120.0
25363,1945.7421975671707,0.99183905655471,120.0
25364,1945.7435864559236,0.99253694925504,120.0
25365,1945.744975344909,0.99288598406696,120.0
25366,1945.7463642336631,0.99157579593371,120.0
25367,1945.7477531226496,0.99249744026119,120.0
25368,1945.7491420116355,0.99080642574451,120.0
25369,1945.7505309003884,0.99173191850251,120.0
25370,1945.751919789374,0.99083237942111,120.0
25371,1945.7533086781273,0.99205178743202,120.0
25372,1945.7546975671128,0.99188134362633,120.0
25373,1945.756086455866,0.99184565450307,120.0
25374,1945.7574753448523,0.9921455441148,120.0
25375,1945.7588642338387,0.99173921781029,120.0
25376,1945.760253122592,0.9928352976002,120.0
25377,1945.7616420115776,0.99180646478461,120.0
25378,1945.7630309003307,0.99231393817871,120.0
25379,1945.764419789317,0.99190552417574,120.0
25380,1945.7658086780696,0.99164826387038,120.0
25381,1945.767197567056,0.99060836149007,120.0
25382,1945.7685864558096,0.99168597989113,120.0
25383,1945.7699753447955,0.9926495568808,120.0
25384,1945.7713642335489,0.99150831998908,120.0
25385,1945.7727531225344,0.99135660118028,120.0
25386,1945.77414201152,0.99274545084122,120.0
25387,1945.7755309002732,0.99226905229207,120.0
25388,1945.7769197892587,0.99179252353485,120.0
25389,1945.7783086780123,0.99236656633973,120.0
25390,1945.7796975669992,0.99201092393051,120.0
25391,1945.781086455752,0.99185729987292,120.0
25392,1945.7824753447376,0.99215515306885,120.0
25393,1945.7838642334907,0.99233561391134,120.0
25394,1945.785253122244,0.99263028911637,120.0
25395,1945.7866420112296,0.99309153649287,120.0
25396,1945.7880308999825,0.99334275681034,120.0
25397,1945.7894197889684,0.99169451419545,120.0
25398,1945.7908086777215,0.99229570207818,120.0
25399,1945.7921975667073,0.99192192654069,120.0
25400,1945.7935864554604,0.99224903529446,120.0
25401,1945.794975344446,0.99211573011632,120.0
25402,1945.7963642331993,0.99145842385173,120.0
25403,1945.7977531221848,0.9925191873406,120.0
25404,1945.7991420109377,0.99205735250777,120.0
25405,1945.8005308996912,0.99138694239942,120.0
25406,1945.801919788678,0.99213074020796,120.0
25407,1945.8033086774312,0.99237924782645,120.0
25408,1945.8046975664167,0.99159588289221,120.0
25409,1945.8060864551696,0.9920038123977,120.0
25410,1945.807475344156,0.99214706517279,120.0
25411,1945.8088642329087,0.99170233829218,120.0
25412,1945.8102531216616,0.99205690843093,120.0
25413,1945.811642010648,0.99102401895058,120.0
25414,1945.8130308994016,0.99173255270595,120.0
25415,1945.8144197881547,0.99257770180784,120.0
25416,1945.8158086771407,0.99304315949319,120.0
25417,1945.8171975658936,0.99211948669379,120.0
25418,1945.818586454879,0.99250169866675,120.0
25419,1945.8199753436324,0.99143305870244,120.0
25420,1945.821364232386,0.99265199712271,120.0
25421,1945.822753121373,0.99102146485556,120.0
25422,1945.8241420101256,0.99289173767555,120.0
25423,1945.8255308988785,0.99178326943828,120.0
25424,1945.8269197878644,0.99205426068152,120.0
25425,1945.828308676617,0.99244047738952,120.0
25426,1945.8296975653705,0.99148507426061,120.0
25427,1945.831086454356,0.99220069714384,120.0
25428,1945.83247534311,0.99211625803426,120.0
25429,1945.8338642318636,0.99174300662024,120.0
25430,1945.8352531208493,0.99212623788775,120.0
25431,1945.8366420096024,0.9923269823568,120.0
25432,1945.838030898355,0.99196046406336,120.0
25433,1945.8394197873408,0.99123429427868,120.0
25434,1945.840808676094,0.9912083669804,120.0
25435,1945.8421975648473,0.99232382380254,120.0
25436,1945.843586453601,0.99225637121085,120.0
25437,1945.8449753425873,0.99238999142176,120.0
25438,1945.84636423134,0.99265264886657,120.0
25439,1945.847753120093,0.99201438470632,120.0
25440,1945.8491420088465,0.9925496866372,120.0
25441,1945.850530897832,0.99191066111276,120.0
25442,1945.8519197865849,0.99285547509151,120.0
25443,1945.853308675338,0.99110738642707,120.0
25444,1945.8546975640916,0.99239169959118,120.0
25445,1945.8560864530784,0.99156198152614,120.0
25446,1945.857475341831,0.99197747976935,120.0
25447,1945.858864230584,0.99109781357136,120.0
25448,1945.8602531193371,0.99155963593524,120.0
25449,1945.8616420083229,0.99191298861016,120.0
25450,1945.863030897076,0.99135068886046,120.0
25451,1945.8644197858289,0.99241950151309,120.0
25452,1945.8658086745825,0.99159612020929,120.0
25453,1945.867197563336,0.99103460391095,120.0
25454,1945.868586452322,0.99173086295673,120.0
25455,1945.8699753410751,0.99140360246979,120.0
25456,1945.871364229828,0.9922503674827,120.0
25457,1945.8727531185812,0.9919371067772,120.0
25458,1945.874142007334,0.99150847489697,120.0
25459,1945.8755308963207,0.99172265018812,120.0
25460,1945.8769197850736,0.99123764932227,120.0
25461,1945.8783086738256,0.9922044324711,120.0
25462,1945.8796975625787,0.99201330845071,120.0
25463,1945.881086451332,0.99226426262284,120.0
25464,1945.8824753400847,0.99216662119748,120.0
25465,1945.8838642290705,0.99176876572258,120.0
25466,1945.8852531178236,0.99266320440369,120.0
25467,1945.8866420065772,0.99200037089769,120.0
25468,1945.8880308953308,0.99162553310769,120.0
25469,1945.889419784084,0.99247204021084,120.0
25470,1945.8908086728368,0.99215921822232,120.0
25471,1945.89219756159,0.99128377056124,120.0
25472,1945.8935864503428,0.9920675452672,120.0
25473,1945.8949753393288,0.99240646532304,120.0
25474,1945.8963642280817,0.99194145023915,120.0
25475,1945.8977531168352,0.99297092620199,120.0
25476,1945.8991420055888,0.99199759815083,120.0
25477,1945.900530894342,0.99250544739834,120.0
25478,1945.9019197830953,0.9921019306623,120.0
25479,1945.903308671848,0.99192404052042,120.0
25480,1945.9046975606009,0.99276456823972,120.0
25481,1945.906086449354,0.99175917734214,120.0
25482,1945.907475338107,0.99166543530125,120.0
25483,1945.9088642268605,0.99244890392732,120.0
25484,1945.9102531156143,0.99172670835497,120.0
25485,1945.9116420043672,0.99129573256929,120.0
25486,1945.9130308933532,0.99114905310311,120.0
25487,1945.914419782106,0.99185231645594,120.0
25488,1945.9158086708592,0.9914506050822,120.0
25489,1945.917197559612,0.9917076317843,120.0
25490,1945.9185864483647,0.99129936321638,120.0
25491,1945.9199753371188,0.99230867136628,120.0
25492,1945.9213642258724,0.99217820890532,120.0
25493,1945.9227531146255,0.99218304684706,120.0
25494,1945.9241420033784,0.99207206795859,120.0
25495,1945.9255308921313,0.99296127609585,120.0
25496,1945.926919780884,0.99176137533536,120.0
25497,1945.928308669637,0.99263203750492,120.0
25498,1945.9296975583904,0.99252460700113,120.0
25499,1945.931086447144,0.99125918815914,120.0
25500,1945.9324753358976,0.99212224775862,120.0
25501,1945.9338642246505,0.99207479118761,120.0
25502,1945.9352531134036,0.991491105918,120.0
25503,1945.9366420021563,0.99194819543732,120.0
25504,1945.9380308909097,0.99209664118524,120.0
25505,1945.9394197796623,0.99206118304006,120.0
25506,1945.9408086681835,0.99081614693115,120.0
25507,1945.9421975569371,0.99159202056732,120.0
25508,1945.94358644569,0.99164615599341,120.0
25509,1945.9449753344431,0.99249088053869,120.0
25510,1945.946364223196,0.99288918286402,120.0
25511,1945.9477531119487,0.99161701504616,120.0
25512,1945.949142000702,0.99194818723596,120.0
25513,1945.9505308894547,0.99220923077122,120.0
25514,1945.9519197782083,0.99119818875568,120.0
25515,1945.9533086669624,0.99153717941163,120.0
25516,1945.9546975557153,0.99219064398753,120.0
25517,1945.956086444468,0.99142420662395,120.0
25518,1945.9574753329885,0.99203740594962,120.0
25519,1945.9588642217416,0.99229287772359,120.0
25520,1945.9602531104945,0.99083338864189,120.0
25521,1945.9616419992465,0.99203947612537,120.0
25522,1945.963030888,0.99189678649902,120.0
25523,1945.9644197767536,0.99229548427772,120.0
25524,1945.9658086655063,0.99211905577095,120.0
25525,1945.9671975542592,0.99071417341846,120.0
25526,1945.9685864427795,0.99263402803568,120.0
25527,1945.9699753315324,0.99241452040544,120.0
25528,1945.9713642202855,0.99160449240316,120.0
25529,1945.9727531090384,0.99197570890885,120.0
25530,1945.974141997792,0.99190087667028,120.0
25531,1945.9755308865456,0.9916629337241,120.0
25532,1945.9769197750657,0.99228772146288,120.0
25533,1945.9783086638192,0.99146354419148,120.0
25534,1945.979697552572,0.99128517086316,120.0
25535,1945.9810864413248,0.99235984760715,120.0
25536,1945.982475330078,0.99186635686704,120.0
25537,1945.9838642188308,0.9923433535904,120.0
25538,1945.985253107352,0.99163700599859,120.0
25539,1945.9866419961052,0.99208226035857,120.0
25540,1945.9880308848583,0.99105823989392,120.0
25541,1945.9894197736112,0.99178661168222,120.0
25542,1945.9908086621313,0.99055475768878,120.0
25543,1945.9921975508844,0.99154659330091,120.0
25544,1945.9935864396375,0.99211591797447,120.0
25545,1945.994975328391,0.99177634379705,120.0
25546,1945.996364217145,0.99275341822647,120.0
25547,1945.9977531056647,0.99186836858056,120.0
25548,1945.9991419944176,0.9919387550509,120.0
25549,1946.0005308831712,0.99184732419807,120.0
25550,1946.001919771924,0.99137936768908,120.0
25551,1946.003308660444,0.99250339396074,120.0
25552,1946.0046975491969,0.99228920656871,120.0
25553,1946.006086437951,0.99264520557275,120.0
25554,1946.0074753264716,0.99229807456637,120.0
25555,1946.0088642152243,0.99151070558802,120.0
25556,1946.0102531039777,0.99259051467145,120.0
25557,1946.0116419927303,0.9916814750443,120.0
25558,1946.0130308812504,0.99136788804136,120.0
25559,1946.0144197700035,0.99120486751956,120.0
25560,1946.015808658757,0.99157725642195,120.0
25561,1946.0171975472776,0.99126894804733,120.0
25562,1946.0185864360312,0.99268340742774,120.0
25563,1946.019975324784,0.99283253510021,120.0
25564,1946.021364213304,0.99297783268555,120.0
25565,1946.022753102057,0.99180235151156,120.0
25566,1946.0241419908104,0.99192732251107,120.0
25567,1946.0255308793303,0.99184634790821,120.0
25568,1946.0269197680832,0.99187000909384,120.0
25569,1946.0283086568372,0.99206786198872,120.0
25570,1946.029697545358,0.99194130115579,120.0
25571,1946.031086434111,0.99212687003687,120.0
25572,1946.0324753226312,0.99147318826775,120.0
25573,1946.033864211384,0.99196834100559,120.0
25574,1946.0352531001367,0.99066738707416,120.0
25575,1946.0366419886573,0.99234811794333,120.0
25576,1946.03803087741,0.99206764651327,120.0
25577,1946.0394197661635,0.99265339204026,120.0
25578,1946.0408086546847,0.99112787331193,120.0
25579,1946.0421975434376,0.99154551384561,120.0
25580,1946.043586431958,0.99186241853171,120.0
25581,1946.04497532071,0.99074740191471,120.0
25582,1946.0463642094624,0.99164991632644,120.0
25583,1946.0477530979824,0.99244584346805,120.0
25584,1946.0491419867355,0.99188705453299,120.0
25585,1946.0505308752563,0.99162139266511,120.0
25586,1946.05191976401,0.9921760812149,120.0
25587,1946.0533086525304,0.99223012298242,120.0
25588,1946.0546975412833,0.99131138203993,120.0
25589,1946.0560864298031,0.99153732599385,120.0
25590,1946.057475318556,0.99181130100256,120.0
25591,1946.0588642073096,0.99238392591857,120.0
25592,1946.06025309583,0.99214472821688,120.0
25593,1946.061641984584,0.99317056248701,120.0
25594,1946.063030873104,0.99205828484143,120.0
25595,1946.0644197618567,0.9918563690569,120.0
25596,1946.0658086503772,0.991417426304,120.0
25597,1946.06719753913,0.99166945225457,120.0
25598,1946.0685864276504,0.9920394940898,120.0
25599,1946.069975316403,0.99273293594403,120.0
25600,1946.071364204924,0.99203209727921,120.0
25601,1946.0727530936776,0.99155701758596,120.0
25602,1946.074141982198,0.99114028852196,120.0
25603,1946.0755308709513,0.99158470229953,120.0
25604,1946.0769197594711,0.99129231777403,120.0
25605,1946.078308648224,0.99256522172699,120.0
25606,1946.0796975367443,0.99076069552714,120.0
25607,1946.0810864252644,0.99188353990444,120.0
25608,1946.082475314018,0.99212764639185,120.0
25609,1946.0838642025387,0.9917694018367,120.0
25610,1946.085253091292,0.99102720976374,120.0
25611,1946.086641979812,0.9918105444722,120.0
25612,1946.0880308685648,0.99214688553903,120.0
25613,1946.0894197570851,0.99268253619457,120.0
25614,1946.0908086456056,0.99072177135194,120.0
25615,1946.0921975343583,0.99119397487705,120.0
25616,1946.0935864228793,0.99164987754873,120.0
25617,1946.0949753116329,0.99208505664301,120.0
25618,1946.0963642001532,0.99087382420359,120.0
25619,1946.097753088906,0.99184568342753,120.0
25620,1946.099141977426,0.99233624804072,120.0
25621,1946.1005308659464,0.99097943621396,120.0
25622,1946.101919754699,0.99125889837506,120.0
25623,1946.1033086432192,0.99094817655198,120.0
25624,1946.10469753174,0.99109352058567,120.0
25625,1946.106086420494,0.99105263407067,120.0
25626,1946.107475309014,0.99173375096891,120.0
25627,1946.1088641977672,0.99125756152525,120.0
25628,1946.1102530862872,0.99033683291417,120.0
25629,1946.1116419748075,0.99146027209634,120.0
25630,1946.1130308635604,0.99114730865764,120.0
25631,1946.1144197520816,0.9915280788682,120.0
25632,1946.115808640602,0.99230357077728,120.0
25633,1946.1171975293553,0.99120284015522,120.0
25634,1946.1185864178751,0.99110671895243,120.0
25635,1946.1199753063952,0.99137175866917,120.0
25636,1946.1213641949153,0.99182390170223,120.0
25637,1946.1227530836684,0.99148920866563,120.0
25638,1946.124141972189,0.9920609556774,120.0
25639,1946.1255308607087,0.99109430180404,120.0
25640,1946.1269197494616,0.99221551001468,120.0
25641,1946.128308637982,0.99198063726515,120.0
25642,1946.129697526502,0.99159514925501,120.0
25643,1946.1310864152551,0.99124631127429,120.0
25644,1946.1324753037752,0.99172880098231,120.0
25645,1946.1338641922955,0.99152597071161,120.0
25646,1946.1352530808156,0.99123094776647,120.0
25647,1946.1366419695692,0.99133320340018,120.0
25648,1946.13803085809,0.99046107287521,120.0
25649,1946.1394197466104,0.99055996698947,120.0
25650,1946.1408086351305,0.99077417998598,120.0
25651,1946.1421975238832,0.99178417617582,120.0
25652,1946.1435864124032,0.99171438640882,120.0
25653,1946.1449753009235,0.99091972855451,120.0
25654,1946.146364189444,0.99181131102651,120.0
25655,1946.1477530779644,0.99165587064632,120.0
25656,1946.1491419667184,0.99164049572678,120.0
25657,1946.1505308552385,0.99187352607579,120.0
25658,1946.1519197437588,0.99196750417983,120.0
25659,1946.1533086322788,0.99085349598232,120.0
25660,1946.1546975207991,0.99140704554767,120.0
25661,1946.156086409552,0.99065486780272,120.0
25662,1946.157475298072,0.9916670106083,120.0
25663,1946.1588641865928,0.99182188476166,120.0
25664,1946.1602530751136,0.99202719730984,120.0
25665,1946.161641963634,0.9921092956539,120.0
25666,1946.1630308523872,0.99080560918517,120.0
25667,1946.1644197409073,0.99139380308597,120.0
25668,1946.1658086294271,0.99088082127553,120.0
25669,1946.1671975179472,0.99123799271769,120.0
25670,1946.1685864064675,0.99176333430926,120.0
25671,1946.169975294988,0.99165075262218,120.0
25672,1946.1713641835092,0.99132015861804,120.0
25673,1946.1727530720293,0.99173970727355,120.0
25674,1946.1741419607824,0.99217949983853,120.0
25675,1946.1755308493025,0.99208364944145,120.0
25676,1946.1769197378228,0.99139187925211,120.0
25677,1946.1783086263429,0.9923877777007,120.0
25678,1946.179697514864,0.991597126328,120.0
25679,1946.1810864033848,0.99154615723494,120.0
25680,1946.182475291905,0.99212325078088,120.0
25681,1946.1838641804247,0.99160340992037,120.0
25682,1946.1852530689448,0.99082576039935,120.0
25683,1946.186641957465,0.99204613686236,120.0
25684,1946.1880308462185,0.99110392800503,120.0
25685,1946.1894197347383,0.99134349590643,120.0
25686,1946.1908086232593,0.99218757467077,120.0
25687,1946.19219751178,0.99100664632475,120.0
25688,1946.1935864003,0.99080070661033,120.0
25689,1946.19497528882,0.99169748685569,120.0
25690,1946.1963641773405,0.99223143874925,120.0
25691,1946.1977530658608,0.99167589474881,120.0
25692,1946.1991419543808,0.99163051778631,120.0
25693,1946.200530842901,0.99176848295531,120.0
25694,1946.2019197314216,0.99196515474343,120.0
25695,1946.203308619942,0.99141797452341,120.0
25696,1946.204697508461,0.99190768728622,120.0
25697,1946.2060863969816,0.99202748306996,120.0
25698,1946.2074752855017,0.99229625318215,120.0
25699,1946.2088641740215,0.99239562473495,120.0
25700,1946.210253062542,0.99107103417759,120.0
25701,1946.211641951062,0.99221203995635,120.0
25702,1946.2130308395829,0.99207985081952,120.0
25703,1946.214419728104,0.99176762559853,120.0
25704,1946.215808616624,0.99230876551654,120.0
25705,1946.217197505144,0.99164738882398,120.0
25706,1946.218586393664,0.99140528311752,120.0
25707,1946.2199752821844,0.99177342397637,120.0
25708,1946.2213641707049,0.99058969304057,120.0
25709,1946.2227530592247,0.99063836533038,120.0
25710,1946.2241419477457,0.99188398167445,120.0
25711,1946.2255308360336,0.99203632083516,120.0
25712,1946.226919724554,0.99102642074807,120.0
25713,1946.228308613074,0.99115068911194,120.0
25714,1946.229697501594,0.991765522977,120.0
25715,1946.231086390114,0.99232184923687,120.0
25716,1946.2324752786344,0.99071323559376,120.0
25717,1946.2338641671552,0.99127985285074,120.0
25718,1946.235253055676,0.99145834131596,120.0
25719,1946.236641944196,0.99167289695012,120.0
25720,1946.238030832716,0.99184458627672,120.0
25721,1946.2394197210035,0.9918960959755,120.0
25722,1946.240808609524,0.99155556555312,120.0
25723,1946.242197498044,0.99132389351442,120.0
25724,1946.243586386564,0.99188670171864,120.0
25725,1946.2449752750852,0.99204659867569,120.0
25726,1946.246364163606,0.99177041828497,120.0
25727,1946.247753052126,0.99234380224375,120.0
25728,1946.2491419406465,0.99248825741664,120.0
25729,1946.2505308289335,0.99203734162472,120.0
25730,1946.2519197174536,0.99185382764457,120.0
25731,1946.2533086059736,0.99233275066842,120.0
25732,1946.254697494494,0.99150338547712,120.0
25733,1946.2560863830145,0.99152287911973,120.0
25734,1946.2574752713028,0.99181333375475,120.0
25735,1946.258864159823,0.99190488894108,120.0
25736,1946.2602530483427,0.99101643839808,120.0
25737,1946.2616419368633,0.99124999605481,120.0
25738,1946.2630308253836,0.99189985443274,120.0
25739,1946.2644197136708,0.99146928830493,120.0
25740,1946.2658086021909,0.99091447477536,120.0
25741,1946.267197490712,0.99173409711236,120.0
25742,1946.2685863792328,0.99240083899797,120.0
25743,1946.269975267753,0.99079543027296,120.0
25744,1946.27136415604,0.99244249303853,120.0
25745,1946.27275304456,0.99171177409902,120.0
25746,1946.27414193308,0.99294330204209,120.0
25747,1946.2755308216003,0.99158704175787,120.0
25748,1946.276919709888,0.99110529788664,120.0
25749,1946.2783085984083,0.99280819449148,120.0
25750,1946.2796974869289,0.99192305927709,120.0
25751,1946.2810863752152,0.99201546826819,120.0
25752,1946.2824752637357,0.99234297397768,120.0
25753,1946.2838641522555,0.9913753305012,120.0
25754,1946.285253040776,0.99206625321077,120.0
25755,1946.2866419290633,0.99169571839585,120.0
25756,1946.2880308175831,0.99257141438182,120.0
25757,1946.2894197061044,0.99208981791442,120.0
25758,1946.290808594392,0.99140490198253,120.0
25759,1946.2921974829123,0.99192700731594,120.0
25760,1946.2935863714329,0.99150731578296,120.0
25761,1946.29497525972,0.99215077133275,120.0
25762,1946.29636414824,0.99212317074816,120.0
25763,1946.29775303676,0.99328720003365,120.0
25764,1946.299141925048,0.99209570470047,120.0
25765,1946.3005308135691,0.99196272130391,120.0
25766,1946.3019197020892,0.99134655491189,120.0
25767,1946.3033085903764,0.99301126614316,120.0
25768,1946.3046974788967,0.9919321548824,120.0
25769,1946.3060863674168,0.99128034847601,120.0
25770,1946.307475255704,0.99177171131209,120.0
25771,1946.3088641442243,0.9919300093583,120.0
25772,1946.310253032745,0.9923962910998,120.0
25773,1946.3116419210332,0.99296587962767,120.0
25774,1946.3130308095533,0.99255621250022,120.0
25775,1946.3144196978408,0.99225311772988,120.0
25776,1946.3158085863608,0.99226862577261,120.0
25777,1946.317197474881,0.99296365972643,120.0
25778,1946.3185863631684,0.99241346100265,120.0
25779,1946.3199752516884,0.99256990531524,120.0
25780,1946.3213641399764,0.99190444047659,120.0
25781,1946.3227530284971,0.99215648021152,120.0
25782,1946.3241419167844,0.99206200097056,120.0
25783,1946.3255308053049,0.99199239541465,120.0
25784,1946.326919693592,0.99310310952187,120.0
25785,1946.3283085821124,0.99208354401242,120.0
25786,1946.3296974706325,0.99227361571207,120.0
25787,1946.3310863589195,0.99120210963662,120.0
25788,1946.3324752474407,0.99231051524976,120.0
25789,1946.3338641357288,0.99184455905532,120.0
25790,1946.3352530242487,0.99281243619927,120.0
25791,1946.336641912536,0.9925502804947,120.0
25792,1946.338030801056,0.99189544315143,120.0
25793,1946.3394196893432,0.99243746725529,120.0
25794,1946.3408085778635,0.99274521497947,120.0
25795,1946.3421974661508,0.99301682156413,120.0
25796,1946.3435863546715,0.99150679673134,120.0
25797,1946.34497524296,0.99295773595322,120.0
25798,1946.34636413148,0.99253492425393,120.0
25799,1946.3477530197672,0.99211414415387,120.0
25800,1946.3491419082873,0.99229078803065,120.0
25801,1946.3505307965747,0.99151575710094,120.0
25802,1946.3519196850953,0.9917018302668,120.0
25803,1946.3533085733832,0.99240223737078,120.0
25804,1946.3546974616704,0.99237543436492,120.0
25805,1946.3560863501896,0.99244009223978,120.0
25806,1946.3574752384773,0.99269967840248,120.0
25807,1946.358864126997,0.99129771844848,120.0
25808,1946.3602530152843,0.99286924345307,120.0
25809,1946.3616419038049,0.99312366833827,120.0
25810,1946.363030792092,0.99297763993901,120.0
25811,1946.36441968038,0.99320072005252,120.0
25812,1946.3658085689008,0.99223581348101,120.0
25813,1946.367197457188,0.99225231066625,120.0
25814,1946.3685863457083,0.99250264653709,120.0
25815,1946.3699752339955,0.99212830067422,120.0
25816,1946.3713641222832,0.9923346221849,120.0
25817,1946.3727530108033,0.99173060370914,120.0
25818,1946.3741418990903,0.99297933052752,120.0
25819,1946.3755307876115,0.99197751387909,120.0
25820,1946.3769196758992,0.99254643030997,120.0
25821,1946.3783085641865,0.99178383144916,120.0
25822,1946.3796974527068,0.99259257722313,120.0
25823,1946.3810863409944,0.99202842458592,120.0
25824,1946.3824752292817,0.99263209706088,120.0
25825,1946.3838641178015,0.99297921131544,120.0
25826,1946.3852530060888,0.99278079031098,120.0
25827,1946.386641894377,0.99245781097218,120.0
25828,1946.3880307828977,0.99259387214857,120.0
25829,1946.3894196711851,0.99254517033471,120.0
25830,1946.3908085594724,0.99319999873876,120.0
25831,1946.3921974479929,0.99256666725791,120.0
25832,1946.39358633628,0.99353962697326,120.0
25833,1946.3949752245671,0.99195900490101,120.0
25834,1946.3963641128544,0.99097521272627,120.0
25835,1946.3977530013756,0.99272554915842,120.0
25836,1946.3991418896635,0.99280980407377,120.0
25837,1946.4005307779507,0.99222717130599,120.0
25838,1946.4019196664713,0.99316978947886,120.0
25839,1946.4033085547585,0.99269791790346,120.0
25840,1946.4046974430455,0.99307333420887,120.0
25841,1946.4060863313327,0.99212981892074,120.0
25842,1946.4074752198533,0.9927759356534,120.0
25843,1946.4088641081412,0.99245927208142,120.0
25844,1946.410252996429,0.99279008679007,120.0
25845,1946.4116418847163,0.99199277302571,120.0
25846,1946.413030773004,0.99157541937106,120.0
25847,1946.414419661524,0.99276172947846,120.0
25848,1946.4158085498111,0.99293958986115,120.0
25849,1946.4185863263867,0.99247845703307,120.0
25850,1946.4199752149073,0.99195821837043,120.0
25851,1946.4213641031947,0.9931505186309,120.0
25852,1946.422752991482,0.99301557679594,120.0
25853,1946.4241418797696,0.99229704290331,120.0
25854,1946.425530768057,0.99267382228607,120.0
25855,1946.4269196563432,0.99238266423478,120.0
25856,1946.4283085448628,0.9919469315072,120.0
25857,1946.4296974331507,0.99252044326294,120.0
25858,1946.431086321439,0.99358865946732,120.0
25859,1946.432475209726,0.99292249307538,120.0
25860,1946.4338640980131,0.99333308827782,120.0
25861,1946.4352529863008,0.99229944128802,120.0
25862,1946.4366418745883,0.99264976211715,120.0
25863,1946.4380307631084,0.992665769984,120.0
25864,1946.4394196513956,0.99309762774437,120.0
25865,1946.4408085396835,0.99269895661313,120.0
25866,1946.4421974279717,0.99223159899703,120.0
25867,1946.4435863162587,0.99274043153666,120.0
25868,1946.4449752045464,0.99193696696136,120.0
25869,1946.4463640928336,0.99253683103662,120.0
25870,1946.4477529811209,0.9935465243915,120.0
25871,1946.4491418694083,0.99329945048991,120.0
25872,1946.4505307579284,0.99274600619146,120.0
25873,1946.4519196462163,0.99402379373268,120.0
25874,1946.4533085345045,0.99251832264316,120.0
25875,1946.4546974227917,0.99369296890659,120.0
25876,1946.4560863110792,0.99232185934057,120.0
25877,1946.4574751993664,0.99204883281213,120.0
25878,1946.4588640876536,0.99295182010048,120.0
25879,1946.460252975941,0.99287903514983,120.0
25880,1946.4616418642283,0.99246927337331,120.0
25881,1946.4630307525165,0.9930981157818,120.0
25882,1946.4644196408044,0.9930442027195,120.0
25883,1946.465808529092,0.99163790257205,120.0
25884,1946.467197417379,0.99375951740916,120.0
25885,1946.4685863056663,0.99268598249265,120.0
25886,1946.4699751939536,0.99347846088764,120.0
25887,1946.4713640822408,0.99383148100263,120.0
25888,1946.4727529705287,0.9934575110173,120.0
25889,1946.4741418588171,0.99292512486422,120.0
25890,1946.4755307471044,0.9926658850447,120.0
25891,1946.4769196353916,0.99321734664764,120.0
25892,1946.4783085236793,0.99276953026867,120.0
25893,1946.4796974119663,0.9937124291811,120.0
25894,1946.4810863002535,0.99304568404318,120.0
25895,1946.4824751885408,0.99317083881149,120.0
25896,1946.4838640768291,0.99275175046051,120.0
25897,1946.4852529651168,0.99269280985173,120.0
25898,1946.4866418534043,0.99367084609088,120.0
25899,1946.4880307416915,0.99377720724238,120.0
25900,1946.4894196299792,0.99379496850816,120.0
25901,1946.4908085182665,0.9932966374767,120.0
25902,1946.4921974065535,0.99361749543407,120.0
25903,1946.493586294608,0.99280028337512,120.0
25904,1946.494975182896,0.99298725610739,120.0
25905,1946.496364071184,0.99307310673319,120.0
25906,1946.4977529594707,0.99349770941668,120.0
25907,1946.4991418477573,0.99278531244175,120.0
25908,1946.5005307360448,0.99336881624792,120.0
25909,1946.501919624332,0.99279171572095,120.0
25910,1946.5033085126192,0.99363543362396,120.0
25911,1946.5046974009067,0.99246719260868,120.0
25912,1946.506086288962,0.99283142071697,120.0
25913,1946.50747517725,0.99402335684418,120.0
25914,1946.5088640655376,0.9930559572534,120.0
25915,1946.5102529538249,0.99404182016846,120.0
25916,1946.511641842112,0.99336934812288,120.0
25917,1946.5130307303991,0.99291648341177,120.0
25918,1946.5144196184535,0.99391297825059,120.0
25919,1946.5158085067408,0.99258836975625,120.0
25920,1946.5171973950287,0.9935795482214,120.0
25921,1946.5185862833168,0.99418233381043,120.0
25922,1946.5199751716043,0.9933565188229,120.0
25923,1946.5213640598915,0.99372897482022,120.0
25924,1946.522752947946,0.99399435590563,120.0
25925,1946.5241418362336,0.99351449239011,120.0
25926,1946.5255307245209,0.99342173987299,120.0
25927,1946.5269196128088,0.99397855386534,120.0
25928,1946.5283085010967,0.99374565485512,120.0
25929,1946.5296973891511,0.99291146763958,120.0
25930,1946.5310862774388,0.99283599071738,120.0
25931,1946.532475165726,0.99460249135682,120.0
25932,1946.5338640540133,0.9940054246401,120.0
25933,1946.5352529420677,0.99330094269081,120.0
25934,1946.5366418303552,0.99358333222813,120.0
25935,1946.5380307186433,0.99329135731001,120.0
25936,1946.5394196069312,0.99296107130831,120.0
25937,1946.5408084949856,0.99483663304412,120.0
25938,1946.5421973832729,0.99313290171974,120.0
25939,1946.5435862715603,0.99432007903954,120.0
25940,1946.5449751596148,0.99358185645278,120.0
25941,1946.5463640479024,0.9932738813675,120.0
25942,1946.5477529361897,0.99401745095872,120.0
25943,1946.5491418244776,0.99374254761896,120.0
25944,1946.5505307125327,0.99360448646926,120.0
25945,1946.55191960082,0.99280785484084,120.0
25946,1946.5533084891072,0.99298804391868,120.0
25947,1946.5546973771616,0.99438089838218,120.0
25948,1946.5560862654488,0.99296169723292,120.0
25949,1946.5574751537365,0.99357865970472,120.0
25950,1946.558864041791,0.99423434220386,120.0
25951,1946.5602529300788,0.99368424938043,120.0
25952,1946.5616418183668,0.99409417865972,120.0
25953,1946.5630307064212,0.99262170209539,120.0
25954,1946.5644195947089,0.99308811657797,120.0
25955,1946.565808482996,0.99325491809681,120.0
25956,1946.5671973710507,0.99285630340092,120.0
25957,1946.5685862593373,0.99345061231118,120.0
25958,1946.5699751473912,0.99332041895325,120.0
25959,1946.5713640356792,0.99317044217138,120.0
25960,1946.5727529239673,0.99355403890612,120.0
25961,1946.5741418120217,0.99363844915589,120.0
25962,1946.5755307003087,0.99469122823342,120.0
25963,1946.5769195883631,0.99366601463636,120.0
25964,1946.5783084766504,0.99403741934744,120.0
25965,1946.579697364938,0.99362973512752,120.0
25966,1946.5810862529925,0.99285427755298,120.0
25967,1946.5824751412804,0.99351648249629,120.0
25968,1946.5838640293357,0.99398965501805,120.0
25969,1946.5852529176227,0.99377056961382,120.0
25970,1946.5866418056776,0.99334281311247,120.0
25971,1946.5880306939648,0.99314613570577,120.0
25972,1946.5894195820192,0.99368653460645,120.0
25973,1946.5908084703065,0.99317381354965,120.0
25974,1946.5921973585948,0.99562966479159,120.0
25975,1946.59358624665,0.99394821925645,120.0
25976,1946.5949751349372,0.99379368178204,120.0
25977,1946.5963640229916,0.99448132435344,120.0
25978,1946.5977529112793,0.99512426984601,120.0
25979,1946.5991417993337,0.99405350433983,120.0
25980,1946.600530687621,0.99338339804765,120.0
25981,1946.6019195756753,0.99379026270656,120.0
25982,1946.6033084639632,0.99478098144567,120.0
25983,1946.6046973520183,0.99381208223929,120.0
25984,1946.6060862403056,0.99340817528962,120.0
25985,1946.60747512836,0.99262904756298,120.0
25986,1946.6088640164148,0.99356906290438,120.0
25987,1946.6102529047023,0.99483367427715,120.0
25988,1946.6116417927567,0.99544453305591,120.0
25989,1946.613030681044,0.99433391419059,120.0
25990,1946.6144195690993,0.99396055603724,120.0
25991,1946.6158084573872,0.99400603313144,120.0
25992,1946.6171973454416,0.99453747909476,120.0
25993,1946.6185862337288,0.99365137532113,120.0
25994,1946.6199751217832,0.99506167702516,120.0
25995,1946.6213640098376,0.99439521071446,120.0
25996,1946.622752898125,0.993594608529,120.0
25997,1946.6241417861795,0.99427635292366,120.0
25998,1946.6255306744677,0.99405165446875,120.0
25999,1946.6269195625227,0.99439539288086,120.0
26000,1946.6283084505772,0.993759255814,120.0
26001,1946.6296973388648,0.99407189466217,120.0
26002,1946.6310862269193,0.99448896611078,120.0
26003,1946.6324751149737,0.99492435493868,120.0
26004,1946.6338640032611,0.99419455620801,120.0
26005,1946.6352528913155,0.99358761608458,120.0
26006,1946.6366417796028,0.99445706994585,120.0
26007,1946.6380306676576,0.99460984886437,120.0
26008,1946.639419555712,0.99525413056414,120.0
26009,1946.6408084439993,0.99433922600742,120.0
26010,1946.6421973320537,0.99351507201523,120.0
26011,1946.643586220108,0.99426944574987,120.0
26012,1946.6449751083956,0.99440582278807,120.0
26013,1946.6463639964504,0.99380616452996,120.0
26014,1946.647752884506,0.99459959484307,120.0
26015,1946.6491417725604,0.9933987984336,120.0
26016,1946.6505306608476,0.9938173793025,120.0
26017,1946.6519195489025,0.99496983270524,120.0
26018,1946.6533084369569,0.99397442001979,120.0
26019,1946.654697325244,0.99456284991114,120.0
26020,1946.6560862132983,0.99501146878988,120.0
26021,1946.6574751013536,0.99446177059948,120.0
26022,1946.6588639894087,0.99378076430962,120.0
26023,1946.660252877696,0.99459734790503,120.0
26024,1946.6616417657508,0.99390877425472,120.0
26025,1946.6630306538052,0.99345244331493,120.0
26026,1946.6644195418596,0.99422171931233,120.0
26027,1946.6658084301469,0.99439420516506,120.0
26028,1946.6671973182015,0.99390005578696,120.0
26029,1946.6685862062564,0.99361864137702,120.0
26030,1946.669975094312,0.99487904436923,120.0
26031,1946.6713639825991,0.99471674612115,120.0
26032,1946.6727528706535,0.9951406825681,120.0
26033,1946.674141758708,0.99469114925609,120.0
26034,1946.6755306467628,0.99486147302326,120.0
26035,1946.6769195348172,0.9941576056145,120.0
26036,1946.6783084231045,0.99426346938821,120.0
26037,1946.6796973111595,0.99395238695731,120.0
26038,1946.6810861992149,0.99415466139965,120.0
26039,1946.6824750872695,0.99412279025558,120.0
26040,1946.683863975324,0.99472247812735,120.0
26041,1946.6852528633783,0.99419765545646,120.0
26042,1946.6866417516655,0.99498077225058,120.0
26043,1946.68803063972,0.99537205384454,120.0
26044,1946.6894195277744,0.99448023875633,120.0
26045,1946.6908084158297,0.994765373825,120.0
26046,1946.6921973038848,0.99502781648976,120.0
26047,1946.6935861919392,0.99440978504735,120.0
26048,1946.694975079994,0.99381908685796,120.0
26049,1946.6963639680484,0.99466420201436,120.0
26050,1946.697752856336,0.99567019263092,120.0
26051,1946.6991417443903,0.99523273731948,120.0
26052,1946.7005306324447,0.99498097251373,120.0
26053,1946.7019195205,0.99481678625583,120.0
26054,1946.7033084085551,0.99438725382871,120.0
26055,1946.7046972966089,0.99423788616214,120.0
26056,1946.7060861846628,0.99489775417277,120.0
26057,1946.7074750727172,0.99481850883032,120.0
26058,1946.7088639607716,0.99500796611916,120.0
26059,1946.7102528488265,0.99520131985785,120.0
26060,1946.7116417368811,0.99474069282974,120.0
26061,1946.713030624937,0.99443182004315,120.0
26062,1946.7144195129913,0.99464539326311,120.0
26063,1946.7158084010457,0.99470170709194,120.0
26064,1946.7171972893327,0.99402047691771,120.0
26065,1946.7185861773871,0.99383046761661,120.0
26066,1946.719975065442,0.99486844837356,120.0
26067,1946.7213639534964,0.99484204415513,120.0
26068,1946.7227528415517,0.99534944028256,120.0
26069,1946.7241417296068,0.9945622110714,120.0
26070,1946.7255306176612,0.99507372728763,120.0
26071,1946.726919505716,0.99504596393231,120.0
26072,1946.7283083937705,0.99498479922063,120.0
26073,1946.7296972818249,0.99516102836006,120.0
26074,1946.7310861698793,0.99533211670831,120.0
26075,1946.7324750577009,0.9947535894276,120.0
26076,1946.733863945756,0.99511432161635,120.0
26077,1946.7352528338113,0.99498581139632,120.0
26078,1946.7366417218657,0.99507754673394,120.0
26079,1946.73803060992,0.99529056131643,120.0
26080,1946.7394194979747,0.99462035836842,120.0
26081,1946.7408083860291,0.99479497741001,120.0
26082,1946.7421972740835,0.99524228662779,120.0
26083,1946.743586162138,0.99546987138799,120.0
26084,1946.7449750501935,0.99498801167468,120.0
26085,1946.7463639382484,0.99464998692498,120.0
26086,1946.7477528263032,0.99517821429133,120.0
26087,1946.7491417143576,0.99465380078239,120.0
26088,1946.750530602412,0.99446788089106,120.0
26089,1946.7519194902336,0.99450458490084,120.0
26090,1946.753308378288,0.99528313620948,120.0
26091,1946.7546972663424,0.99439973881595,120.0
26092,1946.7560861543975,0.99509516285876,120.0
26093,1946.7574750424528,0.99536157549968,120.0
26094,1946.7588639305072,0.9944388459877,120.0
26095,1946.760252818562,0.99580805197654,120.0
26096,1946.7616417066165,0.99509315020505,120.0
26097,1946.7630305944383,0.99506186709395,120.0
26098,1946.7644194824927,0.99475960379904,120.0
26099,1946.765808370548,0.99510406202262,120.0
26100,1946.7671972586031,0.99483077032007,120.0
26101,1946.7685861466575,0.99548289371634,120.0
26102,1946.7699750347113,0.99602434358714,120.0
26103,1946.7713639225324,0.9948315146039,120.0
26104,1946.7727528105868,0.99345978199193,120.0
26105,1946.7741416986412,0.99479235037599,120.0
26106,1946.775530586696,0.99466729025568,120.0
26107,1946.776919474751,0.99578752125056,120.0
26108,1946.7783083625736,0.99522004900004,120.0
26109,1946.779697250628,0.99582182595494,120.0
26110,1946.7810861386824,0.99525167354845,120.0
26111,1946.7824750267368,0.99525348005887,120.0
26112,1946.7838639145584,0.99581073583408,120.0
26113,1946.7852528026128,0.99543541311964,120.0
26114,1946.7866416906672,0.99495095155698,120.0
26115,1946.7880305787228,0.9954915663216,120.0
26116,1946.7894194665448,0.99594146030433,120.0
26117,1946.7908083545992,0.99475016192268,120.0
26118,1946.792197242654,0.99515926421506,120.0
26119,1946.7935861307085,0.99544474877984,120.0
26120,1946.79497501853,0.99553286434699,120.0
26121,1946.7963639065847,0.99431452193838,120.0
26122,1946.797752794639,0.99548457731398,120.0
26123,1946.7991416824611,0.99500874896793,120.0
26124,1946.800530570517,0.99600651924677,120.0
26125,1946.801919458571,0.99475138026188,120.0
26126,1946.803308346393,0.99445031171807,120.0
26127,1946.8046972344473,0.99531373094727,120.0
26128,1946.806086122502,0.99503551615472,120.0
26129,1946.8074750103235,0.99551169101812,120.0
26130,1946.808863898378,0.99538733274558,120.0
26131,1946.8102527864332,0.99545463479766,120.0
26132,1946.8116416742555,0.99507566530601,120.0
26133,1946.81303056231,0.99509658849067,120.0
26134,1946.815808338186,0.99593184759579,120.0
26135,1946.8171972262403,0.9959210231288,120.0
26136,1946.8185861142952,0.9949825615082,120.0
26137,1946.8199750021167,0.99535027962097,120.0
26138,1946.821363890172,0.99533892294381,120.0
26139,1946.8227527779943,0.99480101303176,120.0
26140,1946.8241416660487,0.99476734635092,120.0
26141,1946.8255305541031,0.99547849930771,120.0
26142,1946.8269194419247,0.99486024901108,120.0
26143,1946.8283083299796,0.99516367444097,120.0
26144,1946.8296972178011,0.99655117100216,120.0
26145,1946.8310861058565,0.99468038217484,120.0
26146,1946.8324749936787,0.99508512226106,120.0
26147,1946.8338638817331,0.9950256704724,120.0
26148,1946.8352527697868,0.99516940416842,120.0
26149,1946.836641657608,0.99578726509491,120.0
26150,1946.8380305456624,0.99516430356775,120.0
26151,1946.839419433484,0.9952152888252,120.0
26152,1946.8408083215384,0.99593849977108,120.0
26153,1946.8421972093608,0.99564325124295,120.0
26154,1946.843586097416,0.99564175079851,120.0
26155,1946.8449749852375,0.99743639608508,120.0
26156,1946.846363873292,0.99578181619074,120.0
26157,1946.847752761114,0.99550255471475,120.0
26158,1946.8491416491684,0.99508501880733,120.0
26159,1946.85053053699,0.99519594887572,120.0
26160,1946.8519194250443,0.99663112113024,120.0
26161,1946.8533083128673,0.99594999890911,120.0
26162,1946.854697200922,0.99616586559693,120.0
26163,1946.8560860887435,0.99602240844762,120.0
26164,1946.8574749767984,0.99520460285043,120.0
26165,1946.85886386462,0.99606923620126,120.0
26166,1946.8602527526743,0.99528574011433,120.0
26167,1946.861641640496,0.99561992124476,120.0
26168,1946.8630305283175,0.99595994573322,120.0
26169,1946.8644194163728,0.99504652488786,120.0
26170,1946.8658083041953,0.99577364145502,120.0
26171,1946.8671971922497,0.99592210403761,120.0
26172,1946.8685860800715,0.9948395265318,120.0
26173,1946.869974968126,0.99561996345467,120.0
26174,1946.8713638559475,0.99503678781572,120.0
26175,1946.8727527437693,0.99660621917916,120.0
26176,1946.8741416318237,0.99511469553004,120.0
26177,1946.875530519646,0.99517199473774,120.0
26178,1946.8769194074684,0.9960968527237,120.0
26179,1946.8783082955233,0.99613156486859,120.0
26180,1946.879697183345,0.99628734854436,120.0
26181,1946.8810860713993,0.99607693870856,120.0
26182,1946.8824749592209,0.99575366682446,120.0
26183,1946.8838638470424,0.99544113552462,120.0
26184,1946.8852527350975,0.99623602137783,120.0
26185,1946.88664162292,0.99574291849014,120.0
26186,1946.8880305107416,0.99584636161832,120.0
26187,1946.889419398796,0.99581284655546,120.0
26188,1946.8908082866176,0.99561216350286,120.0
26189,1946.8921971744392,0.99615732984111,120.0
26190,1946.893586062494,0.99603376944124,120.0
26191,1946.8949749503156,0.99543502165722,120.0
26192,1946.896363838138,0.99608487097879,120.0
26193,1946.8977527261932,0.99635821276941,120.0
26194,1946.899141614014,0.99605884910387,120.0
26195,1946.9005305018352,0.99623672838249,120.0
26196,1946.9019193896568,0.99600169659106,120.0
26197,1946.9033082777112,0.99604148082909,120.0
26198,1946.9046971655328,0.99649274672838,120.0
26199,1946.9060860533543,0.99566525761665,120.0
26200,1946.9074749411768,0.99592534398502,120.0
26201,1946.908863829232,0.99597465372918,120.0
26202,1946.9102527170537,0.99567433251646,120.0
26203,1946.9116416048753,0.99540577758719,120.0
26204,1946.9130304926969,0.99589377676445,120.0
26205,1946.9144193807515,0.99652655209188,120.0
26206,1946.9158082685733,0.99535411902343,120.0
26207,1946.9171971563949,0.99634618249681,120.0
26208,1946.9185860442171,0.99647855875275,120.0
26209,1946.9199749320396,0.99655310327683,120.0
26210,1946.921363820094,0.9958134361479,120.0
26211,1946.922752707916,0.99575353173622,120.0
26212,1946.9241415957376,0.99628714191168,120.0
26213,1946.9255304835588,0.99647958463664,120.0
26214,1946.9269193713808,0.99578338831811,120.0
26215,1946.9283082594352,0.99685117138178,120.0
26216,1946.9296971472577,0.99662737277927,120.0
26217,1946.93108603508,0.99617594278722,120.0
26218,1946.9324749229015,0.99742952944831,120.0
26219,1946.933863810723,0.99518864029845,120.0
26220,1946.935252698545,0.99608813893161,120.0
26221,1946.9366415863667,0.99628918243297,120.0
26222,1946.938030474421,0.99598666058299,120.0
26223,1946.9394193622425,0.99508958511871,120.0
26224,1946.9408082500652,0.99577588636676,120.0
26225,1946.9421971378872,0.99532382223011,120.0
26226,1946.9435860257092,0.99684998898263,120.0
26227,1946.9449749135308,0.99692815993647,120.0
26228,1946.9463638013524,0.9957171455456,120.0
26229,1946.947752689174,0.99613844305064,120.0
26230,1946.9491415769955,0.99475032151648,120.0
26231,1946.950530464818,0.99578750196025,120.0
26232,1946.9519193528731,0.99669812708808,120.0
26233,1946.9533082406947,0.99642177243183,120.0
26234,1946.9546971285165,0.99610703418748,120.0
26235,1946.9560860163383,0.99662333716767,120.0
26236,1946.95747490416,0.99677672139059,120.0
26237,1946.9588637919817,0.99548473926601,120.0
26238,1946.9602526798033,0.99491032201934,120.0
26239,1946.9616415676248,0.99584184163776,120.0
26240,1946.9630304554464,0.99653440133258,120.0
26241,1946.964419343268,0.99698205077435,120.0
26242,1946.96580823109,0.9959482000292,120.0
26243,1946.9671971189116,0.99596343075599,120.0
26244,1946.9685860067332,0.99667514800468,120.0
26245,1946.9699748945548,0.99595494162087,120.0
26246,1946.9713637823763,0.99665323394851,120.0
26247,1946.9727526701988,0.99585422337039,120.0
26248,1946.9741415580213,0.99607188858631,120.0
26249,1946.9755304458429,0.99559394280102,120.0
26250,1946.9769193336645,0.99515064397268,120.0
26251,1946.9783082214865,0.99650644217159,120.0
26252,1946.979697109308,0.99615706697882,120.0
26253,1946.9810859971296,0.99639969424923,120.0
26254,1946.9824748849512,0.99679461891043,120.0
26255,1946.9838637727737,0.9962145048907,120.0
26256,1946.9852526603631,0.99601470874298,120.0
26257,1946.9866415481847,0.99780322361265,120.0
26258,1946.9880304360065,0.9969683480467,120.0
26259,1946.989419323828,0.99569553944825,120.0
26260,1946.9908082116497,0.99572014810931,120.0
26261,1946.9921970994712,0.99685533679177,120.0
26262,1946.9935859872928,0.99627720173589,120.0
26263,1946.9949748751153,0.99634964364685,120.0
26264,1946.9963637629376,0.9957197905434,120.0
26265,1946.9977526507591,0.99663459602908,120.0
26266,1946.9991415383483,0.99679575070159,120.0
26267,1947.00053042617,0.99687103409908,120.0
26268,1947.0019193139915,0.99653575116813,120.0
26269,1947.0033082018133,0.99697828853515,120.0
26270,1947.0046970896356,0.99711384745753,120.0
26271,1947.006085977458,0.99713501586704,120.0
26272,1947.0074748652796,0.99608862576255,120.0
26273,1947.0088637528684,0.99748026691649,120.0
26274,1947.01025264069,0.99597922295228,120.0
26275,1947.0116415285115,0.99618229423065,120.0
26276,1947.013030416333,0.99716086416122,120.0
26277,1947.0144193041551,0.99737465039759,120.0
26278,1947.0158081917443,0.99783936760099,120.0
26279,1947.0171970795673,0.99626127584116,120.0
26280,1947.01997485521,0.99665780043277,120.0
26281,1947.021363743032,0.99756789719496,120.0
26282,1947.0227526306207,0.99624625154737,120.0
26283,1947.0241415184416,0.99680035908545,120.0
26284,1947.0255304062628,0.995885576738,120.0
26285,1947.0269192940852,0.99667335026194,120.0
26286,1947.0283081816744,0.99702255895081,120.0
26287,1947.029697069496,0.99650872702149,120.0
26288,1947.031085957318,0.99758267798785,120.0
26289,1947.0324748451396,0.9969325784149,120.0
26290,1947.0338637327284,0.99576640850716,120.0
26291,1947.03525262055,0.99684363918928,120.0
26292,1947.0366415083715,0.99670867648637,120.0
26293,1947.038030396194,0.99581824459932,120.0
26294,1947.0408081716052,0.99454153729016,120.0
26295,1947.0421970594268,0.99627144169435,120.0
26296,1947.043585947016,0.9968972780445,120.0
26297,1947.0449748348376,0.9972696150573,120.0
26298,1947.0463637226592,0.99712364579923,120.0
26299,1947.047752610248,0.99704923721018,120.0
26300,1947.0491414980704,0.99663274119539,120.0
26301,1947.050530385893,0.9972900569623,120.0
26302,1947.0519192734816,0.99690515285385,120.0
26303,1947.0533081613032,0.99642990005507,120.0
26304,1947.0546970491248,0.99608416284293,120.0
26305,1947.0560859367135,0.99665911873174,120.0
26306,1947.0574748245351,0.9966786369517,120.0
26307,1947.058863712124,0.99763939387738,120.0
26308,1947.0602525999464,0.99689060973206,120.0
26309,1947.0616414877688,0.99673870300407,120.0
26310,1947.0630303753576,0.99647397634807,120.0
26311,1947.0644192631792,0.997180981585,120.0
26312,1947.0658081510007,0.99668837197974,120.0
26313,1947.06719703859,0.99693731501564,120.0
26314,1947.0685859264115,0.99629726134444,120.0
26315,1947.0699748140012,0.99707552843448,120.0
26316,1947.0713637018232,0.99695762651304,120.0
26317,1947.072752589412,0.99723992999253,120.0
26318,1947.074141477234,0.99772267287679,120.0
26319,1947.0755303650556,0.99651548672036,120.0
26320,1947.0769192526443,0.99726618250126,120.0
26321,1947.0783081404657,0.99700389864422,120.0
26322,1947.0796970280549,0.99839140437888,120.0
26323,1947.081085915877,0.9974375383518,120.0
26324,1947.0824748034668,0.99648490252349,120.0
26325,1947.0838636912877,0.99660095026567,120.0
26326,1947.0852525788755,0.99671536181247,120.0
26327,1947.0866414666975,0.99668644762927,120.0
26328,1947.0880303542865,0.99680329614054,120.0
26329,1947.089419242108,0.9974513866949,120.0
26330,1947.0908081296968,0.99727445032901,120.0
26331,1947.0921970175193,0.99724643301282,120.0
26332,1947.0935859051087,0.99639179663682,120.0
26333,1947.0949747929303,0.99806621787192,120.0
26334,1947.0963636805193,0.99683311292127,120.0
26335,1947.0977525683409,0.99739313362712,120.0
26336,1947.0991414559296,0.9963236879002,120.0
26337,1947.1005303435184,0.99741980181249,120.0
26338,1947.10191923134,0.99710755623523,120.0
26339,1947.1033081189296,0.99756113006899,120.0
26340,1947.104697006752,0.99752689431079,120.0
26341,1947.1060858943408,0.99677398081068,120.0
26342,1947.1074747821624,0.99737953191604,120.0
26343,1947.1088636697511,0.99732279483764,120.0
26344,1947.1102525573403,0.99677478815131,120.0
26345,1947.111641445162,0.99720246860986,120.0
26346,1947.1130303327504,0.99648738286876,120.0
26347,1947.1144192205732,0.99759534300557,120.0
26348,1947.1158081081624,0.99649518994596,120.0
26349,1947.1171969957516,0.99670686662489,120.0
26350,1947.1185858835731,0.99672493470594,120.0
26351,1947.1199747711617,0.99696239805683,120.0
26352,1947.1213636587504,0.99606232478678,120.0
26353,1947.1227525465724,0.9970717106007,120.0
26354,1947.1241414341616,0.99738564795742,120.0
26355,1947.1255303217515,0.99652638654409,120.0
26356,1947.1269192095729,0.99826722653532,120.0
26357,1947.1283080971616,0.99707596902367,120.0
26358,1947.1296969847508,0.99726667869545,120.0
26359,1947.1310858725724,0.99719145288699,120.0
26360,1947.1324747601611,0.99828058727218,120.0
26361,1947.13386364775,0.99660626930088,120.0
26362,1947.1352525355724,0.99660680094876,120.0
26363,1947.136641423162,0.99705741990099,120.0
26364,1947.1380303107508,0.99748728558928,120.0
26365,1947.1394191985723,0.9980726397234,120.0
26366,1947.140808086161,0.99753309641434,120.0
26367,1947.14219697375,0.99792575023463,120.0
26368,1947.1435858613384,0.99715886988873,120.0
26369,1947.1449747491592,0.99949842933104,120.0
26370,1947.146363636749,0.99844373614763,120.0
26371,1947.1477525243383,0.99842795258247,120.0
26372,1947.1491414119273,0.99698440109664,120.0
26373,1947.1505302997489,0.99742687932221,120.0
26374,1947.1519191873376,0.99826867688443,120.0
26375,1947.1533080749264,0.99823286681878,120.0
26376,1947.1546969625151,0.99763697458809,120.0
26377,1947.156085850104,0.99743132338465,120.0
26378,1947.1574747379263,0.99866904726942,120.0
26379,1947.158863625516,0.99798763135163,120.0
26380,1947.1602525131048,0.99698785199179,120.0
26381,1947.1616414006935,0.99841763772752,120.0
26382,1947.1630302882825,0.99782050318754,120.0
26383,1947.164419176104,0.99839996454373,120.0
26384,1947.1658080636928,0.99709030341923,120.0
26385,1947.1671969512815,0.99758055093479,120.0
26386,1947.1685858388712,0.99675412146774,120.0
26387,1947.1699747264609,0.99765304773661,120.0
26388,1947.1713636140496,0.99749799506529,120.0
26389,1947.1727525018712,0.99738721424966,120.0
26390,1947.17414138946,0.99862353236046,120.0
26391,1947.1755302770491,0.9979859889141,120.0
26392,1947.1769191646376,0.99723036930113,120.0
26393,1947.1783080522273,0.9983612035187,120.0
26394,1947.1796969398167,0.99809754201911,120.0
26395,1947.1810858274057,0.99856136731963,120.0
26396,1947.1824747149944,0.9982365535984,120.0
26397,1947.1838636025832,0.99802685244206,120.0
26398,1947.1852524904048,0.9975812608228,120.0
26399,1947.1866413779935,0.99763560170526,120.0
26400,1947.1880302655827,0.99648999166028,120.0
26401,1947.189419153172,0.99829686935876,120.0
26402,1947.1908080407616,0.99817930936964,120.0
26403,1947.1921969283503,0.9980820165897,120.0
26404,1947.1935858159393,0.99828271077663,120.0
26405,1947.194974703528,0.99849990903803,120.0
26406,1947.1963635911168,0.99864297264591,120.0
26407,1947.197752478706,0.99732147159501,120.0
26408,1947.1991413662947,0.99769064562049,120.0
26409,1947.2005302538844,0.99936185095958,120.0
26410,1947.2019191414736,0.99837079912254,120.0
26411,1947.2033080290616,0.9981617873353,120.0
26412,1947.20469691665,0.99849437341437,120.0
26413,1947.206085804239,0.99846439921438,120.0
26414,1947.2074746918277,0.99830124623677,120.0
26415,1947.2088635794164,0.99812669525104,120.0
26416,1947.2102524670051,0.99800332565125,120.0
26417,1947.2116413545948,0.99778318656922,120.0
26418,1947.2130302421845,0.99849014120428,120.0
26419,1947.2144191297732,0.99865179352586,120.0
26420,1947.215808017362,0.99798193806608,120.0
26421,1947.2171969049507,0.99844799479632,120.0
26422,1947.2185857925397,0.99796141500199,120.0
26423,1947.2199746801289,0.99821677993267,120.0
26424,1947.2213635677172,0.9975627354616,120.0
26425,1947.2227524553073,0.99827850102549,120.0
26426,1947.2241413426636,0.99948211214683,120.0
26427,1947.2255302302524,0.99809684401326,120.0
26428,1947.2269191178411,0.99803260147827,120.0
26429,1947.22830800543,0.99835629308198,120.0
26430,1947.2296968930189,0.997818252444,120.0
26431,1947.231085780608,0.99784022333329,120.0
26432,1947.2324746681963,0.99832901976678,120.0
26433,1947.233863555786,0.99901162814823,120.0
26434,1947.2352524433757,0.99787091006725,120.0
26435,1947.2380302183203,0.99786859914402,120.0
26436,1947.2394191059093,0.99777982063188,120.0
26437,1947.2408079934985,0.99793763960253,120.0
26438,1947.2421968810872,0.99820567244199,120.0
26439,1947.2435857686764,0.99876004531358,120.0
26440,1947.2449746562656,0.99766201150662,120.0
26441,1947.246363543622,0.99890452772299,120.0
26442,1947.2477524312108,0.99882701892553,120.0
26443,1947.2491413187995,0.99926241312238,120.0
26444,1947.2505302063885,0.99830331045967,120.0
26445,1947.2519190939772,0.99874277713226,120.0
26446,1947.2533079813331,0.99829522690478,120.0
26447,1947.2546968689228,0.99902743523998,120.0
26448,1947.2560857565124,0.99763566453332,120.0
26449,1947.2574746441012,0.9996991354842,120.0
26450,1947.25886353169,0.99838753700149,120.0
26451,1947.260252419046,0.99885680905597,120.0
26452,1947.261641306634,0.99779877901986,120.0
26453,1947.2630301942224,0.99910507667952,120.0
26454,1947.2644190818112,0.99701147854701,120.0
26455,1947.265807969168,0.99946639846164,120.0
26456,1947.2671968567577,0.99885352057459,120.0
26457,1947.268585744346,0.99828409213952,120.0
26458,1947.2699746317023,0.99822148812579,120.0
26459,1947.2713635192913,0.99862839444331,120.0
26460,1947.27275240688,0.99970536332703,120.0
26461,1947.276919069414,0.99808398827996,120.0
26462,1947.2783079570036,0.99930401737747,120.0
26463,1947.2824746195377,0.99848235579211,120.0
26464,1947.2852523944823,0.99885413875537,120.0
26465,1947.288030169428,0.99905424083509,120.0
26466,1947.2921968319624,0.99902542362887,120.0
26467,1947.2949746069069,0.99919128192941,120.0
26468,1947.296363494496,0.99905127586343,120.0
26469,1947.2977523820853,0.99898162466796,120.0
26470,1947.299141269442,0.99824837206108,120.0
26471,1947.3005301570308,0.99988237977876,120.0
26472,1947.3019190443868,0.9989756981406,120.0
26473,1947.3033079319755,0.99832025237136,120.0
26474,1947.3046968195645,0.99934379363999,120.0
26475,1947.3060857069208,0.99930827661637,120.0
26476,1947.3074745945091,0.99899734362103,120.0
26477,1947.308863481866,0.99927003793563,120.0
26478,1947.3130301444005,0.99969658647394,120.0
26479,1947.3144190317564,0.99909317309062,120.0
26480,1947.3158079193452,0.998341427089,120.0
26481,1947.3171968067008,0.99847379667657,120.0
26482,1947.3185856942891,0.998229781705,120.0
26483,1947.3199745816453,0.99929262906336,120.0
26484,1947.3213634692347,0.99863014935168,120.0
26485,1947.3227523565909,0.9992263689159,120.0
26486,1947.3241412441796,0.99970202546832,120.0
26487,1947.3296967940692,0.99946620362814,120.0
26488,1947.3324745690156,0.99868430094759,120.0
26489,1947.3338634563715,0.9995810122306,120.0
26490,1947.3352523439603,0.99860517962969,120.0
26491,1947.3366412313164,0.99941697303827,120.0
26492,1947.3380301186723,0.9990646499699,120.0
26493,1947.339419006261,0.99841962036329,120.0
26494,1947.3408078936172,0.99870454789089,120.0
26495,1947.3421967812064,1.00018774612929,120.0
26496,1947.3435856685633,0.99970839921292,120.0
26497,1947.344974556152,0.99980196656952,120.0
26498,1947.346363443508,0.99970161539162,120.0
26499,1947.3477523308643,0.99941089699107,120.0
26500,1947.3491412184533,0.99923183783907,120.0
26501,1947.3505301058092,0.9999987045479,120.0
26502,1947.351918993165,0.99957814103053,120.0
26503,1947.3533078807548,0.9986834822292,120.0
26504,1947.3546967681111,0.99888871906275,120.0
26505,1947.3560856554673,0.99931660497566,120.0
26506,1947.357474543056,0.99918178282754,120.0
26507,1947.358863430412,1.0004579054111,120.0
26508,1947.360252317768,0.99949928475184,120.0
26509,1947.3616412053568,0.99919205959192,120.0
26510,1947.3630300927136,0.99897315813451,120.0
26511,1947.3644189800705,0.99982783074275,120.0
26512,1947.3671967550151,0.9994306422665,120.0
26513,1947.3685856423713,0.99909123138529,120.0
26514,1947.36997452996,0.99922450300216,120.0
26515,1947.371363417316,0.99934359711269,120.0
26516,1947.372752304672,0.9989685796343,120.0
26517,1947.374141192029,0.99988893553222,120.0
26518,1947.3755300796176,1.00128590692857,120.0
26519,1947.3769189669729,0.99918587065532,120.0
26520,1947.3796967416847,1.00029169520547,120.0
26521,1947.3824745166296,0.99999428849792,120.0
26522,1947.3838634039855,0.999280113423,120.0
26523,1947.3852522913423,0.99918868168729,120.0
26524,1947.386641178932,0.99950247602899,120.0
26525,1947.388030066288,0.99999248925199,120.0
26526,1947.389418953644,0.9992946733874,120.0
26527,1947.390807841,1.00016797528486,120.0
26528,1947.392196728356,0.99956379023855,120.0
26529,1947.3935856159449,0.99948767641313,120.0
26530,1947.3949745033008,1.00043585538881,120.0
26531,1947.3963633906576,0.99954438838402,120.0
26532,1947.3977522780144,0.9993709356222,120.0
26533,1947.39914116537,0.99941307708598,120.0
26534,1947.4005300527265,0.99953369776589,120.0
26535,1947.4019189403152,0.99971053176594,120.0
26536,1947.4033078276707,1.00031208752948,120.0
26537,1947.4046967150268,0.99942682969935,120.0
26538,1947.4060856023827,0.99988400776253,120.0
26539,1947.4074744897396,0.99973419670492,120.0
26540,1947.4088633770964,0.99975396426029,120.0
26541,1947.4102522644523,1.00041010905432,120.0
26542,1947.411641151808,1.00079604713392,120.0
26543,1947.4130300393972,1.00067850757087,120.0
26544,1947.4144189267531,0.99997530467334,120.0
26545,1947.4158078141093,1.00019901218053,120.0
26546,1947.4171967014656,0.99969826639639,120.0
26547,1947.4185855888225,1.00076465237793,120.0
26548,1947.4199744761784,0.99937498824901,120.0
26549,1947.4213633635347,0.9992473178034,120.0
26550,1947.4227522508904,1.00025953623005,120.0
26551,1947.4241411382463,0.99987017535111,120.0
26552,1947.4255300256025,0.99983886425012,120.0
26553,1947.4269189129584,1.00006683216052,120.0
26554,1947.4283078003152,1.00029720661816,120.0
26555,1947.429696687672,1.00013751683269,120.0
26556,1947.431085575028,0.99894624289758,120.0
26557,1947.4324744623832,1.00050877812534,120.0
26558,1947.4338633497384,0.99973076194486,120.0
26559,1947.4352522370943,0.99994055340006,120.0
26560,1947.4366411244507,1.00007959101153,120.0
26561,1947.4380300118064,0.99930940020576,120.0
26562,1947.4394188991632,1.0004310175594,120.0
26563,1947.44080778652,1.00009571527638,120.0
26564,1947.442196673876,0.99947415846056,120.0
26565,1947.443585561232,0.99898446879028,120.0
26566,1947.444974448588,1.00029326020133,120.0
26567,1947.446363335944,0.99951746818427,120.0
26568,1947.4477522233,0.9992911871968,120.0
26569,1947.449141110656,0.99977921648193,120.0
26570,1947.4505299980128,1.00019165541764,120.0
26571,1947.4519188853697,1.00117593538585,120.0
26572,1947.453307772725,1.00043873247025,120.0
26573,1947.4546966600813,1.00052103753768,120.0
26574,1947.4560855474376,1.00073117271273,120.0
26575,1947.4574744345605,1.00022773588926,120.0
26576,1947.4588633219169,1.00050355521732,120.0
26577,1947.4602522092723,0.99989376147521,120.0
26578,1947.4616410966291,0.99985065234071,120.0
26579,1947.4644188713416,1.0006269960599,120.0
26580,1947.465807758698,1.00022465893988,120.0
26581,1947.4685855331768,0.99975980607389,120.0
26582,1947.4699744205332,1.00041142816024,120.0
26583,1947.4713633078889,1.00022554098721,120.0
26584,1947.4727521952457,1.00039246719811,120.0
26585,1947.4741410826025,0.99985244691093,120.0
26586,1947.4755299699584,1.00056575517338,120.0
26587,1947.4769188570815,0.99957010803496,120.0
26588,1947.4783077444376,0.99982823833352,120.0
26589,1947.4796966317936,0.99995033484068,120.0
26590,1947.4810855191497,1.00135879152544,120.0
26591,1947.4824744065063,1.00078062873563,120.0
26592,1947.48386329363,0.99977713669916,120.0
26593,1947.4852521809864,0.99969780933037,120.0
26594,1947.4866410683417,1.00032910301345,120.0
26595,1947.488029955697,0.99992466034487,120.0
26596,1947.4894188430528,1.00007680392054,120.0
26597,1947.490807730176,1.00077453577562,120.0
26598,1947.492196617532,1.00128759247093,120.0
26599,1947.4935855048889,0.99989793051506,120.0
26600,1947.4949743922457,1.0012594756125,120.0
26601,1947.4963632793683,1.00068414392444,120.0
26602,1947.4977521667245,1.00006156544589,120.0
26603,1947.4991410540808,1.00102778187157,120.0
26604,1947.5005299412037,1.00192465169601,120.0
26605,1947.50191882856,1.00070300149751,120.0
26606,1947.5033077159155,0.99937765559844,120.0
26607,1947.5046966032724,1.00061483687156,120.0
26608,1947.5060854903963,1.00035995368264,120.0
26609,1947.507474377752,1.00099972065101,120.0
26610,1947.5088632651084,1.00076925127393,120.0
26611,1947.5102521522313,1.00049274943735,120.0
26612,1947.5116410395872,1.00005619230738,120.0
26613,1947.513029926943,1.00077885907809,120.0
26614,1947.5158077014232,1.00043600773493,120.0
26615,1947.51719658878,1.00132166701743,120.0
26616,1947.5185854759031,1.00048544435046,120.0
26617,1947.5199743632593,1.00052202395455,120.0
26618,1947.5213632503824,1.00094692260362,120.0
26619,1947.5227521377385,1.00143198315531,120.0
26620,1947.5241410250944,1.00078505635354,120.0
26621,1947.5255299122175,1.00129784836105,120.0
26622,1947.5269187995743,1.00037343184631,120.0
26623,1947.528307686698,1.00194644190172,120.0
26624,1947.529696574054,1.00064227004427,120.0
26625,1947.53108546141,1.00013720964697,120.0
26626,1947.5324743485332,1.00064948479573,120.0
26627,1947.5338632358892,1.00098612296887,120.0
26628,1947.5352521230125,1.00164417163834,120.0
26629,1947.5366410103688,1.00313939836743,120.0
26630,1947.5380298974928,1.00092973548202,120.0
26631,1947.5394187848487,1.00111912073797,120.0
26632,1947.540807671972,1.00124183273608,120.0
26633,1947.5421965593275,1.00171290548808,120.0
26634,1947.54358544645,1.00087449418245,120.0
26635,1947.544974333806,1.00037570928979,120.0
26636,1947.546363221162,1.00081558305733,120.0
26637,1947.5477521082855,1.00102628076668,120.0
26638,1947.5491409956423,1.0018514716365,120.0
26639,1947.5505298827657,1.00100283105981,120.0
26640,1947.5519187698887,1.00087371209622,120.0
26641,1947.5533076572449,1.00074574868041,120.0
26642,1947.554696544368,1.00148347596166,120.0
26643,1947.556085431724,1.00128473032583,120.0
26644,1947.5574743188472,1.00022571015492,120.0
26645,1947.558863206204,1.00085413664837,120.0
26646,1947.5602520933276,1.0013081355584,120.0
26647,1947.5616409806837,1.00147254763955,120.0
26648,1947.5630298678068,1.0012129359514,120.0
26649,1947.5644187551627,1.00114760889633,120.0
26650,1947.565807642286,1.00078808521247,120.0
26651,1947.567196529409,1.00119360252103,120.0
26652,1947.5685854167652,1.00068069720951,120.0
26653,1947.5699743038892,1.00114693825333,120.0
26654,1947.5713631912456,1.00101705341925,120.0
26655,1947.5727520783687,1.00129423914234,120.0
26656,1947.574140965492,1.00130249854626,120.0
26657,1947.575529852848,1.00054370695886,120.0
26658,1947.5769187399712,1.00154519978306,120.0
26659,1947.5783076273271,1.00157816762222,120.0
26660,1947.5796965144505,1.00118843937526,120.0
26661,1947.5810854015745,1.00074219058499,120.0
26662,1947.5824742889313,1.00053214890926,120.0
26663,1947.583863176054,1.00139557907297,120.0
26664,1947.5852520631772,1.00179780956795,120.0
26665,1947.5866409505331,1.00143435652283,120.0
26666,1947.5880298376564,1.00164692919958,120.0
26667,1947.5894187247795,1.00166269812902,120.0
26668,1947.5908076121357,1.00058387452709,120.0
26669,1947.5921964992597,1.00179476858128,120.0
26670,1947.5935853863832,1.00093456873295,120.0
26671,1947.5949742735056,1.00208135075209,120.0
26672,1947.5963631608613,0.9990478075342,120.0
26673,1947.5977520479844,1.00072605443714,120.0
26674,1947.5991409351072,1.00026036381868,120.0
26675,1947.6005298224636,1.00081279479681,120.0
26676,1947.6019187095872,1.00152286157499,120.0
26677,1947.6033075967111,0.99997189643886,120.0
26678,1947.6046964838345,1.00169905830397,120.0
26679,1947.6060853711904,1.0016215425368,120.0
26680,1947.6074742583137,1.00195607621146,120.0
26681,1947.6088631454368,1.00151589219592,120.0
26682,1947.61025203256,1.00076358393526,120.0
26683,1947.611640919916,1.00164794029295,120.0
26684,1947.6130298070395,1.00158253248597,120.0
26685,1947.6144186941635,1.0005417874954,120.0
26686,1947.6158075812868,1.0012718589308,120.0
26687,1947.61719646841,1.0005129909692,120.0
26688,1947.618585355766,1.0017024316361,120.0
26689,1947.6199742428892,1.00065471759402,120.0
26690,1947.621363130012,1.00089458597231,120.0
26691,1947.6227520171356,1.00187548398397,120.0
26692,1947.624140904259,1.000507081237,120.0
26693,1947.625529791383,1.00125774724568,120.0
26694,1947.6269186787392,1.00019986661165,120.0
26695,1947.6296964529856,1.00219336853761,120.0
26696,1947.6310853401087,1.00119712714738,120.0
26697,1947.632474227232,1.00124930931135,120.0
26698,1947.633863114355,1.0019711426885,120.0
26699,1947.635252001479,1.00115660436913,120.0
26700,1947.6366408886029,1.00145020324658,120.0
26701,1947.6380297759588,1.0021961909773,120.0
26702,1947.639418663082,1.00216536632025,120.0
26703,1947.6408075502052,1.00166207011456,120.0
26704,1947.642196437328,1.00025752709616,120.0
26705,1947.6435853244511,1.00166433422648,120.0
26706,1947.6449742115744,1.0022834755495,120.0
26707,1947.6463630986984,1.002289204676,120.0
26708,1947.6477519858224,1.00192917922875,120.0
26709,1947.6491408729448,1.00109993694561,120.0
26710,1947.6505297600672,1.00134454864897,120.0
26711,1947.6519186471903,1.00229696981223,120.0
26712,1947.6533075343136,1.00185408966603,120.0
26713,1947.6546964214367,1.0013011403673,120.0
26714,1947.6560853085607,1.00269818710437,120.0
26715,1947.6574741956845,1.00225819841736,120.0
26716,1947.6588630828076,1.00137096494272,120.0
26717,1947.6602519699309,1.00254325930996,120.0
26718,1947.661640857054,1.00086338889559,120.0
26719,1947.6630297441773,1.00192563075062,120.0
26720,1947.6644186313004,1.00220512532955,120.0
26721,1947.6658075184237,1.00137545038579,120.0
26722,1947.6671964055472,1.00137563156085,120.0
26723,1947.6685852926712,1.00313352370814,120.0
26724,1947.6699741797945,1.00155540699948,120.0
26725,1947.6713630669176,1.00237092414122,120.0
26726,1947.672751954041,1.00133442701153,120.0
26727,1947.674140841164,1.00120614434825,120.0
26728,1947.6755297282873,1.00224438650149,120.0
26729,1947.6769186154104,1.00140080638806,120.0
26730,1947.678307502534,1.00196737972016,120.0
26731,1947.679696389658,1.00169660195751,120.0
26732,1947.6810852767812,1.00217583435033,120.0
26733,1947.6824741636717,1.00171631427388,120.0
26734,1947.6838630507948,1.00098203164317,120.0
26735,1947.6852519379177,1.00147731937233,120.0
26736,1947.6866408250407,1.00170131424117,120.0
26737,1947.688029712164,1.00226980746748,120.0
26738,1947.689418599288,1.00192118724784,120.0
26739,1947.690807486412,1.00099151068645,120.0
26740,1947.6921963735351,1.00112705691256,120.0
26741,1947.6935852604252,1.00189827544442,120.0
26742,1947.6949741475487,1.00113454058136,120.0
26743,1947.6963630346715,1.0025820568873,120.0
26744,1947.697751921795,1.0025604366428,120.0
26745,1947.699140808918,1.00124629936609,120.0
26746,1947.700529696042,1.0027592337745,120.0
26747,1947.7019185829324,1.00204820618391,120.0
26748,1947.7033074700548,1.00138255170787,120.0
26749,1947.704696357178,1.00262479684549,120.0
26750,1947.7060852443012,1.00103471714741,120.0
26751,1947.7074741314243,1.00138435817127,120.0
26752,1947.7088630183143,1.0015475824503,120.0
26753,1947.7102519054376,1.00276738931495,120.0
26754,1947.7116407925616,1.0018911093092,120.0
26755,1947.7130296796856,1.00193494005279,120.0
26756,1947.714418566576,1.00208002896309,120.0
26757,1947.7158074536987,1.00156819703486,120.0
26758,1947.7171963408225,1.00156473904776,120.0
26759,1947.7185852279451,1.00204369383882,120.0
26760,1947.719974114836,1.00183834081315,120.0
26761,1947.7213630019596,1.00193498771391,120.0
26762,1947.7227518890832,1.00166454524534,120.0
26763,1947.7241407762067,1.00227604578648,120.0
26764,1947.7255296630967,1.00197418579502,120.0
26765,1947.72691855022,1.00198727859879,120.0
26766,1947.7283074373431,1.0025918736627,120.0
26767,1947.7296963242336,1.00173565866433,120.0
26768,1947.731085211357,1.00202913282298,120.0
26769,1947.732474098481,1.00285742088373,120.0
26770,1947.733862985372,1.00168245281786,120.0
26771,1947.7352518724947,1.00237221052114,120.0
26772,1947.736640759618,1.00072824888142,120.0
26773,1947.7380296465085,1.00212749673152,120.0
26774,1947.7394185336316,1.00223184507821,120.0
26775,1947.740807420755,1.00262913958432,120.0
26776,1947.7421963076451,1.00124790717751,120.0
26777,1947.743585194769,1.0019791372858,120.0
26778,1947.744974081893,1.00271718224005,120.0
26779,1947.7463629687832,1.00142054871763,120.0
26780,1947.7477518559065,1.0021930611665,120.0
26781,1947.7491407427967,1.0025862837302,120.0
26782,1947.75052962992,1.00157123203592,120.0
26783,1947.751918517043,1.00186708856025,120.0
26784,1947.7533074039327,1.00292267633572,120.0
26785,1947.7546962910556,1.00251070948627,120.0
26786,1947.7560851779467,1.00220766805945,120.0
26787,1947.75747406507,1.00117847199359,120.0
26788,1947.75886295196,1.0022908448673,120.0
26789,1947.7602518390836,1.00188730237238,120.0
26790,1947.7616407259736,1.00202670104621,120.0
26791,1947.7630296130972,1.00244394062032,120.0
26792,1947.76441850022,1.00198701298263,120.0
26793,1947.7658073871112,1.0013734854115,120.0
26794,1947.7671962742352,1.00269286843899,120.0
26795,1947.7685851611257,1.00215962419334,120.0
26796,1947.7699740482487,1.00200099396955,120.0
26797,1947.7713629351392,1.00195349366325,120.0
26798,1947.772751822262,1.0020736312087,120.0
26799,1947.7741407091523,1.00124300129161,120.0
26800,1947.7755295962763,1.00271727967124,120.0
26801,1947.7769184831673,1.00252166723796,120.0
26802,1947.7783073702903,1.00309823843141,120.0
26803,1947.7796962571808,1.00195026475983,120.0
26804,1947.7810851440713,1.00180363786493,120.0
26805,1947.7824740311944,1.00134100513313,120.0
26806,1947.7838629180849,1.00294855410046,120.0
26807,1947.785251805208,1.00294076982524,120.0
26808,1947.786640692099,1.00239850702401,120.0
26809,1947.7880295792224,1.00216414944832,120.0
26810,1947.7894184661131,1.00143737858438,120.0
26811,1947.7908073530032,1.00259179566496,120.0
26812,1947.7921962401267,1.00243180732398,120.0
26813,1947.7935851270167,1.00238963806824,120.0
26814,1947.79497401414,1.00237443771196,120.0
26815,1947.7963629010303,1.00263295203408,120.0
26816,1947.7977517879217,1.00283465009388,120.0
26817,1947.7991406750457,1.00261762486503,120.0
26818,1947.8005295619355,1.00274647091184,120.0
26819,1947.8019184490588,1.00221622688672,120.0
26820,1947.8033073359493,1.00108892630594,120.0
26821,1947.8046962228389,1.00224365030436,120.0
26822,1947.8060851099615,1.00268381933993,120.0
26823,1947.8074739968515,1.00240704043182,120.0
26824,1947.8088628837424,1.00258666484583,120.0
26825,1947.8102517708664,0.99977698536896,120.0
26826,1947.8116406577567,1.00277113149627,120.0
26827,1947.8130295446472,1.00158732264198,120.0
26828,1947.8144184315377,1.00270372324499,120.0
26829,1947.8158073186607,1.00179831002494,120.0
26830,1947.8171962055512,1.00226936277517,120.0
26831,1947.8185850924417,1.001643676072,120.0
26832,1947.8199739795652,1.0018323679888,120.0
26833,1947.8213628664564,1.00315535410859,120.0
26834,1947.8227517533464,1.00218404575801,120.0
26835,1947.8241406402367,1.00203473337828,120.0
26836,1947.82552952736,1.00221971037854,120.0
26837,1947.8269184142505,1.0012147532643,120.0
26838,1947.8283073011407,1.00352077421143,120.0
26839,1947.8296961880312,1.00181147266731,120.0
26840,1947.8310850751552,1.00270121083109,120.0
26841,1947.832473962046,1.00199530015627,120.0
26842,1947.8338628489364,1.00215865023502,120.0
26843,1947.835251735827,1.00141508519166,120.0
26844,1947.8366406227171,1.00268604207696,120.0
26845,1947.83802950984,1.00250857958374,120.0
26846,1947.8394183967305,1.00281966369278,120.0
26847,1947.8408072836216,1.00290053956812,120.0
26848,1947.8421961705128,1.00385346006506,120.0
26849,1947.8435850574033,1.00246452691873,120.0
26850,1947.844973944526,1.00312411144125,120.0
26851,1947.8463628314164,1.00262918473724,120.0
26852,1947.8477517183069,1.00322023056619,120.0
26853,1947.8491406051971,1.00256244954214,120.0
26854,1947.8505294920876,1.00272026226549,120.0
26855,1947.8519183789783,1.00191995330108,120.0
26856,1947.8533072658695,1.00253435836012,120.0
26857,1947.8546961529928,1.00202496668205,120.0
26858,1947.8560850398824,1.00299620508592,120.0
26859,1947.857473926772,1.00212609575497,120.0
26860,1947.8588628136624,1.0017645506422,120.0
26861,1947.860251700553,1.00235942394713,120.0
26862,1947.8616405874432,1.00185728679047,120.0
26863,1947.863029474334,1.00263511521911,120.0
26864,1947.8644183612253,1.00255060473429,120.0
26865,1947.8658072481155,1.00217678425659,120.0
26866,1947.8671961350055,1.00297625117411,120.0
26867,1947.868585021896,1.00306394030508,120.0
26868,1947.8699739087865,1.00177916308288,120.0
26869,1947.8713627959096,1.00385487114346,120.0
26870,1947.8727516828,1.00318384186874,120.0
26871,1947.8741405696912,1.0011198733065,120.0
26872,1947.8769183434724,1.00198331248324,120.0
26873,1947.878307230363,1.00232486039377,120.0
26874,1947.8796961172532,1.00252075676558,120.0
26875,1947.8810850041432,1.0025834621046,120.0
26876,1947.8824738910337,1.00258821808625,120.0
26877,1947.883862777924,1.00250284263917,120.0
26878,1947.885251664815,1.00258595319663,120.0
26879,1947.8866405517065,1.002577143218,120.0
26880,1947.8880294385965,1.00310311909354,120.0
26881,1947.8894183254868,1.00529740186335,120.0
26882,1947.8908072121444,1.0035791212505,120.0
26883,1947.8921960990344,1.00274881688954,120.0
26884,1947.8935849859251,1.00206374209889,120.0
26885,1947.894973872816,1.00373563525636,120.0
26886,1947.8963627597072,1.00312656038085,120.0
26887,1947.8977516465975,1.00252785753816,120.0
26888,1947.8991405334875,1.00343364367538,120.0
26889,1947.9005294203785,1.00311355833498,120.0
26890,1947.9019183072685,1.00221619174765,120.0
26891,1947.9033071941587,1.00255189205208,120.0
26892,1947.9046960810488,1.00286683679312,120.0
26893,1947.9060849679393,1.00231338366954,120.0
26894,1947.9074738545971,1.00239395608098,120.0
26895,1947.9088627414872,1.00278687342817,120.0
26896,1947.9102516283776,1.00281766387181,120.0
26897,1947.911640515268,1.00171967067537,120.0
26898,1947.9130294021584,1.00314576881438,120.0
26899,1947.9144182890489,1.00301413892615,120.0
26900,1947.915807175939,1.00288205578192,120.0
26901,1947.9171960625972,1.00218267924359,120.0
26902,1947.918584949488,1.00248087057519,120.0
26903,1947.9199738363784,1.00322938970108,120.0
26904,1947.9213627232689,1.00296989777688,120.0
26905,1947.9227516101591,1.00223750698451,120.0
26906,1947.9241404968168,1.00279021462218,120.0
26907,1947.9255293837073,1.0023316596322,120.0
26908,1947.9269182705975,1.00267528081107,120.0
26909,1947.9283071574885,1.00287648130682,120.0
26910,1947.9296960443796,1.00333499965008,120.0
26911,1947.9310849310368,1.00135502248752,120.0
26912,1947.9324738179273,1.00193549123419,120.0
26913,1947.9338627048176,1.00186927312112,120.0
26914,1947.935251591708,1.00241490095769,120.0
26915,1947.9366404783657,1.00230114507725,120.0
26916,1947.938029365256,1.00386820214603,120.0
26917,1947.9394182521469,1.00339186311703,120.0
26918,1947.9408071390376,1.00325049648075,120.0
26919,1947.9421960256952,1.00310021385471,120.0
26920,1947.943584912586,1.00300648618291,120.0
26921,1947.944973799476,1.00335429589175,120.0
26922,1947.9463626861336,1.00232778294754,120.0
26923,1947.947751573024,1.00204488541459,120.0
26924,1947.9491404599144,1.0038264203705,120.0
26925,1947.9505293465725,1.00290062577993,120.0
26926,1947.9519182334636,1.00314082800412,120.0
26927,1947.9533071203537,1.00310778168942,120.0
26928,1947.9546960070113,1.00295703857033,120.0
26929,1947.956084893901,1.00180701625497,120.0
26930,1947.9574737807905,1.00224711923034,120.0
26931,1947.9588626674483,1.00246345996991,120.0
26932,1947.9602515543393,1.00200536796255,120.0
26933,1947.9616404412304,1.00246641258721,120.0
26934,1947.963029327888,1.00374653911653,120.0
26935,1947.964418214778,1.00310180632591,120.0
26936,1947.9658071016684,1.00343635262411,120.0
26937,1947.967195988326,1.00341954927873,120.0
26938,1947.968584875216,1.00298289727884,120.0
26939,1947.9699737618737,1.00309168190448,120.0
26940,1947.9713626487649,1.00186961238202,120.0
26941,1947.972751535656,1.00293426394205,120.0
26942,1947.9741404223137,1.00303218680378,120.0
26943,1947.9755293092037,1.00221988177936,120.0
26944,1947.9769181958611,1.00329077181009,120.0
26945,1947.9783070827516,1.00323945430507,120.0
26946,1947.9796959694092,1.00285632340336,120.0
26947,1947.9810848562995,1.00261115471895,120.0
26948,1947.9824737429576,1.00281930292708,120.0
26949,1947.9838626298483,1.00287981051994,120.0
26950,1947.9852515165064,1.00325964666798,120.0
26951,1947.9866404033964,1.00323618764871,120.0
26952,1947.988029290054,1.00340383440048,120.0
26953,1947.9894181769444,1.00323713972863,120.0
26954,1947.9908070636016,1.00356272647823,120.0
26955,1947.992195950492,1.00258014280567,120.0
26956,1947.9935848371504,1.00282996084141,120.0
26957,1947.9949737240415,1.00339435749789,120.0
26958,1947.9963626106987,1.00378995223933,120.0
26959,1947.9977514975892,1.00227384314699,120.0
26960,1947.9991403842469,1.00272059658158,120.0
26961,1948.000529271137,1.00334671056315,120.0
26962,1948.0019181577948,1.00335340517354,120.0
26963,1948.0046959313431,1.00277261458357,120.0
26964,1948.0060848180008,1.00359846077288,120.0
26965,1948.0074737048903,1.00300601999566,120.0
26966,1948.008862591548,1.00280591021531,120.0
26967,1948.0102514784385,1.00272530072525,120.0
26968,1948.0116403650957,1.0019248145065,120.0
26969,1948.013029251753,1.00333175883281,120.0
26970,1948.014418138644,1.00275876791275,120.0
26971,1948.0158070253024,1.00290549931809,120.0
26972,1948.0171959121928,1.00296364426475,120.0
26973,1948.0185847988505,1.00355546866828,120.0
26974,1948.0199736855077,1.00296348998043,120.0
26975,1948.021362572398,1.00288036583156,120.0
26976,1948.0227514590556,1.00290087510273,120.0
26977,1948.0241403457132,1.00304821055702,120.0
26978,1948.025529232604,1.00324809946381,120.0
26979,1948.0269181192623,1.00353673722392,120.0
26980,1948.02830700592,1.00331096141138,120.0
26981,1948.0296958928104,1.00318524926289,120.0
26982,1948.031084779468,1.00322345761586,120.0
26983,1948.0324736661253,1.00381160748908,120.0
26984,1948.0338625530155,1.00377166788659,120.0
26985,1948.0352514396727,1.00323100143549,120.0
26986,1948.0366403263313,1.00359709174841,120.0
26987,1948.0380292129896,1.00288288288144,120.0
26988,1948.03941809988,1.00237310920547,120.0
26989,1948.0408069865373,1.00318912436684,120.0
26990,1948.0421958731947,1.0025047391332,120.0
26991,1948.0435847598524,1.00347331254459,120.0
26992,1948.0449736467428,1.00288379570833,120.0
26993,1948.0463625334,1.00360954770359,120.0
26994,1948.0477514200584,1.00377099737352,120.0
26995,1948.0491403067165,1.00384055360684,120.0
26996,1948.0505291936067,1.00314732140714,120.0
26997,1948.0519180802644,1.00308594210296,120.0
26998,1948.053306966922,1.00383916451864,120.0
26999,1948.0546958535788,1.00340604616794,120.0
27000,1948.0560847402355,1.00297824720134,120.0
27001,1948.057473627126,1.00357151768813,120.0
27002,1948.058862513784,1.00305749843237,120.0
27003,1948.0602514004424,1.00313181089952,120.0
27004,1948.0616402871,1.00330158792585,120.0
27005,1948.0630291737573,1.00253163738961,120.0
27006,1948.0644180604147,1.00312737996477,120.0
27007,1948.0658069473052,1.00319738253896,120.0
27008,1948.0671958339628,1.00297585020712,120.0
27009,1948.0685847206207,1.00287074731722,120.0
27010,1948.0699736072793,1.0030625645692,120.0
27011,1948.0713624939365,1.00312785887888,120.0
27012,1948.072751380594,1.00352038270424,120.0
27013,1948.0741402672516,1.00413130451108,120.0
27014,1948.0755291539092,1.00280014755428,120.0
27015,1948.0769180407992,1.00413430799893,120.0
27016,1948.0783069274569,1.00274094018547,120.0
27017,1948.0796958141152,1.00400206580962,120.0
27018,1948.0810847007735,1.0037510492614,120.0
27019,1948.0824735874307,1.00243279455658,120.0
27020,1948.0838624740884,1.00365074624229,120.0
27021,1948.0852513607456,1.00279594736625,120.0
27022,1948.0866402474032,1.0031399452738,120.0
27023,1948.088029134061,1.00353632219998,120.0
27024,1948.0894180207183,1.00291988645011,120.0
27025,1948.0908069073769,1.00421936449615,120.0
27026,1948.0921957940348,1.00334018562212,120.0
27027,1948.0935846806924,1.00242484604869,120.0
27028,1948.0949735673496,1.00294032647145,120.0
27029,1948.0963624540072,1.0040480741854,120.0
27030,1948.097751340665,1.00244022189035,120.0
27031,1948.0991402273223,1.00238354061136,120.0
27032,1948.1005291139795,1.00319189678984,120.0
27033,1948.101918000638,1.00304367019057,120.0
27034,1948.1033068872955,1.00324703634221,120.0
27035,1948.1046957739525,1.00296608030937,120.0
27036,1948.1060846606097,1.00251397864413,120.0
27037,1948.107473547267,1.00320674633767,120.0
27038,1948.1088624339247,1.00277724906418,120.0
27039,1948.1102513205824,1.00348066976159,120.0
27040,1948.11164020724,1.00273728357215,120.0
27041,1948.113029093898,1.00331358195425,120.0
27042,1948.115806867214,1.00290836807131,120.0
27043,1948.117195753871,1.00324927381536,120.0
27044,1948.118584640296,1.00317901658984,120.0
27045,1948.1199735269536,1.00288801903858,120.0
27046,1948.1213624136112,1.00259754285659,120.0
27047,1948.1227513002689,1.00246539347223,120.0
27048,1948.1241401869268,1.00373385367589,120.0
27049,1948.1255290735849,1.00272324577615,120.0
27050,1948.1269179602425,1.00281547715934,120.0
27051,1948.1283068469,1.00347475076579,120.0
27052,1948.1296957333248,1.00319319735997,120.0
27053,1948.131084619982,1.0026009139873,120.0
27054,1948.13247350664,1.00322066959234,120.0
27055,1948.133862393298,1.00337053953716,120.0
27056,1948.135251279956,1.00379559238639,120.0
27057,1948.1366401666137,1.00311963985206,120.0
27058,1948.1380290530385,1.00431127022554,120.0
27059,1948.139417939696,1.00222923377391,120.0
27060,1948.1408068263531,1.00292919091877,120.0
27061,1948.1421957130108,1.00286063129285,120.0
27062,1948.143584599668,1.00309560693913,120.0
27063,1948.1449734860937,1.00340149495625,120.0
27064,1948.146362372752,1.00363564679076,120.0
27065,1948.1477512594097,1.00240005688351,120.0
27066,1948.1491401460669,1.00301406380815,120.0
27067,1948.1505290324912,1.00372086054875,120.0
27068,1948.1519179191484,1.00308666020447,120.0
27069,1948.1533068058052,1.00263495308019,120.0
27070,1948.1546956924628,1.00324326647003,120.0
27071,1948.156084578888,1.00274695914401,120.0
27072,1948.1574734655464,1.00321248721512,120.0
27073,1948.158862352204,1.00327061883171,120.0
27074,1948.1602512386285,1.00395150723,120.0
27075,1948.161640125286,1.00232070037859,120.0
27076,1948.1630290119435,1.00252021046896,120.0
27077,1948.1644178986007,1.00346716953214,120.0
27078,1948.1658067850256,1.00208927189411,120.0
27079,1948.167195671684,1.00241789224481,120.0
27080,1948.1685845583424,1.003120148798,120.0
27081,1948.1699734447668,1.00268508404531,120.0
27082,1948.171362331424,1.00380053440268,120.0
27083,1948.1727512180817,1.00327755993889,120.0
27084,1948.1741401045065,1.00225753161875,120.0
27085,1948.175528991164,1.00314907379386,120.0
27086,1948.1769178775887,1.00308083200363,120.0
27087,1948.1783067642468,1.00338295911255,120.0
27088,1948.1796956509047,1.00274165369916,120.0
27089,1948.1810845373295,1.00263933020854,120.0
27090,1948.1824734239872,1.00194202274762,120.0
27091,1948.183862310412,1.00342479123538,120.0
27092,1948.1852511970696,1.00382261365583,120.0
27093,1948.1866400837268,1.00265750399462,120.0
27094,1948.1880289701523,1.00393721868725,120.0
27095,1948.1894178568105,1.00272384958275,120.0
27096,1948.1908067432353,1.00293723258539,120.0
27097,1948.1921956298927,1.00350060140443,120.0
27098,1948.1935845163173,1.00309485215589,120.0
27099,1948.1949734029747,1.00267875911194,120.0
27100,1948.1963622896324,1.00249707345775,120.0
27101,1948.1977511760572,1.00353160686569,120.0
27102,1948.1991400627144,1.00213799299267,120.0
27103,1948.2005289491392,1.00385740291921,120.0
27104,1948.2019178357968,1.00208066853179,120.0
27105,1948.2033067222217,1.0034430322756,120.0
27106,1948.204695608879,1.00298284135973,120.0
27107,1948.2060844953037,1.00294701385924,120.0
27108,1948.207473381961,1.00294500234379,120.0
27109,1948.2088622683857,1.00335672593754,120.0
27110,1948.210251155044,1.00248296292965,120.0
27111,1948.2116400414695,1.00406564063439,120.0
27112,1948.213028927894,1.00272765180089,120.0
27113,1948.2144178145516,1.00228635027107,120.0
27114,1948.215806700976,1.00318623106288,120.0
27115,1948.2171955876336,1.00337306603589,120.0
27116,1948.2185844740584,1.002794270532,120.0
27117,1948.219973360716,1.00544154194602,120.0
27118,1948.221362247141,1.0030734439233,120.0
27119,1948.2227511337992,1.00338106211127,120.0
27120,1948.224140020224,1.00291213012168,120.0
27121,1948.2255289066488,1.00323789894381,120.0
27122,1948.2269177933065,1.00313491504342,120.0
27123,1948.2283066797313,1.00376163430336,120.0
27124,1948.2296955661557,1.00332165883756,120.0
27125,1948.2310844528129,1.00298570483784,120.0
27126,1948.2324733392384,1.00386689828473,120.0
27127,1948.2338622258967,1.00318267947,120.0
27128,1948.2352511123215,1.00284389124776,120.0
27129,1948.236639998746,1.00306045418839,120.0
27130,1948.2380288854035,1.00338248901405,120.0
27131,1948.2394177718284,1.00273007277219,120.0
27132,1948.2408066582532,1.00258041181637,120.0
27133,1948.2421955449104,1.00291033839029,120.0
27134,1948.243584431336,1.00238571133387,120.0
27135,1948.2449733177612,1.00284621269808,120.0
27136,1948.246362204418,1.0023439749879,120.0
27137,1948.247751090842,1.0031993467524,120.0
27138,1948.2491399772669,1.00306536107856,120.0
27139,1948.2505288636912,1.00269124372048,120.0
27140,1948.2519177503489,1.00329791152335,120.0
27141,1948.2533066367744,1.00408356808778,120.0
27142,1948.2546955231996,1.00284357351989,120.0
27143,1948.2560844096245,1.00361109520361,120.0
27144,1948.2574732962817,1.00279030484542,120.0
27145,1948.2588621827065,1.0025267486748,120.0
27146,1948.2602510691313,1.0027030313264,120.0
27147,1948.261639955556,1.00231212499376,120.0
27148,1948.2630288422135,1.00310339017731,120.0
27149,1948.2644177286388,1.00258945939931,120.0
27150,1948.265806615064,1.00327138522779,120.0
27151,1948.267195501489,1.00245454021533,120.0
27152,1948.2685843879135,1.0036994345537,120.0
27153,1948.2699732745712,1.00371133420451,120.0
27154,1948.2713621609955,1.00269644064027,120.0
27155,1948.2727510474203,1.00306709644781,120.0
27156,1948.2741399338447,1.00374819332644,120.0
27157,1948.2755288202704,1.00275959486537,120.0
27158,1948.2769177069288,1.00402815176211,120.0
27159,1948.2783065933531,1.00323672560338,120.0
27160,1948.279695479778,1.00380526323273,120.0
27161,1948.2810843662023,1.00271621934294,120.0
27162,1948.2824732526271,1.00261074267225,120.0
27163,1948.283862139052,1.00563435746359,120.0
27164,1948.2852510254768,1.0027148072594,120.0
27165,1948.286639911902,1.00308361244134,120.0
27166,1948.28802879856,1.00312288346702,120.0
27167,1948.2894176849848,1.00247099151664,120.0
27168,1948.2908065714096,1.00280438909562,120.0
27169,1948.2921954578344,1.00362344908833,120.0
27170,1948.2935843442583,1.00219262544492,120.0
27171,1948.2949732306824,1.00282848237826,120.0
27172,1948.2963621171068,1.00252419707489,120.0
27173,1948.2977510035323,1.00252913525973,120.0
27174,1948.2991398899576,1.00367560735043,120.0
27175,1948.3005287763824,1.0033505623722,120.0
27176,1948.3019176628072,1.00223751126829,120.0
27177,1948.3033065492316,1.00242492561749,120.0
27178,1948.3046954356564,1.002626786025,120.0
27179,1948.3060843220812,1.00256327871166,120.0
27180,1948.3074732085065,1.0035716642625,120.0
27181,1948.3088620949316,1.00311009420078,120.0
27182,1948.3102509813564,1.00352648465596,120.0
27183,1948.3116398677812,1.00200907440309,120.0
27184,1948.3130287542056,1.00361301864364,120.0
27185,1948.3144176406304,1.00235349489373,120.0
27186,1948.3158065270552,1.0031935028806,120.0
27187,1948.3171954134796,1.00318528804734,120.0
27188,1948.3185842999053,1.00312563399983,120.0
27189,1948.3199731863303,1.00295177915107,120.0
27190,1948.3213620727552,1.00211284742348,120.0
27191,1948.32275095918,1.00265835710721,120.0
27192,1948.3241398456043,1.00217272279953,120.0
27193,1948.3255287320296,1.00337233577033,120.0
27194,1948.326917618454,1.00294843481854,120.0
27195,1948.3283065048788,1.00312319434071,120.0
27196,1948.329695391304,1.00226710330154,120.0
27197,1948.3310842777291,1.00212484243711,120.0
27198,1948.3324731639211,1.00263230383281,120.0
27199,1948.333862050346,1.00196842047631,120.0
27200,1948.3352509367708,1.00293967250728,120.0
27201,1948.3366398231951,1.00315116382493,120.0
27202,1948.33802870962,1.00248743373581,120.0
27203,1948.339417596044,1.00244457171538,120.0
27204,1948.340806482469,1.00392969944685,120.0
27205,1948.342195368894,1.00279565725335,120.0
27206,1948.343584255086,1.00419953781888,120.0
27207,1948.3449731415103,1.00276537349962,120.0
27208,1948.3463620279351,1.00278540467303,120.0
27209,1948.34775091436,1.00210601037114,120.0
27210,1948.3491398007843,1.00251775799506,120.0
27211,1948.3519175734016,1.00373522877506,120.0
27212,1948.3533064598273,1.00351525844021,120.0
27213,1948.354695346252,1.0030101236273,120.0
27214,1948.3560842326765,1.00247523970653,120.0
27215,1948.3574731188685,1.00242621904179,120.0
27216,1948.3588620052928,1.00257389633375,120.0
27217,1948.3602508917177,1.00206615803517,120.0
27218,1948.3616397781425,1.00327446886303,120.0
27219,1948.3630286643347,1.00195070979008,120.0
27220,1948.3644175507604,1.00324555604966,120.0
27221,1948.3658064371848,1.00241632712288,120.0
27222,1948.3671953236096,1.0030850842648,120.0
27223,1948.3685842098012,1.00294409348417,120.0
27224,1948.3699730962264,1.0020307945851,120.0
27225,1948.3713619826513,1.00230238534483,120.0
27226,1948.3727508690763,1.00299196980904,120.0
27227,1948.3741397552687,1.00212911439712,120.0
27228,1948.375528641693,1.00280603178042,120.0
27229,1948.376917528118,1.00167033160293,120.0
27230,1948.37830641431,1.00214713219665,120.0
27231,1948.3796953007347,1.00332219856203,120.0
27232,1948.381084187159,1.00342301696463,120.0
27233,1948.382473073351,1.00211534657358,120.0
27234,1948.3838619597768,1.00218905458159,120.0
27235,1948.3852508462012,1.00139875826245,120.0
27236,1948.3866397323925,1.00293013612869,120.0
27237,1948.3880286188169,1.00299097632615,120.0
27238,1948.3894175050089,1.00298012865809,120.0
27239,1948.3908063914337,1.00283639337062,120.0
27240,1948.3921952778585,1.00203631416057,120.0
27241,1948.3935841640505,1.00312684394862,120.0
27242,1948.3949730504755,1.00209004307181,120.0
27243,1948.396361936668,1.00254156615402,120.0
27244,1948.3977508230923,1.00185599790598,120.0
27245,1948.3991397095172,1.00256682446351,120.0
27246,1948.4005285957091,1.00248008733731,120.0
27247,1948.401917482134,1.00209248259419,120.0
27248,1948.4033063683255,1.00221738594009,120.0
27249,1948.4046952547503,1.00246170670386,120.0
27250,1948.4060841409428,1.00288500147562,120.0
27251,1948.4074730273685,1.00237592386698,120.0
27252,1948.4088619137929,1.00235649961878,120.0
27253,1948.4102507999849,1.00233782332086,120.0
27254,1948.4116396864097,1.00285204825485,120.0
27255,1948.4130285726017,1.00187169066859,120.0
27256,1948.414417459026,1.0022782832991,120.0
27257,1948.415806345218,1.00243301769599,120.0
27258,1948.4171952316433,1.00156145931067,120.0
27259,1948.4185841178355,1.00239843876631,120.0
27260,1948.4199730042603,1.00174196507179,120.0
27261,1948.4213618904523,1.00241090612635,120.0
27262,1948.4227507766443,1.00269995623366,120.0
27263,1948.424139663069,1.00173472528996,120.0
27264,1948.425528549261,1.00206423208237,120.0
27265,1948.426917435686,1.00270870074967,120.0
27266,1948.4283063218784,1.00205252287354,120.0
27267,1948.4296952083032,1.00235925366402,120.0
27268,1948.4310840944945,1.00200483556279,120.0
27269,1948.4324729809184,1.00160493245946,120.0
27270,1948.43386186711,1.00303995161339,120.0
27271,1948.435250753302,1.00178186392862,120.0
27272,1948.4366396397268,1.00310171686919,120.0
27273,1948.4380285259192,1.00300927810638,120.0
27274,1948.4394174123447,1.00200715246284,120.0
27275,1948.4408062985365,1.00237702861293,120.0
27276,1948.4421951847285,1.00249701271929,120.0
27277,1948.4435840711528,1.00139064995471,120.0
27278,1948.4449729573448,1.00248667453288,120.0
27279,1948.4463618435368,1.00357655938707,120.0
27280,1948.4477507299616,1.00274252382424,120.0
27281,1948.449139616154,1.00229119610301,120.0
27282,1948.4505285023463,1.00269644073457,120.0
27283,1948.451917388771,1.00250931147043,120.0
27284,1948.453306274963,1.00254106752843,120.0
27285,1948.4546951611549,1.00281116594558,120.0
27286,1948.4560840475797,1.00272313275917,120.0
27287,1948.4574729337712,1.0026747268093,120.0
27288,1948.4588618199632,1.00327393813996,120.0
27289,1948.4602507063887,1.0029265015282,120.0
27290,1948.4616395925812,1.00233400456443,120.0
27291,1948.463028478773,1.00214488326327,120.0
27292,1948.464417364965,1.00307841265333,120.0
27293,1948.4658062513895,1.00243891925812,120.0
27294,1948.4671951375817,1.00273773715159,120.0
27295,1948.4685840237732,1.00207890335046,120.0
27296,1948.4699729099648,1.00169335860958,120.0
27297,1948.4713617963905,1.00224413538446,120.0
27298,1948.4727506825832,1.00205417690194,120.0
27299,1948.4741395687747,1.0027812931903,120.0
27300,1948.475528454966,1.00212851958678,120.0
27301,1948.476917341157,1.00273359876444,120.0
27302,1948.478306227582,1.00211750773505,120.0
27303,1948.4796951137737,1.0022038968671,120.0
27304,1948.4810839999657,1.00269571216586,120.0
27305,1948.482472886158,1.00179149886197,120.0
27306,1948.4838617723503,1.00215773136049,120.0
27307,1948.4852506587752,1.00162801785885,120.0
27308,1948.4866395449671,1.00320458956883,120.0
27309,1948.4880284311591,1.00324673846664,120.0
27310,1948.489417317351,1.00195692355936,120.0
27311,1948.4908062035424,1.00220496324728,120.0
27312,1948.492195089735,1.00226689713872,120.0
27313,1948.4935839759275,1.00122125430171,120.0
27314,1948.4949728623528,1.00113799731753,120.0
27315,1948.4963617485444,1.00191658951654,120.0
27316,1948.497750634736,1.00230414677176,120.0
27317,1948.499139520928,1.00183750993156,120.0
27318,1948.50052840712,1.00192775694413,120.0
27319,1948.501917293312,1.00137767975021,120.0
27320,1948.5033061795043,1.00166736898403,120.0
27321,1948.5046950656968,1.00119148719968,120.0
27322,1948.5060839518885,1.00226415749702,120.0
27323,1948.5074728380805,1.00228988878663,120.0
27324,1948.508861724272,1.00323941096074,120.0
27325,1948.510250610464,1.0020247711866,120.0
27326,1948.511639496656,1.00221228287553,120.0
27327,1948.5130283828476,1.00226074243627,120.0
27328,1948.5144172690405,1.0017210852977,120.0
27329,1948.5158061554655,1.00225708429574,120.0
27330,1948.5171950416575,1.00234634677066,120.0
27331,1948.5185839278497,1.0023896319098,120.0
27332,1948.5199728140412,1.00292617835621,120.0
27333,1948.5213617002323,1.00296775170894,120.0
27334,1948.5227505864236,1.00154518266272,120.0
27335,1948.5241394723828,1.00295346555085,120.0
27336,1948.5255283585752,1.00229304061135,120.0
27337,1948.5269172447677,1.00248062892029,120.0
27338,1948.5283061309592,1.0021424231521,120.0
27339,1948.5296950171512,1.00228086921311,120.0
27340,1948.5310839033432,1.00207928760168,120.0
27341,1948.5324727895352,1.00212308552172,120.0
27342,1948.5338616757267,1.00218563975907,120.0
27343,1948.5352505619187,1.0025640018623,120.0
27344,1948.5366394481111,1.00247123630096,120.0
27345,1948.538028334304,1.0026601158478,120.0
27346,1948.539417220496,1.00238213613275,120.0
27347,1948.5408061066876,1.00171891296165,120.0
27348,1948.542194992879,1.00161611296123,120.0
27349,1948.543583879071,1.00213910812884,120.0
27350,1948.5449727650305,1.00185444523132,120.0
27351,1948.5463616512227,1.00245658032727,120.0
27352,1948.5477505374151,1.00164025159677,120.0
27353,1948.5491394236071,1.00261077439643,120.0
27354,1948.5505283097991,1.00213899918469,120.0
27355,1948.5519171959909,1.00181000137961,120.0
27356,1948.5533060821829,1.00263440599251,120.0
27357,1948.5546949681416,1.00235182793076,120.0
27358,1948.5560838543336,1.00180247232303,120.0
27359,1948.5574727405265,1.00254709939917,120.0
27360,1948.5588616267185,1.00194014864155,120.0
27361,1948.5602505129104,1.00160931018412,120.0
27362,1948.5616393988696,1.00234942750079,120.0
27363,1948.5630282850611,1.00151541076886,120.0
27364,1948.5644171712531,1.00189265005758,120.0
27365,1948.5658060574444,1.00260568238353,120.0
27366,1948.5671949436355,1.00253137492925,120.0
27367,1948.5685838295951,1.00200895618569,120.0
27368,1948.569972715788,1.00216922972534,120.0
27369,1948.5713616019796,1.00276562109358,120.0
27370,1948.5727504881716,1.00182100462246,120.0
27371,1948.5741393741305,1.00181651365187,120.0
27372,1948.5755282603225,1.00148570646251,120.0
27373,1948.5769171465145,1.00167507043769,120.0
27374,1948.5783060324732,1.0007818474485,120.0
27375,1948.5796949186656,1.00214477447961,120.0
27376,1948.5810838048585,1.00217590479518,120.0
27377,1948.5824726910505,1.00215156969908,120.0
27378,1948.5838615770092,1.00196857252063,120.0
27379,1948.5852504632007,1.00169085147959,120.0
27380,1948.5866393493927,1.00181997393449,120.0
27381,1948.588028235352,1.00222433755796,120.0
27382,1948.589417121544,1.00200098929563,120.0
27383,1948.5908060077363,1.00139796746475,120.0
27384,1948.592194893696,1.00096660062141,120.0
27385,1948.5935837798877,1.00287947286227,120.0
27386,1948.5949726660797,1.00236130774208,120.0
27387,1948.5963615520388,1.00223824103928,120.0
27388,1948.5977504382304,1.00227298676796,120.0
27389,1948.5991393241895,1.00122515672707,120.0
27390,1948.6005282103813,1.00193756585375,120.0
27391,1948.601917096574,1.00162867950451,120.0
27392,1948.6046948687256,1.00177736718774,120.0
27393,1948.6060837546845,1.00111663258898,120.0
27394,1948.607472640876,1.00206345053141,120.0
27395,1948.6088615270676,1.00197827645134,120.0
27396,1948.6102504130256,1.00193399256259,120.0
27397,1948.6116392992185,1.00342197866809,120.0
27398,1948.613028185178,1.00140127692148,120.0
27399,1948.6144170713696,1.00211067705153,120.0
27400,1948.6158059573288,1.00165494989177,120.0
27401,1948.6171948435208,1.00167784654343,120.0
27402,1948.61858372948,1.00138874059112,120.0
27403,1948.6199726156717,1.00154083504052,120.0
27404,1948.6213615016304,1.00101568179433,120.0
27405,1948.622750387823,1.001722722388,120.0
27406,1948.6241392737827,1.0021987601123,120.0
27407,1948.6255281599747,1.00123357622493,120.0
27408,1948.6269170459336,1.00240502053833,120.0
27409,1948.6283059321256,1.00121326163247,120.0
27410,1948.6296948180843,1.00198087510229,120.0
27411,1948.6310837042763,1.00224352625018,120.0
27412,1948.6324725902357,1.00209786499216,120.0
27413,1948.633861476428,1.00169875179644,120.0
27414,1948.6352503623875,1.00228742000581,120.0
27415,1948.6366392485795,1.00253028494459,120.0
27416,1948.6380281345384,1.00088773596183,120.0
27417,1948.6394170204976,1.00228439713166,120.0
27418,1948.6408059066896,1.00216442738074,120.0
27419,1948.6421947926483,1.00193021430508,120.0
27420,1948.64358367884,1.0016390191614,120.0
27421,1948.6449725648,1.00187148188419,120.0
27422,1948.6463614507595,1.00193582670639,120.0
27423,1948.6477503369515,1.00157884675688,120.0
27424,1948.6491392229104,1.00138491802197,120.0
27425,1948.6505281091024,1.00202946308431,120.0
27426,1948.6519169950616,1.00261982841251,120.0
27427,1948.65330588102,1.0006078037086,120.0
27428,1948.6560836531708,1.00108091933136,120.0
27429,1948.6574725391304,1.00233596780298,120.0
27430,1948.658861425322,1.00162483784212,120.0
27431,1948.6602503112813,1.00182305639159,120.0
27432,1948.6616391972404,1.00125296690857,120.0
27433,1948.663028083432,1.00135694310789,120.0
27434,1948.6644169693911,1.00087249672673,120.0
27435,1948.6658058553508,1.0011681305312,120.0
27436,1948.6671947415432,1.00192036340248,120.0
27437,1948.6685836275024,1.00149156798539,120.0
27438,1948.6699725134615,1.00197944930264,120.0
27439,1948.6713613994204,1.00172739662812,120.0
27440,1948.672750285612,1.0006015765479,120.0
27441,1948.6741391715711,1.00116064480062,120.0
27442,1948.6755280575303,1.00164324298094,120.0
27443,1948.67691694349,1.00085347467293,120.0
27444,1948.6783058296824,1.00235090683858,120.0
27445,1948.6796947156415,1.00194578958808,120.0
27446,1948.681083601601,1.00228379689795,120.0
27447,1948.6824724875596,1.00247153165015,120.0
27448,1948.6838613735188,1.00242507465379,120.0
27449,1948.6852502597103,1.00205173726118,120.0
27450,1948.6866391456697,1.00187886068012,120.0
27451,1948.6880280316293,1.00193699068783,120.0
27452,1948.6894169175887,1.00109166842449,120.0
27453,1948.690805803548,1.00214743954662,120.0
27454,1948.69219468974,1.00152440190073,120.0
27455,1948.6935835756988,1.0015126260364,120.0
27456,1948.6949724616577,1.00132004077355,120.0
27457,1948.696361347616,1.00219696284686,120.0
27458,1948.6977502335744,1.0011086844568,120.0
27459,1948.699139119534,1.00224035993027,120.0
27460,1948.7005280054937,1.00120867818787,120.0
27461,1948.7019168916856,1.00170124169969,120.0
27462,1948.7033057776448,1.00178389863924,120.0
27463,1948.7046946636035,1.00199558810434,120.0
27464,1948.706083549563,1.00214957099298,120.0
27465,1948.7074724355216,1.00208233934723,120.0
27466,1948.7088613214808,1.00180019178286,120.0
27467,1948.7102502074404,1.0018130409188,120.0
27468,1948.7116390934,1.00162666495209,120.0
27469,1948.7130279793591,1.00132617234126,120.0
27470,1948.7144168653183,1.00107037195193,120.0
27471,1948.7158057512772,1.00045562978558,120.0
27472,1948.717194637236,1.0011127012906,120.0
27473,1948.718583523195,1.00105572022967,120.0
27474,1948.7199724093875,1.0011269959792,120.0
27475,1948.7213612953476,1.00156382297712,120.0
27476,1948.7227501813063,1.00206944793943,120.0
27477,1948.7241390672657,1.0007764587173,120.0
27478,1948.7255279532249,1.00160603715399,120.0
27479,1948.7269168391836,1.00136882558391,120.0
27480,1948.7283057251427,1.0015111140263,120.0
27481,1948.7296946111016,1.0020443728166,120.0
27482,1948.7310834970615,1.00089394824211,120.0
27483,1948.732472383021,1.00066274710935,120.0
27484,1948.7338612687472,1.00200784649937,120.0
27485,1948.7352501547064,1.00135702304713,120.0
27486,1948.7366390406653,1.00104042850794,120.0
27487,1948.738027926624,1.00012243686636,120.0
27488,1948.7394168125827,1.00199185025385,120.0
27489,1948.7408056985407,1.00113090742354,120.0
27490,1948.7421945845003,1.00108297649978,120.0
27491,1948.7435834704604,1.00144063352609,120.0
27492,1948.744972356419,1.00134882789102,120.0
27493,1948.7463612423785,1.00199043278972,120.0
27494,1948.7477501283377,1.00179255431571,120.0
27495,1948.7491390142964,1.00122256271116,120.0
27496,1948.7505279002555,1.00177919343367,120.0
27497,1948.7519167859816,1.00143965925986,120.0
27498,1948.7533056719417,1.00156419269169,120.0
27499,1948.7546945579008,1.00139474828761,120.0
27500,1948.75608344386,1.00105717204529,120.0
27501,1948.7574723298192,1.00128123723272,120.0
27502,1948.758861215778,1.00073494101961,120.0
27503,1948.7602501017368,1.00109838021366,120.0
27504,1948.7616389874631,1.00102975498322,120.0
27505,1948.7630278734223,1.00119137113496,120.0
27506,1948.764416759382,1.0008397394024,120.0
27507,1948.7658056453415,1.00104131556811,120.0
27508,1948.767194531301,1.00079269866895,120.0
27509,1948.7685834170272,1.00089195460128,120.0
27510,1948.769972302986,1.00056766125347,120.0
27511,1948.7713611889449,1.00096813701149,120.0
27512,1948.772750074904,1.00125968124748,120.0
27513,1948.7741389608627,1.00165093145107,120.0
27514,1948.77552784659,1.00158074125348,120.0
27515,1948.7769167325496,1.00090972693042,120.0
27516,1948.7783056185087,1.00114044925765,120.0
27517,1948.7796945044677,1.00166533008627,120.0
27518,1948.7810833901935,1.00044187512019,120.0
27519,1948.782472276152,1.001962310795,120.0
27520,1948.7838611621105,1.00167973271243,120.0
27521,1948.7852500478373,1.00132810611969,120.0
27522,1948.7866389337971,1.00059484649569,120.0
27523,1948.788027819756,1.0019278945995,120.0
27524,1948.7894167057148,1.00037968009061,120.0
27525,1948.7908055914413,1.0010525163213,120.0
27526,1948.7921944774005,1.00074282207239,120.0
27527,1948.7935833633592,1.00079977930019,120.0
27528,1948.7949722490855,1.00088981290131,120.0
27529,1948.7963611350451,1.00118261626707,120.0
27530,1948.7977500210047,1.00115480068291,120.0
27531,1948.7991389067313,1.00148725161588,120.0
27532,1948.8005277926904,1.00142871994743,120.0
27533,1948.8019166784163,1.00101574589878,120.0
27534,1948.8033055643753,1.00198430601829,120.0
27535,1948.8046944503344,1.00171073976135,120.0
27536,1948.8060833360605,1.00151051349967,120.0
27537,1948.80747222202,1.00142065734423,120.0
27538,1948.80886110798,1.00163451008461,120.0
27539,1948.810249993706,1.00047247749455,120.0
27540,1948.8116388796652,1.00229561218451,120.0
27541,1948.813027765391,1.00177987669123,120.0
27542,1948.8144166513505,1.00090820238058,120.0
27543,1948.8158055370764,1.00058971564108,120.0
27544,1948.8171944230355,1.00105061194689,120.0
27545,1948.8185833089951,1.0020524716633,120.0
27546,1948.819972194722,1.00192639295882,120.0
27547,1948.8213610806813,1.00134284760047,120.0
27548,1948.8227499664072,1.00096226158476,120.0
27549,1948.8241388523656,1.00173439167431,120.0
27550,1948.8255277380913,1.00145467330063,120.0
27551,1948.8269166240505,1.00130888502405,120.0
27552,1948.8283055097763,1.00118629725516,120.0
27553,1948.829694395736,1.00153717904492,120.0
27554,1948.8310832814627,1.00185022659499,120.0
27555,1948.8324721674217,1.00073900431988,120.0
27556,1948.833861053148,1.00048629697682,120.0
27557,1948.8352499391071,1.00220376895065,120.0
27558,1948.8366388248337,1.00136170989812,120.0
27559,1948.8380277107924,1.00150873254976,120.0
27560,1948.8394165965192,1.00039336313346,120.0
27561,1948.8408054822464,1.00150057018808,120.0
27562,1948.8421943682051,1.00198295973953,120.0
27563,1948.8435832539312,1.00087899253482,120.0
27564,1948.8449721398904,1.00015224757021,120.0
27565,1948.8463610256165,1.00139471089758,120.0
27566,1948.8477499115752,1.00088917957761,120.0
27567,1948.8491387973015,1.00181489478269,120.0
27568,1948.8505276830283,1.00132224924804,120.0
27569,1948.8519165689884,1.00022098209312,120.0
27570,1948.8533054547145,1.00132884512553,120.0
27571,1948.8546943404403,1.00105429875057,120.0
27572,1948.8560832263995,1.00150526078291,120.0
27573,1948.857472112126,1.00122349241828,120.0
27574,1948.8588609980848,1.00134271577899,120.0
27575,1948.860249883811,1.00097597194937,120.0
27576,1948.861638769538,1.00179912051273,120.0
27577,1948.8630276554975,1.00160356452166,120.0
27578,1948.864416541224,1.00116154409817,120.0
27579,1948.86580542695,1.00115817995064,120.0
27580,1948.8671943129084,1.00112866142563,120.0
27581,1948.8685831986336,1.00121494256619,120.0
27582,1948.86997208436,1.00104112670429,120.0
27583,1948.8713609700865,1.00144624146378,120.0
27584,1948.8727498560456,1.00122274021311,120.0
27585,1948.8741387417729,1.00105659772009,120.0
27586,1948.8755276274987,1.00184481883577,120.0
27587,1948.876916513458,1.00071334750061,120.0
27588,1948.878305399184,0.99971665356331,120.0
27589,1948.8796942849103,1.00097083074479,120.0
27590,1948.8810831706369,1.00034277312206,120.0
27591,1948.8824720563628,1.00063885339785,120.0
27592,1948.8838609423224,1.00126805332098,120.0
27593,1948.8852498280492,1.00156024396377,120.0
27594,1948.8866387137757,1.00097735050652,120.0
27595,1948.8880275995016,1.00091752648131,120.0
27596,1948.8894164854607,1.00095349290548,120.0
27597,1948.8908053711868,1.00189685794397,120.0
27598,1948.8921942569132,1.00158895338588,120.0
27599,1948.8935831426393,1.00114751027333,120.0
27600,1948.894972028366,1.00093963189793,120.0
27601,1948.8963609140928,1.00139977027622,120.0
27602,1948.897749800052,1.00095196830264,120.0
27603,1948.8991386857783,1.00076308241809,120.0
27604,1948.9005275715044,1.00118577324651,120.0
27605,1948.9019164572308,1.00046200185194,120.0
27606,1948.9033053429569,1.00144095610635,120.0
27607,1948.904694228684,1.00102539907172,120.0
27608,1948.9060831144104,1.00046190948363,120.0
27609,1948.9074720003696,1.00134871667251,120.0
27610,1948.9088608860952,1.001141872293,120.0
27611,1948.9102497718209,1.00045568659426,120.0
27612,1948.9116386575467,1.00051221622841,120.0
27613,1948.9130275432728,1.00108790711846,120.0
27614,1948.9144164289992,1.00166221843681,120.0
27615,1948.915805314726,1.0007047532167,120.0
27616,1948.9171942004527,1.00146382364906,120.0
27617,1948.9185830861793,1.00009036861042,120.0
27618,1948.9199719719052,1.00154695552589,120.0
27619,1948.9213608576315,1.00080272337654,120.0
27620,1948.9227497433576,1.00097244265505,120.0
27621,1948.924138629084,1.00105913261486,120.0
27622,1948.92552751481,1.00125119129266,120.0
27623,1948.9269164005368,1.00094606526146,120.0
27624,1948.928305286264,1.00137916799543,120.0
27625,1948.92969417199,1.0004664405242,120.0
27626,1948.931083057716,1.00124591146575,120.0
27627,1948.9324719434424,1.00131137165541,120.0
27628,1948.9338608291685,1.00096120249183,120.0
27629,1948.9352497148948,1.00119615054851,120.0
27630,1948.9366386006209,1.0010023188839,120.0
27631,1948.9380274863477,1.00015672823819,120.0
27632,1948.9394163720744,1.00050546464075,120.0
27633,1948.9408052578008,1.00098514101247,120.0
27634,1948.942194143527,1.00065312787491,120.0
27635,1948.9435830292532,1.00049360553369,120.0
27636,1948.9449719149795,1.00131675232033,120.0
27637,1948.9463608007056,1.00109998731393,120.0
27638,1948.9477496864315,1.00106324542172,120.0
27639,1948.9491385721587,1.00022057024251,120.0
27640,1948.9505274578848,1.00026676335944,120.0
27641,1948.9519163436105,1.00039530083437,120.0
27642,1948.9533052293364,1.00010645283312,120.0
27643,1948.9546941148296,1.00083228985369,120.0
27644,1948.956083000556,1.00178580283366,120.0
27645,1948.9574718862823,1.000348589954,120.0
27646,1948.9588607720088,1.00196026790248,120.0
27647,1948.960249657736,1.00117839700885,120.0
27648,1948.961638543462,0.99987744996847,120.0
27649,1948.963027429188,1.0001907905428,120.0
27650,1948.9644163146816,1.00100435960288,120.0
27651,1948.965805200408,1.00037450374069,120.0
27652,1948.9671940861344,1.00065772016917,120.0
27653,1948.9685829718603,0.99949667868796,120.0
27654,1948.969971857587,1.00079505860931,120.0
27655,1948.9713607430813,1.00119206629204,120.0
27656,1948.9727496288072,1.00124767061577,120.0
27657,1948.9741385145337,1.0011945263246,120.0
27658,1948.97552740026,1.00063720603371,120.0
27659,1948.976916285986,1.00158791905758,120.0
27660,1948.9783051714792,1.00044812117638,120.0
27661,1948.9796940572055,1.00040385511122,120.0
27662,1948.981082942932,1.0019164911242,120.0
27663,1948.9824718286593,1.0013232952114,120.0
27664,1948.9838607141523,1.00008038473945,120.0
27665,1948.9852495998784,1.0013045657047,120.0
27666,1948.9866384856048,1.00093985305014,120.0
27667,1948.988027371331,1.0015108928082,120.0
27668,1948.9894162568248,1.00015317767105,120.0
27669,1948.99080514255,1.00076601778582,120.0
27670,1948.9921940282763,1.00064191042927,120.0
27671,1948.9935829137703,1.00018399812371,120.0
27672,1948.9949717994964,1.00129743831206,120.0
27673,1948.9963606852227,1.00142972096785,120.0
27674,1948.997749570716,1.0011753181447,120.0
27675,1948.999138456442,1.00023822855011,120.0
27676,1949.0005273421684,1.00091983618574,120.0
27677,1949.0019162276617,1.00077056862353,120.0
27678,1949.0033051133885,1.00023840418492,120.0
27679,1949.0046939991153,1.00039357742418,120.0
27680,1949.0060828846088,1.00166696567006,120.0
27681,1949.007471770335,1.00080779005273,120.0
27682,1949.0088606558284,1.00132250546113,120.0
27683,1949.0102495415545,1.00076247070102,120.0
27684,1949.0116384272808,1.00064121628574,120.0
27685,1949.013027312774,1.00120069264751,120.0
27686,1949.0144161985008,1.0005233985834,120.0
27687,1949.0158050839952,1.00029693217813,120.0
27688,1949.0171939697211,0.99997038586931,120.0
27689,1949.0185828554472,1.00043598584005,120.0
27690,1949.0199717409407,1.0002861163789,120.0
27691,1949.0213606266668,1.00072280453954,120.0
27692,1949.0227495121603,1.00059349750927,120.0
27693,1949.024138397887,1.00263611705046,120.0
27694,1949.0255272833813,1.00019106379709,120.0
27695,1949.0269161691072,0.99962799595122,120.0
27696,1949.0283050546009,0.9994201022442,120.0
27697,1949.0296939403268,1.00032334539155,120.0
27698,1949.03108282582,1.00055014037695,120.0
27699,1949.0324717115457,1.00187993943504,120.0
27700,1949.0338605970385,1.00119382528598,120.0
27701,1949.0352494827655,1.00046853018107,120.0
27702,1949.0366383682592,1.00105403980684,120.0
27703,1949.0380272539855,1.00058801588097,120.0
27704,1949.0394161394793,1.00091572548229,120.0
27705,1949.0408050252051,1.00047372081454,120.0
27706,1949.0421939106984,1.00154916125073,120.0
27707,1949.0435827964243,1.00006752094464,120.0
27708,1949.044971681918,1.00000741895313,120.0
27709,1949.046360567412,1.00003325834837,120.0
27710,1949.0477494531387,1.00052755581554,120.0
27711,1949.049138338632,0.99986952305327,120.0
27712,1949.0505272243583,1.00159627106606,120.0
27713,1949.051916109852,1.00030078720239,120.0
27714,1949.0533049953451,1.00037256659734,120.0
27715,1949.0546938810712,1.0001961083811,120.0
27716,1949.0560827665647,1.00055716361889,120.0
27717,1949.0574716522915,1.00047676539029,120.0
27718,1949.0588605377857,1.00096772679903,120.0
27719,1949.0602494232787,1.00034486109573,120.0
27720,1949.0616383090053,1.00007696728589,120.0
27721,1949.0630271944983,1.00046822993658,120.0
27722,1949.064416079992,1.0005272575288,120.0
27723,1949.065804965718,0.99999038314406,120.0
27724,1949.0671938512112,0.99975241787133,120.0
27725,1949.0685827367051,1.00092115205293,120.0
27726,1949.0699716224324,1.00041103183499,120.0
27727,1949.0713605079256,1.00006562704221,120.0
27728,1949.0727493934185,1.00096410272456,120.0
27729,1949.0741382789113,1.00086297317315,120.0
27730,1949.0755271646372,0.99991902803166,120.0
27731,1949.0769160501304,0.99982136178368,120.0
27732,1949.0783049356248,1.00058633055506,120.0
27733,1949.0796938213512,1.00094933982706,120.0
27734,1949.0810827068449,1.00171221378867,120.0
27735,1949.0824715923384,1.00003486844935,120.0
27736,1949.0838604778316,1.00015531811316,120.0
27737,1949.0852493635575,1.00036627543316,120.0
27738,1949.0866382490512,1.00020238815384,120.0
27739,1949.0880271345443,1.00026411577217,120.0
27740,1949.0894160200385,1.00048380933597,120.0
27741,1949.0908049055329,1.00040706062275,120.0
27742,1949.0921937912588,1.00116466853673,120.0
27743,1949.093582676752,1.00055935135273,120.0
27744,1949.0949715622455,0.99958673978254,120.0
27745,1949.0963604477388,0.99987210784074,120.0
27746,1949.097749333232,0.99990997955024,120.0
27747,1949.0991382187256,1.00018305836675,120.0
27748,1949.1005271044523,1.0002012109242,120.0
27749,1949.1019159899463,1.00039484161929,120.0
27750,1949.1033048754396,1.00136334430717,120.0
27751,1949.1046937609333,1.00038469269983,120.0
27752,1949.1060826464263,1.00017135416785,120.0
27753,1949.10747153192,1.00023421655014,120.0
27754,1949.108860417413,1.00079633787627,120.0
27755,1949.1102493031392,1.00073000505429,120.0
27756,1949.1116381886332,1.00088889565138,120.0
27757,1949.1130270741269,1.00103755175981,120.0
27758,1949.1144159596192,1.00130859985634,120.0
27759,1949.1158048451127,1.00066558345404,120.0
27760,1949.1171937306065,0.9995078843651,120.0
27761,1949.1185826160995,1.00057511231698,120.0
27762,1949.1199715015928,1.00067012411166,120.0
27763,1949.1213603870865,1.00093135951581,120.0
27764,1949.1227492725804,1.00041597189335,120.0
27765,1949.1241381580744,0.99988576906849,120.0
27766,1949.1255270435677,1.00047930169311,120.0
27767,1949.1269159290612,1.00029059528815,120.0
27768,1949.1283048145544,1.00014197087297,120.0
27769,1949.1296937000477,1.00110704537099,120.0
27770,1949.1310825855412,0.99942949188578,120.0
27771,1949.1324714710345,1.00016951633684,120.0
27772,1949.1338603565284,0.99976988172846,120.0
27773,1949.1352492420224,1.00024538776516,120.0
27774,1949.136638127516,1.00056850690156,120.0
27775,1949.1380270130092,0.9999268324976,120.0
27776,1949.1394158985024,1.00053033067718,120.0
27777,1949.140804783996,1.00025540262354,120.0
27778,1949.1421936694896,0.99999441066964,120.0
27779,1949.1435825549831,1.0005008544206,120.0
27780,1949.144971440477,1.00032774089529,120.0
27781,1949.1463603259708,0.99938521611824,120.0
27782,1949.1477492114643,0.99960913859189,120.0
27783,1949.1491380969576,1.00007609035233,120.0
27784,1949.1505269824509,1.00011335442545,120.0
27785,1949.151915867944,0.99914153941624,120.0
27786,1949.1533047534367,1.00013367068502,120.0
27787,1949.1546936386972,1.00032846312137,120.0
27788,1949.1560825241916,1.00002568925796,120.0
27789,1949.1574714096848,1.0001303299969,120.0
27790,1949.158860295178,1.00048467160207,120.0
27791,1949.1602491806716,0.99965255147184,120.0
27792,1949.1616380661649,1.00000265845626,120.0
27793,1949.1630269516584,1.00030444246364,120.0
27794,1949.1644158369188,1.00039981412349,120.0
27795,1949.1658047224128,1.00078842679458,120.0
27796,1949.1671936079067,1.00067631266452,120.0
27797,1949.1685824934,1.00012228981468,120.0
27798,1949.1699713788937,1.00091771737051,120.0
27799,1949.1713602643867,1.00063102733079,120.0
27800,1949.1727491496472,1.00009244936279,120.0
27801,1949.174138035141,0.99960686649412,120.0
27802,1949.175526920634,1.00046023542609,120.0
27803,1949.176915806128,1.00108180848754,120.0
27804,1949.1783046913897,1.00080788287002,120.0
27805,1949.1796935768828,1.00021847795893,120.0
27806,1949.181082462376,1.00223734165731,120.0
27807,1949.1824713478695,1.00032774486633,120.0
27808,1949.18386023313,0.99876217614381,120.0
27809,1949.1852491186232,1.00031119780896,120.0
27810,1949.1866380041167,1.00041470266381,120.0
27811,1949.188026889611,1.00064379866516,120.0
27812,1949.189415774872,0.99924062534285,120.0
27813,1949.1908046603653,1.00103052634049,120.0
27814,1949.1921935458588,0.99971368866577,120.0
27815,1949.1935824311183,1.00124206183792,120.0
27816,1949.1949713166111,0.99966932718696,120.0
27817,1949.1963602021049,1.00064588666942,120.0
27818,1949.1977490873655,0.99951559711202,120.0
27819,1949.19913797286,1.0001991644235,120.0
27820,1949.2005268583532,1.0005707190831,120.0
27821,1949.2019157436137,1.00005859731538,120.0
27822,1949.2033046291067,1.00008548984682,120.0
27823,1949.2046935146004,0.99960631761679,120.0
27824,1949.2060823998609,0.99979907861881,120.0
27825,1949.2074712853544,0.99976515306024,120.0
27826,1949.2088601708483,0.99991472833134,120.0
27827,1949.2102490561097,1.00185347482797,120.0
27828,1949.2116379416027,1.00037618387286,120.0
27829,1949.2130268268636,1.00034150718645,120.0
27830,1949.2144157123569,0.99975433104833,120.0
27831,1949.21580459785,1.00001945143789,120.0
27832,1949.2171934831103,0.99975985434525,120.0
27833,1949.218582368604,1.00007015360074,120.0
27834,1949.2199712538652,0.99987112167425,120.0
27835,1949.2213601393591,0.99997576587773,120.0
27836,1949.22274902462,0.99920518695746,120.0
27837,1949.2241379101129,1.00011117429073,120.0
27838,1949.2255267953735,0.99901777853855,120.0
27839,1949.2269156808673,0.99940766544615,120.0
27840,1949.2283045661277,0.99929729033688,120.0
27841,1949.2296934516207,0.99996481564264,120.0
27842,1949.2310823368823,1.00006837970697,120.0
27843,1949.2324712223756,1.00014732011011,120.0
27844,1949.233860107635,0.99996719930714,120.0
27845,1949.2352489931288,0.99970463814239,120.0
27846,1949.2366378783893,0.99936169927294,120.0
27847,1949.2380267638823,0.99936267675893,120.0
27848,1949.2394156491428,1.00007219582017,120.0
27849,1949.2408045346365,0.99917600197799,120.0
27850,1949.2421934198976,0.99919915771918,120.0
27851,1949.2435823053916,1.00024993910512,120.0
27852,1949.244971190652,1.00115390177348,120.0
27853,1949.2463600761455,1.00061713020873,120.0
27854,1949.247748961406,0.99937132158372,120.0
27855,1949.2491378466664,1.00064084861958,120.0
27856,1949.25052673216,1.00251953715526,120.0
27857,1949.2519156174203,1.00064904507721,120.0
27858,1949.2533045029147,1.00002570175484,120.0
27859,1949.254693388176,0.99947547576129,120.0
27860,1949.256082273436,1.00041923519669,120.0
27861,1949.2574711589295,0.99965303143452,120.0
27862,1949.2588600441904,0.99960973941289,120.0
27863,1949.2602489294504,1.0006213080396,120.0
27864,1949.261637814944,1.00104604604105,120.0
27865,1949.2630267002053,0.99959530953785,120.0
27866,1949.2644155856992,0.99976079345946,120.0
27867,1949.26580447096,1.00021957024814,120.0
27868,1949.2671933562203,1.00073664538956,120.0
27869,1949.2685822414808,0.9998890959005,120.0
27870,1949.2699711269745,1.00023503433114,120.0
27871,1949.2713600122347,0.9996459962793,120.0
27872,1949.2727488974945,1.00004790442112,120.0
27873,1949.274137782988,1.00102834129229,120.0
27874,1949.2755266682489,0.99998809622854,120.0
27875,1949.2769155535095,0.99976631504115,120.0
27876,1949.27830443877,1.00168289784093,120.0
27877,1949.2796933242637,0.99991587536692,120.0
27878,1949.281082209524,0.99939662172322,120.0
27879,1949.2824710947843,1.00026929688492,120.0
27880,1949.2838599800452,0.9989423195759,120.0
27881,1949.2852488655392,0.999463596334,120.0
27882,1949.2866377508003,1.00079897631262,120.0
27883,1949.2880266360607,0.99945943054573,120.0
27884,1949.2894155213216,1.0002619222889,120.0
27885,1949.2908044068147,1.00028677280233,120.0
27886,1949.2921932920751,0.99999494152562,120.0
27887,1949.293582177336,1.00022501122061,120.0
27888,1949.2949710625965,0.99964132012839,120.0
27889,1949.2963599478576,0.99969018503811,120.0
27890,1949.2977488331187,0.99925401963748,120.0
27891,1949.3019154891333,1.00024232460859,120.0
27892,1949.3033043743935,0.99992269776538,120.0
27893,1949.304693259654,0.99985052503369,120.0
27894,1949.3060821449149,1.00047493305522,120.0
27895,1949.307471030176,0.99955646658087,120.0
27896,1949.30885991567,1.00023298977698,120.0
27897,1949.3102488009304,1.000350237668,120.0
27898,1949.3116376861904,1.00030176183559,120.0
27899,1949.3130265714503,1.00035532573006,120.0
27900,1949.3144154567108,0.99998384042475,120.0
27901,1949.3158043419712,0.99948191674691,120.0
27902,1949.3171932272323,0.99996359976958,120.0
27903,1949.3185821124937,0.9992819883251,120.0
27904,1949.3199709977544,1.00034685021002,120.0
27905,1949.3213598830148,1.00038018374723,120.0
27906,1949.3227487682752,1.0004586504224,120.0
27907,1949.324137653536,0.99937968975589,120.0
27908,1949.3255265387963,0.99926951143658,120.0
27909,1949.3269154240568,1.00008576151261,120.0
27910,1949.328304309318,0.99977989686471,120.0
27911,1949.3296931945792,0.99973211942089,120.0
27912,1949.33108207984,1.00050348729189,120.0
27913,1949.3324709651004,0.99935130204863,120.0
27914,1949.3338598503608,0.99957694590346,120.0
27915,1949.3352487356217,1.00013625857432,120.0
27916,1949.336637620882,0.99983841265749,120.0
27917,1949.3380265061423,1.0002585820911,120.0
27918,1949.3394153914037,0.99995246687877,120.0
27919,1949.3408042766648,0.99988311031341,120.0
27920,1949.3421931619257,0.99973787851481,120.0
27921,1949.343582047186,1.00011483933388,120.0
27922,1949.3449709324464,0.99993914452798,120.0
27923,1949.3463598177073,0.99996101162684,120.0
27924,1949.3477487029672,0.9993037196763,120.0
27925,1949.349137588228,1.00091113779332,120.0
27926,1949.3505264734883,1.00024548633727,120.0
27927,1949.3519153587492,0.99903019538741,120.0
27928,1949.3533042440097,1.0003978358262,120.0
27929,1949.3546931290373,1.00006015890853,120.0
27930,1949.356082014298,1.00093801773701,120.0
27931,1949.3574708995584,0.9999169455557,120.0
27932,1949.3588597848193,1.00020855670027,120.0
27933,1949.3602486700795,0.9987783734136,120.0
27934,1949.3616375553408,0.99943430899725,120.0
27935,1949.3630264406015,1.00046410880661,120.0
27936,1949.3644153256296,0.99960681850437,120.0
27937,1949.3658042108905,0.99879165836479,120.0
27938,1949.3671930961505,0.9996912434801,120.0
27939,1949.3685819814111,0.99956954935212,120.0
27940,1949.3699708666716,0.9998267559433,120.0
27941,1949.3713597516992,1.00028757888801,120.0
27942,1949.3727486369603,0.9992564018265,120.0
27943,1949.3741375222216,0.99963817997738,120.0
27944,1949.3755264074823,0.99976114216187,120.0
27945,1949.3769152927428,0.99945873157036,120.0
27946,1949.3783041777704,1.000812129834,120.0
27947,1949.3796930630313,1.00043752850644,120.0
27948,1949.3810819482917,0.99967392207608,120.0
27949,1949.3824708335528,0.99978444002527,120.0
27950,1949.383859718581,0.99750587285879,120.0
27951,1949.3852486038415,1.00003246611365,120.0
27952,1949.3866374891024,0.99964368112881,120.0
27953,1949.38802637413,0.99885325229741,120.0
27954,1949.3894152593896,0.99949094577501,120.0
27955,1949.3908041446496,1.00016046401167,120.0
27956,1949.39219302991,1.00027592485144,120.0
27957,1949.3935819149383,0.99870617382562,120.0
27958,1949.3949708002,0.99940393709069,120.0
27959,1949.3963596854603,0.99916801389156,120.0
27960,1949.397748570488,1.000337111806,120.0
27961,1949.3991374557484,0.9990932901699,120.0
27962,1949.4005263410088,1.00020230039537,120.0
27963,1949.4019152260369,0.99907946587593,120.0
27964,1949.4033041112973,0.99988330119244,120.0
27965,1949.4046929963256,1.00069792560843,120.0
27966,1949.4060818815867,0.99900021982946,120.0
27967,1949.4074707668472,1.00025582412829,120.0
27968,1949.4088596518748,0.99972647723053,120.0
27969,1949.4102485371357,1.00002015164727,120.0
27970,1949.4116374221633,1.00031799134668,120.0
27971,1949.4130263074237,0.99986813486636,120.0
27972,1949.4144151926844,0.99958405908604,120.0
27973,1949.415804077713,0.99969708859552,120.0
27974,1949.417192962974,0.99873559950034,120.0
27975,1949.4185818480016,0.99972114888238,120.0
27976,1949.419970733262,0.99970481859992,120.0
27977,1949.42135961829,0.99910280689703,120.0
27978,1949.4227485035503,0.99885837060787,120.0
27979,1949.4241373888112,0.99963970057314,120.0
27980,1949.4255262738384,1.00019145914046,120.0
27981,1949.4269151590993,0.9992482758695,120.0
27982,1949.4283040441264,0.99855960524724,120.0
27983,1949.429692929387,0.99991150856209,120.0
27984,1949.4310818144152,1.0000891220182,120.0
27985,1949.4324706996756,0.99962053572456,120.0
27986,1949.4338595847032,0.99899569652551,120.0
27987,1949.4352484697308,0.99962975194018,120.0
27988,1949.436637354992,0.99972419997103,120.0
27989,1949.4380262400207,0.99970544365524,120.0
27990,1949.4394151252811,0.99977402962026,120.0
27991,1949.4408040103087,1.00041834803961,120.0
27992,1949.4421928955692,0.99972335743701,120.0
27993,1949.4435817805968,0.99968402505871,120.0
27994,1949.4449706658577,1.0005322453234,120.0
27995,1949.4463595508853,0.99876346446407,120.0
27996,1949.4477484359136,0.99966522322396,120.0
27997,1949.4491373211747,0.9993711650496,120.0
27998,1949.4505262062023,1.00003710476845,120.0
27999,1949.4519150914628,1.00007060129774,120.0
28000,1949.4533039764908,1.00015820099199,120.0
28001,1949.4546928615184,1.00005851709221,120.0
28002,1949.4560817467789,0.99871340823619,120.0
28003,1949.4574706318065,0.99939254535719,120.0
28004,1949.4588595168348,1.00084400625411,120.0
28005,1949.4602484020963,0.99979675209835,120.0
28006,1949.461637287124,0.99903194821528,120.0
28007,1949.4630261721516,1.00015729311933,120.0
28008,1949.464415057412,1.00002542334617,120.0
28009,1949.4658039424392,0.99897808590617,120.0
28010,1949.467192827466,0.99981034117181,120.0
28011,1949.4685817127267,0.99957497596383,120.0
28012,1949.4699705977553,0.99932152978878,120.0
28013,1949.471359482783,1.00013807457158,120.0
28014,1949.472748368044,0.9995471317967,120.0
28015,1949.4741372530716,0.99932577564754,120.0
28016,1949.4755261380992,0.99980044574276,120.0
28017,1949.4769150231273,0.99927023952791,120.0
28018,1949.4783039083873,1.00049440291235,120.0
28019,1949.479692793415,0.99941518743309,120.0
28020,1949.4810816784436,0.99954108551874,120.0
28021,1949.482470563472,0.99947458792879,120.0
28022,1949.4838594487323,0.99916851166951,120.0
28023,1949.48524833376,0.99946850937886,120.0
28024,1949.486637218788,0.99940937275329,120.0
28025,1949.4880261038156,0.99962837120726,120.0
28026,1949.4894149888432,0.9995853670953,120.0
28027,1949.490803874104,0.9997392920683,120.0
28028,1949.492192759132,0.9994689572534,120.0
28029,1949.4935816441605,0.99902704831107,120.0
28030,1949.4949705291883,0.99979821328594,120.0
28031,1949.496359414216,0.99836028427343,120.0
28032,1949.4977482992435,0.99983455779288,120.0
28033,1949.499137184504,0.99975134448868,120.0
28034,1949.500526069532,0.9973703942821,120.0
28035,1949.5019149545603,0.99953453784164,120.0
28036,1949.503303839588,0.99946093806963,120.0
28037,1949.504692724615,0.99963171176873,120.0
28038,1949.5060816096427,1.00007096490356,120.0
28039,1949.5074704946703,0.99911262770505,120.0
28040,1949.508859379698,0.99998759640224,120.0
28041,1949.5102482649584,0.99944414125725,120.0
28042,1949.5116371499864,0.99883134537866,120.0
28043,1949.5130260350147,1.00012050849039,120.0
28044,1949.5144149200432,0.99925456787785,120.0
28045,1949.5158038050708,0.99921344005375,120.0
28046,1949.5171926900985,0.99923742876447,120.0
28047,1949.5185815751263,0.99925632674536,120.0
28048,1949.519970460154,0.99895417394684,120.0
28049,1949.5213593451815,0.99924557859087,120.0
28050,1949.5227482302091,1.00017920033686,120.0
28051,1949.5241371152376,0.9994601379221,120.0
28052,1949.525526000266,0.99927491872261,120.0
28053,1949.5269148852935,1.00008865278192,120.0
28054,1949.5283037703211,0.9990927220711,120.0
28055,1949.5310815403768,0.99924532749832,120.0
28056,1949.5324704254049,0.99889849759577,120.0
28057,1949.533859310432,1.00039894568352,120.0
28058,1949.5352481954603,0.99963022137495,120.0
28059,1949.5366370804888,1.00035188981655,120.0
28060,1949.538025965517,0.99841202529372,120.0
28061,1949.539414850544,0.99896609367498,120.0
28062,1949.5408037355712,0.99973089930405,120.0
28063,1949.5421926205984,0.99922986890464,120.0
28064,1949.543581505626,0.99895910065808,120.0
28065,1949.5449703906536,0.99860221732831,120.0
28066,1949.5463592754493,0.99982977974275,120.0
28067,1949.5477481604776,0.99899703955166,120.0
28068,1949.5491370455056,0.99990069746,120.0
28069,1949.5505259305328,0.99949855630095,120.0
28070,1949.5519148155608,0.99892734145055,120.0
28071,1949.5533037005885,0.9983086874874,120.0
28072,1949.554692585616,0.99784533701206,120.0
28073,1949.5560814706444,0.99927548181375,120.0
28074,1949.55747035544,1.00010701723277,120.0
28075,1949.5588592404677,0.99984414222414,120.0
28076,1949.5602481254953,0.99998937481787,120.0
28077,1949.561637010523,0.99940228229651,120.0
28078,1949.5630258955507,0.99945686800149,120.0
28079,1949.5644147805783,0.99950607184796,120.0
28080,1949.565803665373,1.0005880036814,120.0
28081,1949.5671925504016,0.99888880456011,120.0
28082,1949.56858143543,0.99885360364261,120.0
28083,1949.569970320458,0.99948771402007,120.0
28084,1949.5713592054856,0.99938748696978,120.0
28085,1949.5727480902804,0.99825795296906,120.0
28086,1949.574136975308,0.99979706827479,120.0
28087,1949.575525860336,0.99933147916225,120.0
28088,1949.5769147453636,0.99904778473275,120.0
28089,1949.5783036301584,0.99970773547746,120.0
28090,1949.579692515186,0.99877091151531,120.0
28091,1949.5810814002136,0.99928518683377,120.0
28092,1949.5824702850089,0.99941962351609,120.0
28093,1949.5838591700365,0.99913934430826,120.0
28094,1949.585248055064,0.99881028787734,120.0
28095,1949.5866369400917,0.99921724237627,120.0
28096,1949.5880258248865,0.99959517622334,120.0
28097,1949.5894147099148,0.99908430590319,120.0
28098,1949.5908035949435,1.00011110955853,120.0
28099,1949.5921924797383,1.00194227681117,120.0
28100,1949.593581364766,0.99865115792592,120.0
28101,1949.5949702497935,0.99878383759683,120.0
28102,1949.5963591345885,0.9989345832922,120.0
28103,1949.597748019616,0.99933918674199,120.0
28104,1949.599136904644,0.99913796997094,120.0
28105,1949.6005257894392,0.99957197756869,120.0
28106,1949.6019146744677,0.99932471535199,120.0
28107,1949.6033035592627,0.99892815172044,120.0
28108,1949.6046924442903,0.9996930131202,120.0
28109,1949.606081329318,0.99905717348031,120.0
28110,1949.6074702141127,1.00015098814877,120.0
28111,1949.6088590991403,0.9986832017005,120.0
28112,1949.610247983936,0.99884073696131,120.0
28113,1949.6116368689643,0.99964631020543,120.0
28114,1949.6130257539924,0.99932422760364,120.0
28115,1949.6144146387871,0.99916993773449,120.0
28116,1949.615803523814,1.0000040612519,120.0
28117,1949.617192408608,0.99995973282051,120.0
28118,1949.618581293636,0.99850656368855,120.0
28119,1949.6199701784312,0.9996172601664,120.0
28120,1949.6213590634593,0.99968776119717,120.0
28121,1949.6227479482548,0.99913662928428,120.0
28122,1949.6241368332824,0.99908326565965,120.0
28123,1949.6255257180771,0.99906879634677,120.0
28124,1949.6269146031052,0.99702663470655,120.0
28125,1949.6283034879,0.99914769101196,120.0
28126,1949.6296923729276,0.99935306959447,120.0
28127,1949.6310812577224,0.99853490897983,120.0
28128,1949.632470142751,0.99931144960071,120.0
28129,1949.6338590275464,0.99881682368548,120.0
28130,1949.635247912574,0.99870269429602,120.0
28131,1949.6366367973687,0.99954246748421,120.0
28132,1949.6380256823963,0.99880823503764,120.0
28133,1949.6394145671916,0.99877453303539,120.0
28134,1949.6408034519864,0.99926220542754,120.0
28135,1949.642192337014,1.00009117863199,120.0
28136,1949.6435812218097,0.99922138534142,120.0
28137,1949.644970106838,0.99938219974665,120.0
28138,1949.6463589916327,0.99880132462314,120.0
28139,1949.6477478764275,0.99875636199144,120.0
28140,1949.6491367614556,0.99947719031769,120.0
28141,1949.6505256462503,1.00014260769574,120.0
28142,1949.6519145310451,0.99878244953926,120.0
28143,1949.653303416072,0.9999821890033,120.0
28144,1949.6546923008673,0.99956402422026,120.0
28145,1949.6560811858956,0.99958889553973,120.0
28146,1949.6574700706904,0.99953271613293,120.0
28147,1949.6588589554851,0.99819320165431,120.0
28148,1949.6602478405127,0.99938112455169,120.0
28149,1949.6616367253075,0.99877102011953,120.0
28150,1949.6630256101023,0.99921348102051,120.0
28151,1949.6644144948975,0.99975586086112,120.0
28152,1949.6658033799256,0.9988282705994,120.0
28153,1949.6671922647213,0.99926850202945,120.0
28154,1949.668581149516,0.99913447351625,120.0
28155,1949.669970034544,0.99920387528545,120.0
28156,1949.671358919339,0.99880589191126,120.0
28157,1949.6727478041337,0.99918488851007,120.0
28158,1949.6741366889285,1.00050716880057,120.0
28159,1949.6755255739567,0.99980970020222,120.0
28160,1949.6769144587524,0.99874304344561,120.0
28161,1949.6783033435472,0.99961944966117,120.0
28162,1949.6796922283424,0.99903908769738,120.0
28163,1949.6810811133696,0.99833975864899,120.0
28164,1949.6824699981648,0.99902023482589,120.0
28165,1949.6838588829596,0.99905087856402,120.0
28166,1949.6852477677544,0.99915403666697,120.0
28167,1949.68663665255,0.99914295167078,120.0
28168,1949.6880255373455,0.99909969668309,120.0
28169,1949.6894144223727,0.99892277808312,120.0
28170,1949.6908033071668,0.99926300917386,120.0
28171,1949.6921921919616,0.99931362535093,120.0
28172,1949.6935810767563,0.99943801835259,120.0
28173,1949.6949699615511,0.99897180010107,120.0
28174,1949.696358846346,0.99912363210358,120.0
28175,1949.6977477313744,0.99888035597025,120.0
28176,1949.69913661617,0.99920030045194,120.0
28177,1949.700525500965,0.99876989309635,120.0
28178,1949.70191438576,0.99918129644794,120.0
28179,1949.7033032705544,0.99787619196154,120.0
28180,1949.7046921553497,0.99948650076657,120.0
28181,1949.7060810401445,0.99888413275002,120.0
28182,1949.7074699249392,0.99798921827489,120.0
28183,1949.7088588097347,0.99919675264879,120.0
28184,1949.7102476945304,0.99903828299711,120.0
28185,1949.7116365793252,0.99890706855843,120.0
28186,1949.71302546412,0.999344051243,120.0
28187,1949.714414349148,0.99907099954041,120.0
28188,1949.7158032339428,0.99923695636331,120.0
28189,1949.7171921187376,0.9987195612965,120.0
28190,1949.7185810035323,0.99894623591809,120.0
28191,1949.719969888328,1.00029042181343,120.0
28192,1949.7213587731237,0.99819159443541,120.0
28193,1949.7227476579185,0.99952821248889,120.0
28194,1949.7241365427133,0.99852734603634,120.0
28195,1949.725525427508,0.99851847052031,120.0
28196,1949.7269143123024,0.99843712070123,120.0
28197,1949.7283031970965,0.99843125131962,120.0
28198,1949.729692081892,0.99836026454548,120.0
28199,1949.7310809664548,0.99791450160077,120.0
28200,1949.7324698512496,0.99870386227637,120.0
28201,1949.7352476208391,0.99881832440547,120.0
28202,1949.7366365056344,0.99898046793638,120.0
28203,1949.7380253904291,1.00054744412636,120.0
28204,1949.739414275224,0.99882673601011,120.0
28205,1949.7421920448153,0.9988019785362,120.0
28206,1949.74358092961,0.99814974588331,120.0
28207,1949.7449698144048,0.99857751201669,120.0
28208,1949.7463586991996,0.99830659360405,120.0
28209,1949.7477475837616,1.00038787010612,120.0
28210,1949.7491364685563,0.9997180770914,120.0
28211,1949.7505253533516,0.99879864135883,120.0
28212,1949.7519142381473,0.99869634918815,120.0
28213,1949.7533031229425,0.99913193395601,120.0
28214,1949.7546920077373,0.99928622650924,120.0
28215,1949.7560808922992,0.99935404614638,120.0
28216,1949.7574697770945,0.99903205475106,120.0
28217,1949.7588586618892,0.99885452972898,120.0
28218,1949.760247546684,0.99737155238088,120.0
28219,1949.7616364314788,0.99938222702788,120.0
28220,1949.7630253162736,1.00004844272055,120.0
28221,1949.7644142008355,0.99933219003522,120.0
28222,1949.7658030856308,0.99959911001047,120.0
28223,1949.7671919704255,0.99864874368403,120.0
28224,1949.7685808552203,0.99854342768365,120.0
28225,1949.7699697397825,0.99991793782401,120.0
28226,1949.7713586245773,0.99879350326687,120.0
28227,1949.772747509372,0.99935293410884,120.0
28228,1949.7741363941675,0.99847994385616,120.0
28229,1949.7755252787304,0.9989178980294,120.0
28230,1949.77830304832,0.99804642956104,120.0
28231,1949.7796919328823,0.99882200547892,120.0
28232,1949.7810808176769,0.9989931896118,120.0
28233,1949.782469702472,0.99913566848175,120.0
28234,1949.7838585872664,0.99911408086244,120.0
28235,1949.7852474718295,0.99916186862201,120.0
28236,1949.7866363566252,0.99880777634075,120.0
28237,1949.78802524142,0.99954545254966,120.0
28238,1949.789414125982,0.99959448226505,120.0
28239,1949.7908030107767,0.99864988778465,120.0
28240,1949.7921918953389,0.99925431648525,120.0
28241,1949.7935807801337,0.99887199070863,120.0
28242,1949.794969664929,0.99881545002952,120.0
28243,1949.796358549492,0.99930388078379,120.0
28244,1949.7977474342867,0.99966768958881,120.0
28245,1949.7991363190808,0.99900455006872,120.0
28246,1949.8005252036423,0.99824377740732,120.0
28247,1949.8019140884371,0.99877336571634,120.0
28248,1949.8033029729993,0.99960043200007,120.0
28249,1949.804691857794,0.99885464019554,120.0
28250,1949.8060807423567,0.99891585278847,120.0
28251,1949.8074696271524,0.99894737542097,120.0
28252,1949.8088585119472,0.99923061035424,120.0
28253,1949.810247396509,0.99814613446043,120.0
28254,1949.811636281304,0.999593834643,120.0
28255,1949.813025165866,0.99908577765086,120.0
28256,1949.8144140506608,0.99848842043152,120.0
28257,1949.8158029352232,0.99813393543227,120.0
28258,1949.8171918200187,0.9990624772563,120.0
28259,1949.818580704581,0.99869478503718,120.0
28260,1949.819969589376,0.99997672211624,120.0
28261,1949.8213584739383,0.99855630235335,120.0
28262,1949.8227473587328,1.00030805131551,120.0
28263,1949.82552512809,0.99887950123353,120.0
28264,1949.826914012652,0.99825626160958,120.0
28265,1949.8283028974477,0.99933247188542,120.0
28266,1949.8296917820105,0.99909067009936,120.0
28267,1949.8310806665725,0.99907963529298,120.0
28268,1949.8324695513672,0.99890859639116,120.0
28269,1949.8338584359292,0.99966176654915,120.0
28270,1949.8352473207235,0.99991403055393,120.0
28271,1949.8366362052848,0.99883629375527,120.0
28272,1949.8380250900796,0.99796122950151,120.0
28273,1949.8394139746424,0.99823867650196,120.0
28274,1949.8408028592048,0.99820847870455,120.0
28275,1949.842191744,0.99851806400405,120.0
28276,1949.843580628562,0.99938389016732,120.0
28277,1949.844969513124,0.99904568168525,120.0
28278,1949.8463583979187,0.9985157032432,120.0
28279,1949.8491361672764,0.99904472752799,120.0
28280,1949.8519139364012,0.99900703020615,120.0
28281,1949.853302821196,0.99982777788614,120.0
28282,1949.854691705758,0.99847650065487,120.0
28283,1949.8574694748825,0.99774917731409,120.0
28284,1949.8602472442396,0.99813631370983,120.0
28285,1949.8616361288025,0.99790599264415,120.0
28286,1949.8630250135973,0.99838859763984,120.0
28287,1949.8644138981592,0.99933591205814,120.0
28288,1949.8658027827216,0.99879568966098,120.0
28289,1949.8671916672836,0.99966621957753,120.0
28290,1949.8699694366403,0.99868183569529,120.0
28291,1949.8713583212025,0.99856931624337,120.0
28292,1949.8727472057644,0.99930877935513,120.0
28293,1949.8741360905592,0.99938139261618,120.0
28294,1949.8755249751212,0.99984577314359,120.0
28295,1949.8783027442453,0.99924069792057,120.0
28296,1949.8796916288072,1.00078967462119,120.0
28297,1949.8908027057707,0.99967078159298,120.0
28298,1949.892191590333,0.99894064441067,120.0
28299,1949.8935804748955,0.99881691384259,120.0
28300,1949.894969359458,0.99922129978442,120.0
28301,1949.8963582440203,0.99890340138082,120.0
28302,1949.8977471285823,0.99900697697219,120.0
28303,1949.899136013144,0.99895173922881,120.0
28304,1949.900524897706,0.99861072829816,120.0
28305,1949.9019137822684,0.99971597607753,120.0
28306,1949.9033026668303,0.99841102161362,120.0
28307,1949.9046915513932,0.99878269802395,120.0
28308,1949.906080435956,0.99903321617167,120.0
28309,1949.9074693205173,0.99952825403939,120.0
28310,1949.9088582053112,0.99980993014881,120.0
28311,1949.910247089873,0.99919980812066,120.0
28312,1949.9116359744355,0.99953065419708,120.0
28313,1949.9130248589977,0.99940809241486,120.0
28314,1949.9144137435603,0.99927019793628,120.0
28315,1949.9158026281227,0.99828219053905,120.0
28316,1949.917191512685,0.99881457211317,120.0
28317,1949.9185803972473,0.9991711663008,120.0
28318,1949.9199692818088,0.99912526328529,120.0
28319,1949.921358166138,0.99840955272365,120.0
28320,1949.9227470507003,0.99925262517413,120.0
28321,1949.9241359352625,0.99977720558427,120.0
28322,1949.925524819825,0.99970391340355,120.0
28323,1949.9269137043875,0.99966988277354,120.0
28324,1949.9283025889497,0.99908823159077,120.0
28325,1949.929691473512,0.99879992084156,120.0
28326,1949.9310803580736,0.99960468228419,120.0
28327,1949.932469242636,0.99850509344255,120.0
28328,1949.933858127198,0.99901715423782,120.0
28329,1949.93524701176,0.99895821404243,120.0
28330,1949.9366358963227,0.99924215106304,120.0
28331,1949.9380247808851,0.99993578274684,120.0
28332,1949.9394136652147,0.9986572121233,120.0
28333,1949.940802549777,0.99852094600503,120.0
28334,1949.942191434338,0.99871161706276,120.0
28335,1949.9435803188992,0.99867626986458,120.0
28336,1949.9449692034611,0.99896480349251,120.0
28337,1949.946358088023,0.99786422933026,120.0
28338,1949.947746972586,1.00056290033265,120.0
28339,1949.949135856916,0.99924625555285,120.0
28340,1949.950524741478,0.99931819393739,120.0
28341,1949.95191362604,0.99913602895637,120.0
28342,1949.953302510602,0.99908250957073,120.0
28343,1949.954691395164,0.99907427676876,120.0
28344,1949.956080279493,0.99910129493124,120.0
28345,1949.9574691640553,0.99935802317225,120.0
28346,1949.958858048618,0.9989586759776,120.0
28347,1949.9602469331808,0.99932733214549,120.0
28348,1949.96163581751,0.99944732604163,120.0
28349,1949.963024702072,0.99930109954339,120.0
28350,1949.964413586634,0.99901800084944,120.0
28351,1949.965802471196,0.99910660729006,120.0
28352,1949.9671913555253,0.9993951356585,120.0
28353,1949.968580240088,0.99903165634782,120.0
28354,1949.9699691246508,0.99891039045819,120.0
28355,1949.9713580092127,0.9992076464168,120.0
28356,1949.9727468935416,0.99960969090442,120.0
28357,1949.974135778104,0.99886210268004,120.0
28358,1949.9755246626664,0.9986728772271,120.0
28359,1949.976913546995,0.99923104721743,120.0
28360,1949.9783024315564,0.99986160229914,120.0
28361,1949.9796913161188,0.99870684966826,120.0
28362,1949.9810802004483,0.999414127093,120.0
28363,1949.9824690850105,0.99929005313916,120.0
28364,1949.983857969573,0.99852406520859,120.0
28365,1949.9852468539016,0.99908537422182,120.0
28366,1949.9866357384635,0.99835368112762,120.0
28367,1949.9880246227929,0.99869617842339,120.0
28368,1949.9894135073553,0.9992543833966,120.0
28369,1949.9908023919177,0.99821197377284,120.0
28370,1949.9921912762477,0.99852000696091,120.0
28371,1949.9935801608096,0.99865609082637,120.0
28372,1949.9949690451388,0.99880664956301,120.0
28373,1949.9963579297007,0.99935334393334,120.0
28374,1949.997746814263,0.99854784015983,120.0
28375,1949.999135698592,0.9988940417553,120.0
28376,1950.000524583154,0.99852338100835,120.0
28377,1950.001913467484,0.99880343885796,120.0
28378,1950.0033023520468,0.99862136137888,120.0
28379,1950.004691236376,0.99897074044275,120.0
28380,1950.006080120938,0.9981383439577,120.0
28381,1950.0074690052672,0.99869260060583,120.0
28382,1950.0088578898292,0.99935200407215,120.0
28383,1950.0102467741583,0.99882086836638,120.0
28384,1950.0116356587205,0.99943717197827,120.0
28385,1950.0130245430496,0.99928531623549,120.0
28386,1950.0144134276115,0.99822271247274,120.0
28387,1950.015802311941,0.99839215994317,120.0
28388,1950.0171911965033,0.99871052212611,120.0
28389,1950.018580080832,0.99825595493907,120.0
28390,1950.0199689653944,0.99915423341203,120.0
28391,1950.0213578497232,0.99890100588948,120.0
28392,1950.0227467342856,0.99914040388276,120.0
28393,1950.0241356186152,0.9996083528226,120.0
28394,1950.0255245029452,0.99906010900564,120.0
28395,1950.0269133875072,0.99889136999543,120.0
28396,1950.0283022718363,0.9995770807193,120.0
28397,1950.0296911563985,0.99936109382079,120.0
28398,1950.0310800407276,0.99864271055238,120.0
28399,1950.0324689250567,0.99909877695182,120.0
28400,1950.0338578096196,0.99946033882608,120.0
28401,1950.0352466939496,0.99918378272682,120.0
28402,1950.0366355785116,0.99807135870689,120.0
28403,1950.038024462841,0.99903889967394,120.0
28404,1950.03941334717,0.99896094666784,120.0
28405,1950.040802231732,0.9990119303346,120.0
28406,1950.0421911160613,0.99870869843572,120.0
28407,1950.0435800003904,0.99884952587046,120.0
28408,1950.0449688849533,0.99854404499784,120.0
28409,1950.0463577692833,0.99788196818519,120.0
28410,1950.0477466536115,0.99848021140927,120.0
28411,1950.04913553794,0.99886194111434,120.0
28412,1950.050524422502,0.99875138967038,120.0
28413,1950.0519133068312,0.99874281383816,120.0
28414,1950.0533021911604,0.99829780925444,120.0
28415,1950.0546910757223,0.99927249324334,120.0
28416,1950.0560799600523,0.99874205502676,120.0
28417,1950.0574688443824,0.99746150380102,120.0
28418,1950.0588577287112,0.998346925279,120.0
28419,1950.0602466132736,1.00003914343423,120.0
28420,1950.0616354976028,0.99870530222833,120.0
28421,1950.063024381932,0.99949182363537,120.0
28422,1950.0644132662612,0.99842374494986,120.0
28423,1950.0658021505903,0.99895960885332,120.0
28424,1950.0671910351532,0.99910970716486,120.0
28425,1950.0685799194832,0.99942178634433,120.0
28426,1950.0699688038123,0.99937385940473,120.0
28427,1950.0713576881417,0.99899345718444,120.0
28428,1950.0727465724704,0.99879732255851,120.0
28429,1950.0741354570323,0.99855218272485,120.0
28430,1950.0755243413616,0.99996820920217,120.0
28431,1950.0769132256908,0.9993068838185,120.0
28432,1950.0783021100208,0.99907883286317,120.0
28433,1950.0796909943508,0.99859571726072,120.0
28434,1950.08107987868,0.99846688789885,120.0
28435,1950.0824687630084,0.99892934838458,120.0
28436,1950.0838576475696,0.99928690136438,120.0
28437,1950.0852465318992,1.00009583429362,120.0
28438,1950.0866354162283,1.00053044959871,120.0
28439,1950.088024300558,0.9989043306707,120.0
28440,1950.089413184888,0.99844601327947,120.0
28441,1950.0908020692173,0.99851159172919,120.0
28442,1950.0921909535464,0.99861316679554,120.0
28443,1950.0935798378755,0.99913494995183,120.0
28444,1950.0949687222048,0.99979563190614,120.0
28445,1950.096357606534,0.99835836681681,120.0
28446,1950.0977464908633,0.99905867584057,120.0
28447,1950.099135375193,0.99915320751644,120.0
28448,1950.1005242595231,0.99844449702028,120.0
28449,1950.101913143852,0.99891717284123,120.0
28450,1950.1033020281811,0.997945772539,120.0
28451,1950.1046909125107,0.99864939675313,120.0
28452,1950.10607979684,0.99906628176005,120.0
28453,1950.1074686811692,0.99893451976659,120.0
28454,1950.1088575654985,0.99873708048117,120.0
28455,1950.1102464498283,0.99879847959401,120.0
28456,1950.111635334158,0.99867628985926,120.0
28457,1950.1130242184872,0.99942880612361,120.0
28458,1950.1144131028163,0.99786402188581,120.0
28459,1950.1158019871457,0.99897097961578,120.0
28460,1950.117190871474,0.9987187266501,120.0
28461,1950.1185797558023,0.99876705265005,120.0
28462,1950.119968640132,0.99788696816313,120.0
28463,1950.1213575244617,0.99872291492725,120.0
28464,1950.1227464087915,0.99782987891065,120.0
28465,1950.1241352931208,0.9993806250644,120.0
28466,1950.12552417745,0.99938981408159,120.0
28467,1950.1269130615465,0.99871485024807,120.0
28468,1950.128301945876,0.99872580680726,120.0
28469,1950.1296908302047,0.99965632450657,120.0
28470,1950.131079714534,0.9989597750164,120.0
28471,1950.132468598864,0.99917651511294,120.0
28472,1950.1338574831937,0.99906910406084,120.0
28473,1950.1352463675232,0.99894179464362,120.0
28474,1950.1366352516195,0.99836301893062,120.0
28475,1950.1380241359489,0.99874586849768,120.0
28476,1950.1394130202775,0.9994904434103,120.0
28477,1950.140801904607,0.99884105907868,120.0
28478,1950.142190788936,0.99865313055459,120.0
28479,1950.143579673266,0.99887027753868,120.0
28480,1950.1449685573632,0.99950800753959,120.0
28481,1950.1463574416923,0.9995437140893,120.0
28482,1950.1477463260217,0.9988348710918,120.0
28483,1950.1491352103508,0.99859730378159,120.0
28484,1950.1505240944473,0.99880743316599,120.0
28485,1950.1519129787755,0.99884555654889,120.0
28486,1950.1533018631048,0.99920924158245,120.0
28487,1950.1546907474344,0.99928185546072,120.0
28488,1950.1560796315312,0.99846858190003,120.0
28489,1950.1574685158605,0.99879197823916,120.0
28490,1950.1588574001896,0.99939060289902,120.0
28491,1950.1602462845187,0.99856288236907,120.0
28492,1950.1616351686152,0.99867888205222,120.0
28493,1950.1630240529444,0.99897844459768,120.0
28494,1950.164412937274,0.99979108324506,120.0
28495,1950.1658018213711,0.99890247685544,120.0
28496,1950.1671907057005,0.9990196339074,120.0
28497,1950.1685795900296,0.99927557247465,120.0
28498,1950.169968474126,0.99878659777059,120.0
28499,1950.1713573584552,0.99838659136119,120.0
28500,1950.1727462427843,0.9993548433595,120.0
28501,1950.1741351268809,0.99922374545223,120.0
28502,1950.1755240112109,0.99911309520945,120.0
28503,1950.176912895541,0.9987818813039,120.0
28504,1950.1783017796367,0.9993644091542,120.0
28505,1950.1796906639663,0.99938983619341,120.0
28506,1950.1810795480624,0.99894179063099,120.0
28507,1950.1824684323915,0.99912918665756,120.0
28508,1950.1838573167208,0.99810512576891,120.0
28509,1950.1852462008171,0.99904574793099,120.0
28510,1950.1866350851465,0.99874107020303,120.0
28511,1950.1880239692427,0.99878759545864,120.0
28512,1950.189412853572,0.99892028228135,120.0
28513,1950.1908017376684,0.99891621852192,120.0
28514,1950.1921906219975,0.99864392812412,120.0
28515,1950.193579506094,0.99932396235555,120.0
28516,1950.1949683904231,0.9990227985365,120.0
28517,1950.1963572747525,0.99891386760187,120.0
28518,1950.1977461588497,0.99907308666378,120.0
28519,1950.1991350431792,0.99833433879251,120.0
28520,1950.2005239272755,0.99884439823512,120.0
28521,1950.201912811605,0.99864112059229,120.0
28522,1950.2033016957012,0.9988837948886,120.0
28523,1950.2046905797977,0.99953860147965,120.0
28524,1950.2060794641272,0.99974677824501,120.0
28525,1950.207468348224,0.9991406806756,120.0
28526,1950.208857232554,0.99928746979219,120.0
28527,1950.2102461166503,0.99888837751447,120.0
28528,1950.2116350009792,0.99895049809062,120.0
28529,1950.213023885076,0.99972181545667,120.0
28530,1950.2144127694048,0.99923509859806,120.0
28531,1950.2158016535016,0.99928500375798,120.0
28532,1950.2171905375976,0.9988867274252,120.0
28533,1950.2185794219276,0.99922644295446,120.0
28534,1950.219968306024,0.99930903916645,120.0
28535,1950.2213571903524,0.99881433131267,120.0
28536,1950.222746074449,0.99900727826566,120.0
28537,1950.2241349585452,0.99903200487733,120.0
28538,1950.2255238428745,0.99846811658103,120.0
28539,1950.2269127269708,0.99928841784497,120.0
28540,1950.2283016110673,1.00003090714103,120.0
28541,1950.229690495397,0.99919592199316,120.0
28542,1950.2310793794943,0.9981868849627,120.0
28543,1950.2324682635904,0.99971391903256,120.0
28544,1950.2338571479197,0.99936671316162,120.0
28545,1950.235246032016,0.99955071992066,120.0
28546,1950.2366349161125,0.99871255320453,120.0
28547,1950.2380238004416,0.99864540534691,120.0
28548,1950.239412684538,0.9986759514168,120.0
28549,1950.240801568635,0.99892392342534,120.0
28550,1950.2421904529651,0.99932541111546,120.0
28551,1950.2435793370616,0.99951716860403,120.0
28552,1950.244968221158,0.99953188188787,120.0
28553,1950.2463571052544,0.99885780634135,120.0
28554,1950.247745989583,1.00038468255302,120.0
28555,1950.2491348736796,0.99893676069479,120.0
28556,1950.250523757776,0.99864143398359,120.0
28557,1950.251912641873,0.99954135140908,120.0
28558,1950.2533015259703,0.9999149871315,120.0
28559,1950.2546904102987,0.99900880858043,120.0
28560,1950.2560792943943,0.99866584689768,120.0
28561,1950.2574681784909,0.99888166072878,120.0
28562,1950.2588570625871,0.99862216794934,120.0
28563,1950.2602459466837,0.99966837687645,120.0
28564,1950.2616348310137,0.99965017135037,120.0
28565,1950.2630237151104,0.99868981732612,120.0
28566,1950.2644125992067,0.99905583607197,120.0
28567,1950.2658014833032,0.99860137283825,120.0
28568,1950.2671903673995,0.99885688470568,120.0
28569,1950.268579251496,0.99835103096917,120.0
28570,1950.2699681358251,0.99827262803939,120.0
28571,1950.2713570199217,0.99874015256022,120.0
28572,1950.2727459040184,0.99876380721979,120.0
28573,1950.274134788116,0.99944687819186,120.0
28574,1950.275523672212,0.99864772160136,120.0
28575,1950.2769125563084,0.99948144294026,120.0
28576,1950.278301440405,0.99940173972082,120.0
28577,1950.2796903245012,0.99917474774531,120.0
28578,1950.2810792085977,0.99940950637836,120.0
28579,1950.282468092694,0.99903383298255,120.0
28580,1950.2838569767907,0.99878896610334,120.0
28581,1950.285245860888,0.99958603339276,120.0
28582,1950.2866347449844,0.99870564918465,120.0
28583,1950.2880236293129,0.99905677099633,120.0
28584,1950.2894125134087,0.99883578049747,120.0
28585,1950.2908013975048,1.00000042838278,120.0
28586,1950.2921902816013,0.99912587928359,120.0
28587,1950.2935791656976,0.99918434351084,120.0
28588,1950.2949680497948,0.99931845791261,120.0
28589,1950.296356933892,0.99968601810343,120.0
28590,1950.297745817988,0.99945630793149,120.0
28591,1950.2991347020843,0.99991622483825,120.0
28592,1950.300523585948,0.99950142507941,120.0
28593,1950.3019124700445,0.99954655228444,120.0
28594,1950.3033013541408,0.9989503247747,120.0
28595,1950.3046902382373,0.99994426183321,120.0
28596,1950.3060791223345,0.99864354494806,120.0
28597,1950.3074680064312,0.99921753045017,120.0
28598,1950.3088568905275,0.99898466276409,120.0
28599,1950.310245774624,0.9995945983543,120.0
28600,1950.3116346587203,0.99937623851912,120.0
28601,1950.3130235428168,0.99848837456076,120.0
28602,1950.3144124269131,0.99919957717748,120.0
28603,1950.3158013110096,0.99927206929557,120.0
28604,1950.3171901948735,0.9982640199074,120.0
28605,1950.3185790789707,0.99993116674785,120.0
28606,1950.3199679630673,0.99969247201291,120.0
28607,1950.3213568471635,0.99979693553796,120.0
28608,1950.3227457312591,0.99885678931838,120.0
28609,1950.3241346153548,0.99872716387004,120.0
28610,1950.3255234994513,0.99925448198014,120.0
28611,1950.3269123833156,0.99974248516402,120.0
28612,1950.3283012674128,0.99904514707756,120.0
28613,1950.329690151509,0.99998433530541,120.0
28614,1950.3310790356056,0.99926725676893,120.0
28615,1950.332467919702,0.99964687116251,120.0
28616,1950.3338568035651,0.99999262288187,120.0
28617,1950.3352456876617,0.99943949154352,120.0
28618,1950.336634571758,1.00014913194759,120.0
28619,1950.3380234558551,0.99939903691669,120.0
28620,1950.3394123397195,0.999254048017,120.0
28621,1950.3408012238156,0.99954400098528,120.0
28622,1950.342190107912,0.99926222781648,120.0
28623,1950.3435789920084,0.99925621159399,120.0
28624,1950.344967875872,0.99921653556484,120.0
28625,1950.3463567599683,0.99950111976194,120.0
28626,1950.3477456440648,0.9990507769388,120.0
28627,1950.3491345281616,0.99940841127627,120.0
28628,1950.350523412026,0.99921023952416,120.0
28629,1950.3519122961225,0.99963414173559,120.0
28630,1950.3533011802188,0.99839255397961,120.0
28631,1950.3546900640824,0.99904338758413,120.0
28632,1950.356078948178,0.99928699455657,120.0
28633,1950.3574678322736,0.99955798508996,120.0
28634,1950.358856716137,0.99894350911035,120.0
28635,1950.3602456002343,0.99844652082977,120.0
28636,1950.3616344843313,0.99948833598568,120.0
28637,1950.3630233681947,0.9995822731793,120.0
28638,1950.3644122522912,0.99997816053703,120.0
28639,1950.3658011361547,0.99886948448026,120.0
28640,1950.3671900202512,0.99919908659917,120.0
28641,1950.3685789043475,0.99940152544313,120.0
28642,1950.3699677882112,0.99938230597728,120.0
28643,1950.371356672308,1.00000717250767,120.0
28644,1950.372745556172,0.99958590460397,120.0
28645,1950.3741344402688,0.99917746363419,120.0
28646,1950.3755233243653,0.99931578455307,120.0
28647,1950.3769122082288,0.9998891496341,120.0
28648,1950.3783010923248,0.99941073480915,120.0
28649,1950.3796899761885,0.99867518060317,120.0
28650,1950.3810788602857,0.99892260978989,120.0
28651,1950.38246774415,1.00014760923219,120.0
28652,1950.3838566282463,0.99959760718662,120.0
28653,1950.3852455121096,0.99972398411284,120.0
28654,1950.386634396206,0.99995375861435,120.0
28655,1950.3880232800695,0.99944754003546,120.0
28656,1950.3894121641652,0.99905777355795,120.0
28657,1950.3908010480284,0.9990306922791,120.0
28658,1950.3921899321251,0.99969136707064,120.0
28659,1950.3935788159897,0.99925516286759,120.0
28660,1950.394967700086,0.99964791867909,120.0
28661,1950.3963565839497,0.99902983273788,120.0
28662,1950.397745468046,0.99863717000937,120.0
28663,1950.3991343519097,0.99914489716334,120.0
28664,1950.4005232357729,0.9996634196301,120.0
28665,1950.4019121198692,0.99937911758278,120.0
28666,1950.4033010037335,1.0001321337414,120.0
28667,1950.4046898878307,0.99994680734678,120.0
28668,1950.406078771694,0.99893820364821,120.0
28669,1950.4074676555576,0.99988833297653,120.0
28670,1950.408856539654,0.9999976658095,120.0
28671,1950.4102454235176,0.99940273149589,120.0
28672,1950.411634307614,0.99961320939952,120.0
28673,1950.4130231914776,0.9996512525092,120.0
28674,1950.4144120753415,0.9998428277069,120.0
28675,1950.4158009594385,0.9996454256433,120.0
28676,1950.4171898433024,0.99916876079141,120.0
28677,1950.4185787271656,1.00012138327338,120.0
28678,1950.4199676112623,0.99983782169318,120.0
28679,1950.4213564951256,0.99975795871451,120.0
28680,1950.4227453789888,0.99932749706308,120.0
28681,1950.4241342630844,0.9987380607474,120.0
28682,1950.4255231469483,0.99916244118561,120.0
28683,1950.426912030813,1.00038871723119,120.0
28684,1950.4283009146764,1.00008221065582,120.0
28685,1950.4296897987729,0.99967760451591,120.0
28686,1950.431078682636,0.99917239614748,120.0
28687,1950.4324675664996,0.99970465499461,120.0
28688,1950.433856450596,0.99983210458432,120.0
28689,1950.4352453344595,0.99960333026135,120.0
28690,1950.436634218324,1.00094770035366,120.0
28691,1950.438023102188,0.99977302334764,120.0
28692,1950.4394119860517,0.99967352206165,120.0
28693,1950.440800870148,0.99939190692836,120.0
28694,1950.4421897540117,0.99965790702075,120.0
28695,1950.4435786378751,0.99950430559198,120.0
28696,1950.4449675217384,0.99997462640604,120.0
28697,1950.4463564056027,0.99949023489027,120.0
28698,1950.4477452897,0.99959673410606,120.0
28699,1950.4491341735636,1.00028220230961,120.0
28700,1950.4505230574273,1.00090135006375,120.0
28701,1950.4519119412903,0.99959111861241,120.0
28702,1950.4533008251544,0.9997695122139,120.0
28703,1950.4546897090167,0.99970865801807,120.0
28704,1950.45607859288,0.99946361727763,120.0
28705,1950.4574674769767,1.00067062971493,120.0
28706,1950.4588563608409,0.99936846289106,120.0
28707,1950.4602452447048,0.99877855968525,120.0
28708,1950.461634128568,0.99977046126417,120.0
28709,1950.463023012432,1.00013569172567,120.0
28710,1950.4644118962951,0.99940217986496,120.0
28711,1950.4658007801588,0.99995320405979,120.0
28712,1950.4671896640225,0.99948503494683,120.0
28713,1950.4685785478864,0.99971880461932,120.0
28714,1950.4699674317512,0.99992939732903,120.0
28715,1950.4713563156145,1.00004501398129,120.0
28716,1950.472745199478,0.99973485846292,120.0
28717,1950.4741340833411,0.99983667388423,120.0
28718,1950.4755229674377,0.99994389337893,120.0
28719,1950.476911851301,0.99981164071207,120.0
28720,1950.4783007351648,0.99972588611568,120.0
28721,1950.4796896190292,1.00005634251825,120.0
28722,1950.4810785028933,0.9996089556032,120.0
28723,1950.4824673867568,1.00071690464636,120.0
28724,1950.4838562706204,1.00032795891786,120.0
28725,1950.4852451542513,0.99887981204091,120.0
28726,1950.4866340381147,1.0003974893902,120.0
28727,1950.4880229219775,0.99880099853832,120.0
28728,1950.48941180584,1.00026297776365,120.0
28729,1950.4908006897049,0.99986639594798,120.0
28730,1950.4921895735688,1.00010882402561,120.0
28731,1950.4935784574325,0.99988494123253,120.0
28732,1950.494967341296,1.00001397859509,120.0
28733,1950.4963562251592,0.99887263043083,120.0
28734,1950.4977451090233,1.00072036833441,120.0
28735,1950.4991339928868,0.9999816125362,120.0
28736,1950.500522876751,1.00005007960382,120.0
28737,1950.5019117606153,0.99983822784462,120.0
28738,1950.5033006442457,0.99987296175742,120.0
28739,1950.504689528109,0.99934678332978,120.0
28740,1950.5060784119728,1.00020096799528,120.0
28741,1950.5074672958365,0.99942301471694,120.0
28742,1950.5088561797,1.00055537353115,120.0
28743,1950.5102450635632,1.00004286506176,120.0
28744,1950.5116339474275,0.99943496971638,120.0
28745,1950.5130228310593,1.00038081614576,120.0
28746,1950.5144117149227,0.99926813492318,120.0
28747,1950.5158005987864,1.00009210689055,120.0
28748,1950.5171894826497,0.9988759384259,120.0
28749,1950.518578366513,1.00006804844059,120.0
28750,1950.519967250144,0.99977337834748,120.0
28751,1950.5213561340067,0.99935202047557,120.0
28752,1950.5227450178704,1.00022209841467,120.0
28753,1950.5241339017343,0.9999893792395,120.0
28754,1950.5255227853652,1.0001286876308,120.0
28755,1950.5269116692289,1.00076095745549,120.0
28756,1950.5283005530923,1.00033722836808,120.0
28757,1950.529689436956,1.00044222125479,120.0
28758,1950.5310783205864,1.00049852624403,120.0
28759,1950.53246720445,0.99984221957628,120.0
28760,1950.5338560883145,1.00033108099971,120.0
28761,1950.5352449721788,0.99942498371795,120.0
28762,1950.5366338558097,0.99993647461849,120.0
28763,1950.538022739673,0.99941135844885,120.0
28764,1950.5394116235364,0.99933537754339,120.0
28765,1950.5408005071672,1.00031848749616,120.0
28766,1950.5421893910304,0.99984390885275,120.0
28767,1950.5435782748943,0.99959627733213,120.0
28768,1950.5449671585257,0.99955633495618,120.0
28769,1950.5463560423896,1.00039827426096,120.0
28770,1950.5477449260209,1.00054747889857,120.0
28771,1950.549133809884,0.99953343010636,120.0
28772,1950.5505226937476,1.00017685563178,120.0
28773,1950.5519115773784,0.99978488687003,120.0
28774,1950.5533004612412,1.00034140411458,120.0
28775,1950.554689345104,0.99935666057489,120.0
28776,1950.5560782287353,1.00111240487236,120.0
28777,1950.5574671126,0.99994576162499,120.0
28778,1950.5588559962305,1.00002305756236,120.0
28779,1950.560244880094,1.00086918902079,120.0
28780,1950.5616337637243,0.99914833641574,120.0
28781,1950.563022647588,0.99984428834861,120.0
28782,1950.564411531452,1.00060278998123,120.0
28783,1950.5658004150832,1.00123575960234,120.0
28784,1950.5671892989471,1.00011619224126,120.0
28785,1950.568578182578,1.0005267226594,120.0
28786,1950.5699670664417,0.99991209429196,120.0
28787,1950.5713559500723,1.00065501257334,120.0
28788,1950.572744833936,0.99960478094846,120.0
28789,1950.5741337175664,0.99974804693904,120.0
28790,1950.57552260143,0.99903916972899,120.0
28791,1950.5769114850616,1.00043908977522,120.0
28792,1950.5783003689255,1.00037100906847,120.0
28793,1950.5796892525564,1.00003982541537,120.0
28794,1950.5810781361872,1.00109341697042,120.0
28795,1950.5824670200504,1.00006733332991,120.0
28796,1950.5838559036815,1.00054901451976,120.0
28797,1950.5852447875448,1.00039497818969,120.0
28798,1950.5866336711747,1.00010319790808,120.0
28799,1950.5880225550384,0.99950775586301,120.0
28800,1950.58941143867,1.00028252513979,120.0
28801,1950.5908003223003,0.99961417481821,120.0
28802,1950.592189206164,1.0003822987056,120.0
28803,1950.5935780897953,0.99989829733344,120.0
28804,1950.5949669736583,0.99989237966222,120.0
28805,1950.5963558572892,0.99996723815094,120.0
28806,1950.5977447409196,0.99956439126785,120.0
28807,1950.599133624784,0.99990312029011,120.0
28808,1950.6005225084157,1.00055619372063,120.0
28809,1950.6019113920463,1.00018549076316,120.0
28810,1950.6033002759095,1.00086615687943,120.0
28811,1950.6046891595404,0.99980616342427,120.0
28812,1950.6060780431712,1.00010666615168,120.0
28813,1950.6074669270345,1.00031396844021,120.0
28814,1950.6088558106655,1.0005984371067,120.0
28815,1950.6102446942969,1.00060017383076,120.0
28816,1950.6116335781608,0.9995666115005,120.0
28817,1950.613022461792,1.00062645057416,120.0
28818,1950.6144113454225,0.99996196665696,120.0
28819,1950.615800229053,1.00143871373671,120.0
28820,1950.6171891129168,0.99986436101302,120.0
28821,1950.6185779965467,1.00016598292558,120.0
28822,1950.6199668801776,1.0007114706451,120.0
28823,1950.6213557638089,0.99920250448086,120.0
28824,1950.6227446476723,0.99997221816049,120.0
28825,1950.6241335313032,0.99996691730289,120.0
28826,1950.6255224149336,0.99957579447775,120.0
28827,1950.6269112985644,1.00043098200157,120.0
28828,1950.6283001821953,1.00165698031616,120.0
28829,1950.6296890660587,1.00012704005927,120.0
28830,1950.63107794969,0.99987598826343,120.0
28831,1950.6324668333216,0.99991016062701,120.0
28832,1950.633855716952,1.00014593219901,120.0
28833,1950.6352446005833,0.99983492840305,120.0
28834,1950.6366334842137,1.00067102880243,120.0
28835,1950.6380223680771,1.00038920627388,120.0
28836,1950.639411251708,0.99966134089203,120.0
28837,1950.6408001353384,1.00050359149316,120.0
28838,1950.64218901897,0.99993603349605,120.0
28839,1950.6435779026017,1.0002546215343,120.0
28840,1950.6449667862323,1.00037829729018,120.0
28841,1950.6463556698627,0.99949179158808,120.0
28842,1950.6477445534936,1.00006820372631,120.0
28843,1950.6491334371244,1.00022031030081,120.0
28844,1950.6505223207544,1.00078048728237,120.0
28845,1950.6519112046171,1.00052076250227,120.0
28846,1950.653300088249,1.00036541854822,120.0
28847,1950.65468897188,1.00002783508541,120.0
28848,1950.6560778555104,0.99923945780816,120.0
28849,1950.6574667391417,1.00090477063347,120.0
28850,1950.6588556227723,1.00009410476202,120.0
28851,1950.6602445064027,0.99999558184409,120.0
28852,1950.6616333900336,1.00045281633683,120.0
28853,1950.663022273664,0.99956740076591,120.0
28854,1950.6644111572955,1.00007086175439,120.0
28855,1950.6658000409273,1.00080544093173,120.0
28856,1950.6671889245576,0.99982108409551,120.0
28857,1950.6685778081885,1.0005829512146,120.0
28858,1950.6699666918191,1.00093556621783,120.0
28859,1950.67135557545,1.00026031704877,120.0
28860,1950.6727444590808,1.0002534938578,120.0
28861,1950.6741333427112,1.00073509644462,120.0
28862,1950.6755222263428,1.00052711831151,120.0
28863,1950.6769111097412,1.00016305489784,120.0
28864,1950.678299993372,1.00135193125989,120.0
28865,1950.6796888770027,0.99921054092387,120.0
28866,1950.6810777606336,0.999946642412,120.0
28867,1950.6824666442635,0.9999945646104,120.0
28868,1950.6838555278937,1.0006821779146,120.0
28869,1950.6852444115248,0.99963331327106,120.0
28870,1950.6866332951563,1.00043468150393,120.0
28871,1950.6880221787872,1.00018111400791,120.0
28872,1950.6894110624175,1.00078717315368,120.0
28873,1950.6907999458156,0.99993991459492,120.0
28874,1950.6921888294464,1.00036183021049,120.0
28875,1950.6935777130768,1.00003211747388,120.0
28876,1950.6949665967077,1.00064010640966,120.0
28877,1950.6963554803388,0.99978553427991,120.0
28878,1950.6977443639703,1.00013597257987,120.0
28879,1950.6991332473683,1.00103533841169,120.0
28880,1950.7005221309992,1.00031459945595,120.0
28881,1950.7019110146296,1.00125724972009,120.0
28882,1950.7032998982609,1.00054868423976,120.0
28883,1950.7046887818913,1.00043668296263,120.0
28884,1950.7060776652888,1.00144620035129,120.0
28885,1950.7074665489204,0.99948675314055,120.0
28886,1950.708855432552,1.00100173754102,120.0
28887,1950.7102443161828,1.00082312166085,120.0
28888,1950.7116331995803,0.99988317847985,120.0
28889,1950.7130220832112,1.00012517759381,120.0
28890,1950.7144109668411,1.00075020590427,120.0
28891,1950.7157998502385,1.00139163829017,120.0
28892,1950.7171887338693,0.99962159483343,120.0
28893,1950.7185776175008,1.00044950987695,120.0
28894,1950.719966501132,1.00033819519948,120.0
28895,1950.7213553845295,1.00138946635279,120.0
28896,1950.7227442681603,0.99997367669099,120.0
28897,1950.7241331517912,1.00102058067199,120.0
28898,1950.7255220351892,1.00030079917461,120.0
28899,1950.72691091882,1.0011180374127,120.0
28900,1950.7282998024505,1.00012249842272,120.0
28901,1950.7296886858492,1.00067101525511,120.0
28902,1950.7310775694805,1.00010786182762,120.0
28903,1950.7324664528785,1.00064791470319,120.0
28904,1950.7338553365091,1.00032931360272,120.0
28905,1950.7352442201395,1.00094846184633,120.0
28906,1950.7366331035375,1.00063243777,120.0
28907,1950.7380219871684,1.00039548169383,120.0
28908,1950.7394108705669,1.00041685432633,120.0
28909,1950.7407997541984,0.9999531483018,120.0
28910,1950.7421886378288,1.00028077092442,120.0
28911,1950.7435775212273,0.99990985063799,120.0
28912,1950.7449664048577,1.00078842017932,120.0
28913,1950.7463552882548,1.00038443786554,120.0
28914,1950.7477441718847,1.00080286799665,120.0
28915,1950.7491330552828,1.00005678476523,120.0
28916,1950.7505219389143,1.0005141091084,120.0
28917,1950.7519108223128,1.00044430752126,120.0
28918,1950.7532997059436,1.00045644420308,120.0
28919,1950.7546885893416,1.00055701426028,120.0
28920,1950.756077472972,1.00056840713987,120.0
28921,1950.7574663563696,1.00025059702884,120.0
28922,1950.758855240001,0.99983771497021,120.0
28923,1950.7602441233985,1.00134118397959,120.0
28924,1950.7616330070296,1.00056141855011,120.0
28925,1950.7630218904285,1.00046646624454,120.0
28926,1950.7644107740591,1.00042674271831,120.0
28927,1950.7657996574571,1.00017219979321,120.0
28928,1950.7671885410875,1.00106226829886,120.0
28929,1950.7685774244856,0.99954468119495,120.0
28930,1950.7699663078836,1.00007302487954,120.0
28931,1950.7713551915144,0.99909543981696,120.0
28932,1950.772744074913,0.99992959283769,120.0
28933,1950.774132958544,1.00022277728144,120.0
28934,1950.7755218419425,0.99941488986938,120.0
28935,1950.77691072534,0.99975395458109,120.0
28936,1950.77829960897,0.99963831772894,120.0
28937,1950.7796884923673,1.00104117110646,120.0
28938,1950.781077375998,0.99960826208947,120.0
28939,1950.7824662593955,0.99928768723498,120.0
28940,1950.7838551427944,0.99926200604992,120.0
28941,1950.7852440264255,0.99952689218386,120.0
28942,1950.7866329098235,0.99956042153346,120.0
28943,1950.7880217932216,0.99960387042476,120.0
28944,1950.789410676852,0.99978942519134,120.0
28945,1950.7907995602504,0.99934609034601,120.0
28946,1950.792188443648,0.99893132083777,120.0
28947,1950.7935773270456,0.99890210349229,120.0
28948,1950.794966210677,0.9989698003473,120.0
28949,1950.796355094076,0.99907344881356,120.0
28950,1950.7977439774736,0.9999598867013,120.0
28951,1950.7991328611045,0.99903763674573,120.0
28952,1950.8005217445025,0.99901171544727,120.0
28953,1950.8019106279,0.99886705829725,120.0
28954,1950.803299511298,0.99949330688977,120.0
28955,1950.8046883949291,0.99920112077326,120.0
28956,1950.806077278328,1.00003686058456,120.0
28957,1950.8074661617256,0.99983085445107,120.0
28958,1950.8088550451237,0.99946630173445,120.0
28959,1950.8102439285208,0.99975420133399,120.0
28960,1950.8116328121512,0.99989398394715,120.0
28961,1950.8130216955487,0.99944824218902,120.0
28962,1950.8144105789468,0.99946106532683,120.0
28963,1950.8157994623457,0.99942144666369,120.0
28964,1950.817188345744,0.99982415962579,120.0
28965,1950.8185772291415,0.99854226926017,120.0
28966,1950.8199661127724,0.99897361520292,120.0
28967,1950.8213549961704,0.99938430756068,120.0
28968,1950.822743879568,0.99895655242063,120.0
28969,1950.8241327629664,0.99979114962449,120.0
28970,1950.825521646364,0.99984183760159,120.0
28971,1950.8269105297625,0.99907937204276,120.0
28972,1950.8282994131612,0.99926093579454,120.0
28973,1950.8296882965587,1.00027700227457,120.0
28974,1950.8310771799568,0.99960389537967,120.0
28975,1950.8324660633548,1.00012172036965,120.0
28976,1950.8338549469856,0.99948780994186,120.0
28977,1950.8352438303832,0.99917777324871,120.0
28978,1950.8366327137812,0.99924008220798,120.0
28979,1950.83802159718,0.99890648623319,120.0
28980,1950.8394104805784,0.99937552412185,120.0
28981,1950.8407993639764,0.99926878270261,120.0
28982,1950.8421882473735,1.0004752022204,120.0
28983,1950.8435771307704,0.99966042490089,120.0
28984,1950.8449660141684,0.99920933666622,120.0
28985,1950.8463548975665,1.00026919261562,120.0
28986,1950.847743780964,1.00045408110886,120.0
28987,1950.8491326643627,0.99953840483384,120.0
28988,1950.8505215477617,0.99927307417899,120.0
28989,1950.8519104311592,0.99991132588823,120.0
28990,1950.8532993145573,0.99967284158606,120.0
28991,1950.8546881979553,0.99992641361953,120.0
28992,1950.8560770813529,0.99969847661978,120.0
28993,1950.8574659647509,0.9995055509517,120.0
28994,1950.8588548479167,0.99942924299345,120.0
28995,1950.8602437313152,0.99949935810676,120.0
28996,1950.8616326147128,0.99959141695764,120.0
28997,1950.8630214981113,1.00006682148013,120.0
28998,1950.8644103815088,0.99933827491867,120.0
28999,1950.8657992649064,0.99974705228897,120.0
29000,1950.8671881483044,0.99974717379154,120.0
29001,1950.8685770317024,0.99982963888383,120.0
29002,1950.8699659151007,0.99932763759375,120.0
29003,1950.8713547982668,0.9997567426094,120.0
29004,1950.872743681664,0.99943139528241,120.0
29005,1950.8741325650608,0.99982545137071,120.0
29006,1950.8755214484593,0.99979120542913,120.0
29007,1950.8769103318568,1.00047468592162,120.0
29008,1950.8782992152549,0.99983385635955,120.0
29009,1950.87968809842,1.00005594958105,120.0
29010,1950.8810769818183,0.99931368411331,120.0
29011,1950.8824658652168,0.99968996470347,120.0
29012,1950.8838547486148,0.99971140391509,120.0
29013,1950.8852436320128,1.00064481439413,120.0
29014,1950.8866325151776,0.99966017460553,120.0
29015,1950.8880213985756,1.00060467885718,120.0
29016,1950.8894102819736,1.00040468096595,120.0
29017,1950.8907991653712,0.99944941043718,120.0
29018,1950.8921880485368,0.99962835804842,120.0
29019,1950.8935769319355,0.99891037934489,120.0
29020,1950.8949658153335,1.00048113692707,120.0
29021,1950.8963546987316,0.99997820451501,120.0
29022,1950.8977435818963,0.99989051683445,120.0
29023,1950.8991324652943,1.00059963627265,120.0
29024,1950.9005213486923,0.99996723668274,120.0
29025,1950.9019102318573,1.00131991008106,120.0
29026,1950.903299115256,1.00055310807769,120.0
29027,1950.9046879986536,1.00100343255148,120.0
29028,1950.9060768818183,1.00069415683802,120.0
29029,1950.907465765216,1.00079005240031,120.0
29030,1950.908854648614,0.999859544139,120.0
29031,1950.9102435317789,1.00126671839086,120.0
29032,1950.9116324151769,1.00072010452693,120.0
29033,1950.9130212985751,1.00222897411525,120.0
29034,1950.9144101817412,1.00030598591492,120.0
29035,1950.9157990651393,1.00113186379176,120.0
29036,1950.9171879485368,1.00112903830003,120.0
29037,1950.918576831702,1.00122390430223,120.0
29038,1950.9199657151,1.0019468172516,120.0
29039,1950.9213545982648,1.00118547451552,120.0
29040,1950.9227434816628,1.00157775754544,120.0
29041,1950.924132364829,1.00091657514634,120.0
29042,1950.9255212482271,1.00130507633211,120.0
29043,1950.9269101316247,1.00057578581956,120.0
29044,1950.92829901479,1.00093454002964,120.0
29045,1950.929687898188,1.00147130050571,120.0
29046,1950.9310767813529,1.0014586065791,120.0
29047,1950.9324656647505,1.00084908786161,120.0
29048,1950.933854547916,0.99980815028058,120.0
29049,1950.9352434313137,1.00118290263951,120.0
29050,1950.9366323144789,1.00123098850321,120.0
29051,1950.9380211978769,1.00080038008838,120.0
29052,1950.9394100810416,1.0015274640294,120.0
29053,1950.9407989644396,1.00115634002149,120.0
29054,1950.9421878476048,1.00103248855642,120.0
29055,1950.9435767310024,1.00111332431939,120.0
29056,1950.9449656141676,1.00107502540691,120.0
29057,1950.9463544973337,1.00143396427343,120.0
29058,1950.947743380732,1.00152256743253,120.0
29059,1950.949132263897,1.00098298057771,120.0
29060,1950.9505211472947,1.00136737494517,120.0
29061,1950.95191003046,1.00066239514765,120.0
29062,1950.9532989138577,1.00103846279631,120.0
29063,1950.9546877970229,1.00157125016408,120.0
29064,1950.956076680188,1.00148377115181,120.0
29065,1950.9574655635863,1.00108349862981,120.0
29066,1950.958854446752,1.00103996493803,120.0
29067,1950.9602433299171,1.00130170390385,120.0
29068,1950.9616322133147,1.0011011400637,120.0
29069,1950.96302109648,1.001803853381,120.0
29070,1950.964409979645,1.00123785214152,120.0
29071,1950.9657988630424,1.0016636516013,120.0
29072,1950.9671877462067,1.00089117389215,120.0
29073,1950.9685766293724,1.00113592535076,120.0
29074,1950.9699655127713,1.0018074603262,120.0
29075,1950.971354395936,1.00145965978147,120.0
29076,1950.9727432791012,1.00110358305317,120.0
29077,1950.9741321624992,1.00112680035201,120.0
29078,1950.975521045664,1.0007354683482,120.0
29079,1950.9769099288292,1.00057216751189,120.0
29080,1950.9782988119948,1.00069895080652,120.0
29081,1950.9796876953935,1.00127264895101,120.0
29082,1950.9810765785585,1.00049419933264,120.0
29083,1950.9824654617232,1.00076947628512,120.0
29084,1950.9838543448889,1.00129573046137,120.0
29085,1950.9852432282864,1.00036157014615,120.0
29086,1950.9866321114516,1.00123761099009,120.0
29087,1950.9880209946164,1.00169720961176,120.0
29088,1950.9894098777825,1.00166750370685,120.0
29089,1950.9907987611807,1.00239840835105,120.0
29090,1950.992187644346,1.00140658611809,120.0
29091,1950.993576527511,1.00138663258054,120.0
29092,1950.994965410676,1.00086254475211,120.0
29093,1950.9963542938403,1.0010709445525,120.0
29094,1950.9977431770048,1.00057662868305,120.0
29095,1950.9991320604024,1.00109587877077,120.0
29096,1951.000520943568,1.00144605615557,120.0
29097,1951.001909826734,1.00113183208735,120.0
29098,1951.0032987098991,1.0012895989791,120.0
29099,1951.004687593064,1.0005361210765,120.0
29100,1951.0060764762293,1.00144197433313,120.0
29101,1951.0074653593945,1.00075559078362,120.0
29102,1951.0088542425592,1.00176388624743,120.0
29103,1951.0102431257244,1.00080964627978,120.0
29104,1951.011632009123,1.00259670322894,120.0
29105,1951.0130208922888,1.00135613614737,120.0
29106,1951.0144097754535,1.00069345968821,120.0
29107,1951.015798658619,1.00151411645635,120.0
29108,1951.017187541784,1.00138667629257,120.0
29109,1951.0185764249488,1.00037014924073,120.0
29110,1951.0199653081136,1.00064395793535,120.0
29111,1951.0213541912788,1.00059993621777,120.0
29112,1951.0227430744449,1.00152885402362,120.0
29113,1951.0241319576105,1.00052393675157,120.0
29114,1951.0255208407752,1.00073918982576,120.0
29115,1951.0269097239404,1.00168595817526,120.0
29116,1951.0282986071047,1.00097811129988,120.0
29117,1951.0296874902692,1.00116958907633,120.0
29118,1951.0310763734344,1.00052695626618,120.0
29119,1951.0324652565992,1.00202104021641,120.0
29120,1951.0338541397653,1.0013616652889,120.0
29121,1951.035243022931,1.00073336225352,120.0
29122,1951.036631906096,1.00196515142072,120.0
29123,1951.0380207892608,1.00141844005817,120.0
29124,1951.0394096721932,1.00141427315914,120.0
29125,1951.040798555358,1.00110938407879,120.0
29126,1951.0421874385231,1.00157007228886,120.0
29127,1951.0435763216888,1.00076806718526,120.0
29128,1951.0449652048549,1.00154705942772,120.0
29129,1951.04635408802,1.00165732767842,120.0
29130,1951.0477429711848,1.00184493626681,120.0
29131,1951.04913185435,1.00053375438459,120.0
29132,1951.0505207375147,1.00147651244463,120.0
29133,1951.0519096204473,1.00038391654931,120.0
29134,1951.053298503612,1.00164411356648,120.0
29135,1951.054687386778,1.00122646100344,120.0
29136,1951.0560762699436,1.00117530023483,120.0
29137,1951.0574651531088,1.00134326947757,120.0
29138,1951.0588540362728,1.00155762654196,120.0
29139,1951.0602429192047,1.00158829051452,120.0
29140,1951.0616318023697,1.00155921683682,120.0
29141,1951.0630206855344,1.00107950936633,120.0
29142,1951.0644095687,1.00158998717156,120.0
29143,1951.0657984516329,1.00076455528997,120.0
29144,1951.0671873347983,1.0012949663714,120.0
29145,1951.0685762179633,1.00061478805313,120.0
29146,1951.0699651011284,1.00097406360056,120.0
29147,1951.0713539840608,1.0016560946677,120.0
29148,1951.0727428672255,1.00121564762928,120.0
29149,1951.0741317503907,1.00149525345462,120.0
29150,1951.075520633556,1.00093403083453,120.0
29151,1951.0769095164887,1.00125627291349,120.0
29152,1951.0782983996544,1.001135124076,120.0
29153,1951.0796872828196,1.00069437272893,120.0
29154,1951.081076165752,1.00055291082853,120.0
29155,1951.082465048917,1.00156702280177,120.0
29156,1951.0838539320816,1.00113527005764,120.0
29157,1951.085242815014,1.00132348102139,120.0
29158,1951.0866316981792,1.00121842782316,120.0
29159,1951.0880205813448,1.00112181965585,120.0
29160,1951.0894094642772,1.00146866626323,120.0
29161,1951.0907983474417,1.00145846099052,120.0
29162,1951.0921872306064,1.0008321960166,120.0
29163,1951.0935761135388,1.00104238831165,120.0
29164,1951.0949649967035,1.00094784690521,120.0
29165,1951.0963538798687,1.00179529421244,120.0
29166,1951.0977427628015,1.00233640083857,120.0
29167,1951.0991316459672,1.00184048742376,120.0
29168,1951.1005205288996,1.00134930721301,120.0
29169,1951.1019094120647,1.00110520162471,120.0
29170,1951.103298294997,1.00134087425951,120.0
29171,1951.104687178162,1.00158172962693,120.0
29172,1951.1060760613273,1.00079283524971,120.0
29173,1951.1074649442592,1.00125236135407,120.0
29174,1951.1088538274248,1.00092704819696,120.0
29175,1951.110242710358,1.00153608637544,120.0
29176,1951.1116315935233,1.00134128944242,120.0
29177,1951.1130204764552,1.00145872893565,120.0
29178,1951.11440935962,1.00084390773967,120.0
29179,1951.1157982425525,1.00117664820244,120.0
29180,1951.1171871257177,1.00167271695846,120.0
29181,1951.1185760086491,1.00126899724652,120.0
29182,1951.119964891814,1.00134064374673,120.0
29183,1951.1213537747467,1.00111055907205,120.0
29184,1951.1227426576793,1.00168094340824,120.0
29185,1951.124131540844,1.00126199108078,120.0
29186,1951.1255204237768,1.00138694267604,120.0
29187,1951.1269093069416,1.00119825772509,120.0
29188,1951.1282981898737,1.00150565280893,120.0
29189,1951.129687073039,1.00108375480053,120.0
29190,1951.1310759559717,1.00091508907049,120.0
29191,1951.1324648389048,1.00151343770048,120.0
29192,1951.1338537220695,1.00070366404702,120.0
29193,1951.1352426050016,1.00084945787333,120.0
29194,1951.1366314881673,1.00166556052618,120.0
29195,1951.1380203710992,1.00071035651859,120.0
29196,1951.1394092540315,1.00143194009304,120.0
29197,1951.1407981371965,1.00183941335601,120.0
29198,1951.1421870201295,1.00072114802652,120.0
29199,1951.1435759030624,1.0019297562038,120.0
29200,1951.144964786227,1.00161815814322,120.0
29201,1951.1463536691597,1.00196573370383,120.0
29202,1951.147742552092,1.00120629752057,120.0
29203,1951.149131435256,1.00057308776305,120.0
29204,1951.1505203181875,1.0009154480879,120.0
29205,1951.1519092011204,1.00133624819086,120.0
29206,1951.1532980840536,1.00084064346203,120.0
29207,1951.1546869672184,1.0022718964495,120.0
29208,1951.1560758501507,1.00091370864675,120.0
29209,1951.1574647330829,1.00083794575682,120.0
29210,1951.1588536160152,1.00128302513598,120.0
29211,1951.16024249918,1.00133342524645,120.0
29212,1951.1616313821123,1.00092454177352,120.0
29213,1951.1630202650451,1.0020157833358,120.0
29214,1951.164409147978,1.00101413203991,120.0
29215,1951.1657980311431,1.00111295203302,120.0
29216,1951.1671869140755,1.00138784414449,120.0
29217,1951.168575797008,1.00107659001282,120.0
29218,1951.16996467994,1.00153461796721,120.0
29219,1951.171353562872,1.00117822733084,120.0
29220,1951.1727424460369,1.00164732720718,120.0
29221,1951.17413132897,1.00135658908532,120.0
29222,1951.1755202119032,1.00094256186726,120.0
29223,1951.1769090948353,1.0001597132767,120.0
29224,1951.1782979777672,1.00142320633424,120.0
29225,1951.1796868606991,1.00110419610971,120.0
29226,1951.1810757436303,1.00139905612299,120.0
29227,1951.1824646265627,1.00246745105859,120.0
29228,1951.183853509728,1.00087392620268,120.0
29229,1951.1852423926607,1.0016710851087,120.0
29230,1951.1866312755935,1.00086593364574,120.0
29231,1951.1880201585257,1.00169552958443,120.0
29232,1951.189409041458,1.00071527451877,120.0
29233,1951.1907979243904,1.00092691999093,120.0
29234,1951.1921868073223,1.0011682664191,120.0
29235,1951.1935756902544,1.0008296416963,120.0
29236,1951.1949645731872,1.00259904428744,120.0
29237,1951.19635345612,1.00143359248278,120.0
29238,1951.1977423390529,1.001059050175,120.0
29239,1951.1991312219848,1.00085714988729,120.0
29240,1951.2005201049171,1.00155667951164,120.0
29241,1951.2019089878495,1.00206451900246,120.0
29242,1951.2032978707816,1.00111980814206,120.0
29243,1951.204686753714,1.00049586178397,120.0
29244,1951.206075636646,1.00172959882245,120.0
29245,1951.2074645195787,1.00079217121212,120.0
29246,1951.2088534025115,1.00046355540621,120.0
29247,1951.2102422854432,1.00184838319148,120.0
29248,1951.211631168375,1.00115818361212,120.0
29249,1951.2130200513072,1.001078956621,120.0
29250,1951.2144089342391,1.00136816876882,120.0
29251,1951.2157978171715,1.00176639825305,120.0
29252,1951.2171867001043,1.00151003883317,120.0
29253,1951.2185755830371,1.00119615322284,120.0
29254,1951.2199644659695,1.00166424954289,120.0
29255,1951.2213533486688,1.00088579796323,120.0
29256,1951.2227422316012,1.00163743637905,120.0
29257,1951.2241311145335,1.00102905104512,120.0
29258,1951.2255199974657,1.00153415587621,120.0
29259,1951.226908880398,1.00175244290257,120.0
29260,1951.2282977633308,1.00142229442861,120.0
29261,1951.2296866462636,1.00150844970716,120.0
29262,1951.231075529196,1.00140023979862,120.0
29263,1951.2324644118953,1.00109901025683,120.0
29264,1951.2338532948277,1.00173879840343,120.0
29265,1951.23524217776,1.00148130074422,120.0
29266,1951.236631060692,1.00073968271891,120.0
29267,1951.238019943624,1.00162933947408,120.0
29268,1951.2394088263236,1.00141232017192,120.0
29269,1951.240797709256,1.00123224875935,120.0
29270,1951.242186592188,1.00062090525258,120.0
29271,1951.24357547512,1.00146869680585,120.0
29272,1951.2449643578195,1.00153556502877,120.0
29273,1951.246353240752,1.00094898255694,120.0
29274,1951.247742123684,1.00130476542129,120.0
29275,1951.2491310066164,1.00051106158016,120.0
29276,1951.2505198893164,1.00101369772387,120.0
29277,1951.2519087722492,1.00130116062542,120.0
29278,1951.2532976551815,1.00120408952922,120.0
29279,1951.2546865381137,1.00069086785431,120.0
29280,1951.2560754208132,1.00128309657674,120.0
29281,1951.257464303745,1.0016500122394,120.0
29282,1951.2588531866777,1.00117325686441,120.0
29283,1951.2602420693768,1.0013682711877,120.0
29284,1951.2616309523096,1.00169187852737,120.0
29285,1951.2630198352429,1.00165216128203,120.0
29286,1951.264408717942,1.00133984360435,120.0
29287,1951.2657976008743,1.00098593519748,120.0
29288,1951.2671864838064,1.00064868663669,120.0
29289,1951.268575366506,1.0016932091739,120.0
29290,1951.2699642494376,1.00111671437861,120.0
29291,1951.2713531321367,1.00068803864273,120.0
29292,1951.2727420150695,1.00098549870544,120.0
29293,1951.2741308980017,1.00049527694011,120.0
29294,1951.2755197807016,1.00084853035132,120.0
29295,1951.2769086636335,1.00123820225227,120.0
29296,1951.2782975463329,1.0010536476903,120.0
29297,1951.2796864292652,1.00107026676958,120.0
29298,1951.2810753119643,1.0005579079679,120.0
29299,1951.2824641948976,1.00123209860099,120.0
29300,1951.2838530775975,1.0013902491559,120.0
29301,1951.28524196053,1.00115962775922,120.0
29302,1951.286630843462,1.00143494211771,120.0
29303,1951.288019726161,1.00145363567227,120.0
29304,1951.2894086090937,1.00076381119395,120.0
29305,1951.2907974917928,1.00085014138059,120.0
29306,1951.2921863747251,1.00113999029855,120.0
29307,1951.2935752574251,1.00111830376271,120.0
29308,1951.294964140125,1.00162885084888,120.0
29309,1951.2963530230577,1.00152178764377,120.0
29310,1951.2977419057568,1.00158199387586,120.0
29311,1951.2991307886884,1.00107360166455,120.0
29312,1951.3005196713873,1.00147150593298,120.0
29313,1951.3019085543192,1.00076067529701,120.0
29314,1951.3032974370187,1.00163238904995,120.0
29315,1951.3046863199515,1.00161735848823,120.0
29316,1951.306075202652,1.00119915137541,120.0
29317,1951.3074640853513,1.0009980702062,120.0
29318,1951.3088529682832,1.00067196964059,120.0
29319,1951.3102418509827,1.00167772974664,120.0
29320,1951.3116307339153,1.0013367598477,120.0
29321,1951.3130196166144,1.00132474362326,120.0
29322,1951.314408499314,1.00132211068689,120.0
29323,1951.3157973822467,1.0010554708529,120.0
29324,1951.3171862649467,1.00129051161239,120.0
29325,1951.3185751476465,1.00061403235781,120.0
29326,1951.3199640305784,1.00138678716036,120.0
29327,1951.321352913278,1.001526876857,120.0
29328,1951.3227417959772,1.00106980847048,120.0
29329,1951.3241306789091,1.00134940295675,120.0
29330,1951.3255195616089,1.00153498126947,120.0
29331,1951.3269084443089,1.00054975770288,120.0
29332,1951.328297327008,1.0015841182823,120.0
29333,1951.32968620994,1.00095788637493,120.0
29334,1951.3310750926391,1.0005921415026,120.0
29335,1951.3324639753384,1.00150721750656,120.0
29336,1951.333852858038,1.00136840066261,120.0
29337,1951.3352417409703,1.0006055722532,120.0
29338,1951.3366306236703,1.00170716364884,120.0
29339,1951.3380195063703,1.00083691587913,120.0
29340,1951.3394083890696,1.00061062042726,120.0
29341,1951.340797272002,1.0014666370297,120.0
29342,1951.3421861547013,1.00139483355076,120.0
29343,1951.3435750374008,1.00109164888472,120.0
29344,1951.3449639201,1.00068642556862,120.0
29345,1951.3463528027992,1.00180923107219,120.0
29346,1951.3477416857324,1.00161615690265,120.0
29347,1951.3491305684324,1.00074498262462,120.0
29348,1951.350519451132,1.00144494403391,120.0
29349,1951.3519083338313,1.00125895912957,120.0
29350,1951.3532972165303,1.0007448584164,120.0
29351,1951.35468609923,1.00215538700553,120.0
29352,1951.3560749819296,1.00089478617753,120.0
29353,1951.3574638648608,1.00122059859846,120.0
29354,1951.3588527475604,1.00153535780494,120.0
29355,1951.3602416302604,1.00126052360125,120.0
29356,1951.3616305129597,1.00071809785841,120.0
29357,1951.3630193956592,1.00108429248295,120.0
29358,1951.3644082783587,1.00088089231137,120.0
29359,1951.365797161058,1.00233842453607,120.0
29360,1951.367186043757,0.99976501343273,120.0
29361,1951.3685749264569,1.00138661216253,120.0
29362,1951.3699638091568,1.00106648316126,120.0
29363,1951.3713526918568,1.00112952741016,120.0
29364,1951.3727415745564,1.00220248421968,120.0
29365,1951.3741304572557,1.00146893781765,120.0
29366,1951.3755193399547,1.00075223849372,120.0
29367,1951.3769082226545,1.00079214773631,120.0
29368,1951.3782971053536,1.00091740059614,120.0
29369,1951.379685988053,1.00093054955535,120.0
29370,1951.3810748707533,1.00091094649986,120.0
29371,1951.3824637534533,1.00111978338543,120.0
29372,1951.3838526361528,1.0014235661246,120.0
29373,1951.385241518852,1.00224743927069,120.0
29374,1951.3866304015517,1.00097280074056,120.0
29375,1951.3880192842505,1.00106465897524,120.0
29376,1951.389408166949,1.00127136727725,120.0
29377,1951.390797049649,1.00073407051197,120.0
29378,1951.3921859323489,1.00142021969493,120.0
29379,1951.3935748150489,1.00161947602911,120.0
29380,1951.394963697748,1.00107491272931,120.0
29381,1951.3963525802144,1.00096656549841,120.0
29382,1951.3977414629137,1.00073476732978,120.0
29383,1951.3991303456132,1.00154727752111,120.0
29384,1951.4005192283123,1.00164769674752,120.0
29385,1951.4019081110123,1.00112666634885,120.0
29386,1951.4032969937127,1.00161710389459,120.0
29387,1951.404685876412,1.00123996951797,120.0
29388,1951.4060747588787,1.00169574926687,120.0
29389,1951.407463641578,1.00100869756822,120.0
29390,1951.4088525242776,1.000954593181,120.0
29391,1951.4102414069769,1.00145343440532,120.0
29392,1951.411630289676,1.00128762650635,120.0
29393,1951.4130191721435,1.00113151741107,120.0
29394,1951.4144080548435,1.00051436346388,120.0
29395,1951.4157969375433,1.00148761984298,120.0
29396,1951.4171858202417,1.00093696647857,120.0
29397,1951.4185747029403,1.00138973626764,120.0
29398,1951.4199635854068,1.00152020929302,120.0
29399,1951.4213524681063,1.00122485925797,120.0
29400,1951.4227413508056,1.00107175243426,120.0
29401,1951.4241302335056,1.00083159834493,120.0
29402,1951.4255191159727,1.00142548866418,120.0
29403,1951.426907998672,1.00105604604079,120.0
29404,1951.428296881372,1.00120826769574,120.0
29405,1951.4296857638385,1.00118356663221,120.0
29406,1951.4310746465376,1.00102653747726,120.0
29407,1951.432463529237,1.00165198113585,120.0
29408,1951.4338524117036,1.00096375614477,120.0
29409,1951.435241294404,1.00135387061365,120.0
29410,1951.4366301771036,1.00110410228032,120.0
29411,1951.4380190595705,1.00123464179886,120.0
29412,1951.4394079422696,1.00171002703848,120.0
29413,1951.4407968249689,1.0007420553133,120.0
29414,1951.4421857074356,1.00111131416852,120.0
29415,1951.4435745901353,1.00157842592534,120.0
29416,1951.4449634726016,1.00112153798277,120.0
29417,1951.4463523553009,1.00139717563963,120.0
29418,1951.4477412380004,1.00168245911797,120.0
29419,1951.4491301204669,1.00142998269541,120.0
29420,1951.4505190031664,1.00141222919754,120.0
29421,1951.4519078856329,1.0022110333314,120.0
29422,1951.4532967683324,1.0011984974953,120.0
29423,1951.4546856507989,1.00120410305044,120.0
29424,1951.4560745334993,1.00142100851506,120.0
29425,1951.4574634161993,1.00132824781632,120.0
29426,1951.4588522986655,1.00135403203235,120.0
29427,1951.4602411813648,1.00129453548644,120.0
29428,1951.4616300638315,1.00287498048767,120.0
29429,1951.4630189465308,1.00101032521619,120.0
29430,1951.4644078289975,1.00130891555637,120.0
29431,1951.4657967116968,1.0021241342541,120.0
29432,1951.467185594164,1.00099182477678,120.0
29433,1951.468574476864,1.00111408995598,120.0
29434,1951.4699633593304,1.00098534249721,120.0
29435,1951.4713522417971,1.00196327959947,120.0
29436,1951.472741124497,1.00149981804494,120.0
29437,1951.4741300069632,1.00159439276965,120.0
29438,1951.475518889662,1.00028618936031,120.0
29439,1951.4769077721276,1.00069143661948,120.0
29440,1951.478296654828,1.00148686194183,120.0
29441,1951.4796855372952,1.0010587075993,120.0
29442,1951.4810744197616,1.00184990910846,120.0
29443,1951.4824633024612,1.00065282492222,120.0
29444,1951.4838521849276,1.0010753871139,120.0
29445,1951.4852410676267,1.00101810127566,120.0
29446,1951.4866299500936,1.00125235629655,120.0
29447,1951.4880188325603,1.00212221741345,120.0
29448,1951.4894077152603,1.00137448511778,120.0
29449,1951.4907965977272,1.00116308253834,120.0
29450,1951.492185480194,1.00023285356711,120.0
29451,1951.4935743628937,1.00077910363665,120.0
29452,1951.49496324536,1.00125466776365,120.0
29453,1951.4963521278264,1.00089817962355,120.0
29454,1951.497741010526,1.00141025963014,120.0
29455,1951.4991298929924,1.00130745184093,120.0
29456,1951.50051877546,1.00210462863346,120.0
29457,1951.5019076579267,1.0008122216029,120.0
29458,1951.5032965406265,1.00111129807277,120.0
29459,1951.504685423092,1.00200928670551,120.0
29460,1951.506074305558,1.00170509628079,120.0
29461,1951.5074631880243,1.00070346084114,120.0
29462,1951.508852070724,1.00167048066004,120.0
29463,1951.5102409531912,1.00091963044406,120.0
29464,1951.5116298356584,1.00040669560824,120.0
29465,1951.5130187181248,1.00086016482998,120.0
29466,1951.5144076005915,1.00108388550672,120.0
29467,1951.5157964832913,1.00129929911546,120.0
29468,1951.5171853657575,1.0013271045363,120.0
29469,1951.518574248224,1.00182540690422,120.0
29470,1951.5199631306907,1.00179345924411,120.0
29471,1951.521352013158,1.00048575893369,120.0
29472,1951.522740895858,1.00126407085551,120.0
29473,1951.5241297783248,1.00062966220636,120.0
29474,1951.5255186607912,1.00101289355207,120.0
29475,1951.5269075432575,1.00206676038747,120.0
29476,1951.528296425724,1.00225118595301,120.0
29477,1951.529685308191,1.00135700241397,120.0
29478,1951.5310741906571,1.00068603598049,120.0
29479,1951.532463073124,1.00140789396935,120.0
29480,1951.5338519555903,1.00279313658673,120.0
29481,1951.5352408382896,1.00089988766942,120.0
29482,1951.5366297207563,1.00160906976044,120.0
29483,1951.5380186032232,1.00059306433141,120.0
29484,1951.5394074856897,1.00156654406086,120.0
29485,1951.540796368156,1.00131699912911,120.0
29486,1951.5421852506224,1.00085362533339,120.0
29487,1951.54357413309,1.00171931993522,120.0
29488,1951.5449630155572,1.00097025897147,120.0
29489,1951.546351898024,1.00108689853801,120.0
29490,1951.5477407804904,1.00165619851357,120.0
29491,1951.5491296629568,1.0013810115135,120.0
29492,1951.5505185454233,1.00112217046232,120.0
29493,1951.55190742789,1.00153944675885,120.0
29494,1951.5532963103565,1.00091958836228,120.0
29495,1951.5546851928236,1.00046149528044,120.0
29496,1951.5560740752912,1.00182965792431,120.0
29497,1951.5574629577577,1.00100165120625,120.0
29498,1951.558851840224,1.00120227199583,120.0
29499,1951.5602407226904,1.00086736884074,120.0
29500,1951.5616296049236,1.00132042190691,120.0
29501,1951.5630184873896,1.00165861890266,120.0
29502,1951.564407369856,1.00134427472823,120.0
29503,1951.5657962523233,1.00085993259227,120.0
29504,1951.5671851347904,1.00193009741233,120.0
29505,1951.568574017257,1.00140828745385,120.0
29506,1951.569962899724,1.00138302623119,120.0
29507,1951.5713517821905,1.0012868966122,120.0
29508,1951.5727406646567,1.0012653331663,120.0
29509,1951.5741295468904,1.00210782775458,120.0
29510,1951.5755184293575,1.0005549189345,120.0
29511,1951.5769073118252,1.00132597337453,120.0
29512,1951.5782961942916,1.000825558747,120.0
29513,1951.579685076758,1.00144238926655,120.0
29514,1951.5810739592248,1.0010382695278,120.0
29515,1951.5824628414584,1.00088388240826,120.0
29516,1951.5838517239251,1.00148410446903,120.0
29517,1951.5852406063916,1.00103827338573,120.0
29518,1951.5866294888588,1.000755315435,120.0
29519,1951.588018371326,1.00053420962856,120.0
29520,1951.5894072535596,1.00180014899085,120.0
29521,1951.5907961360256,1.00123916505642,120.0
29522,1951.5921850184916,1.00170524976687,120.0
29523,1951.593573900958,1.0018549913792,120.0
29524,1951.594962783192,1.00071683181257,120.0
29525,1951.5963516656584,1.00225212018049,120.0
29526,1951.5977405481256,1.00158321576382,120.0
29527,1951.59912943036,1.00156389977035,120.0
29528,1951.6005183128264,1.00132823131288,120.0
29529,1951.6019071952928,1.00071114414572,120.0
29530,1951.6032960775267,1.00041022568919,120.0
29531,1951.6046849599936,1.00086857560536,120.0
29532,1951.60607384246,1.00128578106597,120.0
29533,1951.6074627246935,1.00024511692829,120.0
29534,1951.6088516071611,1.00218837008416,120.0
29535,1951.610240489628,1.00149724836496,120.0
29536,1951.611629371862,1.00128032521939,120.0
29537,1951.6130182543288,1.00136618042881,120.0
29538,1951.6144071367953,1.00102512715659,120.0
29539,1951.6157960190287,1.00176917073445,120.0
29540,1951.6171849014952,1.00245632291876,120.0
29541,1951.6185737837284,1.00148513767496,120.0
29542,1951.6199626661949,1.00070664613169,120.0
29543,1951.6213515486625,1.00129367134958,120.0
29544,1951.622740430896,1.00137503759827,120.0
29545,1951.6241293133623,1.00123748945221,120.0
29546,1951.625518195596,1.00070627459718,120.0
29547,1951.626907078063,1.00127656263042,120.0
29548,1951.6282959602963,1.00198272988021,120.0
29549,1951.629684842764,1.00140309491202,120.0
29550,1951.6310737249985,1.00127206516941,120.0
29551,1951.6324626074647,1.00180619608403,120.0
29552,1951.6338514896984,1.00135475777964,120.0
29553,1951.6352403721648,1.00139198074012,120.0
29554,1951.6366292543987,1.00181637956633,120.0
29555,1951.6380181368652,1.00100218774347,120.0
29556,1951.6394070190993,1.0005679717277,120.0
29557,1951.6407959015664,1.00115642210087,120.0
29558,1951.6421847838008,1.00163538699674,120.0
29559,1951.6435736662672,1.0020465863592,120.0
29560,1951.6449625485009,1.00157535274795,120.0
29561,1951.6463514307347,1.00041925810393,120.0
29562,1951.6477403132003,1.00098230161631,120.0
29563,1951.6491291954335,1.00180803791668,120.0
29564,1951.6505180779,1.00170816727797,120.0
29565,1951.6519069601347,1.00230219895152,120.0
29566,1951.6532958423688,1.00142236800342,120.0
29567,1951.6546847248355,1.00164740620566,120.0
29568,1951.6560736070696,1.00110326759542,120.0
29569,1951.657462489536,1.00125761018673,120.0
29570,1951.6588513717695,1.0021048783809,120.0
29571,1951.6602402540032,1.00141366064418,120.0
29572,1951.6616291364696,1.00166390329621,120.0
29573,1951.663018018704,1.00120595208932,120.0
29574,1951.6644069009387,1.00105207411579,120.0
29575,1951.6657957834052,1.00034761564844,120.0
29576,1951.6671846656388,1.00195940734812,120.0
29577,1951.6685735478727,1.00062053122313,120.0
29578,1951.6699624301064,1.00127128372624,120.0
29579,1951.6713513125728,1.00177536743404,120.0
29580,1951.6727401948065,1.00147462584437,120.0
29581,1951.6741290770412,1.00138581708762,120.0
29582,1951.6755179592749,1.00186781022341,120.0
29583,1951.676906841741,1.00124099130679,120.0
29584,1951.6782957239743,1.00127840029668,120.0
29585,1951.679684606208,1.00119444468406,120.0
29586,1951.6810734884416,1.00170326831116,120.0
29587,1951.6824623709083,1.00169083492308,120.0
29588,1951.683851253142,1.00141717548356,120.0
29589,1951.6852401353765,1.00199594423041,120.0
29590,1951.6866290176113,1.00201216533248,120.0
29591,1951.688017899845,1.00193485984949,120.0
29592,1951.6894067820783,1.00173008694039,120.0
29593,1951.6907956645448,1.00087937317706,120.0
29594,1951.692184546779,1.00096485086045,120.0
29595,1951.6935734290123,1.00154797700663,120.0
29596,1951.6949623112469,1.00281838995647,120.0
29597,1951.6963511934812,1.00189626856438,120.0
29598,1951.6977400757153,1.00163956593105,120.0
29599,1951.6991289579487,1.00162615849609,120.0
29600,1951.7005178404152,1.00105502100423,120.0
29601,1951.7019067226488,1.0015552615395,120.0
29602,1951.7032956048824,1.00066724573128,120.0
29603,1951.704684487116,1.00144853849558,120.0
29604,1951.7060733693495,1.00140202850239,120.0
29605,1951.707462251584,1.00108881696491,120.0
29606,1951.7088511338177,1.00127566937467,120.0
29607,1951.710240016051,1.00100598848641,120.0
29608,1951.7116288982852,1.00089679282015,120.0
29609,1951.7130177805188,1.00088092551804,120.0
29610,1951.7144066627527,1.0016118511989,120.0
29611,1951.7157955449863,1.00187254012978,120.0
29612,1951.717184427221,1.00081967477995,120.0
29613,1951.7185733094552,1.00126856611546,120.0
29614,1951.7199621916889,1.00143314370466,120.0
29615,1951.7213510739227,1.00182354570493,120.0
29616,1951.7227399561564,1.00083314616995,120.0
29617,1951.72412883839,1.0015439022699,120.0
29618,1951.7255177206237,1.00119896518087,120.0
29619,1951.7269066028575,1.00147126337808,120.0
29620,1951.728295485092,1.00179519877425,120.0
29621,1951.7296843673264,1.00097215250836,120.0
29622,1951.73107324956,1.00085035288688,120.0
29623,1951.7324621317932,1.00126500151851,120.0
29624,1951.733851014026,1.00023619464587,120.0
29625,1951.7352398960272,1.00104223584388,120.0
29626,1951.7366287782609,1.00124034879493,120.0
29627,1951.7380176604945,1.00186385433032,120.0
29628,1951.7394065427288,1.00156463268318,120.0
29629,1951.7407954249632,1.00070348141837,120.0
29630,1951.7421843071968,1.00066845575158,120.0
29631,1951.743573189431,1.00097006677719,120.0
29632,1951.7449620714317,1.00131437234655,120.0
29633,1951.7463509536651,1.00133920156294,120.0
29634,1951.7477398358992,1.00082187585754,120.0
29635,1951.7491287181335,1.00202456273098,120.0
29636,1951.750517600368,1.00129413839276,120.0
29637,1951.7519064826015,1.00140078386842,120.0
29638,1951.7532953646023,1.00116150557417,120.0
29639,1951.754684246836,1.00090140838908,120.0
29640,1951.75607312907,1.00087781352423,120.0
29641,1951.757462011304,1.00189991143111,120.0
29642,1951.7588508933047,1.00102235710874,120.0
29643,1951.7602397755384,1.0006788201837,120.0
29644,1951.761628657772,1.00069361638003,120.0
29645,1951.7630175400056,1.00108225072906,120.0
29646,1951.7644064220065,1.00064142239187,120.0
29647,1951.7657953042403,1.00094456251811,120.0
29648,1951.7671841864744,1.00036475615566,120.0
29649,1951.7685730684752,1.00137147604394,120.0
29650,1951.7699619507089,1.00135444250249,120.0
29651,1951.7713508329432,1.00054195097598,120.0
29652,1951.7727397149447,1.00137880589635,120.0
29653,1951.7741285971783,1.00144719780878,120.0
29654,1951.775517479412,1.00164504366192,120.0
29655,1951.7769063614132,1.00139098430067,120.0
29656,1951.7782952436469,1.00095671832919,120.0
29657,1951.7796841258807,1.00112921818401,120.0
29658,1951.7810730078816,1.00118883011356,120.0
29659,1951.782461890116,1.00165043450746,120.0
29660,1951.7838507721176,1.00033959968781,120.0
29661,1951.7852396543512,1.00158169116398,120.0
29662,1951.786628536585,1.00093118398368,120.0
29663,1951.788017418586,1.00109333091434,120.0
29664,1951.7894063008189,1.00117889568818,120.0
29665,1951.7907951828192,1.00124984557034,120.0
29666,1951.7921840650529,1.00138166298203,120.0
29667,1951.7935729470544,1.00089688108973,120.0
29668,1951.7949618292887,1.00048462369413,120.0
29669,1951.7963507115223,1.00098333729098,120.0
29670,1951.7977395935231,1.00100979431198,120.0
29671,1951.7991284757572,1.00092015513558,120.0
29672,1951.800517357758,1.00148960674311,120.0
29673,1951.801906239992,1.00145706484072,120.0
29674,1951.8032951219936,1.00151671761327,120.0
29675,1951.8046840042275,1.00096883298087,120.0
29676,1951.8060728862288,1.00159041061858,120.0
29677,1951.8074617682296,1.00139271248768,120.0
29678,1951.8088506504632,1.00048051583726,120.0
29679,1951.810239532464,1.00148570911609,120.0
29680,1951.811628414698,1.00135678743452,120.0
29681,1951.8130172966987,1.00049599925473,120.0
29682,1951.8144061789333,1.00105593405886,120.0
29683,1951.8157950609348,1.00116143632682,120.0
29684,1951.8171839429351,1.0023660953362,120.0
29685,1951.818572825168,1.0009793726322,120.0
29686,1951.8199617071689,1.00078860235436,120.0
29687,1951.8213505894028,1.00148449832537,120.0
29688,1951.8227394714036,1.00148311537666,120.0
29689,1951.8241283534048,1.00156107034602,120.0
29690,1951.8255172356387,1.00187688533979,120.0
29691,1951.8269061176404,1.00425166183335,120.0
29692,1951.8282949996417,1.00086889122386,120.0
29693,1951.829683881875,1.00161643692369,120.0
29694,1951.831072763876,1.00138754762535,120.0
29695,1951.8324616458767,1.00109054714301,120.0
29696,1951.8338505281104,1.00159010079606,120.0
29697,1951.8352394101116,1.00114459964587,120.0
29698,1951.8366282921131,1.0008120439118,120.0
29699,1951.8380171741148,1.00081599900355,120.0
29700,1951.8394060563485,1.00102068241768,120.0
29701,1951.8407949383493,1.00164746020328,120.0
29702,1951.8421838203503,1.00117217828156,120.0
29703,1951.8435727023511,1.00080687999392,120.0
29704,1951.844961584584,1.00176775878943,120.0
29705,1951.8463504665845,1.00041215535849,120.0
29706,1951.847739348586,1.00212192095049,120.0
29707,1951.8491282305872,1.00085550931217,120.0
29708,1951.8505171128213,1.00248350739057,120.0
29709,1951.8519059948223,1.00155938491558,120.0
29710,1951.8532948768232,1.00207342312037,120.0
29711,1951.854683758824,1.00085204047898,120.0
29712,1951.8560726408248,1.00236117233269,120.0
29713,1951.8574615228256,1.00158733820138,120.0
29714,1951.85885040506,1.00180907607609,120.0
29715,1951.8602392870616,1.0016555763752,120.0
29716,1951.8616281690624,1.00122444567853,120.0
29717,1951.8630170510633,1.0013750579682,120.0
29718,1951.8644059330643,1.0011545706103,120.0
29719,1951.865794815065,1.00111838261801,120.0
29720,1951.8671836970664,1.00138567188806,120.0
29721,1951.868572579068,1.00229501849834,120.0
29722,1951.8699614610691,1.00164291076621,120.0
29723,1951.8713503433032,1.00150805036741,120.0
29724,1951.8727392253031,1.0012754005348,120.0
29725,1951.8741281073037,1.00188395014406,120.0
29726,1951.8755169893043,1.00132790667725,120.0
29727,1951.876905871305,1.0013112422361,120.0
29728,1951.878294753306,1.00225339013082,120.0
29729,1951.879683635308,1.00174201743439,120.0
29730,1951.8810725173096,1.00125982922434,120.0
29731,1951.8824613993104,1.00139820832016,120.0
29732,1951.8838502813112,1.00112292161825,120.0
29733,1951.885239163312,1.00093647765855,120.0
29734,1951.8866280453128,1.00089548002093,120.0
29735,1951.8880169273136,1.00099266242035,120.0
29736,1951.889405809315,1.00145992340971,120.0
29737,1951.8907946913164,1.00124832523983,120.0
29738,1951.8921835733177,1.00191029971013,120.0
29739,1951.8935724553187,1.0017018160901,120.0
29740,1951.8949613373195,1.00094685019702,120.0
29741,1951.896350219088,1.00165872493886,120.0
29742,1951.8977391010887,1.00095849726166,120.0
29743,1951.8991279830896,1.00099740453478,120.0
29744,1951.90051686509,1.00120896300702,120.0
29745,1951.9019057470907,1.00104693569616,120.0
29746,1951.9032946290924,1.00142645298117,120.0
29747,1951.9046835110933,1.00223959470699,120.0
29748,1951.906072393094,1.00136678758788,120.0
29749,1951.907461274862,1.00169520788059,120.0
29750,1951.9088501568633,1.0015605241356,120.0
29751,1951.910239038864,1.00110583001555,120.0
29752,1951.9116279208647,1.00135259140232,120.0
29753,1951.9130168028664,1.00102343368019,120.0
29754,1951.914405684868,1.00102656681403,120.0
29755,1951.915794566636,1.00114846411776,120.0
29756,1951.9171834486367,1.00215868772396,120.0
29757,1951.918572330638,1.00182251363536,120.0
29758,1951.9199612126388,1.00120255215652,120.0
29759,1951.9213500946396,1.0017138481974,120.0
29760,1951.9227389764085,1.00207733987177,120.0
29761,1951.92412785841,1.00109547998325,120.0
29762,1951.9255167404112,1.00122224373034,120.0
29763,1951.926905622412,1.00102979214752,120.0
29764,1951.9282945041791,1.00199982308203,120.0
29765,1951.9296833861792,1.00154568568176,120.0
29766,1951.93107226818,1.00249962973094,120.0
29767,1951.9324611499485,1.00087654233822,120.0
29768,1951.93385003195,1.00127023192904,120.0
29769,1951.9352389139513,1.00193355821929,120.0
29770,1951.9366277957192,1.00108609299117,120.0
29771,1951.9380166777205,1.00084142227361,120.0
29772,1951.9394055597215,1.00189122522008,120.0
29773,1951.9407944414895,1.00196422216552,120.0
29774,1951.9421833234903,1.0008279596486,120.0
29775,1951.9435722054911,1.00102627053833,120.0
29776,1951.94496108726,1.00115093850707,120.0
29777,1951.9463499692615,1.00124445367914,120.0
29778,1951.9477388512623,1.001391206499,120.0
29779,1951.9491277330303,1.0003657918032,120.0
29780,1951.9505166150311,1.00086217430048,120.0
29781,1951.9519054967996,1.00170000698294,120.0
29782,1951.9532943788004,1.00164066591308,120.0
29783,1951.9546832605683,1.0023403332207,120.0
29784,1951.9560721425692,1.00144412142713,120.0
29785,1951.95746102457,1.00164632379127,120.0
29786,1951.9588499063384,1.00074565417672,120.0
29787,1951.9616276701072,1.00069714591006,120.0
29788,1951.963016552108,1.00113081656312,120.0
29789,1951.964405433876,1.00093554209375,120.0
29790,1951.9657943158768,1.00105294758758,120.0
29791,1951.967183197646,1.00054855674387,120.0
29792,1951.9685720796476,1.00153985716155,120.0
29793,1951.9699609614156,1.00051379565511,120.0
29794,1951.9713498434164,1.00179943802046,120.0
29795,1951.9727387251844,1.00175593771214,120.0
29796,1951.9741276069528,1.00091093648182,120.0
29797,1951.9755164889536,1.00127825575816,120.0
29798,1951.9769053707216,1.00092200282139,120.0
29799,1951.9782942527231,1.00062989004681,120.0
29800,1951.9796831344916,1.00157787530852,120.0
29801,1951.9810720164928,1.00109317910091,120.0
29802,1951.98246089826,1.00032160500042,120.0
29803,1951.9838497800276,1.00175278038438,120.0
29804,1951.9852386620285,1.00086656048977,120.0
29805,1951.9866275437964,1.00168214571195,120.0
29806,1951.988016425565,1.0011808104626,120.0
29807,1951.9894053075668,1.00153064785482,120.0
29808,1951.9907941893352,1.00214068625451,120.0
29809,1951.9921830711032,1.00127374342347,120.0
29810,1951.993571953104,1.00119178953659,120.0
29811,1951.9949608348716,1.0018162150836,120.0
29812,1951.99634971664,1.00115276842118,120.0
29813,1951.9977385986408,1.00030607265276,120.0
29814,1951.9991274804097,1.00078052249428,120.0
29815,1952.0005163621784,1.00038900381153,120.0
29816,1952.0019052439463,1.00166652736305,120.0
29817,1952.0032941259471,1.00079545507216,120.0
29818,1952.0046830077156,1.00138516954305,120.0
29819,1952.0060718894836,1.00117156399623,120.0
29820,1952.0074607714844,1.00151889737951,120.0
29821,1952.0088496532524,1.00086103768609,120.0
29822,1952.0102385350203,1.00073270940755,120.0
29823,1952.0116274167883,1.00007311883783,120.0
29824,1952.0130162985567,1.00157735363627,120.0
29825,1952.0144051805576,1.00061512828813,120.0
29826,1952.0157940623255,1.00094819285574,120.0
29827,1952.0171829440935,1.00125863165487,120.0
29828,1952.0185718258615,1.00174045817536,120.0
29829,1952.01996070763,1.00122067177502,120.0
29830,1952.0213495893984,1.00098655648008,120.0
29831,1952.0227384714,1.00077422839032,120.0
29832,1952.024127353168,1.00186420236572,120.0
29833,1952.025516234936,1.00059020416464,120.0
29834,1952.0269051167045,1.00071385695039,120.0
29835,1952.0282939984725,1.00100504686455,120.0
29836,1952.0296828802404,1.00189219403739,120.0
29837,1952.0310717620084,1.00243708428395,120.0
29838,1952.0324606437773,1.00132480006586,120.0
29839,1952.0338495255464,1.00147078541368,120.0
29840,1952.035238407314,1.00121468774723,120.0
29841,1952.0366272893148,1.00033805655342,120.0
29842,1952.0380161710823,1.00135863266108,120.0
29843,1952.0394050528496,1.00084617038187,120.0
29844,1952.0407939346176,1.00211331296472,120.0
29845,1952.0421828163865,1.00069729957414,120.0
29846,1952.0435716981551,1.00152548753488,120.0
29847,1952.044960579923,1.00206592256941,120.0
29848,1952.0463494616915,1.00122317902392,120.0
29849,1952.0477383434595,1.00146727014192,120.0
29850,1952.0491272252275,1.00147513306175,120.0
29851,1952.0505161069957,1.00155411230777,120.0
29852,1952.0519049887637,1.00127031281155,120.0
29853,1952.0532938705323,1.00042598751023,120.0
29854,1952.0546827520684,1.00105058675363,120.0
29855,1952.0560716338368,1.00197578913273,120.0
29856,1952.0574605156044,1.00128353565358,120.0
29857,1952.0588493973723,1.0012890809683,120.0
29858,1952.0602382791403,1.00124662883238,120.0
29859,1952.0616271609088,1.0016537119052,120.0
29860,1952.0630160426767,1.00133749412096,120.0
29861,1952.0644049244447,1.00168278910816,120.0
29862,1952.0657938062127,1.0000362340316,120.0
29863,1952.067182687981,1.00092911965436,120.0
29864,1952.068571569516,1.0008221606355,120.0
29865,1952.069960451284,1.0017699578487,120.0
29866,1952.0713493330525,1.0019064677652,120.0
29867,1952.0727382148204,1.00097026633979,120.0
29868,1952.0741270965884,1.00120024913985,120.0
29869,1952.075515978357,1.00128039654224,120.0
29870,1952.0769048598931,1.00101716394689,120.0
29871,1952.0782937416611,1.00098621992149,120.0
29872,1952.079682623429,1.00112033583364,120.0
29873,1952.081071505197,1.00127642054846,120.0
29874,1952.0824603869655,1.00133522309066,120.0
29875,1952.083849268501,1.00166232711829,120.0
29876,1952.0852381502689,1.00076265068741,120.0
29877,1952.0866270320375,1.00187903350962,120.0
29878,1952.0880159138064,1.00014457856313,120.0
29879,1952.0894047953411,1.00050577365722,120.0
29880,1952.0907936771096,1.00157562840846,120.0
29881,1952.0921825588769,1.00060882421751,120.0
29882,1952.0935714404116,1.00129947484578,120.0
29883,1952.0949603221795,1.00126403296241,120.0
29884,1952.0963492039475,1.0007414592914,120.0
29885,1952.0977380854836,1.00113425301456,120.0
29886,1952.099126967252,1.00116842750516,120.0
29887,1952.1005158490204,1.00079376989311,120.0
29888,1952.1019047305556,1.00073224172452,120.0
29889,1952.1032936123236,1.00158537488996,120.0
29890,1952.1046824940915,1.00133318741367,120.0
29891,1952.1060713756267,1.00140942139004,120.0
29892,1952.1074602573956,1.00133111558684,120.0
29893,1952.1088491391645,1.00173105579498,120.0
29894,1952.1102380206996,1.00152078409519,120.0
29895,1952.111626902468,1.00140600403551,120.0
29896,1952.1130157840028,1.00142671835799,120.0
29897,1952.1157935473063,1.00173026543198,120.0
29898,1952.1171824290743,1.0003516493216,120.0
29899,1952.1185713108423,1.0003324400321,120.0
29900,1952.1199601923777,1.00172218625589,120.0
29901,1952.1213490741457,1.00139219163863,120.0
29902,1952.1227379556808,1.00081605934855,120.0
29903,1952.1241268374488,1.00115018709747,120.0
29904,1952.125515718984,1.00050855647863,120.0
29905,1952.1269046007524,1.00100488538432,120.0
29906,1952.1282934822875,1.00067967565374,120.0
29907,1952.129682364056,1.0007461356188,120.0
29908,1952.131071245592,1.00021420701242,120.0
29909,1952.1324601271272,1.00108236122742,120.0
29910,1952.1338490088956,1.00097341583074,120.0
29911,1952.1352378904307,1.00061336934135,120.0
29912,1952.1366267721987,1.00098129980552,120.0
29913,1952.138015653734,1.00044255341135,120.0
29914,1952.139404535502,1.00133624292185,120.0
29915,1952.140793417038,1.00087958958926,120.0
29916,1952.142182298574,1.00021710826222,120.0
29917,1952.143571180342,1.00017338387615,120.0
29918,1952.144960061877,1.0005574789634,120.0
29919,1952.1463489436449,1.00108353517144,120.0
29920,1952.147737825179,1.00028555582586,120.0
29921,1952.1491267067145,0.99950501331912,120.0
29922,1952.1505155884824,1.00022716326996,120.0
29923,1952.1519044700185,0.99946051909162,120.0
29924,1952.1532933515543,1.00077595719471,120.0
29925,1952.1546822333223,1.00128164324345,120.0
29926,1952.1560711148577,1.0007917256862,120.0
29927,1952.1574599963928,1.00075268149901,120.0
29928,1952.158848877928,1.00078246572378,120.0
29929,1952.160237759696,1.00114067579243,120.0
29930,1952.161626641232,1.00156769058294,120.0
29931,1952.163015522768,1.00052862375624,120.0
29932,1952.164404404536,1.00056708286159,120.0
29933,1952.1657932860712,1.00035338200871,120.0
29934,1952.1671821676064,1.00077068959936,120.0
29935,1952.1685710491415,1.00014750971231,120.0
29936,1952.1699599306771,1.00103359311346,120.0
29937,1952.171348812445,1.00097155183836,120.0
29938,1952.1727376939805,1.00115602628947,120.0
29939,1952.1741265755156,1.00044127532264,120.0
29940,1952.1755154570508,1.00087117396486,120.0
29941,1952.176904338586,1.00086499934282,120.0
29942,1952.178293220354,1.00095426052186,120.0
29943,1952.1796821018895,1.00116699909151,120.0
29944,1952.181070983425,1.00038540722441,120.0
29945,1952.183848746496,1.00062471955088,120.0
29946,1952.1852376280317,1.00054363449911,120.0
29947,1952.1866265095673,1.00125744452762,120.0
29948,1952.1880153913353,1.00087917892165,120.0
29949,1952.1894042728704,0.99978729274912,120.0
29950,1952.1907931544051,0.99997434497598,120.0
29951,1952.1921820359407,1.00070649558558,120.0
29952,1952.193570917476,1.00070493195411,120.0
29953,1952.1949597990117,1.00135461928967,120.0
29954,1952.1963486805475,1.0001125525233,120.0
29955,1952.1977375620827,1.00030095673375,120.0
29956,1952.1991264436176,1.00063011042223,120.0
29957,1952.200515325152,1.00093136594966,120.0
29958,1952.2019042066872,1.00112626448576,120.0
29959,1952.2032930882224,1.0007188702383,120.0
29960,1952.2046819697575,1.00150298334167,120.0
29961,1952.2060708512936,0.99977731706386,120.0
29962,1952.2074597328296,1.00100242870263,120.0
29963,1952.2088486143648,0.99999466251368,120.0
29964,1952.2102374959,1.00013498764331,120.0
29965,1952.211626377435,1.00025485222338,120.0
29966,1952.2130152589705,1.00062845921548,120.0
29967,1952.2144041405056,1.00100976288375,120.0
29968,1952.2157930220408,1.0007348124453,120.0
29969,1952.2171819035768,1.00051535341699,120.0
29970,1952.218570785113,1.00093559271958,120.0
29971,1952.2199596664152,1.00106172156049,120.0
29972,1952.2213485479504,1.001236801382,120.0
29973,1952.2227374294855,1.00065275900523,120.0
29974,1952.224126311021,1.00023949358287,120.0
29975,1952.225515192556,1.00080617650889,120.0
29976,1952.2269040740912,1.00043919407734,120.0
29977,1952.2282929556268,0.99993283308564,120.0
29978,1952.229681837162,1.00092520068868,120.0
29979,1952.2310707184645,1.00015976487745,120.0
29980,1952.2324595999996,1.00097706183632,120.0
29981,1952.2338484815348,1.00084575744027,120.0
29982,1952.23523736307,1.00168716783431,120.0
29983,1952.2366262446053,1.00107404640035,120.0
29984,1952.2380151259083,1.00072548929602,120.0
29985,1952.2394040074444,1.00066172890427,120.0
29986,1952.2407928889795,0.99965361968779,120.0
29987,1952.2421817705144,1.00053434317646,120.0
29988,1952.2435706518172,1.00122272748455,120.0
29989,1952.2449595333524,1.00118723656058,120.0
29990,1952.2463484148875,1.00130555577344,120.0
29991,1952.2477372964229,1.00015138352993,120.0
29992,1952.249126177726,1.00050246951615,120.0
29993,1952.250515059262,1.00056099416022,120.0
29994,1952.2519039407969,1.00100776430512,120.0
29995,1952.2532928220987,1.00142175135238,120.0
29996,1952.2546817036337,1.00034943031026,120.0
29997,1952.2560705851683,1.00058001802058,120.0
29998,1952.2574594664711,1.00117159195535,120.0
29999,1952.2588483480065,1.00116444965451,120.0
30000,1952.260237229542,1.00082421165309,120.0
30001,1952.261626110845,1.00098577872648,120.0
30002,1952.2630149923805,1.00047317515264,120.0
30003,1952.2644038739156,1.00000494099735,120.0
30004,1952.265792755218,1.00058897737982,120.0
30005,1952.2671816367535,1.00055975879509,120.0
30006,1952.268570518056,1.00041696244939,120.0
30007,1952.2699593995912,1.00066095586754,120.0
30008,1952.2713482811273,1.00028633959067,120.0
30009,1952.27273716243,1.00031153320501,120.0
30010,1952.2741260439657,1.00004365775133,120.0
30011,1952.2755149252675,1.00077827128088,120.0
30012,1952.2769038068027,1.00032465953371,120.0
30013,1952.2782926881052,1.00062258194418,120.0
30014,1952.27968156964,1.00014156979783,120.0
30015,1952.2810704509425,1.00016952721868,120.0
30016,1952.2824593324783,0.9998814163546,120.0
30017,1952.2838482137809,1.00048450795009,120.0
30018,1952.2852370953156,0.99995270477837,120.0
30019,1952.2866259766183,1.00063356770105,120.0
30020,1952.2880148581537,1.00072748863754,120.0
30021,1952.289403739456,1.00059204586508,120.0
30022,1952.2907926209912,1.00040891232293,120.0
30023,1952.2921815022944,1.0004746042735,120.0
30024,1952.2935703835976,1.00065070923967,120.0
30025,1952.2949592651323,1.00063268656422,120.0
30026,1952.296348146435,1.00093039574289,120.0
30027,1952.2977370279705,1.00027020775675,120.0
30028,1952.2991259092723,1.00036356944463,120.0
30029,1952.3005147908077,1.00017423262604,120.0
30030,1952.3019036721105,1.00024214315809,120.0
30031,1952.3032925534133,0.99977850925904,120.0
30032,1952.304681434949,1.00019596501326,120.0
30033,1952.3060703162507,0.99998618243535,120.0
30034,1952.3074591975524,1.00029449792238,120.0
30035,1952.308848079088,0.99992114850447,120.0
30036,1952.3102369603905,0.99977492341595,120.0
30037,1952.3116258416928,1.00061619428494,120.0
30038,1952.313014723228,1.00032354262852,120.0
30039,1952.3144036045312,1.00050653077777,120.0
30040,1952.3157924858344,1.00003094701738,120.0
30041,1952.3171813671363,1.00084860521625,120.0
30042,1952.318570248672,0.99966224871869,120.0
30043,1952.3199591299744,0.99952497711495,120.0
30044,1952.3213480112763,1.00033473553045,120.0
30045,1952.3227368925789,1.00026386384154,120.0
30046,1952.3241257741145,1.000174057316,120.0
30047,1952.3255146554172,0.99930998792121,120.0
30048,1952.3269035367205,1.00070208230456,120.0
30049,1952.3282924180228,1.00042588348044,120.0
30050,1952.329681299325,0.99973849317785,120.0
30051,1952.3310701808605,0.99979250351189,120.0
30052,1952.332459062162,0.99999081947363,120.0
30053,1952.333847943464,1.0001757933887,120.0
30054,1952.3352368247663,1.00061864630244,120.0
30055,1952.3366257060695,1.00255710036309,120.0
30056,1952.3380145873723,1.00024881591641,120.0
30057,1952.3394034689077,0.99990778170528,120.0
30058,1952.3407923502104,1.0000240651224,120.0
30059,1952.3421812315123,1.00017758086783,120.0
30060,1952.3435701128149,0.99999335190409,120.0
30061,1952.3449589941176,1.00037922221158,120.0
30062,1952.3463478754204,1.00005092457074,120.0
30063,1952.3477367567236,0.99956301556062,120.0
30064,1952.349125638026,1.00017616969972,120.0
30065,1952.350514519328,0.99966064343463,120.0
30066,1952.3519034006308,1.00034156896343,120.0
30067,1952.3532922819331,1.00033998837228,120.0
30068,1952.3546811632357,0.99953635835938,120.0
30069,1952.356070044538,1.00010952459257,120.0
30070,1952.3574589258408,0.99992460100294,120.0
30071,1952.3588478071435,1.00044696979914,120.0
30072,1952.3602366884452,1.00031152670306,120.0
30073,1952.3616255697475,0.99987582795958,120.0
30074,1952.36301445105,0.9996579964788,120.0
30075,1952.3644033323524,1.00085703967024,120.0
30076,1952.3657922136545,1.00043549567884,120.0
30077,1952.3671810949572,0.9997064083205,120.0
30078,1952.36856997626,1.00074073399146,120.0
30079,1952.3699588575632,1.00052052238628,120.0
30080,1952.3713477388656,1.00025165365464,120.0
30081,1952.372736620168,0.99956199242524,120.0
30082,1952.3741255014704,0.99947048644795,120.0
30083,1952.3755143827727,0.99971326771504,120.0
30084,1952.3769032640755,1.0002607239357,120.0
30085,1952.3782921453776,1.00007721901009,120.0
30086,1952.379681026448,0.99988559137278,120.0
30087,1952.3810699077512,1.0004374144562,120.0
30088,1952.3824587890535,0.99961100579836,120.0
30089,1952.383847670356,1.00027074737707,120.0
30090,1952.3852365516575,0.99909257144956,120.0
30091,1952.3866254329591,1.00002407142308,120.0
30092,1952.3880143140289,1.00013354500554,120.0
30093,1952.3894031953312,0.99974889286388,120.0
30094,1952.3907920766344,0.999494843754,120.0
30095,1952.3921809579376,0.99985813190453,120.0
30096,1952.39356983924,0.99988258726284,120.0
30097,1952.3949587203097,1.00018065940563,120.0
30098,1952.396347601612,0.9994907635947,120.0
30099,1952.3977364829143,0.99984037947793,120.0
30100,1952.3991253642168,0.9994405016669,120.0
30101,1952.4005142452872,1.00022242786882,120.0
30102,1952.40190312659,0.9995216475046,120.0
30103,1952.4032920078923,0.9996022220476,120.0
30104,1952.404680888962,0.99901663998394,120.0
30105,1952.4060697702644,0.99981036068834,120.0
30106,1952.407458651567,0.99948181730115,120.0
30107,1952.4088475326364,0.99948341214372,120.0
30108,1952.4102364139387,0.99918650638236,120.0
30109,1952.4116252952413,1.00012257406235,120.0
30110,1952.4130141763108,1.00038093149564,120.0
30111,1952.4144030576133,0.99913471897737,120.0
30112,1952.4157919389156,0.99962841573496,120.0
30113,1952.417180819985,1.00040956946831,120.0
30114,1952.4185697012877,0.99867036562495,120.0
30115,1952.4213474636597,0.99990497540414,120.0
30116,1952.4227363449625,0.99997375793141,120.0
30117,1952.4241252260329,0.99943461649059,120.0
30118,1952.4255141073352,0.99970472463758,120.0
30119,1952.4269029884051,1.00013598251219,120.0
30120,1952.4282918697072,0.99992446893014,120.0
30121,1952.4296807507767,0.99955329844381,120.0
30122,1952.4310696320792,1.00067295522031,120.0
30123,1952.4324585133816,0.9999132460071,120.0
30124,1952.433847394452,0.99982955728706,120.0
30125,1952.4352362757552,0.99957154181375,120.0
30126,1952.436625156825,0.99919740741538,120.0
30127,1952.4380140381263,0.99966836423127,120.0
30128,1952.4394029191951,0.99985897662669,120.0
30129,1952.4407918002648,0.99973091210977,120.0
30130,1952.4421806815672,0.99959676037395,120.0
30131,1952.4435695626369,0.99885360976345,120.0
30132,1952.44495844394,0.99899046015458,120.0
30133,1952.44634732501,0.99930655596833,120.0
30134,1952.4477362063124,0.99907379270349,120.0
30135,1952.4491250873823,0.99996760065706,120.0
30136,1952.4505139684516,0.99870893700628,120.0
30137,1952.451902849754,0.99968486302118,120.0
30138,1952.4532917308236,0.99969687901205,120.0
30139,1952.4546806121268,0.99886117778091,120.0
30140,1952.4560694931972,0.99949767303955,120.0
30141,1952.4574583742667,0.99996880526249,120.0
30142,1952.4588472555688,1.00027933321566,120.0
30143,1952.4602361366383,0.99999916534391,120.0
30144,1952.461625017708,0.99968314398708,120.0
30145,1952.4630138990096,0.99981659958635,120.0
30146,1952.464402780079,0.99991091278297,120.0
30147,1952.4657916611488,0.999353259953,120.0
30148,1952.4671805422192,0.99918428204424,120.0
30149,1952.4685694235216,0.9998072301734,120.0
30150,1952.4699583045913,0.99944400161512,120.0
30151,1952.4713471856608,0.99957934636887,120.0
30152,1952.4727360669633,0.99915416175405,120.0
30153,1952.4741249480328,0.99987028427859,120.0
30154,1952.4755138291025,0.99941351496071,120.0
30155,1952.476902710173,0.99882344230701,120.0
30156,1952.4782915912433,0.99923770565333,120.0
30157,1952.4796804725456,0.99876961336355,120.0
30158,1952.4810693536149,0.99915878596867,120.0
30159,1952.4824582346844,0.99919392492944,120.0
30160,1952.483847115754,0.99912216607187,120.0
30161,1952.485235996824,0.99963889045918,120.0
30162,1952.486624878126,0.99944959496863,120.0
30163,1952.488013759196,0.99991565759905,120.0
30164,1952.489402640266,1.00005186529176,120.0
30165,1952.4907915213348,0.99887345175302,120.0
30166,1952.4921804024043,0.99934386572172,120.0
30167,1952.493569283474,0.99952618413741,120.0
30168,1952.4949581645435,0.99889866527098,120.0
30169,1952.4963470456128,0.99918962947409,120.0
30170,1952.4977359266827,0.99982409866287,120.0
30171,1952.4991248079857,1.00144064909741,120.0
30172,1952.500513689056,0.99990016293487,120.0
30173,1952.5019025701256,0.99897393622008,120.0
30174,1952.5032914511953,0.99973515065406,120.0
30175,1952.5046803322643,0.99939842388514,120.0
30176,1952.5060692133345,1.0004035225355,120.0
30177,1952.507458094404,0.9997425912289,120.0
30178,1952.5088469754735,0.99922278075921,120.0
30179,1952.5102358565437,1.00011629653629,120.0
30180,1952.5116247376136,0.99954490455622,120.0
30181,1952.5130136186835,0.99921099269347,120.0
30182,1952.5144024997533,0.99962016718971,120.0
30183,1952.515791380822,0.9991324853249,120.0
30184,1952.5171802618909,0.99923881474219,120.0
30185,1952.5185691429604,0.99939845997297,120.0
30186,1952.5199580240308,0.99909583801291,120.0
30187,1952.521346904868,0.9988913993879,120.0
30188,1952.5227357859376,0.99912814324907,120.0
30189,1952.5241246670073,0.99905917639257,120.0
30190,1952.5255135480768,0.99936871293497,120.0
30191,1952.5269024291465,0.99956851963568,120.0
30192,1952.528291310216,0.99927711763511,120.0
30193,1952.5296801912857,0.99863247206458,120.0
30194,1952.531069072356,0.99935528126105,120.0
30195,1952.5324579531932,0.99891061217673,120.0
30196,1952.5338468342627,0.99837813278081,120.0
30197,1952.5352357153324,0.99961120106088,120.0
30198,1952.536624596402,0.99981160341844,120.0
30199,1952.5380134774716,0.99958175870755,120.0
30200,1952.539402358541,0.99899118922683,120.0
30201,1952.5407912393773,0.99933711130941,120.0
30202,1952.5421801204468,0.99918756926397,120.0
30203,1952.5435690015172,0.99931225286358,120.0
30204,1952.5449578825865,0.99857384029095,120.0
30205,1952.5463467634231,0.99992983550507,120.0
30206,1952.5477356444928,0.99928413516555,120.0
30207,1952.5491245255623,0.99811622511289,120.0
30208,1952.550513406632,0.9990050097118,120.0
30209,1952.5519022874687,0.99945498110726,120.0
30210,1952.553291168539,0.99915044800799,120.0
30211,1952.5546800496093,0.99867164626028,120.0
30212,1952.556068930446,0.99903880688632,120.0
30213,1952.5574578115156,0.99913524891413,120.0
30214,1952.5588466925851,0.99937886500159,120.0
30215,1952.560235573422,0.9990384438223,120.0
30216,1952.5616244544913,0.99988152636686,120.0
30217,1952.5630133355608,0.99971829265515,120.0
30218,1952.5644022163983,0.99932141784206,120.0
30219,1952.5657910974687,0.99961138043757,120.0
30220,1952.5671799785375,0.99898185856875,120.0
30221,1952.5685688593735,0.99793623175622,120.0
30222,1952.5699577404432,0.99903888536648,120.0
30223,1952.57134662128,0.99919069151542,120.0
30224,1952.5727355023496,0.99924121777844,120.0
30225,1952.5741243834193,0.99776249226665,120.0
30226,1952.5755132642569,0.99815301573363,120.0
30227,1952.5769021453268,0.99868975518638,120.0
30228,1952.5782910261637,0.99893752261936,120.0
30229,1952.5796799072332,0.9993279017736,120.0
30230,1952.58106878807,0.99910900566728,120.0
30231,1952.5824576691396,0.99916946657853,120.0
30232,1952.583846549976,0.99919704532581,120.0
30233,1952.5852354310464,0.99888296728754,120.0
30234,1952.586624311884,0.99940032493706,120.0
30235,1952.5880131929537,0.99880533717592,120.0
30236,1952.5894020737903,0.99919502675487,120.0
30237,1952.59079095486,0.99874635090503,120.0
30238,1952.5921798356967,0.99934730696537,120.0
30239,1952.593568716533,0.99855036894787,120.0
30240,1952.5949575976017,0.99796889637927,120.0
30241,1952.5963464784393,0.99881935074888,120.0
30242,1952.5977353595092,0.99855246855563,120.0
30243,1952.5991242403456,0.99914680655357,120.0
30244,1952.6005131211828,0.99861093413813,120.0
30245,1952.6019020022525,0.99905239738967,120.0
30246,1952.6032908830891,0.99851055427555,120.0
30247,1952.6046797641584,0.9979999732878,120.0
30248,1952.6060686449953,0.99810976449081,120.0
30249,1952.6074575258328,0.99829993812648,120.0
30250,1952.6088464069032,0.99846397508837,120.0
30251,1952.61023528774,0.9985319500514,120.0
30252,1952.6116241685763,0.99845398614455,120.0
30253,1952.613013049646,0.9995862547109,120.0
30254,1952.6144019304827,0.99857594331321,120.0
30255,1952.6157908113196,0.99851852324887,120.0
30256,1952.6171796921565,0.99841459941986,120.0
30257,1952.618568573226,0.99872476696835,120.0
30258,1952.6199574540624,0.99924223123262,120.0
30259,1952.6213463348993,0.99819879371707,120.0
30260,1952.622735215736,0.99865513067817,120.0
30261,1952.6241240968056,0.99907891674225,120.0
30262,1952.6255129776423,0.9984967732347,120.0
30263,1952.6269018584792,0.99820621525333,120.0
30264,1952.628290739316,0.99882736599145,120.0
30265,1952.6296796201536,0.99915864795635,120.0
30266,1952.631068501224,0.99847343674957,120.0
30267,1952.6324573820605,0.99851646756943,120.0
30268,1952.6338462628971,0.99830357841899,120.0
30269,1952.6352351437336,0.99831705770073,120.0
30270,1952.6366240245704,0.99894584439531,120.0
30271,1952.638012905407,0.99825153030061,120.0
30272,1952.639401786245,0.9979178410362,120.0
30273,1952.6407906670825,0.99758040242423,120.0
30274,1952.6421795481515,0.99821747724726,120.0
30275,1952.643568428988,0.99900826504701,120.0
30276,1952.644957309824,0.99840416822604,120.0
30277,1952.6463461906608,0.99833789109413,120.0
30278,1952.6477350714977,0.99811968237435,120.0
30279,1952.649123952334,0.99892323764652,120.0
30280,1952.6505128331717,0.99711729922469,120.0
30281,1952.6519017140088,1.00017320322441,120.0
30282,1952.6532905948457,0.99826404480519,120.0
30283,1952.6546794756823,0.99835751715607,120.0
30284,1952.6560683565192,0.99814243517692,120.0
30285,1952.657457237356,0.99798202241504,120.0
30286,1952.6588461181927,0.99773586125132,120.0
30287,1952.6602349990296,0.9985704257614,120.0
30288,1952.6616238798667,0.99864115046867,120.0
30289,1952.6630127607043,0.99922541816117,120.0
30290,1952.6644016415407,0.99842691129554,120.0
30291,1952.6657905223776,0.99798749313213,120.0
30292,1952.6671794032145,0.99897955695273,120.0
30293,1952.6685682840512,0.99856523440223,120.0
30294,1952.6699571648871,0.99773679770944,120.0
30295,1952.6713460454905,0.99952313791188,120.0
30296,1952.672734926328,0.9981997150585,120.0
30297,1952.6741238071656,0.99840160525118,120.0
30298,1952.6755126880023,0.99820648613345,120.0
30299,1952.6769015688387,0.99845947740052,120.0
30300,1952.6782904496756,0.9977002151432,120.0
30301,1952.679679330512,0.99890205980814,120.0
30302,1952.6810682111163,0.99846231957839,120.0
30303,1952.6824570919532,0.99791515082484,120.0
30304,1952.6838459727903,0.99839689081238,120.0
30305,1952.685234853628,0.99834392812874,120.0
30306,1952.6866237344643,0.99849080417249,120.0
30307,1952.6880126150688,0.99803984050814,120.0
30308,1952.6894014959057,0.9995160144043,120.0
30309,1952.690790376742,0.99886638623988,120.0
30310,1952.6921792575788,0.99800920287413,120.0
30311,1952.6935681381835,0.99775302375677,120.0
30312,1952.696345899856,0.99719022311186,120.0
30313,1952.6977347806928,0.99781113133295,120.0
30314,1952.6991236612969,0.99750126559946,120.0
30315,1952.7005125421335,0.99813655357365,120.0
30316,1952.7019014229704,0.99864886080321,120.0
30317,1952.7032903035745,0.99818793090843,120.0
30318,1952.7046791844116,0.99822113090937,120.0
30319,1952.7060680652492,0.99796076583207,120.0
30320,1952.7074569458528,0.9984348975721,120.0
30321,1952.7088458266896,0.99744663820292,120.0
30322,1952.7102347075263,0.99810296514622,120.0
30323,1952.7116235881304,0.99846597986339,120.0
30324,1952.7130124689672,0.99762122116718,120.0
30325,1952.7144013495713,0.99801088757526,120.0
30326,1952.7157902304089,0.99788944684728,120.0
30327,1952.7171791110131,0.99760684383587,120.0
30328,1952.71856799185,0.99831761342693,120.0
30329,1952.719956872686,0.9985844237376,120.0
30330,1952.7213457532891,0.99877341710937,120.0
30331,1952.7227346341256,0.99759267629361,120.0
30332,1952.7241235147296,0.99846883178976,120.0
30333,1952.7255123955665,0.99830464509411,120.0
30334,1952.7269012761712,0.99745216078009,120.0
30335,1952.7282901570084,0.99847942479288,120.0
30336,1952.7296790376124,0.99760255401098,120.0
30337,1952.7310679184493,0.99790332086203,120.0
30338,1952.7324567990531,0.99796023310982,120.0
30339,1952.73384567989,0.99756698223728,120.0
30340,1952.7352345604936,0.99791290463458,120.0
30341,1952.7366234410977,0.99861348600028,120.0
30342,1952.7380123219352,0.9978975778309,120.0
30343,1952.7394012025395,0.99723894394883,120.0
30344,1952.7407900833769,0.99785757983533,120.0
30345,1952.7421789639805,0.99818058705898,120.0
30346,1952.743567844817,0.99789280808696,120.0
30347,1952.7449567254207,0.99756959290556,120.0
30348,1952.7463456060243,0.9979348413626,120.0
30349,1952.7477344868605,0.99749401432661,120.0
30350,1952.7491233674648,0.99736233497701,120.0
30351,1952.7505122480695,0.99822405838692,120.0
30352,1952.751901128906,0.99726771531663,120.0
30353,1952.7532900095105,0.99776565925617,120.0
30354,1952.754678890114,0.9986092481686,120.0
30355,1952.7560677709507,0.99777401538491,120.0
30356,1952.7574566515548,0.99794114266631,120.0
30357,1952.7588455321595,0.99807948098876,120.0
30358,1952.760234412764,0.997018752742,120.0
30359,1952.761623293601,0.9970520326538,120.0
30360,1952.7630121742047,0.99757183662155,120.0
30361,1952.7644010548083,0.99789105798961,120.0
30362,1952.7657899354124,0.99773941266374,120.0
30363,1952.7671788162493,0.99806463401992,120.0
30364,1952.768567696853,0.99845110674352,120.0
30365,1952.7699565774576,0.99790319247136,120.0
30366,1952.7713454580617,0.99736217420683,120.0
30367,1952.7727343386648,0.99790448722417,120.0
30368,1952.7741232195017,0.99769744415527,120.0
30369,1952.7755121001055,0.99715104343686,120.0
30370,1952.7769009807096,0.9982778287727,120.0
30371,1952.7782898613136,0.99782795533122,120.0
30372,1952.7796787419172,0.99750462186992,120.0
30373,1952.781067622522,0.99754009568348,120.0
30374,1952.7824565031265,0.9970385117585,120.0
30375,1952.7838453837303,0.99701048685997,120.0
30376,1952.7852342645672,0.9981020110673,120.0
30377,1952.7866231451712,0.99777740196275,120.0
30378,1952.7880120257748,0.997653051897,120.0
30379,1952.789400906379,0.99869287208839,120.0
30380,1952.7907897869827,0.99706758136467,120.0
30381,1952.7921786675872,0.99705375018521,120.0
30382,1952.793567548192,0.99760891315552,120.0
30383,1952.7949564287956,0.99793069571263,120.0
30384,1952.7963453093992,0.99712483641017,120.0
30385,1952.7977341900023,0.99884715789813,120.0
30386,1952.7991230706064,0.99790092750624,120.0
30387,1952.80051195121,0.99723749277058,120.0
30388,1952.801900831814,0.99746964376768,120.0
30389,1952.8032897124187,0.99798813955913,120.0
30390,1952.8046785930233,0.99789549817287,120.0
30391,1952.8060674736273,0.99744476982141,120.0
30392,1952.8074563542311,0.99727224737494,120.0
30393,1952.8088452348347,0.99680362338447,120.0
30394,1952.810234115206,0.99754776927593,120.0
30395,1952.81162299581,0.99682410264177,120.0
30396,1952.8130118764143,0.9981097452862,120.0
30397,1952.8144007570193,0.99841582429557,120.0
30398,1952.8157896376233,0.99731898171998,120.0
30399,1952.817178518227,0.9978687038633,120.0
30400,1952.8185673988307,0.99673519253249,120.0
30401,1952.8199562794348,0.99683736871074,120.0
30402,1952.821345159805,0.99745977157684,120.0
30403,1952.8227340404085,0.99666864641287,120.0
30404,1952.8241229210132,0.99746162464121,120.0
30405,1952.8255118016175,0.99744740752852,120.0
30406,1952.8269006822215,0.99784148867593,120.0
30407,1952.8282895625928,0.99750736087774,120.0
30408,1952.8296784431968,0.99795393638231,120.0
30409,1952.8310673238004,0.99738311836716,120.0
30410,1952.832456204404,0.99711226549442,120.0
30411,1952.8338450847752,0.99725749610672,120.0
30412,1952.83523396538,0.99698992936755,120.0
30413,1952.8366228459847,0.99735303883992,120.0
30414,1952.8380117265883,0.99694978126545,120.0
30415,1952.8394006069595,0.99712222137509,120.0
30416,1952.8407894875636,0.99720049838195,120.0
30417,1952.8421783681677,0.99810062201759,120.0
30418,1952.8435672485384,0.99804500891128,120.0
30419,1952.8449561291425,0.99710387896244,120.0
30420,1952.8463450097463,0.99759015875721,120.0
30421,1952.8477338901175,0.99732735619913,120.0
30422,1952.8491227707211,0.99734567255425,120.0
30423,1952.8505116510923,0.9969421388525,120.0
30424,1952.8519005316964,0.99647323162059,120.0
30425,1952.8532894123,0.9962179971542,120.0
30426,1952.8546782926712,0.99743673303246,120.0
30427,1952.8560671732753,0.99705772013328,120.0
30428,1952.8574560536467,0.99680839112198,120.0
30429,1952.8588449342517,0.99682314680569,120.0
30430,1952.8602338146225,0.99711176724426,120.0
30431,1952.8616226952263,0.99721296133969,120.0
30432,1952.8630115758303,0.99688980179298,120.0
30433,1952.8644004562016,0.99634835327537,120.0
30434,1952.8657893368056,0.99686919761053,120.0
30435,1952.8671782171768,0.99683450008736,120.0
30436,1952.8685670977811,0.99740935905217,120.0
30437,1952.8699559781528,0.99699078477409,120.0
30438,1952.871344858756,0.99658679853648,120.0
30439,1952.8727337391267,0.99636869082813,120.0
30440,1952.8741226194977,0.99738647498974,120.0
30441,1952.8755115001015,0.99690076583118,120.0
30442,1952.8769003804728,0.99641849614897,120.0
30443,1952.8782892610773,0.9970461194602,120.0
30444,1952.8796781414492,0.99688254528856,120.0
30445,1952.88106702182,0.99709037448019,120.0
30446,1952.882455902424,0.99651638797648,120.0
30447,1952.8838447827952,0.99645250825716,120.0
30448,1952.8852336633993,0.99667457078593,120.0
30449,1952.8866225437705,0.99662873375152,120.0
30450,1952.8880114241413,0.99695828138472,120.0
30451,1952.889400304746,0.99687890608009,120.0
30452,1952.8907891851177,0.99732229909759,120.0
30453,1952.892178065489,0.99750943308825,120.0
30454,1952.8935669460927,0.99613465148095,120.0
30455,1952.8949558264635,0.99734952539028,120.0
30456,1952.896344706834,0.99696451736355,120.0
30457,1952.8977335872044,0.99675096325706,120.0
30458,1952.8991224678084,0.99652244124718,120.0
30459,1952.90051134818,0.99721354632951,120.0
30460,1952.901900228552,0.99746547504051,120.0
30461,1952.9032891089228,0.99669258547764,120.0
30462,1952.9046779895268,0.99761239283636,120.0
30463,1952.906066869898,0.99685225880806,120.0
30464,1952.9074557502688,0.99639752100215,120.0
30465,1952.90884463064,0.99699782783785,120.0
30466,1952.9102335110113,0.99678375743585,120.0
30467,1952.911622391616,0.99736728532411,120.0
30468,1952.9130112719877,0.99722576169195,120.0
30469,1952.9144001523584,0.99682407820271,120.0
30470,1952.9157890327297,0.99699370746834,120.0
30471,1952.9171779131009,0.99659647154328,120.0
30472,1952.918566793472,0.996769583142,120.0
30473,1952.9199556738429,0.99827699311299,120.0
30474,1952.9213445542136,0.9963149592413,120.0
30475,1952.9227334348172,0.99685219681311,120.0
30476,1952.9241223151892,0.99762920703158,120.0
30477,1952.92551119556,0.9974009693344,120.0
30478,1952.9269000759311,0.99694662782365,120.0
30479,1952.9282889563024,0.99687509077238,120.0
30480,1952.9296778366731,0.9960572989685,120.0
30481,1952.9310667170444,0.99713181499682,120.0
30482,1952.932455597416,0.99683668462023,120.0
30483,1952.933844477788,0.99701336292454,120.0
30484,1952.9352333581592,0.9959089609002,120.0
30485,1952.93662223853,0.99686445150552,120.0
30486,1952.9380111189012,0.99648079146636,120.0
30487,1952.9393999992724,0.99641885573437,120.0
30488,1952.9407888796432,0.99572739061736,120.0
30489,1952.9421777600144,0.9964587852332,120.0
30490,1952.9435666403865,0.99637918426895,120.0
30491,1952.9449555205251,0.99690678655749,120.0
30492,1952.9463444008957,0.99722742089624,120.0
30493,1952.947733281266,0.9967374206829,120.0
30494,1952.9491221616368,0.99658785927085,120.0
30495,1952.950511042008,0.99621334903,120.0
30496,1952.9518999223792,0.99671760980292,120.0
30497,1952.9532888027504,0.9964220823282,120.0
30498,1952.954677683122,0.99725072876246,120.0
30499,1952.9560665632607,0.99661428095574,120.0
30500,1952.957455443632,0.99587485266382,120.0
30501,1952.9588443240032,0.99614269763388,120.0
30502,1952.9602332043744,0.99578339884004,120.0
30503,1952.9616220847452,0.99660026427172,120.0
30504,1952.9630109648836,0.99686597646553,120.0
30505,1952.9643998452548,0.99713607305246,120.0
30506,1952.9657887256265,0.9961370996265,120.0
30507,1952.9671776059984,0.9961546810623,120.0
30508,1952.9685664863691,0.99656672714018,120.0
30509,1952.9699553665075,0.99584241746609,120.0
30510,1952.971344246878,0.99686867712168,120.0
30511,1952.9727331272484,0.99639789418352,120.0
30512,1952.9741220073868,0.99727900305471,120.0
30513,1952.9755108877575,0.99576795581593,120.0
30514,1952.9768997681297,0.99667861213945,120.0
30515,1952.978288648268,0.99633124310895,120.0
30516,1952.9796775286395,0.99608042862734,120.0
30517,1952.9810664090107,0.99708274643286,120.0
30518,1952.982455289149,0.99612866713598,120.0
30519,1952.98384416952,0.99608087020264,120.0
30520,1952.985233049891,0.99622400012257,120.0
30521,1952.9866219300293,0.99612847691506,120.0
30522,1952.9880108104007,0.99609746745666,120.0
30523,1952.98939969054,0.99597165801431,120.0
30524,1952.9907885709113,0.99626845405558,120.0
30525,1952.992177451282,0.99631651221767,120.0
30526,1952.9935663314204,0.99599745264633,120.0
30527,1952.9949552117907,0.99585004331819,120.0
30528,1952.9963440919284,0.99683637850069,120.0
30529,1952.9977329723,0.99493683109485,120.0
30530,1952.9991218524387,0.99640734499541,120.0
30531,1953.0005107328104,0.99678953476448,120.0
30532,1953.0018996129484,0.99621145078587,120.0
30533,1953.0032884933196,0.99552101396889,120.0
30534,1953.0046773734575,0.9962293158623,120.0
30535,1953.0060662538287,0.9959101453275,120.0
30536,1953.0074551339667,0.99632278359275,120.0
30537,1953.008844014106,0.99589751776882,120.0
30538,1953.0102328944777,0.99685762434636,120.0
30539,1953.011621774616,0.99597244252189,120.0
30540,1953.0130106549873,0.99649020209698,120.0
30541,1953.0143995351252,0.99609125669222,120.0
30542,1953.0157884152636,0.99668149990375,120.0
30543,1953.0171772956348,0.99595373248491,120.0
30544,1953.0185661757728,0.99641078364758,120.0
30545,1953.019955056144,0.99642286750405,120.0
30546,1953.021343936282,0.99631161201247,120.0
30547,1953.0227328164203,0.99678169860442,120.0
30548,1953.0241216967916,0.99624652331156,120.0
30549,1953.02551057693,0.99520083077347,120.0
30550,1953.026899457068,0.99509036300926,120.0
30551,1953.0282883372065,0.99592112820274,120.0
30552,1953.0296772175775,0.99605369812482,120.0
30553,1953.0310660977163,0.99555217280407,120.0
30554,1953.0324549778552,0.99588305887327,120.0
30555,1953.0338438582264,0.99602894585074,120.0
30556,1953.0352327383644,0.99609465111467,120.0
30557,1953.0366216185027,0.99628408087293,120.0
30558,1953.0380104986411,0.99571365677088,120.0
30559,1953.0393993787795,0.99576466693223,120.0
30560,1953.0407882591503,0.9958218887028,120.0
30561,1953.0421771392892,0.99644227489396,120.0
30562,1953.043566019428,0.99569056349137,120.0
30563,1953.044954899566,0.99557654306183,120.0
30564,1953.0463437797036,0.99590975837534,120.0
30565,1953.0477326598416,0.99518588853263,120.0
30566,1953.04912153998,0.99607584313603,120.0
30567,1953.0505104203507,0.9965501725479,120.0
30568,1953.05189930049,0.99598558376655,120.0
30569,1953.053288180629,0.99651618418682,120.0
30570,1953.0546770607673,0.99644829852896,120.0
30571,1953.0560659409057,0.99581327644575,120.0
30572,1953.0574548210436,0.99563340875992,120.0
30573,1953.058843701182,0.9963606268168,120.0
30574,1953.06023258132,0.99464334872563,120.0
30575,1953.0616214614583,0.9950234997847,120.0
30576,1953.0630103415976,0.99604663164549,120.0
30577,1953.064399221736,0.99568612666898,120.0
30578,1953.0657881018744,0.99652839412169,120.0
30579,1953.0671769820128,0.9957049689386,120.0
30580,1953.0685658621503,0.99593552003215,120.0
30581,1953.069954742288,0.99650034119497,120.0
30582,1953.071343622426,0.99626763291893,120.0
30583,1953.0727325025643,0.99626411895317,120.0
30584,1953.0741213827032,0.995221903601,120.0
30585,1953.0755102628425,0.99625713213417,120.0
30586,1953.076899142981,0.99561034433765,120.0
30587,1953.0782880231188,0.9960813687618,120.0
30588,1953.0796769032568,0.99559360230192,120.0
30589,1953.0810657831623,0.99598873061574,120.0
30590,1953.0824546633007,0.99600688868659,120.0
30591,1953.0838435434391,0.99686087490372,120.0
30592,1953.085232423578,0.99582931101969,120.0
30593,1953.0866213037168,0.99560173241893,120.0
30594,1953.0880101838552,0.99577701944732,120.0
30595,1953.0893990637603,0.99487686212105,120.0
30596,1953.0907879438987,0.99555645264329,120.0
30597,1953.092176824037,0.99524720749988,120.0
30598,1953.0935657041744,0.99531744943378,120.0
30599,1953.094954584312,0.99609784033252,120.0
30600,1953.0963434642183,0.99568239182638,120.0
30601,1953.0977323443572,0.99530888197843,120.0
30602,1953.0991212244955,0.99622706922218,120.0
30603,1953.1005101046337,0.99615097404836,120.0
30604,1953.1018989845393,0.9958606540863,120.0
30605,1953.1032878646777,0.99577845818974,120.0
30606,1953.104676744816,0.99568111705903,120.0
30607,1953.1060656247212,0.99594874099646,120.0
30608,1953.10745450486,0.9964845483429,120.0
30609,1953.1088433849989,0.99557964095351,120.0
30610,1953.1102322649044,0.99589058086349,120.0
30611,1953.1116211450424,0.99551315531927,120.0
30612,1953.1130100251808,0.99565494053732,120.0
30613,1953.1143989050863,0.99704977744497,120.0
30614,1953.1157877852245,0.99518644728905,120.0
30615,1953.1171766651307,0.99581563333494,120.0
30616,1953.1199544254064,0.99538028446403,120.0
30617,1953.121343305312,0.99520177531641,120.0
30618,1953.12273218545,0.99600129825619,120.0
30619,1953.1241210653552,0.9962959225303,120.0
30620,1953.1255099454936,0.9960529952274,120.0
30621,1953.1268988253992,0.99595791853518,120.0
30622,1953.1282877055385,0.99541443313699,120.0
30623,1953.129676585444,0.99582062875126,120.0
30624,1953.1310654655824,0.99537228788133,120.0
30625,1953.132454345488,0.9957418326728,120.0
30626,1953.1338432256264,0.99625955449501,120.0
30627,1953.1352321055317,0.99563158862084,120.0
30628,1953.1366209856697,0.9948104183066,120.0
30629,1953.1380098655752,0.99554576070525,120.0
30630,1953.1393987454817,0.99549799067365,120.0
30631,1953.1407876256203,0.99575638849272,120.0
30632,1953.1421765055252,0.99477521868035,120.0
30633,1953.1435653856624,0.99525174558039,120.0
30634,1953.144954265568,0.99525699704773,120.0
30635,1953.1463431454736,0.99673259178124,120.0
30636,1953.1477320256115,0.99548083390483,120.0
30637,1953.1491209055173,0.99544289125187,120.0
30638,1953.1505097854233,0.99568374330894,120.0
30639,1953.151898665562,0.99478162370297,120.0
30640,1953.1532875454675,0.99585501772474,120.0
30641,1953.1546764253728,0.99500290008261,120.0
30642,1953.1560653055112,0.99578089207443,120.0
30643,1953.1574541854168,0.9951510323354,120.0
30644,1953.158843065322,0.99513924288539,120.0
30645,1953.1602319452272,0.99576175402208,120.0
30646,1953.1616208253663,0.9950159462983,120.0
30647,1953.1630097052728,0.9956624744639,120.0
30648,1953.164398585178,0.99508902487744,120.0
30649,1953.1657874650832,0.99562662180323,120.0
30650,1953.1671763449883,0.99536708114895,120.0
30651,1953.1685652251256,0.99601553213038,120.0
30652,1953.1699541050311,0.99579046169862,120.0
30653,1953.1713429849372,0.99662450693015,120.0
30654,1953.1727318648432,0.99513527142527,120.0
30655,1953.1741207447487,0.99557332316051,120.0
30656,1953.1755096246543,0.99495201390804,120.0
30657,1953.1768985047925,0.99566879325532,120.0
30658,1953.178287384698,0.99534197415262,120.0
30659,1953.1796762646031,0.99571559296117,120.0
30660,1953.1810651445087,0.99513570800909,120.0
30661,1953.1824540244147,0.99539075862873,120.0
30662,1953.1838429043207,0.99533134631838,120.0
30663,1953.1852317842263,0.99473242710308,120.0
30664,1953.186620664132,0.99564249925244,120.0
30665,1953.1880095440372,0.99571434269009,120.0
30666,1953.1893984239423,0.9951177686653,120.0
30667,1953.1907873038472,0.99578656568862,120.0
30668,1953.192176183752,0.9947505438693,120.0
30669,1953.193565063658,0.99556860433538,120.0
30670,1953.1949539435643,0.99521389110005,120.0
30671,1953.1963428234696,0.99479200882158,120.0
30672,1953.1977317033752,0.99496505957838,120.0
30673,1953.1991205832803,0.9956717508865,120.0
30674,1953.200509463186,0.99485044120278,120.0
30675,1953.2018983430912,0.99720333220608,120.0
30676,1953.2032872229968,0.99444986061718,120.0
30677,1953.20467610267,0.99572744338937,120.0
30678,1953.206064982576,0.99604987164674,120.0
30679,1953.2074538624815,0.99603311780581,120.0
30680,1953.208842742387,0.99519196955867,120.0
30681,1953.2102316222924,0.99567584212393,120.0
30682,1953.211620502198,0.99490226430433,120.0
30683,1953.213009382103,0.99531250962117,120.0
30684,1953.2143982617752,0.99475905344427,120.0
30685,1953.2157871416807,0.99558387315567,120.0
30686,1953.2171760215867,0.99495519365066,120.0
30687,1953.218564901492,0.99452226633241,120.0
30688,1953.2199537813976,0.99568127692529,120.0
30689,1953.2213426610704,0.99496636308494,120.0
30690,1953.2227315409757,0.99477284674877,120.0
30691,1953.2241204208808,0.9962823079818,120.0
30692,1953.2255093005535,0.9947905023374,120.0
30693,1953.2268981804596,0.99532610903851,120.0
30694,1953.2282870603656,0.99514448243307,120.0
30695,1953.2296759402711,0.9961127454679,120.0
30696,1953.231064819944,0.99492821190023,120.0
30697,1953.2324536998492,0.9951937215198,120.0
30698,1953.2338425797548,0.99623395766636,120.0
30699,1953.2352314594273,0.99577467596328,120.0
30700,1953.2366203393333,0.99583575958379,120.0
30701,1953.2380092190067,0.99489245224688,120.0
30702,1953.2393980989111,0.99520411858872,120.0
30703,1953.240786978816,0.99569979547617,120.0
30704,1953.2421758584887,0.99547280188019,120.0
30705,1953.2435647383943,0.99447141197726,120.0
30706,1953.2449536180668,0.99537034632953,120.0
30707,1953.246342497972,0.99555554398964,120.0
30708,1953.2477313776456,0.99540894701544,120.0
30709,1953.2491202575516,0.99513461937392,120.0
30710,1953.2505091372243,0.99525222024859,120.0
30711,1953.2518980171296,0.9944728845417,120.0
30712,1953.253286896802,0.99488592003147,120.0
30713,1953.2546757767072,0.99437544997764,120.0
30714,1953.25606465638,0.99524369881291,120.0
30715,1953.2574535362855,0.99543415089371,120.0
30716,1953.2588424159587,0.99460363825063,120.0
30717,1953.2602312958647,0.99542182134715,120.0
30718,1953.2616201755377,0.99448211212134,120.0
30719,1953.2630090554424,0.99466614445233,120.0
30720,1953.264397935114,0.9953483225752,120.0
30721,1953.265786814787,0.99546792813097,120.0
30722,1953.267175694692,0.9953819590812,120.0
30723,1953.2685645743647,0.99482262924051,120.0
30724,1953.269953454038,0.99469128551479,120.0
30725,1953.271342333944,0.9948530515318,120.0
30726,1953.272731213617,0.99543631396001,120.0
30727,1953.2741200932896,0.99551031174078,120.0
30728,1953.2755089731947,0.99498358381292,120.0
30729,1953.2768978528673,0.99591851518287,120.0
30730,1953.27828673254,0.99511610829841,120.0
30731,1953.2796756124455,0.9950557528155,120.0
30732,1953.2810644921187,0.99573925271783,120.0
30733,1953.282453371792,0.99508559144366,120.0
30734,1953.2838422514644,0.99481163717484,120.0
30735,1953.28523113137,0.99514476583681,120.0
30736,1953.2866200110416,0.9952536045175,120.0
30737,1953.2880088907136,0.99433008591565,120.0
30738,1953.2893977703864,0.99555667493683,120.0
30739,1953.2907866500595,0.99414091750373,120.0
30740,1953.2921755297327,0.99482736752159,120.0
30741,1953.2935644096383,0.99400267184185,120.0
30742,1953.2949532893113,0.99467554914376,120.0
30743,1953.2963421689835,0.99526525799818,120.0
30744,1953.297731048656,0.99492228415313,120.0
30745,1953.2991199283288,0.99515774084903,120.0
30746,1953.3005088080013,0.99498899689827,120.0
30747,1953.3018976876745,0.99521896232999,120.0
30748,1953.303286567348,0.99550215749194,120.0
30749,1953.3046754470204,0.99510743280559,120.0
30750,1953.3060643266929,0.99560275416296,120.0
30751,1953.3074532063656,0.99535771287308,120.0
30752,1953.3088420860383,0.9949183129706,120.0
30753,1953.3102309657108,0.99593260924401,120.0
30754,1953.3116198453824,0.99444124137091,120.0
30755,1953.3130087250552,0.99568422430893,120.0
30756,1953.3143976047284,0.99573216162483,120.0
30757,1953.3157864844009,0.99489900563147,120.0
30758,1953.3171753640736,0.99527200737983,120.0
30759,1953.3185642437463,0.99453455531087,120.0
30760,1953.3199531234188,0.99548538296944,120.0
30761,1953.3213420030916,0.9947073788257,120.0
30762,1953.322730882764,0.99567230291558,120.0
30763,1953.3241197624372,0.99473314306819,120.0
30764,1953.3255086421104,0.99448426137821,120.0
30765,1953.3268975217832,0.99523105707461,120.0
30766,1953.328286401456,0.99458669244865,120.0
30767,1953.3296752808956,0.99499307330377,120.0
30768,1953.3310641605683,0.99439398333178,120.0
30769,1953.3324530402408,0.99522716608083,120.0
30770,1953.3338419199133,0.99546262178317,120.0
30771,1953.3352307995856,0.99510819431033,120.0
30772,1953.3366196790255,0.99509150618346,120.0
30773,1953.3380085586984,0.99421943117151,120.0
30774,1953.3393974383707,0.99558047165115,120.0
30775,1953.3407863180432,0.99500439430777,120.0
30776,1953.3421751974831,0.99520334751845,120.0
30777,1953.343564077156,0.99483302589379,120.0
30778,1953.3449529568288,0.9956100314059,120.0
30779,1953.3463418365025,0.99510145632932,120.0
30780,1953.347730715942,0.99517878975728,120.0
30781,1953.3491195956144,0.99459299924114,120.0
30782,1953.3505084752871,0.99549726853885,120.0
30783,1953.3518973547273,0.99570872078166,120.0
30784,1953.3532862343995,0.99473715442518,120.0
30785,1953.354675114072,0.99434757997834,120.0
30786,1953.3560639935129,0.99428317600392,120.0
30787,1953.357452873186,0.99469345317418,120.0
30788,1953.3588417526248,0.99568642241748,120.0
30789,1953.3602306322969,0.99467859209598,120.0
30790,1953.3616195117368,0.99536707336593,120.0
30791,1953.3630083914093,0.99497525678708,120.0
30792,1953.3643972710815,0.99473082711393,120.0
30793,1953.3657861505217,0.99465370741126,120.0
30794,1953.3671750301949,0.99480331953169,120.0
30795,1953.3685639096352,0.99502161598457,120.0
30796,1953.369952789308,0.99535978937872,120.0
30797,1953.3713416687476,0.99517466894999,120.0
30798,1953.3727305484203,0.99451662866097,120.0
30799,1953.37411942786,0.99549279690466,120.0
30800,1953.3755083073,0.99594911808782,120.0
30801,1953.3768971869724,0.99428200906901,120.0
30802,1953.3782860664128,0.99423010529328,120.0
30803,1953.3796749460864,0.99561633028822,120.0
30804,1953.3810638255256,0.99512459016297,120.0
30805,1953.3824527051977,0.99562482191322,120.0
30806,1953.383841584637,0.99530150894948,120.0
30807,1953.3852304640764,0.99509215344572,120.0
30808,1953.3866193437489,0.9935234780243,120.0
30809,1953.3880082231888,0.99449011803195,120.0
30810,1953.3893971026291,0.99450631717897,120.0
30811,1953.3907859823028,0.9942652072639,120.0
30812,1953.3921748617424,0.99409182881839,120.0
30813,1953.393563741182,0.99462381512981,120.0
30814,1953.394952620622,0.99503306728215,120.0
30815,1953.3963415002947,0.99481495656179,120.0
30816,1953.3977303797344,0.99469454886836,120.0
30817,1953.399119259174,0.99470087578344,120.0
30818,1953.4005081386144,0.99440298426973,120.0
30819,1953.401897018288,0.99490018037821,120.0
30820,1953.4032858977275,0.99580553834077,120.0
30821,1953.4046747771672,0.99540856841348,120.0
30822,1953.4060636566064,0.99511275744658,120.0
30823,1953.4074525360456,0.99479083543245,120.0
30824,1953.408841415718,0.99558215573956,120.0
30825,1953.4102302951585,0.99416228535603,120.0
30826,1953.4116191745993,0.99636391729717,120.0
30827,1953.4130080540388,0.99423554481359,120.0
30828,1953.4143969334784,0.9952829343855,120.0
30829,1953.4157858129183,0.99533431369881,120.0
30830,1953.417174692358,0.99484700710534,120.0
30831,1953.418563571798,0.99428913958135,120.0
30832,1953.4199524512376,0.99427101654766,120.0
30833,1953.421341330678,0.99562061719633,120.0
30834,1953.4227302101183,0.99473425548639,120.0
30835,1953.424119089558,0.99544627773501,120.0
30836,1953.425507968998,0.99413422058861,120.0
30837,1953.4268968484375,0.99500772735481,120.0
30838,1953.4282857278777,0.99436718371532,120.0
30839,1953.4296746073169,0.99390976988147,120.0
30840,1953.4310634867556,0.99513610185286,120.0
30841,1953.432452366196,0.99498217941776,120.0
30842,1953.4338412456364,0.9952663112741,120.0
30843,1953.435230125076,0.9949177593594,120.0
30844,1953.436619004516,0.99464986866526,120.0
30845,1953.438007883956,0.9935724454614,120.0
30846,1953.4393967633955,0.99427452914743,120.0
30847,1953.4407856428352,0.99506644266837,120.0
30848,1953.4421745220425,0.99500545924283,120.0
30849,1953.4435634014828,0.99476952094505,120.0
30850,1953.4449522809232,0.99471161362572,120.0
30851,1953.4463411603629,0.99474321253626,120.0
30852,1953.4477300398028,0.99518597271036,120.0
30853,1953.4491189190096,0.99491788120196,120.0
30854,1953.4505077984493,0.99471370619696,120.0
30855,1953.4518966778887,0.99481661052442,120.0
30856,1953.453285557328,0.99522351955704,120.0
30857,1953.454674436768,0.99511819498528,120.0
30858,1953.4560633159756,0.99480830500871,120.0
30859,1953.4574521954153,0.99473459269673,120.0
30860,1953.4588410748547,0.99521810766204,120.0
30861,1953.460229954062,0.99522310610957,120.0
30862,1953.4616188335017,0.99445054857619,120.0
30863,1953.4630077129416,0.99438108992145,120.0
30864,1953.4643965921491,0.99582501064081,120.0
30865,1953.4657854715897,0.99424669789069,120.0
30866,1953.4671743510291,0.99571184684208,120.0
30867,1953.468563230236,0.99495239719083,120.0
30868,1953.469952109676,0.99535251044606,120.0
30869,1953.4713409888827,0.99426622914473,120.0
30870,1953.4727298683224,0.99454233477805,120.0
30871,1953.4741187477623,0.99491953212833,120.0
30872,1953.47550762697,0.99450505109984,120.0
30873,1953.4768965064095,0.99424446904033,120.0
30874,1953.478285385616,0.99455985420292,120.0
30875,1953.4796742650556,0.9952159969239,120.0
30876,1953.4810631442624,0.99462764768157,120.0
30877,1953.4824520237023,0.99382628668642,120.0
30878,1953.4838409029096,0.99566002174152,120.0
30879,1953.4852297823493,0.99589633111848,120.0
30880,1953.4866186615568,0.99470749003577,120.0
30881,1953.4880075407643,0.99500465522929,120.0
30882,1953.489396420204,0.99444667225548,120.0
30883,1953.4907852994113,0.99471983245972,120.0
30884,1953.4921741788507,0.99485592952557,120.0
30885,1953.4935630580576,0.99515478450699,120.0
30886,1953.494951937265,0.99488962305028,120.0
30887,1953.4963408167043,0.99462850310667,120.0
30888,1953.497729695912,0.99465698120877,120.0
30889,1953.49911857512,0.99523629473475,120.0
30890,1953.5005074545588,0.99535079609126,120.0
30891,1953.5018963337648,0.99413345277274,120.0
30892,1953.503285212972,0.99520428864196,120.0
30893,1953.5046740924115,0.99396377091839,120.0
30894,1953.5060629716188,0.99369319371619,120.0
30895,1953.5074518508256,0.99499481573876,120.0
30896,1953.5088407300332,0.99492431349958,120.0
30897,1953.5102296094735,0.99459227712443,120.0
30898,1953.5116184886808,0.99401548399394,120.0
30899,1953.5130073678877,0.99495444409569,120.0
30900,1953.5143962470945,0.99430442679542,120.0
30901,1953.5157851263011,0.99441939708187,120.0
30902,1953.5171740057408,0.9946831463186,120.0
30903,1953.518562884948,0.99445995129205,120.0
30904,1953.5199517641556,0.99463092679253,120.0
30905,1953.5213406433631,0.99424636480822,120.0
30906,1953.5227295225704,0.99425666033859,120.0
30907,1953.5241184017768,0.9949097229236,120.0
30908,1953.5255072809828,0.99406619188403,120.0
30909,1953.5268961601896,0.99427670358115,120.0
30910,1953.528285039397,0.99415358277249,120.0
30911,1953.529673918604,0.99457165608271,120.0
30912,1953.5310627978115,0.99486956169219,120.0
30913,1953.5324516770188,0.99459592247424,120.0
30914,1953.5338405564585,0.99480750851196,120.0
30915,1953.5352294354327,0.99567801647448,120.0
30916,1953.5366183146396,0.99398363245734,120.0
30917,1953.5380071938464,0.99471472101085,120.0
30918,1953.5393960730532,0.994286120689,120.0
30919,1953.5407849522608,0.99427505318555,120.0
30920,1953.5421738314687,0.99457137902543,120.0
30921,1953.5435627106756,0.99474136261248,120.0
30922,1953.5449515898824,0.99475366504884,120.0
30923,1953.5463404690893,0.99390390185161,120.0
30924,1953.5477293482957,0.99510484960991,120.0
30925,1953.5491182275016,0.99489204397659,120.0
30926,1953.550507106709,0.99549066090444,120.0
30927,1953.5518959856836,0.99431311264172,120.0
30928,1953.553284864891,0.99461012703957,120.0
30929,1953.554673744098,0.99438081378935,120.0
30930,1953.5560626233048,0.99529656419448,120.0
30931,1953.557451502512,0.99493177599763,120.0
30932,1953.558840381486,0.99560485347263,120.0
30933,1953.5602292606927,0.99436993751973,120.0
30934,1953.5616181399,0.99452895123828,120.0
30935,1953.5630070191075,0.99525529958384,120.0
30936,1953.5643958980825,0.99401502823717,120.0
30937,1953.5657847772893,0.9947583309517,120.0
30938,1953.567173656496,0.99535476266646,120.0
30939,1953.56856253547,0.99513959534543,120.0
30940,1953.5699514146772,0.99456142110414,120.0
30941,1953.5713402938832,0.99453188140607,120.0
30942,1953.5727291728567,0.99400664508263,120.0
30943,1953.5741180520645,0.99354288183201,120.0
30944,1953.575506931272,0.99526423884979,120.0
30945,1953.5768958102465,0.99524485153825,120.0
30946,1953.5782846894529,0.99416193471161,120.0
30947,1953.579673568427,0.99432402824471,120.0
30948,1953.581062447634,0.99498979414528,120.0
30949,1953.582451326608,0.99588743268353,120.0
30950,1953.583840205816,0.99465573836644,120.0
30951,1953.5852290847904,0.99450826032743,120.0
30952,1953.5866179639977,0.99559238571219,120.0
30953,1953.5880068429717,0.99520483395728,120.0
30954,1953.5893957221783,0.99540039248444,120.0
30955,1953.5907846011528,0.99481691889596,120.0
30956,1953.5921734803596,0.99533654810258,120.0
30957,1953.5935623593327,0.99391342057178,120.0
30958,1953.59495123854,0.99538120179072,120.0
30959,1953.5963401175147,0.99434238546845,120.0
30960,1953.5977289964887,0.9946377834817,120.0
30961,1953.599117875696,0.9954362443791,120.0
30962,1953.60050675467,0.9943593685798,120.0
30963,1953.601895633644,0.99477537983236,120.0
30964,1953.603284512851,0.99478338979314,120.0
30965,1953.6046733918247,0.99484886450824,120.0
30966,1953.6060622708,0.99476173708618,120.0
30967,1953.6074511500076,0.99477497218945,120.0
30968,1953.6088400289816,0.99475178749702,120.0
30969,1953.6102289079556,0.99519088649028,120.0
30970,1953.6116177871625,0.99390284687667,120.0
30971,1953.6130066661367,0.99465417094756,120.0
30972,1953.6143955451107,0.99526295456211,120.0
30973,1953.6157844240847,0.99525108150949,120.0
30974,1953.6171733030587,0.99495453856673,120.0
30975,1953.6185621822656,0.99551079575334,120.0
30976,1953.61995106124,0.99458100443852,120.0
30977,1953.621339940214,0.99510934891456,120.0
30978,1953.6227288191883,0.99480817991544,120.0
30979,1953.6241176981623,0.99537046827922,120.0
30980,1953.6255065771363,0.99455692899482,120.0
30981,1953.6268954561103,0.99466222304157,120.0
30982,1953.628284335318,0.99421476366134,120.0
30983,1953.6296732142928,0.99558211216411,120.0
30984,1953.6310620932672,0.99474970519031,120.0
30985,1953.6324509722408,0.99419139963352,120.0
30986,1953.6338398512153,0.99464377037935,120.0
30987,1953.6352287301893,0.99512262717382,120.0
30988,1953.6366176091633,0.99399289408879,120.0
30989,1953.6380064881375,0.99537857812223,120.0
30990,1953.639395367112,0.99540347886229,120.0
30991,1953.6407842460865,0.99492204146172,120.0
30992,1953.64217312506,0.99439717742357,120.0
30993,1953.6435620040336,0.99562590348188,120.0
30994,1953.6449508827752,0.99534055976861,120.0
30995,1953.6463397617492,0.99516586758197,120.0
30996,1953.6477286407232,0.99428521766017,120.0
30997,1953.649117519698,0.99452457317422,120.0
30998,1953.6505063986729,0.99612267649637,120.0
30999,1953.651895277647,0.99411761452582,120.0
31000,1953.653284156621,0.99561468994263,120.0
31001,1953.6546730355951,0.99492115794935,120.0
31002,1953.6560619143363,0.99413890860479,120.0
31003,1953.6574507933103,0.99426659440316,120.0
31004,1953.6588396722848,0.99463697476346,120.0
31005,1953.6602285512593,0.99552003934229,120.0
31006,1953.6616174300011,0.99470812117442,120.0
31007,1953.6630063089751,0.99582002024206,120.0
31008,1953.664395187949,0.99433796903207,120.0
31009,1953.6657840669225,0.99486053129721,120.0
31010,1953.6671729456637,0.99546189279475,120.0
31011,1953.6685618246377,0.99450511369358,120.0
31012,1953.6699507036117,0.99498857790896,120.0
31013,1953.6713395823535,0.9950073534192,120.0
31014,1953.6727284613285,0.99470598893746,120.0
31015,1953.6741173403027,0.99505893556376,120.0
31016,1953.675506219044,0.99518925779901,120.0
31017,1953.6768950980177,0.99518750440048,120.0
31018,1953.6782839767593,0.99522674609618,120.0
31019,1953.679672855733,0.99463193706827,120.0
31020,1953.6810617347076,0.99528155005108,120.0
31021,1953.6824506134496,0.99468131022599,120.0
31022,1953.683839492424,0.99468603909895,120.0
31023,1953.6852283711653,0.99550140156834,120.0
31024,1953.6866172501389,0.99426960747393,120.0
31025,1953.6880061288796,0.99506945385181,120.0
31026,1953.6893950078536,0.99567644525832,120.0
31027,1953.6907838865948,0.99545207251812,120.0
31028,1953.692172765336,0.99504198358291,120.0
31029,1953.6935616443109,0.99557207574599,120.0
31030,1953.6949505230527,0.99498990477131,120.0
31031,1953.6963394020268,0.99540254151099,120.0
31032,1953.697728280768,0.99467777776284,120.0
31033,1953.6991171595091,0.99489829476712,120.0
31034,1953.7005060384836,0.9949999264433,120.0
31035,1953.7018949172248,0.99486227893699,120.0
31036,1953.7032837959664,0.99541802344291,120.0
31037,1953.7046726749415,0.99466466389705,120.0
31038,1953.7060615536827,0.99457863157567,120.0
31039,1953.707450432424,0.99411389063769,120.0
31040,1953.708839311398,0.99542711934616,120.0
31041,1953.7102281901384,0.99580046239346,120.0
31042,1953.7116170688791,0.99607296908085,120.0
31043,1953.7130059476203,0.9950495745643,120.0
31044,1953.7143948265953,0.99522766978547,120.0
31045,1953.7157837053371,0.99441559593279,120.0
31046,1953.7171725840788,0.99436926646242,120.0
31047,1953.71856146282,0.9944956448448,120.0
31048,1953.7199503415611,0.99482363754858,120.0
31049,1953.7213392203023,0.99484183611979,120.0
31050,1953.7227280990437,0.99567310856676,120.0
31051,1953.7241169780175,0.99451214144942,120.0
31052,1953.7255058567596,0.99532848351214,120.0
31053,1953.7268947355017,0.99525037248868,120.0
31054,1953.7282836142429,0.99515968714508,120.0
31055,1953.729672492984,0.99458617293824,120.0
31056,1953.7310613717257,0.99556336642048,120.0
31057,1953.732450250466,0.99564344958688,120.0
31058,1953.7338391292064,0.99422438405049,120.0
31059,1953.735228007948,0.99492689343872,120.0
31060,1953.73661688669,0.99532707274214,120.0
31061,1953.738005765432,0.99690479861082,120.0
31062,1953.7393946441732,0.99497174524702,120.0
31063,1953.7407835229144,0.99472190504487,120.0
31064,1953.7421724016556,0.99522345187495,120.0
31065,1953.7435612803968,0.9958122911707,120.0
31066,1953.744950158905,0.9954421740257,120.0
31067,1953.7463390376467,0.99539772123544,120.0
31068,1953.7477279163888,0.99567360211045,120.0
31069,1953.7491167951305,0.99521297315393,120.0
31070,1953.7505056738717,0.99577965031018,120.0
31071,1953.7518945526128,0.99571322858988,120.0
31072,1953.7532834311216,0.9950814312674,120.0
31073,1953.7546723098628,0.99467399619336,120.0
31074,1953.756061188603,0.99593804806904,120.0
31075,1953.757450067344,0.99511306835921,120.0
31076,1953.7588389458529,0.99491238654591,120.0
31077,1953.7602278245947,0.99582337157533,120.0
31078,1953.7616167033364,0.99498373921539,120.0
31079,1953.7630055820775,0.99493035633475,120.0
31080,1953.7643944605857,0.99451954999111,120.0
31081,1953.7657833393273,0.99510375658171,120.0
31082,1953.7671722180685,0.99550831440196,120.0
31083,1953.7685610965775,0.99567602637891,120.0
31084,1953.7699499753196,0.99552239856729,120.0
31085,1953.771338853828,0.99496375599893,120.0
31086,1953.7727277325691,0.99595342940462,120.0
31087,1953.7741166113103,0.99526042128577,120.0
31088,1953.7755054898191,0.99559065288117,120.0
31089,1953.7768943685603,0.99593312979672,120.0
31090,1953.778283247068,0.99543461998835,120.0
31091,1953.7796721258092,0.99557283630006,120.0
31092,1953.7810610043184,0.99526001422558,120.0
31093,1953.7824498830596,0.99544243245627,120.0
31094,1953.783838761568,0.99460147752158,120.0
31095,1953.7852276403091,0.99494935203284,120.0
31096,1953.7866165188177,0.99467854556919,120.0
31097,1953.7880053973263,0.99547897052028,120.0
31098,1953.7893942760672,0.99594182222626,120.0
31099,1953.7907831545765,0.99603231179282,120.0
31100,1953.7921720333184,0.99555407669913,120.0
31101,1953.7935609118267,0.99429904000294,120.0
31102,1953.7949497903355,0.99457041574116,120.0
31103,1953.7963386690767,0.99533286275652,120.0
31104,1953.7977275475853,0.99540274794991,120.0
31105,1953.7991164260936,0.99546252343256,120.0
31106,1953.8005053048348,0.99558557837382,120.0
31107,1953.8018941833432,0.99495455979176,120.0
31108,1953.8032830618515,0.99562387524455,120.0
31109,1953.8046719403603,0.99486794540443,120.0
31110,1953.8060608191015,0.9948379697861,120.0
31111,1953.8074496976096,0.99579190998916,120.0
31112,1953.8088385761184,0.99518668668009,120.0
31113,1953.8102274546268,0.99566353464269,120.0
31114,1953.8116163331351,0.99573508601157,120.0
31115,1953.813005211644,0.9968463519516,120.0
31116,1953.8143940903865,0.99579844050011,120.0
31117,1953.8157829688944,0.99423214507752,120.0
31118,1953.8171718474032,0.99444064453336,120.0
31119,1953.8185607259115,0.99552837050907,120.0
31120,1953.81994960442,0.99581704971204,120.0
31121,1953.8213384829285,0.99494205461956,120.0
31122,1953.8227273614375,0.9959807559403,120.0
31123,1953.824116239946,0.99558194726674,120.0
31124,1953.8255051184535,0.9950523998172,120.0
31125,1953.8268939969623,0.99565338340256,120.0
31126,1953.8282828754704,0.99479847780175,120.0
31127,1953.8296717539793,0.99510416099746,120.0
31128,1953.8310606324872,0.99502643774107,120.0
31129,1953.832449510996,0.99591036590536,120.0
31130,1953.8338383895048,0.99519393364728,120.0
31131,1953.8352272680145,0.9965246086909,120.0
31132,1953.8366161462895,0.99535322837656,120.0
31133,1953.838005024798,0.99506283647728,120.0
31134,1953.8393939033067,0.99538476649466,120.0
31135,1953.8407827818153,0.99534096518205,120.0
31136,1953.8421716603236,0.99502720852459,120.0
31137,1953.843560538832,0.99560599625581,120.0
31138,1953.8449494171084,0.99624389393016,120.0
31139,1953.8463382956177,0.99605545940066,120.0
31140,1953.847727174125,0.99599775893075,120.0
31141,1953.8491160526328,0.99539950557031,120.0
31142,1953.8505049309083,0.99572936856276,120.0
31143,1953.8518938094169,0.9963315580855,120.0
31144,1953.8532826879252,0.99629039889414,120.0
31145,1953.8546715662008,0.99649825152424,120.0
31146,1953.85606044471,0.99553664520654,120.0
31147,1953.8574493232193,0.99557703776883,120.0
31148,1953.8588382014948,0.9951390434517,120.0
31149,1953.8602270800031,0.99588498392521,120.0
31150,1953.8616159585115,0.99579058893801,120.0
31151,1953.8630048367872,0.99565727722114,120.0
31152,1953.864393715296,0.99463942493512,120.0
31153,1953.865782593571,0.99579276298514,120.0
31154,1953.8671714720808,0.99597987345,120.0
31155,1953.8685603503568,0.99561907020403,120.0
31156,1953.8699492288645,0.99573579965229,120.0
31157,1953.8713381071395,0.99606432216457,120.0
31158,1953.872726985648,0.99613468602691,120.0
31159,1953.8741158639232,0.99582435299986,120.0
31160,1953.875504742432,0.99518279404045,120.0
31161,1953.8768936207075,0.9955673702812,120.0
31162,1953.8782824989837,0.99662998740242,120.0
31163,1953.8796713774927,0.99622013415495,120.0
31164,1953.8810602557685,0.99604265011754,120.0
31165,1953.882449134044,0.99630123760747,120.0
31166,1953.8838380125524,0.99555928539001,120.0
31167,1953.8852268908283,0.99557422133386,120.0
31168,1953.886615769104,0.99623760043019,120.0
31169,1953.888004647613,0.99639558165135,120.0
31170,1953.8893935258889,0.99621888815064,120.0
31171,1953.8907824041648,0.99534356715716,120.0
31172,1953.8921712824397,0.99559055671582,120.0
31173,1953.8935601609476,0.99618776345435,120.0
31174,1953.894949039223,0.99727810577872,120.0
31175,1953.8963379174984,0.99520115770308,120.0
31176,1953.8977267957744,0.99534984832527,120.0
31177,1953.8991156740503,0.99597230863084,120.0
31178,1953.9005045523268,0.99623106930657,120.0
31179,1953.9018934308351,0.99493851245906,120.0
31180,1953.9032823091109,0.99580435979324,120.0
31181,1953.9046711873864,0.99591321289754,120.0
31182,1953.906060065662,0.99617341486149,120.0
31183,1953.9074489439377,0.99555147796548,120.0
31184,1953.9088378222136,0.99524849387324,120.0
31185,1953.9102267004896,0.99567497371964,120.0
31186,1953.911615578766,0.99672437443857,120.0
31187,1953.9130044570416,0.9958452602234,120.0
31188,1953.9143933353173,0.99554798342994,120.0
31189,1953.915782213592,0.99570737797715,120.0
31190,1953.9171710918667,0.99546327382472,120.0
31191,1953.9185599701425,0.99665389220101,120.0
31192,1953.9199488484185,0.99577907254533,120.0
31193,1953.9213377264616,0.99588783692004,120.0
31194,1953.922726604738,0.99539666559022,120.0
31195,1953.9241154830136,0.99605597897881,120.0
31196,1953.9255043612889,0.99614225616745,120.0
31197,1953.9268932395648,0.99575181555187,120.0
31198,1953.9282821178404,0.99517785240063,120.0
31199,1953.9296709958833,0.99584981233158,120.0
31200,1953.9310598741588,0.99524850742819,120.0
31201,1953.9324487524352,0.99574873278695,120.0
31202,1953.9338376307112,0.9959020498508,120.0
31203,1953.935226508754,0.99594500648107,120.0
31204,1953.9366153870296,0.9952299836948,120.0
31205,1953.9380042653047,0.99620285913864,120.0
31206,1953.9393931433467,0.99646473881983,120.0
31207,1953.9407820216225,0.99597057681344,120.0
31208,1953.9421708998984,0.99669891792907,120.0
31209,1953.9435597779425,0.99582404726383,120.0
31210,1953.9449486562175,0.99580981533156,120.0
31211,1953.9463375342605,0.99594006986848,120.0
31212,1953.947726412536,0.9955116398889,120.0
31213,1953.9491152908115,0.99613494717251,120.0
31214,1953.9505041688544,0.99670351857176,120.0
31215,1953.95189304713,0.99620803506367,120.0
31216,1953.9532819251735,0.9958739685618,120.0
31217,1953.9546708034495,0.99632404131882,120.0
31218,1953.956059681493,0.995886601349,120.0
31219,1953.9574485595351,0.99570789406793,120.0
31220,1953.958837437811,0.99606860343904,120.0
31221,1953.960226315853,0.99675018864149,120.0
31222,1953.961615194128,0.99667447439052,120.0
31223,1953.9630040721709,0.99648404491962,120.0
31224,1953.9643929502145,0.99549800784975,120.0
31225,1953.9657818284904,0.9957155285534,120.0
31226,1953.9671707065331,0.99597140876074,120.0
31227,1953.968559584576,0.99599864163692,120.0
31228,1953.9699484628516,0.99621540872989,120.0
31229,1953.9713373408945,0.99576793183714,120.0
31230,1953.9727262189376,0.99559089738411,120.0
31231,1953.97411509698,0.99597637758374,120.0
31232,1953.975503975256,0.99705754452712,120.0
31233,1953.9768928532997,0.9969451443935,120.0
31234,1953.9782817313423,0.99606811919004,120.0
31235,1953.9796706093855,0.99614046087216,120.0
31236,1953.981059487428,0.9969469210142,120.0
31237,1953.98244836547,0.99554933027804,120.0
31238,1953.9838372437448,0.99661164437913,120.0
31239,1953.985226121788,0.99591777034443,120.0
31240,1953.986614999831,0.99658376047599,120.0
31241,1953.9880038778747,0.99636903039471,120.0
31242,1953.9893927559176,0.99704801021358,120.0
31243,1953.9907816339603,0.9959411435632,120.0
31244,1953.9921705120032,0.99664874182532,120.0
31245,1953.993559390046,0.99697040235582,120.0
31246,1953.9949482680888,0.99606069838448,120.0
31247,1953.996337146132,0.99570982771952,120.0
31248,1953.9977260241756,0.99569289242602,120.0
31249,1953.9991149022185,0.99603332754683,120.0
31250,1954.0005037802612,0.99674697897179,120.0
31251,1954.0018926580713,0.99671043477643,120.0
31252,1954.003281536114,0.99582163244365,120.0
31253,1954.004670414156,0.99606246626993,120.0
31254,1954.006059292198,0.99624680847438,120.0
31255,1954.0074481702416,0.9964166661479,120.0
31256,1954.0088370482852,0.99640424916407,120.0
31257,1954.0102259260952,0.99618638154353,120.0
31258,1954.0116148041377,0.99560672280496,120.0
31259,1954.0130036821804,0.99652583199442,120.0
31260,1954.014392560223,0.99687277761637,120.0
31261,1954.0157814380332,0.99624027343431,120.0
31262,1954.017170316076,0.99711903953109,120.0
31263,1954.0185591941192,0.99615709116774,120.0
31264,1954.01994807193,0.99642260734047,120.0
31265,1954.0213369499727,0.99647866434604,120.0
31266,1954.0227258277828,0.99578325245547,120.0
31267,1954.0241147058257,0.99592196382608,120.0
31268,1954.0255035838684,0.99629681451884,120.0
31269,1954.0268924616785,0.99651869306314,120.0
31270,1954.0282813397205,0.99695225119518,120.0
31271,1954.0296702175303,0.99606655196606,120.0
31272,1954.031059095574,0.99614057064591,120.0
31273,1954.032447973384,0.9965257171726,120.0
31274,1954.0338368514265,0.99622670183463,120.0
31275,1954.0352257292363,0.99648218203988,120.0
31276,1954.0366146072793,0.99681298182404,120.0
31277,1954.0380034850891,0.99656040509184,120.0
31278,1954.0393923628992,0.99660510693867,120.0
31279,1954.0407812409424,0.99698785471256,120.0
31280,1954.0421701187531,0.99681394113137,120.0
31281,1954.0435589965632,0.99586387629771,120.0
31282,1954.044947874606,0.99683298034312,120.0
31283,1954.046336752416,0.99587114564135,120.0
31284,1954.0477256302256,0.99610298944259,120.0
31285,1954.0491145082683,0.9964455284986,120.0
31286,1954.050503386078,0.99656878887427,120.0
31287,1954.0518922638876,0.99686511265752,120.0
31288,1954.0532811416983,0.99611557108259,120.0
31289,1954.0546700195084,0.99553948199266,120.0
31290,1954.056058897551,0.99626194660676,120.0
31291,1954.0574477753607,0.99732397618724,120.0
31292,1954.0588366531713,0.99658776473387,120.0
31293,1954.0602255309811,0.99693497226229,120.0
31294,1954.0616144087917,0.99648002982812,120.0
31295,1954.0630032866025,0.99665161350663,120.0
31296,1954.064392164412,0.99641139054354,120.0
31297,1954.065781042222,0.99776117461162,120.0
31298,1954.067169920032,0.99612998169261,120.0
31299,1954.068558797842,0.99682462529366,120.0
31300,1954.069947675652,0.99719658708385,120.0
31301,1954.0713365534616,0.99624402137178,120.0
31302,1954.072725431272,0.99577811376323,120.0
31303,1954.0741143090816,0.99636172188518,120.0
31304,1954.075503186892,0.99703184867061,120.0
31305,1954.0768920647015,0.99688324638676,120.0
31306,1954.0782809425116,0.99717117781274,120.0
31307,1954.0796698200888,0.99660933822222,120.0
31308,1954.0810586978987,0.99660579406829,120.0
31309,1954.0824475757088,0.99701141821325,120.0
31310,1954.083836453519,0.99668552966806,120.0
31311,1954.0852253313296,0.99629977364575,120.0
31312,1954.0866142089071,0.99661875455689,120.0
31313,1954.0880030867168,0.99687230445901,120.0
31314,1954.0893919645273,0.99773337194576,120.0
31315,1954.0907808423367,0.99742184961682,120.0
31316,1954.092169719914,0.99753499494864,120.0
31317,1954.093558597724,0.99743009568687,120.0
31318,1954.094947475534,0.99702161201788,120.0
31319,1954.0963363531112,0.99646037662437,120.0
31320,1954.0977252309208,0.99694440038338,120.0
31321,1954.099114108498,0.99659895622053,120.0
31322,1954.100502986308,0.99685569332472,120.0
31323,1954.1018918638852,0.99718727876842,120.0
31324,1954.1032807416952,0.99650806482703,120.0
31325,1954.104669619272,0.99751388206825,120.0
31326,1954.1060584970828,0.99665797217436,120.0
31327,1954.1074473746603,0.99580412522628,120.0
31328,1954.1088362524704,0.99660314805902,120.0
31329,1954.1102251300476,0.99743141558718,120.0
31330,1954.1116140078575,0.99643479222755,120.0
31331,1954.1130028854348,0.99677231323549,120.0
31332,1954.1143917630116,0.99643758576701,120.0
31333,1954.1157806408216,0.99682450069932,120.0
31334,1954.117169518399,0.99642209201643,120.0
31335,1954.118558395976,0.99658610220241,120.0
31336,1954.119947273786,0.99695560118274,120.0
31337,1954.1213361513633,0.99613849053832,120.0
31338,1954.12272502894,0.99768460385464,120.0
31339,1954.124113906517,0.99762224654175,120.0
31340,1954.1255027840944,0.99654885020149,120.0
31341,1954.1268916619051,0.99666258447979,120.0
31342,1954.1282805394828,0.99656479301855,120.0
31343,1954.12966941706,0.99676456602289,120.0
31344,1954.1310582946371,0.99700072439367,120.0
31345,1954.132447172214,0.99630933725453,120.0
31346,1954.1338360497912,0.99810310019958,120.0
31347,1954.1352249273684,0.99691584876408,120.0
31348,1954.1366138049457,0.99630954813101,120.0
31349,1954.1380026825232,0.99724019275734,120.0
31350,1954.1393915601004,0.99704815378822,120.0
31351,1954.1407804376768,0.99766522225622,120.0
31352,1954.142169315254,0.99692307257699,120.0
31353,1954.1435581928313,0.99728613739109,120.0
31354,1954.144947070408,0.99651314694593,120.0
31355,1954.146335947985,0.99590608197946,120.0
31356,1954.1477248255624,0.9971682137898,120.0
31357,1954.1491137031403,0.99668485669799,120.0
31358,1954.150502580718,0.99707977847115,120.0
31359,1954.1518914580624,0.99688642574616,120.0
31360,1954.1532803356392,0.99619038898519,120.0
31361,1954.1546692132167,0.99745454872595,120.0
31362,1954.1560580907935,0.99735818315893,120.0
31363,1954.1574469683708,0.99690941842737,120.0
31364,1954.1588358457147,0.99715076154011,120.0
31365,1954.160224723293,0.99724836633081,120.0
31366,1954.16161360087,0.99782119730778,120.0
31367,1954.1630024782137,0.9972017285059,120.0
31368,1954.1643913557907,0.99714993371083,120.0
31369,1954.1657802333675,0.99663575272677,120.0
31370,1954.167169110712,0.99633391837893,120.0
31371,1954.1685579882892,0.99657549377547,120.0
31372,1954.1699468656336,0.9970918430172,120.0
31373,1954.171335743211,0.99763770380175,120.0
31374,1954.172724620556,0.99756562228393,120.0
31375,1954.1741134981337,0.99715620945749,120.0
31376,1954.1755023754777,0.99675399488664,120.0
31377,1954.1768912530547,0.99713986125241,120.0
31378,1954.1782801303991,0.99713186818805,120.0
31379,1954.179669007743,0.99746566305527,120.0
31380,1954.1810578853213,0.99693704597505,120.0
31381,1954.182446762666,0.99694661413684,120.0
31382,1954.1838356402425,0.99769149288011,120.0
31383,1954.1852245175864,0.99790801388334,120.0
31384,1954.1866133949304,0.99738845980545,120.0
31385,1954.1880022722744,0.99740785813491,120.0
31386,1954.189391149852,0.99764647617953,120.0
31387,1954.190780027196,0.99712778740075,120.0
31388,1954.1921689045407,0.9972408910816,120.0
31389,1954.193557781886,0.99691156703318,120.0
31390,1954.1949466594633,0.99742601868973,120.0
31391,1954.1963355368075,0.9974803131491,120.0
31392,1954.199113291496,0.99753226649084,120.0
31393,1954.2005021688403,0.99659309090415,120.0
31394,1954.2018910461843,0.9976844591961,120.0
31395,1954.2032799235296,0.99727872149544,120.0
31396,1954.2046688008736,0.99758714388893,120.0
31397,1954.2060576782176,0.99689862112585,120.0
31398,1954.2074465555615,0.99739815588441,120.0
31399,1954.208835432906,0.99771722040605,120.0
31400,1954.21022431025,0.99688904372395,120.0
31401,1954.2116131875944,0.99745030403508,120.0
31402,1954.2130020649388,0.99761235516342,120.0
31403,1954.2143909422837,0.99713054820888,120.0
31404,1954.2157798196288,0.99696545760435,120.0
31405,1954.21716869674,0.99768791336566,120.0
31406,1954.2185575740843,0.99668021127924,120.0
31407,1954.2199464514288,0.99692743907303,120.0
31408,1954.2213353287732,0.9975576296627,120.0
31409,1954.2227242058843,0.99753571248824,120.0
31410,1954.2241130832288,0.99763683511584,120.0
31411,1954.2255019605736,0.99661416570557,120.0
31412,1954.226890837918,0.99698454459438,120.0
31413,1954.2282797150287,0.99724633927417,120.0
31414,1954.2296685923732,0.9980512109675,120.0
31415,1954.2310574694843,0.99754910732574,120.0
31416,1954.2324463468287,0.99671026769289,120.0
31417,1954.2338352241732,0.99703656142596,120.0
31418,1954.2352241012852,0.99659766440141,120.0
31419,1954.2366129786303,0.99717812396715,120.0
31420,1954.2380018557417,0.99775940276438,120.0
31421,1954.2393907330857,0.9970988908337,120.0
31422,1954.2407796101977,0.99623485005041,120.0
31423,1954.2421684873088,0.99751392655062,120.0
31424,1954.2435573646533,0.99786687450928,120.0
31425,1954.2449462417649,0.99807444880831,120.0
31426,1954.2463351191095,0.99698345477969,120.0
31427,1954.2477239962216,0.99858245315137,120.0
31428,1954.2491128733325,0.9973340020005,120.0
31429,1954.250501750676,0.9983551465993,120.0
31430,1954.2518906277876,0.99727379117169,120.0
31431,1954.2532795048987,0.99735064083371,120.0
31432,1954.2546683820103,0.99819632592592,120.0
31433,1954.2560572593547,0.99674833025924,120.0
31434,1954.2588350135793,0.99754073153642,120.0
31435,1954.2602238906904,0.997377586504,120.0
31436,1954.2616127678016,0.99758084216591,120.0
31437,1954.2630016449136,0.99770556986689,120.0
31438,1954.2643905220248,0.99770480043785,120.0
31439,1954.2657793991364,0.99777525598607,120.0
31440,1954.2671682762475,0.99727128571542,120.0
31441,1954.26855715336,0.99756071613998,120.0
31442,1954.269946030472,0.99753832138464,120.0
31443,1954.2713349075827,0.99759713245741,120.0
31444,1954.2727237846937,0.9972375957233,120.0
31445,1954.2741126618048,0.9981330462485,120.0
31446,1954.2755015389164,0.9975099917054,120.0
31447,1954.276890416028,0.99979268739282,120.0
31448,1954.2782792931391,0.99858295421612,120.0
31449,1954.2796681702512,0.99713082705009,120.0
31450,1954.2810570471308,0.99735990873812,120.0
31451,1954.2824459242424,0.99768623216863,120.0
31452,1954.2838348013536,0.99730899880956,120.0
31453,1954.2852236784652,0.99713905384516,120.0
31454,1954.286612555344,0.99714482895788,120.0
31455,1954.2880014324553,0.99771058321618,120.0
31456,1954.2893903095664,0.99783964281086,120.0
31457,1954.290779186446,0.99816833617669,120.0
31458,1954.292168063558,0.99746751633142,120.0
31459,1954.293556940436,0.99781384197333,120.0
31460,1954.2949458175467,0.99697783972846,120.0
31461,1954.2963346946583,0.99805559564709,120.0
31462,1954.2977235715368,0.997582441844,120.0
31463,1954.2991124486484,0.99837188646884,120.0
31464,1954.3005013255276,0.99757193143418,120.0
31465,1954.301890202407,0.9981784304923,120.0
31466,1954.3032790795185,0.99794395810955,120.0
31467,1954.3046679563968,0.99784383718978,120.0
31468,1954.3060568335084,0.99852463408564,120.0
31469,1954.3074457103871,0.99745734657187,120.0
31470,1954.3088345872657,0.99872872085805,120.0
31471,1954.3102234643773,0.99808019692455,120.0
31472,1954.3116123412567,0.99816298167987,120.0
31473,1954.313001218136,0.99728193031045,120.0
31474,1954.3143900950136,0.99802754304767,120.0
31475,1954.3157789721247,0.99879564074296,120.0
31476,1954.3171678490032,0.99897694340279,120.0
31477,1954.3185567258815,0.99836465037409,120.0
31478,1954.3199456027603,0.99833412242409,120.0
31479,1954.3213344796393,0.99777591109879,120.0
31480,1954.3227233565185,0.99748061973896,120.0
31481,1954.3241122333975,0.99816196838315,120.0
31482,1954.325501110276,0.99770455407306,120.0
31483,1954.3268899871548,0.99812751050362,120.0
31484,1954.3282788640336,0.99724776749641,120.0
31485,1954.3296677409123,0.99819031573006,120.0
31486,1954.3310566177909,0.99819323215518,120.0
31487,1954.3324454946696,0.9980773546968,120.0
31488,1954.3338343715488,0.99729972627789,120.0
31489,1954.335223248428,0.99830057375561,120.0
31490,1954.336612125306,0.99779860730019,120.0
31491,1954.3380010019512,0.99830820199025,120.0
31492,1954.3393898788297,0.99861681892949,120.0
31493,1954.340778755708,0.99780874336121,120.0
31494,1954.3421676325872,0.99783124366164,120.0
31495,1954.3435565092327,0.99803818875081,120.0
31496,1954.344945386112,0.99812062847701,120.0
31497,1954.3463342629911,0.99777636619675,120.0
31498,1954.3477231396369,0.99747582010109,120.0
31499,1954.3491120165156,0.99846168732528,120.0
31500,1954.3505008933944,0.99760103598814,120.0
31501,1954.3518897700403,0.99714371958151,120.0
31502,1954.3532786469189,0.997892453285,120.0
31503,1954.3546675235652,0.99747410241449,120.0
31504,1954.3560564004445,0.99861858828247,120.0
31505,1954.3574452770904,0.99906096105482,120.0
31506,1954.358834153968,0.99783891226338,120.0
31507,1954.3602230306135,0.99851972131728,120.0
31508,1954.3616119072592,0.99870007699039,120.0
31509,1954.3630007841375,0.99851821128151,120.0
31510,1954.3643896607837,0.99876974914037,120.0
31511,1954.36577853743,0.99841361477337,120.0
31512,1954.3671674143095,0.99762554834179,120.0
31513,1954.3685562909552,0.99764651403638,120.0
31514,1954.3699451676007,0.9985140349476,120.0
31515,1954.3713340442469,0.99811698444134,120.0
31516,1954.3727229208923,0.99819811066687,120.0
31517,1954.374111797771,0.99845097364901,120.0
31518,1954.3755006744168,0.99879182009166,120.0
31519,1954.3768895510632,0.99797652225154,120.0
31520,1954.3782784277096,0.99726729747924,120.0
31521,1954.3796673043553,0.99816001130086,120.0
31522,1954.3810561810003,0.99817393494606,120.0
31523,1954.382445057646,0.99790387721102,120.0
31524,1954.3838339342915,0.99854206549542,120.0
31525,1954.3852228109376,0.99832201579519,120.0
31526,1954.3866116875831,0.99780307931783,120.0
31527,1954.3880005642295,0.99822854538467,120.0
31528,1954.3893894408764,0.99865188304133,120.0
31529,1954.3907783172892,0.99805900442954,120.0
31530,1954.3921671939347,0.99892613416598,120.0
31531,1954.3935560705809,0.99866103431653,120.0
31532,1954.3949449472263,0.99865428393648,120.0
31533,1954.3963338238725,0.99864372309843,120.0
31534,1954.3977227002852,0.99830033416191,120.0
31535,1954.399111576932,0.99875414208783,120.0
31536,1954.4005004535784,0.99840189823809,120.0
31537,1954.4018893299904,0.99870436454444,120.0
31538,1954.403278206636,0.9992562618329,120.0
31539,1954.4046670830487,0.99819644335484,120.0
31540,1954.4060559596944,0.99871658080238,120.0
31541,1954.4074448361073,0.99875802726173,120.0
31542,1954.4088337127532,0.99904118720413,120.0
31543,1954.4102225891668,0.99898213194404,120.0
31544,1954.4116114658132,0.9987707221563,120.0
31545,1954.4130003422265,0.99848355488993,120.0
31546,1954.414389218872,0.99824409990189,120.0
31547,1954.4157780952848,0.99910984430768,120.0
31548,1954.417166971698,0.99887302415966,120.0
31549,1954.418555848344,0.99905968866039,120.0
31550,1954.4199447247577,0.99760192837879,120.0
31551,1954.4213336011712,0.99930917431478,120.0
31552,1954.422722477584,0.99886584431291,120.0
31553,1954.4241113542291,0.99876157752581,120.0
31554,1954.4255002306415,0.998920765819,120.0
31555,1954.4268891070544,0.99866211430054,120.0
31556,1954.4282779834673,0.99899030228979,120.0
31557,1954.42966685988,0.99813019918795,120.0
31558,1954.431055736294,0.99954829751562,120.0
31559,1954.4324446127075,0.99914290806611,120.0
31560,1954.4338334891208,0.99813189244068,120.0
31561,1954.4352223655335,0.99923576424437,120.0
31562,1954.4366112419464,0.9990698343276,120.0
31563,1954.4380001183592,0.99876094380772,120.0
31564,1954.4393889947723,0.99874376439537,120.0
31565,1954.4407778711857,0.99894629616862,120.0
31566,1954.4421667475992,0.99877655474221,120.0
31567,1954.4435556237795,0.99896012900581,120.0
31568,1954.444944500192,0.99797986238803,120.0
31569,1954.4463333766043,0.99961647886126,120.0
31570,1954.4477222530177,0.99869119269785,120.0
31571,1954.4491111291975,0.99958939441408,120.0
31572,1954.4505000056104,0.99967458509697,120.0
31573,1954.4518888820232,0.99892768560797,120.0
31574,1954.453277758204,0.99868039613643,120.0
31575,1954.454666634618,0.99892820168474,120.0
31576,1954.4560555110309,0.99888276274765,120.0
31577,1954.457444387211,0.99872961396592,120.0
31578,1954.458833263624,0.99877392890579,120.0
31579,1954.460222139804,0.99906971949004,120.0
31580,1954.4616110159843,0.99863534805669,120.0
31581,1954.4629998923972,0.99872364883779,120.0
31582,1954.464388768578,0.99870094095254,120.0
31583,1954.4657776449912,0.99905804376031,120.0
31584,1954.4671665211713,0.99890645594134,120.0
31585,1954.4685553973504,0.99855192100599,120.0
31586,1954.4699442735307,0.99947634926448,120.0
31587,1954.4713331499436,0.99878469546976,120.0
31588,1954.4727220261236,0.99949116267671,120.0
31589,1954.4741109023043,0.99846997238511,120.0
31590,1954.4754997784853,0.99913642457991,120.0
31591,1954.4768886546656,0.99929906486337,120.0
31592,1954.4782775310784,0.99919937486682,120.0
31593,1954.4796664072585,0.99942724667453,120.0
31594,1954.4810552834388,0.9991449173332,120.0
31595,1954.4824441596188,0.99845384591504,120.0
31596,1954.4838330357993,0.99887077587932,120.0
31597,1954.48522191198,0.99968560282985,120.0
31598,1954.4866107879277,0.99921992992652,120.0
31599,1954.4879996641073,0.99964791110934,120.0
31600,1954.4893885402864,0.9992396555112,120.0
31601,1954.4907774164667,0.99950908247148,120.0
31602,1954.4921662926467,0.99993254793388,120.0
31603,1954.4935551688272,0.99910151793639,120.0
31604,1954.4949440447745,0.99862949538459,120.0
31605,1954.4963329209552,0.99914761567199,120.0
31606,1954.497721797136,0.99873260744083,120.0
31607,1954.4991106730831,0.99880934516545,120.0
31608,1954.5004995492632,0.99947885297502,120.0
31609,1954.5018884254432,0.99986653367551,120.0
31610,1954.5032773013909,1.00012499382505,120.0
31611,1954.5046661775707,0.99938157688656,120.0
31612,1954.5060550535184,0.99933851931143,120.0
31613,1954.507443929699,1.00030019267069,120.0
31614,1954.5088328056468,0.99980422136123,120.0
31615,1954.5102216818264,1.00039851181492,120.0
31616,1954.511610557773,0.999571121015,120.0
31617,1954.5129994337203,0.99979848646453,120.0
31618,1954.5143883099008,0.99984672218545,120.0
31619,1954.515777185848,1.00014610145055,120.0
31620,1954.5171660617953,0.999365719799,120.0
31621,1954.5185549377431,0.99978067780385,120.0
31622,1954.519943813924,1.00007866541463,120.0
31623,1954.521332689871,0.99922778361698,120.0
31624,1954.5227215658183,0.99926993131343,120.0
31625,1954.5241104417655,1.0005805473623,120.0
31626,1954.5254993177132,1.00011134930956,120.0
31627,1954.5268881936609,1.00010148487491,120.0
31628,1954.528277069608,0.9995385683606,120.0
31629,1954.5296659455555,1.00067896723425,120.0
31630,1954.5310548215032,0.99963878871905,120.0
31631,1954.5324436974497,0.99931485820982,120.0
31632,1954.5338325733967,1.0001665112978,120.0
31633,1954.5352214493444,0.99958982954951,120.0
31634,1954.5366103250587,0.99907042919079,120.0
31635,1954.537999201006,0.99995731488352,120.0
31636,1954.539388076954,1.00013518564148,120.0
31637,1954.540776952902,1.00002565383115,120.0
31638,1954.5421658286164,0.99976375953898,120.0
31639,1954.543554704564,0.99976477905086,120.0
31640,1954.5449435805112,0.99986946629942,120.0
31641,1954.5463324562256,1.00052182519495,120.0
31642,1954.5477213321728,0.99953069494308,120.0
31643,1954.5491102078872,0.9998732785846,120.0
31644,1954.5504990838351,1.00051785117268,120.0
31645,1954.5518879595495,0.9993414933067,120.0
31646,1954.553276835496,0.99953081179839,120.0
31647,1954.5546657112109,1.00086194774171,120.0
31648,1954.5560545871583,1.00019971656123,120.0
31649,1954.5574434628727,0.99969215510217,120.0
31650,1954.5588323385873,1.00004811365655,120.0
31651,1954.5602212145343,0.99921250979814,120.0
31652,1954.5616100902496,0.99992857353676,120.0
31653,1954.5629989659649,0.99978994777063,120.0
31654,1954.5643878416793,1.00029041755821,120.0
31655,1954.5657767173936,0.99938429925437,120.0
31656,1954.567165593108,0.99984085261072,120.0
31657,1954.5685544690552,1.00003781605659,120.0
31658,1954.5699433447696,0.99961605154338,120.0
31659,1954.5713322204845,1.00041875945439,120.0
31660,1954.5727210961995,0.99958503595169,120.0
31661,1954.574109971914,0.99907540265669,120.0
31662,1954.5754988473948,0.99942221601006,120.0
31663,1954.5768877231092,0.99971608171171,120.0
31664,1954.578276598824,0.99912122553996,120.0
31665,1954.5796654745384,0.99946534878246,120.0
31666,1954.5810543502528,0.99954412284065,120.0
31667,1954.5824432259672,1.0003266971849,120.0
31668,1954.5838321014496,0.99936087263896,120.0
31669,1954.585220977165,1.00115554126733,120.0
31670,1954.5866098528793,0.99968737424949,120.0
31671,1954.5879987283608,1.00054249071858,120.0
31672,1954.5893876040752,1.00019986347488,120.0
31673,1954.5907764795568,0.99943522664045,120.0
31674,1954.5921653552712,0.99992158112904,120.0
31675,1954.5935542307536,1.00085780516759,120.0
31676,1954.594943106468,0.9995923401703,120.0
31677,1954.596331981949,1.00020207343566,120.0
31678,1954.5977208576635,1.0003496075742,120.0
31679,1954.5991097331453,0.99980415973999,120.0
31680,1954.6004986086273,0.99999649115982,120.0
31681,1954.6018874843417,0.9999036609032,120.0
31682,1954.6032763598228,0.99999321366729,120.0
31683,1954.6046652353057,1.00072367145516,120.0
31684,1954.6060541107877,1.00044443926582,120.0
31685,1954.6074429862697,0.99996199008395,120.0
31686,1954.6088318617512,1.00020116360617,120.0
31687,1954.6102207372323,1.00089704373521,120.0
31688,1954.6116096129467,1.00067359346294,120.0
31689,1954.6129984884287,1.00119997111746,120.0
31690,1954.6143873636777,1.00005912093416,120.0
31691,1954.6157762391592,1.00053043600589,120.0
31692,1954.6171651146408,1.00030980493671,120.0
31693,1954.6185539901223,1.0008969522735,120.0
31694,1954.619942865604,1.00032546551631,120.0
31695,1954.6213317410857,1.00016845470823,120.0
31696,1954.6227206165672,1.00127706806585,120.0
31697,1954.624109491816,1.00026191710876,120.0
31698,1954.6254983672975,0.99929242852667,120.0
31699,1954.62688724278,1.00071187592069,120.0
31700,1954.6282761180296,0.99955756651545,120.0
31701,1954.6296649935111,1.00047733557711,120.0
31702,1954.63105386876,1.00083022625621,120.0
31703,1954.6324427442416,1.00090817963283,120.0
31704,1954.6338316194904,1.00135960779831,120.0
31705,1954.635220494972,1.00071330118168,120.0
31706,1954.6366093702209,1.00141888885076,120.0
31707,1954.6379982454696,1.00079638180718,120.0
31708,1954.6393871209511,1.00100042382695,120.0
31709,1954.6407759962,1.00032163124728,120.0
31710,1954.6421648714488,1.00093794009873,120.0
31711,1954.6435537469304,1.00081624952997,120.0
31712,1954.6449426221795,1.0008428695765,120.0
31713,1954.646331497428,0.99948800561892,120.0
31714,1954.647720372678,1.00096776243989,120.0
31715,1954.6491092479273,1.00134748171935,120.0
31716,1954.650498123176,0.99991270282492,120.0
31717,1954.6518869984247,1.00141001990293,120.0
31718,1954.6532758736737,1.00038682583371,120.0
31719,1954.6546647489224,1.00045728750638,120.0
31720,1954.6560536241711,1.00027830103164,120.0
31721,1954.65744249942,0.99978981657772,120.0
31722,1954.6588313746688,1.00019731607772,120.0
31723,1954.6602202496847,1.0002543713386,120.0
31724,1954.6616091249336,1.00109466485181,120.0
31725,1954.6629980001824,1.00027494670233,120.0
31726,1954.6643868751985,1.00041897694311,120.0
31727,1954.6657757504472,1.0013510928369,120.0
31728,1954.667164625696,1.00135226846709,120.0
31729,1954.668553500712,1.00034312989695,120.0
31730,1954.6699423759617,1.00061929534922,120.0
31731,1954.6713312509785,1.0005476081336,120.0
31732,1954.6727201262272,1.00049463889392,120.0
31733,1954.674109001243,1.00080678401619,120.0
31734,1954.6754978762588,1.00056712220235,120.0
31735,1954.6768867515077,1.00121846840654,120.0
31736,1954.678275626524,1.00071408632263,120.0
31737,1954.6796645015393,1.0014179769935,120.0
31738,1954.6810533765547,1.00122234310062,120.0
31739,1954.6824422518043,1.00067679375,120.0
31740,1954.6838311268205,1.00087951658984,120.0
31741,1954.6852200018363,1.00073167654804,120.0
31742,1954.6866088768525,1.00077255677467,120.0
31743,1954.6879977518684,1.00123307212413,120.0
31744,1954.6893866268845,1.00142652754562,120.0
31745,1954.6907755019004,1.00148226410498,120.0
31746,1954.6921643769172,1.00139127649988,120.0
31747,1954.6935532519335,1.00055369585246,120.0
31748,1954.6949421267168,1.00081848871305,120.0
31749,1954.6963310017327,1.00191201120719,120.0
31750,1954.6977198767488,1.00042638249183,120.0
31751,1954.6991087517647,1.00032022553038,120.0
31752,1954.7004976265473,1.0014787993087,120.0
31753,1954.7018865015625,1.00080208095901,120.0
31754,1954.7032753765793,1.00119346172326,120.0
31755,1954.7046642513633,1.0014038861139,120.0
31756,1954.7060531263787,1.00130265320441,120.0
31757,1954.7074420011625,1.00038077169919,120.0
31758,1954.7088308759453,1.00097120275223,120.0
31759,1954.7102197509616,1.0007111551406,120.0
31760,1954.7116086257445,1.00093955272071,120.0
31761,1954.7129975005284,1.00102784008969,120.0
31762,1954.7143863755448,1.00065670089223,120.0
31763,1954.715775250328,1.0005867110839,120.0
31764,1954.7171641251111,1.0009073075545,120.0
31765,1954.7185529998944,1.00060490337734,120.0
31766,1954.7199418746775,1.00064011960191,120.0
31767,1954.7213307494603,1.00074675372504,120.0
31768,1954.722719624476,1.00077310882874,120.0
31769,1954.7241084990264,1.00147508173986,120.0
31770,1954.72549737381,1.00095538938828,120.0
31771,1954.7268862485932,1.0007061832331,120.0
31772,1954.7282751233763,1.00091565384676,120.0
31773,1954.7296639981596,1.00082081124896,120.0
31774,1954.7310528729424,1.001376053411,120.0
31775,1954.732441747726,1.00092325541763,120.0
31776,1954.733830622276,1.00070824887212,120.0
31777,1954.73521949706,1.00118783598198,120.0
31778,1954.736608371844,1.00209484612044,120.0
31779,1954.737997246394,1.00125959960652,120.0
31780,1954.7393861211776,1.00105740154805,120.0
31781,1954.7407749957276,1.00172531962069,120.0
31782,1954.7421638705105,1.00141225027496,120.0
31783,1954.7435527450605,1.00050102617957,120.0
31784,1954.74494161961,1.00084166351795,120.0
31785,1954.7463304943935,1.00110344504258,120.0
31786,1954.747719368945,1.00059680382643,120.0
31787,1954.7491082434951,1.00099354554067,120.0
31788,1954.7504971180451,1.00110497477296,120.0
31789,1954.751885992596,1.00062979299752,120.0
31790,1954.753274867379,1.00154409896103,120.0
31791,1954.754663741929,1.00184299592958,120.0
31792,1954.7560526164796,1.00163209244607,120.0
31793,1954.7574414910307,1.00109863519014,120.0
31794,1954.7588303655816,1.00100954300564,120.0
31795,1954.760219240132,1.00141063868641,120.0
31796,1954.7616081144497,1.00127616330673,120.0
31797,1954.7629969889997,1.0022411252733,120.0
31798,1954.7643858635497,1.00114335310761,120.0
31799,1954.7657747380993,1.00101319824633,120.0
31800,1954.7671636124164,1.00114163835204,120.0
31801,1954.768552486967,1.00121986056715,120.0
31802,1954.7699413615185,1.00108954936758,120.0
31803,1954.771330235836,1.00155814697713,120.0
31804,1954.7727191103863,1.00137922852195,120.0
31805,1954.7741079847035,1.00106309667443,120.0
31806,1954.775496859254,1.00116997328593,120.0
31807,1954.7768857335716,1.00041972044766,120.0
31808,1954.7782746078897,1.00070702714382,120.0
31809,1954.7796634822075,1.00158515422794,120.0
31810,1954.7810523567584,1.00139447029643,120.0
31811,1954.782441231076,1.00179027785534,120.0
31812,1954.7838301053932,1.0009896080421,120.0
31813,1954.78521897971,1.00133090814626,120.0
31814,1954.7866078540264,1.00109112453532,120.0
31815,1954.7879967283443,1.00095564436355,120.0
31816,1954.7893856026624,1.00110943893718,120.0
31817,1954.7907744769807,1.00194653055643,120.0
31818,1954.792163351298,1.0013744892604,120.0
31819,1954.7935522256153,1.00118017490484,120.0
31820,1954.794941099933,1.00016510220929,120.0
31821,1954.7963299740177,1.00092614858878,120.0
31822,1954.7977188483353,1.00149636874734,120.0
31823,1954.7991077226527,1.00077917876448,120.0
31824,1954.800496596738,1.00125025645111,120.0
31825,1954.801885471056,1.00139155147495,120.0
31826,1954.8032743453737,1.00128233239095,120.0
31827,1954.8046632194585,1.00082384587861,120.0
31828,1954.8060520935423,1.00116059392435,120.0
31829,1954.8074409678593,1.00208633622376,120.0
31830,1954.8088298419436,1.00125080538998,120.0
31831,1954.8102187160284,1.00206758493578,120.0
31832,1954.8116075903465,1.00165082769058,120.0
31833,1954.812996464432,1.00073187104048,120.0
31834,1954.8143853385163,1.00120960308608,120.0
31835,1954.8157742126011,1.00083167223611,120.0
31836,1954.817163086686,1.00207383271881,120.0
31837,1954.8185519607705,1.00073004771389,120.0
31838,1954.8199408348553,1.00214673990113,120.0
31839,1954.82132970894,1.00169202304104,120.0
31840,1954.822718583025,1.00156507466423,120.0
31841,1954.8241074571104,1.00151883820466,120.0
31842,1954.8268852050464,1.00164940908637,120.0
31843,1954.8282740791303,1.00037941816644,120.0
31844,1954.829662953215,1.00190304406443,120.0
31845,1954.8310518270664,1.00101350761689,120.0
31846,1954.832440701152,1.00149262233695,120.0
31847,1954.8338295750048,1.00055195794927,120.0
31848,1954.835218449089,1.00154127299885,120.0
31849,1954.8366073229408,1.00158183295965,120.0
31850,1954.8379961967928,1.00115347584282,120.0
31851,1954.8393850708776,1.00041256077889,120.0
31852,1954.8407739447296,1.00172055459359,120.0
31853,1954.8421628185813,1.00207504955991,120.0
31854,1954.8435516924335,1.00196767538748,120.0
31855,1954.844940566286,1.0021510879558,120.0
31856,1954.8463294403707,1.00178011000843,120.0
31857,1954.847718314222,1.00192455466665,120.0
31858,1954.8491071878404,1.00193588795329,120.0
31859,1954.850496061692,1.00198230520176,120.0
31860,1954.851884935544,1.00186633896995,120.0
31861,1954.853273809396,1.00221931576684,120.0
31862,1954.8546626832483,1.00156878082024,120.0
31863,1954.8560515571007,1.00140434012262,120.0
31864,1954.85744043072,1.00190196923394,120.0
31865,1954.8588293045716,1.00177538021892,120.0
31866,1954.8602181781907,1.00075921028845,120.0
31867,1954.8616070520425,1.00272281235441,120.0
31868,1954.8629959256616,1.00139319939196,120.0
31869,1954.8643847995131,1.00192935482778,120.0
31870,1954.8657736731327,1.00216648746761,120.0
31871,1954.8671625467523,1.00158011174036,120.0
31872,1954.868551420604,1.0017841572808,120.0
31873,1954.8699402942225,1.00338322523901,120.0
31874,1954.8713291678412,1.00222454420414,120.0
31875,1954.87271804146,1.00264110594496,120.0
31876,1954.8741069150788,1.00236625240919,120.0
31877,1954.8768846623177,1.00216554244546,120.0
31878,1954.8782735359375,1.00246263382997,120.0
31879,2665.274939612024,1.0082626017349066,60.0
31880,2665.2756340564683,1.0078046712978266,60.0
31881,2665.2763285009128,1.00917868915341,60.0
31882,2665.277022945357,1.0085584078863568,60.0
31883,2665.2777173898016,1.0087450005932534,60.0
31884,2665.278411834246,1.0079221422887101,60.0
31885,2665.2791062786905,1.0084623733599933,60.0
31886,2665.279800723135,1.0083819637172067,60.0
31887,2665.2804951675794,1.0089552885965067,60.0
31888,2665.281189612024,1.0084655635406767,60.0
31889,2665.2818840564682,1.0082648239292666,60.0
31890,2665.2825785009127,1.0086907542720367,60.0
31891,2665.283272945357,1.0083060207101833,60.0
31892,2665.2839673898015,1.0088805514442334,60.0
31893,2665.284661834246,1.00783129350855,60.0
31894,2665.2853562786904,1.0082477329095898,60.0
31895,2665.286050723135,1.0086388255133734,60.0
31896,2665.2867451675793,1.00781693877288,60.0
31897,2665.2874396120237,1.0093450402648834,60.0
31898,2665.288134056468,1.0086729583119833,60.0
31899,2665.2888285009126,1.0092118723118968,60.0
31900,2665.289522945357,1.00916843828507,60.0
31901,2665.2902173898015,1.0083390873467433,60.0
31902,2665.290911834246,1.00829777865113,60.0
31903,2665.2916062786903,1.0096343800025767,60.0
31904,2665.2923007231348,1.00810906010376,60.0
31905,2665.292995167579,1.0091772893172368,60.0
31906,2665.2936896120236,1.00864461027952,60.0
31907,2665.294384056468,1.00904385049313,60.0
31908,2665.2950785009125,1.009509027020365,60.0
31909,2665.295772945357,1.0092280323880767,60.0
31910,2665.2964673898014,1.00854729519164,60.0
31911,2665.297161834246,1.0084492459738665,60.0
31912,2665.2978562786902,1.0082425592688067,60.0
31913,2665.2985507231347,1.0090523686335633,60.0
31914,2665.299245167579,1.0098561435704898,60.0
31915,2665.2999396120235,1.0086400594596634,60.0
31916,2665.300634056468,1.0094435910279467,60.0
31917,2665.3013285009124,1.0091237566475366,60.0
31918,2665.302022945357,1.00910429831671,60.0
31919,2665.3027173898013,1.0082225486163467,60.0
31920,2665.3034118342457,1.0087314928823634,60.0
31921,2665.30410627869,1.0088671048060232,60.0
31922,2665.3048007231346,1.0083574309005767,60.0
31923,2665.305495167579,1.0087627425536334,60.0
31924,2665.306189612024,1.0085284263075833,60.0
31925,2665.3068840564683,1.0095717575204033,60.0
31926,2665.3075785009128,1.00883937136673,60.0
31927,2665.308272945357,1.00926540516286,60.0
31928,2665.3089673898016,1.00922382722083,60.0
31929,2665.309661834246,1.00851325651304,60.0
31930,2665.3103562786905,1.0090298529627701,60.0
31931,2665.311050723135,1.00883234248921,60.0
31932,2665.3117451675794,1.0092999420176565,60.0
31933,2665.312439612024,1.00904132062272,60.0
31934,2665.3131340564682,1.0089496740105668,60.0
31935,2665.3138285009127,1.00854331991771,60.0
31936,2665.314522945357,1.00926941553638,60.0
31937,2665.3152173898015,1.0081267151083666,60.0
31938,2665.315911834246,1.00968166660945,60.0
31939,2665.3166062786904,1.009754506025815,60.0
31940,2665.317300723135,1.00800202363855,60.0
31941,2665.3179951675793,1.0089411570417768,60.0
31942,2665.3186896120237,1.0093531516585068,60.0
31943,2665.319384056468,1.0089840025681067,60.0
31944,2665.3200785009126,1.00831354076532,60.0
31945,2665.320772945357,1.00867984668161,60.0
31946,2665.3214673898015,1.00960745335928,60.0
31947,2665.322161834246,1.0093552212294299,60.0
31948,2665.3228562786903,1.00887988992482,60.0
31949,2665.3235507231348,1.00903867303584,60.0
31950,2665.324245167579,1.0075565530838366,60.0
31951,2665.3249396120236,1.0089803358227634,60.0
31952,2665.325634056468,1.0082925641708966,60.0
31953,2665.3263285009125,1.01034302794174,60.0
31954,2665.327022945357,1.0091112713956767,60.0
31955,2665.3277173898014,1.0091855281769968,60.0
31956,2665.328411834246,1.0074329230068502,60.0
31957,2665.3291062786902,1.0087255530547632,60.0
31958,2665.3298007231347,1.007758538631395,60.0
31959,2665.330495167579,1.008037745108525,60.0
31960,2665.3311896120235,1.0076511537991266,60.0
31961,2665.331884056468,1.0084677802205968,60.0
31962,2665.3325785009124,1.0081655331179133,60.0
31963,2665.333272945357,1.0081464360506167,60.0
31964,2665.3339673898013,1.0085441403267998,60.0
31965,2665.3346618342457,1.0075868235029501,60.0
31966,2665.33535627869,1.008395959547635,60.0
31967,2665.3360507231346,1.0088620675332465,60.0
31968,2665.336745167579,1.0073327548281832,60.0
31969,2665.337439612024,1.00868409108081,60.0
31970,2665.3381340564683,1.0072431995625333,60.0
31971,2665.3388285009128,1.0072503171166234,60.0
31972,2665.339522945357,1.0091380093521833,60.0
31973,2665.3402173898016,1.0080608289211932,60.0
31974,2665.340911834246,1.0083529644000533,60.0
31975,2665.3416062786905,1.0086173760298298,60.0
31976,2665.342300723135,1.0081162626965732,60.0
31977,2665.3429951675794,1.00958528879866,60.0
31978,2665.343689612024,1.0083372600992468,60.0
31979,2665.3443840564682,1.0081589214512803,60.0
31980,2665.3450785009127,1.0079718406835168,60.0
31981,2665.345772945357,1.0074515578790535,60.0
31982,2665.3464673898015,1.0079457386588166,60.0
31983,2665.347161834246,1.0090837455042065,60.0
31984,2665.3478562786904,1.0081523700791901,60.0
31985,2665.348550723135,1.00848846613324,60.0
31986,2665.3492451675793,1.0086369721122066,60.0
31987,2665.3499396120237,1.0081074896156534,60.0
31988,2665.350634056468,1.0081054749636833,60.0
31989,2665.3513285009126,1.0075030911974534,60.0
31990,2665.352022945357,1.0080731705025536,60.0
31991,2665.3527173898015,1.0083129337806966,60.0
31992,2665.353411834246,1.0088088197940999,60.0
31993,2665.3541062786903,1.0077302573118365,60.0
31994,2665.3548007231348,1.0072936756643698,60.0
31995,2665.355495167579,1.0081847365626333,60.0
31996,2665.3561896120236,1.0077297790628066,60.0
31997,2665.356884056468,1.0065133283664067,60.0
31998,2665.3575785009125,1.00764449088067,60.0
31999,2665.358272945357,1.0074469823737833,60.0
32000,2665.3589673898014,1.00864451687994,60.0
32001,2665.359661834246,1.0072405084154068,60.0
32002,2665.3603562786902,1.0072187710361233,60.0
32003,2665.3610507231347,1.0074862849576451,60.0
32004,2665.361745167579,1.0070663892809766,60.0
32005,2665.3624396120235,1.0072872864257267,60.0
32006,2665.363134056468,1.00798090952269,60.0
32007,2665.3638285009124,1.0072464073960365,60.0
32008,2665.364522945357,1.0070620906487366,60.0
32009,2665.3652173898013,1.0075113394282433,60.0
32010,2665.3659118342457,1.00730149285294,60.0
32011,2665.36660627869,1.0075511775200068,60.0
32012,2665.3673007231346,1.0061372690798667,60.0
32013,2665.367995167579,1.0069267863718965,60.0
32014,2665.368689612024,1.0066290686218133,60.0
32015,2665.3693840564683,1.00641252717525,60.0
32016,2665.3700785009128,1.0073209612280303,60.0
32017,2665.370772945357,1.0085313598120433,60.0
32018,2665.3714673898016,1.0073614535513267,60.0
32019,2665.372161834246,1.0081380297775666,60.0
32020,2665.3728562786905,1.0076483224094632,60.0
32021,2665.373550723135,1.0072013932769865,60.0
32022,2665.3742451675794,1.00787815681282,60.0
32023,2665.374939612024,1.0083263412439534,60.0
32024,2665.3756340564682,1.0072440850773299,60.0
32025,2665.3763285009127,1.006932447096813,60.0
32026,2665.377022945357,1.0073861720799266,60.0
32027,2665.3777173898015,1.008445220346195,60.0
32028,2665.378411834246,1.00762190678815,60.0
32029,2665.3791062786904,1.0083955765577002,60.0
32030,2665.379800723135,1.007345215953495,60.0
32031,2665.3804951675793,1.00729249953676,60.0
32032,2665.3811896120237,1.00749598369242,60.0
32033,2665.381884056468,1.008105027179545,60.0
32034,2665.3825785009126,1.0076808893976332,60.0
32035,2665.383272945357,1.0076395961185003,60.0
32036,2665.3839673898015,1.0080491078621368,60.0
32037,2665.384661834246,1.007913197278345,60.0
32038,2665.3853562786903,1.0083467780086732,60.0
32039,2665.3860507231348,1.0070448439442365,60.0
32040,2665.386745167579,1.0077578978671067,60.0
32041,2665.3874396120236,1.0069954036655766,60.0
32042,2665.388134056468,1.0080941835357733,60.0
32043,2665.3888285009125,1.0076620164659233,60.0
32044,2665.389522945357,1.0067964882050466,60.0
32045,2665.3902173898014,1.0069168897594067,60.0
32046,2665.390911834246,1.0067132624214132,60.0
32047,2665.3916062786902,1.0074392263722667,60.0
32048,2665.3923007231347,1.00858971767294,60.0
32049,2665.392995167579,1.0080885181001,60.0
32050,2665.3936896120235,1.008245357992135,60.0
32051,2665.394384056468,1.00835106114501,60.0
32052,2665.3950785009124,1.0074666029538266,60.0
32053,2665.395772945357,1.0065382651680934,60.0
32054,2665.3964673898013,1.00791866088038,60.0
32055,2665.3971618342457,1.0077133594744498,60.0
32056,2665.39785627869,1.0080233129618132,60.0
32057,2665.3985507231346,1.00778678021671,60.0
32058,2665.399245167579,1.0079777098450766,60.0
32059,2665.399939612024,1.00733121398866,60.0
32060,2665.4006340564683,1.0083036711591649,60.0
32061,2665.4013285009128,1.0070163047817267,60.0
32062,2665.402022945357,1.0067947972751634,60.0
32063,2665.4027173898016,1.0084023266625468,60.0
32064,2665.403411834246,1.0074945494406766,60.0
32065,2665.4041062786905,1.0080875215252398,60.0
32066,2665.404800723135,1.00676988190045,60.0
32067,2665.4054951675794,1.00832142156755,60.0
32068,2665.406189612024,1.0077655144394533,60.0
32069,2665.4068840564682,1.0082765160268767,60.0
32070,2665.4075785009127,1.0083414007906635,60.0
32071,2665.408272945357,1.0085679794448767,60.0
32072,2665.4089673898015,1.00726729800798,60.0
32073,2665.409661834246,1.0076418516339236,60.0
32074,2665.4103562786904,1.008357029302733,60.0
32075,2665.411050723135,1.0095405035038567,60.0
32076,2665.4117451675793,1.0076725200953567,60.0
32077,2665.4124396120237,1.0076579465988067,60.0
32078,2665.413134056468,1.0075153400398003,60.0
32079,2665.4138285009126,1.008340131722095,60.0
32080,2665.414522945357,1.0085286510650568,60.0
32081,2665.4152173898015,1.007606568741255,60.0
32082,2665.415911834246,1.0093371097818336,60.0
32083,2665.4166062786903,1.0086831729347867,60.0
32084,2665.4173007231348,1.00804600951897,60.0
32085,2665.417995167579,1.0074548050628833,60.0
32086,2665.4186896120236,1.0082741767123133,60.0
32087,2665.419384056468,1.0076737764166002,60.0
32088,2665.4200785009125,1.0084521806156668,60.0
32089,2665.420772945357,1.00898955322851,60.0
32090,2665.4214673898014,1.0080390729364,60.0
32091,2665.422161834246,1.0075266473925302,60.0
32092,2665.4228562786902,1.0093241000844666,60.0
32093,2665.4235507231347,1.0078706586587167,60.0
32094,2665.424245167579,1.007720654994745,60.0
32095,2665.4249396120235,1.0099268815884235,60.0
32096,2665.425634056468,1.00836856058405,60.0
32097,2665.4263285009124,1.0088691797118365,60.0
32098,2665.427022945357,1.00890347892749,60.0
32099,2665.4277173898013,1.0085601287647965,60.0
32100,2665.4284118342457,1.0090145085955633,60.0
32101,2665.42910627869,1.00823606515612,60.0
32102,2665.4298007231346,1.0081312811767233,60.0
32103,2665.430495167579,1.0091798035570667,60.0
32104,2665.431189612024,1.0086695335289366,60.0
32105,2665.4318840564683,1.0088433890805732,60.0
32106,2665.4325785009128,1.0094044397603568,60.0
32107,2665.433272945357,1.0093081542922,60.0
32108,2665.4339673898016,1.0072133478456566,60.0
32109,2665.434661834246,1.0089171191562967,60.0
32110,2665.4353562786905,1.0094989208053233,60.0
32111,2665.436050723135,1.0093817199189734,60.0
32112,2665.4367451675794,1.0096166362466032,60.0
32113,2665.437439612024,1.008941567953445,60.0
32114,2665.4381340564682,1.0087552278967433,60.0
32115,2665.4388285009127,1.00859206154984,60.0
32116,2665.439522945357,1.0089362131946,60.0
32117,2665.4402173898015,1.00912760318153,60.0
32118,2665.440911834246,1.0089073776823,60.0
32119,2665.4416062786904,1.0089011020850833,60.0
32120,2665.442300723135,1.0091257259054733,60.0
32121,2665.4429951675793,1.00906881504165,60.0
32122,2665.4436896120237,1.00798847604465,60.0
32123,2665.444384056468,1.0097863073680233,60.0
32124,2665.4450785009126,1.0092082569314,60.0
32125,2665.445772945357,1.0078638801318833,60.0
32126,2665.4464673898015,1.0090451767784367,60.0
32127,2665.447161834246,1.00898856796962,60.0
32128,2665.4478562786903,1.0093400236973666,60.0
32129,2665.4485507231348,1.00741540608511,60.0
32130,2665.449245167579,1.0095509466014534,60.0
32131,2665.4499396120236,1.0094865072173034,60.0
32132,2665.450634056468,1.0095690556831334,60.0
32133,2665.4513285009125,1.0081750814424049,60.0
32134,2665.452022945357,1.0099871659475832,60.0
32135,2665.4527173898014,1.0090987174063935,60.0
32136,2665.453411834246,1.00867015861009,60.0
32137,2665.4541062786902,1.0101995322354502,60.0
32138,2665.4548007231347,1.0091840327178268,60.0
32139,2665.455495167579,1.0088479175398248,60.0
32140,2665.4561896120235,1.00957940598296,60.0
32141,2665.456884056468,1.0093755199941334,60.0
32142,2665.4575785009124,1.009101988827445,60.0
32143,2665.458272945357,1.0098648676593134,60.0
32144,2665.4589673898013,1.0099803809626868,60.0
32145,2665.4596618342457,1.0089147762061765,60.0
32146,2665.46035627869,1.0085576298783134,60.0
32147,2665.4610507231346,1.0095063523369767,60.0
32148,2665.461745167579,1.0098135634191931,60.0
32149,2665.462439612024,1.0090837627715399,60.0
32150,2665.4631340564683,1.01071008486189,60.0
32151,2665.4638285009128,1.0094953661575767,60.0
32152,2665.464522945357,1.00976855499488,60.0
32153,2665.4652173898016,1.010285451757325,60.0
32154,2665.465911834246,1.0105883588871334,60.0
32155,2665.4666062786905,1.0093008985701133,60.0
32156,2665.467300723135,1.0088471880863967,60.0
32157,2665.4679951675794,1.0093186621973633,60.0
32158,2665.468689612024,1.01014967679135,60.0
32159,2665.4693840564682,1.0104830554129534,60.0
32160,2665.4700785009127,1.0096729981850634,60.0
32161,2665.470772945357,1.011102099507385,60.0
32162,2665.4714673898015,1.0095014568441034,60.0
32163,2665.472161834246,1.0097986919307949,60.0
32164,2665.4728562786904,1.0094454865729001,60.0
32165,2665.473550723135,1.0099176772616032,60.0
32166,2665.4742451675793,1.0101780014883233,60.0
32167,2665.4749396120237,1.0097894242076066,60.0
32168,2665.475634056468,1.00985639299692,60.0
32169,2665.4763285009126,1.00981724843412,60.0
32170,2665.477022945357,1.01140959305063,60.0
32171,2665.4777173898015,1.0093050166071065,60.0
32172,2665.478411834246,1.0101716963457,60.0
32173,2665.4791062786903,1.0109658637767267,60.0
32174,2665.4798007231348,1.0092235392670401,60.0
32175,2665.480495167579,1.0095912028226433,60.0
32176,2665.4811896120236,1.0102076916640466,60.0
32177,2665.481884056468,1.0103605812600833,60.0
32178,2665.4825785009125,1.01058316741212,60.0
32179,2665.483272945357,1.0106650309627867,60.0
32180,2665.4839673898014,1.01151268220894,60.0
32181,2665.484661834246,1.00960503123786,60.0
32182,2665.4853562786902,1.0098077840291635,60.0
32183,2665.4860507231347,1.01011223530132,60.0
32184,2665.486745167579,1.0113942949866634,60.0
32185,2665.4874396120235,1.0099417285194068,60.0
32186,2665.488134056468,1.0098395009595367,60.0
32187,2665.4888285009124,1.0100013670243366,60.0
32188,2665.489522945357,1.0103346599303331,60.0
32189,2665.4902173898013,1.0102198381055967,60.0
32190,2665.4909118342457,1.0097434097522766,60.0
32191,2665.49160627869,1.0094137506283767,60.0
32192,2665.4923007231346,1.00868160413519,60.0
32193,2665.492995167579,1.0105392206132766,60.0
32194,2665.493689612024,1.0094319552647333,60.0
32195,2665.4943840564683,1.00962988202221,60.0
32196,2665.4950785009128,1.00954758087941,60.0
32197,2665.495772945357,1.0096970472188265,60.0
32198,2665.4964673898016,1.01021682519668,60.0
32199,2665.497161834246,1.009865178789945,60.0
32200,2665.4978562786905,1.0094712161014934,60.0
32201,2665.498550723135,1.009241684646795,60.0
32202,2665.4992451675794,1.0098216767356267,60.0
32203,2665.499939612024,1.0093879274661932,60.0
32204,2665.5006340564682,1.0093029892556633,60.0
32205,2665.5013285009127,1.0101795532543398,60.0
32206,2665.502022945357,1.0088794963806,60.0
32207,2665.5027173898015,1.0097262006084,60.0
32208,2665.503411834246,1.00926185421633,60.0
32209,2665.5041062786904,1.00981203333756,60.0
32210,2665.504800723135,1.009380075142473,60.0
32211,2665.5054951675793,1.0088252421270434,60.0
32212,2665.5061896120237,1.0083664934123366,60.0
32213,2665.506884056468,1.0097143837758666,60.0
32214,2665.5075785009126,1.0086796526485466,60.0
32215,2665.508272945357,1.0087888054968233,60.0
32216,2665.5089673898015,1.0087555510188833,60.0
32217,2665.509661834246,1.0091553964710533,60.0
32218,2665.5103562786903,1.0083079007395033,60.0
32219,2665.5110507231348,1.0091889244306866,60.0
32220,2665.511745167579,1.0083586183073467,60.0
32221,2665.5124396120236,1.00859580855634,60.0
32222,2665.513134056468,1.0092287400691335,60.0
32223,2665.5138285009125,1.00869404294707,60.0
32224,2665.514522945357,1.0079485546105766,60.0
32225,2665.5152173898014,1.0080691323878268,60.0
32226,2665.515911834246,1.0077610883127102,60.0
32227,2665.5166062786902,1.0079876960438268,60.0
32228,2665.5173007231347,1.0078788028501233,60.0
32229,2665.517995167579,1.0083064465668634,60.0
32230,2665.5186896120235,1.00719499660239,60.0
32231,2665.519384056468,1.0073917577142835,60.0
32232,2665.5200785009124,1.00833519514375,60.0
32233,2665.520772945357,1.0077257157428035,60.0
32234,2665.5214673898013,1.0076640575277167,60.0
32235,2665.5221618342457,1.007586489565,60.0
32236,2665.52285627869,1.0079115056992534,60.0
32237,2665.5235507231346,1.0092535673405834,60.0
32238,2665.524245167579,1.0076643562669068,60.0
32239,2665.524939612024,1.0077031977826867,60.0
32240,2665.5256340564683,1.0076160681666202,60.0
32241,2665.5263285009128,1.0079160687980064,60.0
32242,2665.527022945357,1.0069515895338899,60.0
32243,2665.5277173898016,1.0078749497614867,60.0
32244,2665.528411834246,1.0073672188688365,60.0
32245,2665.5291062786905,1.0067870148777334,60.0
32246,2665.529800723135,1.0070378133509934,60.0
32247,2665.5304951675794,1.0070262013723432,60.0
32248,2665.531189612024,1.0069682289448534,60.0
32249,2665.5318840564682,1.0070990454380868,60.0
32250,2665.5325785009127,1.00807826626584,60.0
32251,2665.533272945357,1.0072048355788266,60.0
32252,2665.5339673898015,1.0075194180914633,60.0
32253,2665.534661834246,1.0072419686011331,60.0
32254,2665.5353562786904,1.0063423762684935,60.0
32255,2665.536050723135,1.0077323824612467,60.0
32256,2665.5367451675793,1.007495071857925,60.0
32257,2665.5374396120237,1.0076575415476865,60.0
32258,2665.538134056468,1.0082031875378565,60.0
32259,2665.5388285009126,1.00672351854491,60.0
32260,2665.539522945357,1.006940238279557,60.0
32261,2665.5402173898015,1.0075171445871849,60.0
32262,2665.540911834246,1.0068169101640667,60.0
32263,2665.5416062786903,1.0073084690404432,60.0
32264,2665.5423007231348,1.00769590587209,60.0
32265,2665.542995167579,1.0074674285839667,60.0
32266,2665.5436896120236,1.0069679010576233,60.0
32267,2665.544384056468,1.0067588958816667,60.0
32268,2665.5450785009125,1.0065149576089634,60.0
32269,2665.545772945357,1.0069008552991432,60.0
32270,2665.5464673898014,1.007526194331,60.0
32271,2665.547161834246,1.0071611629001633,60.0
32272,2665.5478562786902,1.00706003094695,60.0
32273,2665.5485507231347,1.0073942273951866,60.0
32274,2665.549245167579,1.0079090410086502,60.0
32275,2665.5499396120235,1.0066565665204499,60.0
32276,2665.550634056468,1.00671416890313,60.0
32277,2665.5513285009124,1.0069070219722767,60.0
32278,2665.552022945357,1.00745157447106,60.0
32279,2665.5527173898013,1.0056983669558,60.0
32280,2665.5534118342457,1.0070708971238764,60.0
32281,2665.55410627869,1.0065716678690868,60.0
32282,2665.5548007231346,1.0073525085181334,60.0
32283,2665.555495167579,1.00761976021397,60.0
32284,2665.556189612024,1.0079449110784666,60.0
32285,2665.5568840564683,1.0073548918975668,60.0
32286,2665.5575785009128,1.0067643856072566,60.0
32287,2665.558272945357,1.0078571041129,60.0
32288,2665.5589673898016,1.0071600371043767,60.0
32289,2665.559661834246,1.0063506317511468,60.0
32290,2665.5603562786905,1.0069173316348066,60.0
32291,2665.561050723135,1.0065434910061135,60.0
32292,2665.5617451675794,1.0069595077288334,60.0
32293,2665.562439612024,1.0066471965149766,60.0
32294,2665.5631340564682,1.0070922335521966,60.0
32295,2665.5638285009127,1.00675716192496,60.0
32296,2665.564522945357,1.0076359606866567,60.0
32297,2665.5652173898015,1.0066842030476666,60.0
32298,2665.565911834246,1.0067715496639769,60.0
32299,2665.5666062786904,1.0066337067760633,60.0
32300,2665.567300723135,1.0052555473057267,60.0
32301,2665.5679951675793,1.0066179404383466,60.0
32302,2665.5686896120237,1.0064947489291367,60.0
32303,2665.569384056468,1.0069946640623535,60.0
32304,2665.5700785009126,1.0075611571843435,60.0
32305,2665.570772945357,1.0068866860482768,60.0
32306,2665.5714673898015,1.0077776370359932,60.0
32307,2665.572161834246,1.00691905749934,60.0
32308,2665.5728562786903,1.007379240598135,60.0
32309,2665.5735507231348,1.0073259220250135,60.0
32310,2665.574245167579,1.00701239468485,60.0
32311,2665.5749396120236,1.0063192030537833,60.0
32312,2665.575634056468,1.0075095299031334,60.0
32313,2665.5763285009125,1.0060172391534168,60.0
32314,2665.577022945357,1.00771094782579,60.0
32315,2665.5777173898014,1.0058950555165467,60.0
32316,2665.578411834246,1.0060299564223565,60.0
32317,2665.5791062786902,1.00649503912291,60.0
32318,2665.5798007231347,1.0073811008837934,60.0
32319,2665.580495167579,1.0071908299181167,60.0
32320,2665.5811896120235,1.007588237679075,60.0
32321,2665.581884056468,1.006625457497275,60.0
32322,2665.5825785009124,1.00857378147812,60.0
32323,2665.583272945357,1.00642104432542,60.0
32324,2665.5839673898013,1.0079039247345098,60.0
32325,2665.5846618342457,1.00421929283773,60.0
32326,2665.58535627869,1.0068574566778734,60.0
32327,2665.5860507231346,1.0066719126616899,60.0
32328,2665.586745167579,1.0074428236905,60.0
32329,2665.587439612024,1.0075266604631299,60.0
32330,2665.5881340564683,1.0069150940568032,60.0
32331,2665.5888285009128,1.007288881154755,60.0
32332,2665.589522945357,1.007195952824595,60.0
32333,2665.5902173898016,1.0071236072684668,60.0
32334,2665.590911834246,1.00755558946078,60.0
32335,2665.5916062786905,1.0080932172248134,60.0
32336,2665.592300723135,1.00652589014907,60.0
32337,2665.5929951675794,1.0072694875299733,60.0
32338,2665.593689612024,1.0068254874006735,60.0
32339,2665.5943840564682,1.00664829714787,60.0
32340,2665.5950785009127,1.0078265711578098,60.0
32341,2665.595772945357,1.0068092313588066,60.0
32342,2665.5964673898015,1.0072659366679835,60.0
32343,2665.597161834246,1.0073878493058732,60.0
32344,2665.5978562786904,1.0077106100519049,60.0
32345,2665.598550723135,1.00776020904244,60.0
32346,2665.5992451675793,1.0070777803683402,60.0
32347,2665.5999396120237,1.00756148613825,60.0
32348,2665.600634056468,1.0070365037518265,60.0
32349,2665.6013285009126,1.0076043209770533,60.0
32350,2665.602022945357,1.00704326078492,60.0
32351,2665.6027173898015,1.00697853509412,60.0
32352,2665.603411834246,1.0075447244650733,60.0
32353,2665.6041062786903,1.007006769429125,60.0
32354,2665.6048007231348,1.0071315139724735,60.0
32355,2665.605495167579,1.0078534498101601,60.0
32356,2665.6061896120236,1.0079240347907934,60.0
32357,2665.606884056468,1.0072109176121866,60.0
32358,2665.6075785009125,1.0069422812745301,60.0
32359,2665.608272945357,1.0075819612719668,60.0
32360,2665.6089673898014,1.0078269814682768,60.0
32361,2665.609661834246,1.00724954243103,60.0
32362,2665.6103562786902,1.0070763340788234,60.0
32363,2665.6110507231347,1.0082400781100767,60.0
32364,2665.611745167579,1.0077631799126034,60.0
32365,2665.6124396120235,1.0083039355269365,60.0
32366,2665.613134056468,1.0080578219214165,60.0
32367,2665.6138285009124,1.00812977439088,60.0
32368,2665.614522945357,1.0073037997779202,60.0
32369,2665.6152173898013,1.0083454222049266,60.0
32370,2665.6159118342457,1.0085760620322999,60.0
32371,2665.61660627869,1.0068968747446951,60.0
32372,2665.6173007231346,1.0076854690104098,60.0
32373,2665.617995167579,1.00823492182891,60.0
32374,2665.618689612024,1.0074894479230567,60.0
32375,2665.6193840564683,1.0078275258537766,60.0
32376,2665.6200785009128,1.00855721540764,60.0
32377,2665.620772945357,1.0085016566746499,60.0
32378,2665.6214673898016,1.00793912647755,60.0
32379,2665.622161834246,1.0081371111000035,60.0
32380,2665.6228562786905,1.0090164390068566,60.0
32381,2665.623550723135,1.0087417006120767,60.0
32382,2665.6242451675794,1.00854737658905,60.0
32383,2665.624939612024,1.0086070758183567,60.0
32384,2665.6256340564682,1.007566963520407,60.0
32385,2665.6263285009127,1.0080118212911866,60.0
32386,2665.627022945357,1.0085036353017633,60.0
32387,2665.6277173898015,1.0072824607976367,60.0
32388,2665.628411834246,1.0087263511294167,60.0
32389,2665.6291062786904,1.0079685864442398,60.0
32390,2665.629800723135,1.0088975461328402,60.0
32391,2665.6304951675793,1.0089827825161235,60.0
32392,2665.6311896120237,1.00827164120234,60.0
32393,2665.631884056468,1.0089590453663233,60.0
32394,2665.6325785009126,1.007311830136455,60.0
32395,2665.633272945357,1.0097119330991935,60.0
32396,2665.6339673898015,1.0094395556635465,60.0
32397,2665.634661834246,1.009335936235885,60.0
32398,2665.6353562786903,1.0092424784262248,60.0
32399,2665.6360507231348,1.0079472907289933,60.0
32400,2665.636745167579,1.0082843700323034,60.0
32401,2665.6374396120236,1.0085498501362802,60.0
32402,2665.638134056468,1.00702211429836,60.0
32403,2665.6388285009125,1.0089388423780834,60.0
32404,2665.639522945357,1.0084908209520764,60.0
32405,2665.6402173898014,1.0082309719075067,60.0
32406,2665.640911834246,1.008205517749305,60.0
32407,2665.6416062786902,1.0082329532745167,60.0
32408,2665.6423007231347,1.0090418273300799,60.0
32409,2665.642995167579,1.0089130177113932,60.0
32410,2665.6436896120235,1.00881620616458,60.0
32411,2665.644384056468,1.007909689772645,60.0
32412,2665.6450785009124,1.0094254639734668,60.0
32413,2665.645772945357,1.0086023563114568,60.0
32414,2665.6464673898013,1.00861801591066,60.0
32415,2665.6471618342457,1.0086032923844002,60.0
32416,2665.64785627869,1.0083394371607768,60.0
32417,2665.6485507231346,1.0078107891501666,60.0
32418,2665.649245167579,1.0089839563544567,60.0
32419,2665.649939612024,1.0084885875364733,60.0
32420,2665.6506340564683,1.0086425551971034,60.0
32421,2665.6513285009128,1.0079638393712298,60.0
32422,2665.652022945357,1.0086622403034269,60.0
32423,2665.6527173898016,1.0072302493802798,60.0
32424,2665.653411834246,1.0084972190401469,60.0
32425,2665.6541062786905,1.0083152137245701,60.0
32426,2665.654800723135,1.0084477867634734,60.0
32427,2665.6554951675794,1.0094922287447032,60.0
32428,2665.656189612024,1.0089448683253501,60.0
32429,2665.6568840564682,1.007854034510425,60.0
32430,2665.6575785009127,1.0083045082933335,60.0
32431,2665.658272945357,1.0081473905120533,60.0
32432,2665.6589673898015,1.0085401618444334,60.0
32433,2665.659661834246,1.0070275033751133,60.0
32434,2665.6603562786904,1.0083501461732165,60.0
32435,2665.661050723135,1.0075836060955465,60.0
32436,2665.6617451675793,1.0081735187914134,60.0
32437,2665.6624396120237,1.0089271547879235,60.0
32438,2665.663134056468,1.0078054544306352,60.0
32439,2665.6638285009126,1.008061704994895,60.0
32440,2665.664522945357,1.0089199919379832,60.0
32441,2665.6652173898015,1.0082185208968832,60.0
32442,2665.665911834246,1.0085629798745266,60.0
32443,2665.6666062786903,1.0070698046702535,60.0
32444,2665.6673007231348,1.0085206442624999,60.0
32445,2665.667995167579,1.0075553036501133,60.0
32446,2665.6686896120236,1.00795498827783,60.0
32447,2665.669384056468,1.0083447960107834,60.0
32448,2665.6700785009125,1.00795880803021,60.0
32449,2665.670772945357,1.0078128757165266,60.0
32450,2665.6714673898014,1.00715851739623,60.0
32451,2665.672161834246,1.0071260565711466,60.0
32452,2665.6728562786902,1.0082205803596866,60.0
32453,2665.6735507231347,1.0071135501947932,60.0
32454,2665.674245167579,1.0073959015765335,60.0
32455,2665.6749396120235,1.0068029760739432,60.0
32456,2665.675634056468,1.0058843880248198,60.0
32457,2665.6763285009124,1.0081902700640866,60.0
32458,2665.677022945357,1.0069306104140967,60.0
32459,2665.6777173898013,1.0057662467455248,60.0
32460,2665.6784118342457,1.0074632585178567,60.0
32461,2665.67910627869,1.00598252879552,60.0
32462,2665.6798007231346,1.008532776316885,60.0
32463,2665.680495167579,1.00781984222703,60.0
32464,2665.681189612024,1.00723321520084,60.0
32465,2665.6818840564683,1.0065077212283866,60.0
32466,2665.6825785009128,1.0071166174297166,60.0
32467,2665.683272945357,1.0080219926555867,60.0
32468,2665.6839673898016,1.00643643913888,60.0
32469,2665.684661834246,1.0062676459341968,60.0
32470,2665.6853562786905,1.0071212434049366,60.0
32471,2665.686050723135,1.0070584270764866,60.0
32472,2665.6867451675794,1.00719894977036,60.0
32473,2665.687439612024,1.0073593939033,60.0
32474,2665.6881340564682,1.0073221718873466,60.0
32475,2665.6888285009127,1.0065776565224367,60.0
32476,2665.689522945357,1.006736204075983,60.0
32477,2665.6902173898015,1.00732738551695,60.0
32478,2665.690911834246,1.0074387089125834,60.0
32479,2665.6916062786904,1.0058538478810035,60.0
32480,2665.692300723135,1.0064489207525134,60.0
32481,2665.6929951675793,1.0064223302502633,60.0
32482,2665.6936896120237,1.00689799640655,60.0
32483,2665.694384056468,1.007165025223465,60.0
32484,2665.6950785009126,1.0073360676993932,60.0
32485,2665.695772945357,1.006835712491895,60.0
32486,2665.6964673898015,1.0058532592194267,60.0
32487,2665.697161834246,1.0057498291798168,60.0
32488,2665.6978562786903,1.00704501696965,60.0
32489,2665.6985507231348,1.0063479419265968,60.0
32490,2665.699245167579,1.0066268772761668,60.0
32491,2665.6999396120236,1.0055299883202533,60.0
32492,2665.700634056468,1.0067728912652467,60.0
32493,2665.7013285009125,1.00635433776457,60.0
32494,2665.702022945357,1.0059432183571468,60.0
32495,2665.7027173898014,1.00664795338202,60.0
32496,2665.703411834246,1.0067633807069332,60.0
32497,2665.7041062786902,1.0060134933558198,60.0
32498,2665.7048007231347,1.0068123377189,60.0
32499,2665.705495167579,1.0061530012945,60.0
32500,2665.7061896120235,1.00667081463443,60.0
32501,2665.706884056468,1.0064668319850867,60.0
32502,2665.7075785009124,1.00641669096816,60.0
32503,2665.708272945357,1.0063097416502633,60.0
32504,2665.7089673898013,1.00643356717009,60.0
32505,2665.7096618342457,1.00708887548195,60.0
32506,2665.71035627869,1.0061471076895134,60.0
32507,2665.7110507231346,1.00668699505203,60.0
32508,2665.711745167579,1.00613542031636,60.0
32509,2665.712439612024,1.00540457868157,60.0
32510,2665.7131340564683,1.005615863409965,60.0
32511,2665.7138285009128,1.00461810912821,60.0
32512,2665.714522945357,1.0061232328387735,60.0
32513,2665.7152173898016,1.0064395936331434,60.0
32514,2665.715911834246,1.0056771676579832,60.0
32515,2665.7166062786905,1.0059776939026333,60.0
32516,2665.717300723135,1.00623381113549,60.0
32517,2665.7179951675794,1.0061733055208535,60.0
32518,2665.718689612024,1.0057635281008934,60.0
32519,2665.7193840564682,1.0056736671534667,60.0
32520,2665.7200785009127,1.0051824996929069,60.0
32521,2665.720772945357,1.0050113515221566,60.0
32522,2665.7214673898015,1.0055921708560167,60.0
32523,2665.722161834246,1.007268212467715,60.0
32524,2665.7228562786904,1.00543440328655,60.0
32525,2665.723550723135,1.0074887822659333,60.0
32526,2665.7242451675793,1.007179052567545,60.0
32527,2665.7249396120237,1.00606980833303,60.0
32528,2665.725634056468,1.0057152798677367,60.0
32529,2665.7263285009126,1.00591670912083,60.0
32530,2665.727022945357,1.005567550703205,60.0
32531,2665.7277173898015,1.0056226581059866,60.0
32532,2665.728411834246,1.0067666932194534,60.0
32533,2665.7291062786903,1.0060195657580735,60.0
32534,2665.7298007231348,1.0061223300414335,60.0
32535,2665.730495167579,1.00579186752443,60.0
32536,2665.7311896120236,1.00535584660454,60.0
32537,2665.731884056468,1.0054161431820499,60.0
32538,2665.7325785009125,1.00547845798828,60.0
32539,2665.733272945357,1.0065757299763334,60.0
32540,2665.7339673898014,1.0062999365616234,60.0
32541,2665.734661834246,1.006465438943425,60.0
32542,2665.7353562786902,1.0068017554928834,60.0
32543,2665.7360507231347,1.0064975157197467,60.0
32544,2665.736745167579,1.006403087301805,60.0
32545,2665.7374396120235,1.00574284621049,60.0
32546,2665.738134056468,1.00519035225222,60.0
32547,2665.7388285009124,1.0055616238107599,60.0
32548,2665.739522945357,1.0060017114299935,60.0
32549,2665.7402173898013,1.0068554389221298,60.0
32550,2665.7409118342457,1.00503764059323,60.0
32551,2665.74160627869,1.0065467896262168,60.0
32552,2665.7423007231346,1.006599206290165,60.0
32553,2665.742995167579,1.0059976919099034,60.0
32554,2665.743689612024,1.0058604877480635,60.0
32555,2665.7443840564683,1.0071419871828466,60.0
32556,2665.7450785009128,1.0059411827613867,60.0
32557,2665.745772945357,1.0064920691085233,60.0
32558,2665.7464673898016,1.00699964938534,60.0
32559,2665.747161834246,1.0064603920212234,60.0
32560,2665.7478562786905,1.00555291996934,60.0
32561,2665.748550723135,1.0062848507497266,60.0
32562,2665.7492451675794,1.0061088401761134,60.0
32563,2665.749939612024,1.0064572377210668,60.0
32564,2665.7506340564682,1.00606124060329,60.0
32565,2665.7513285009127,1.00546595703167,60.0
32566,2665.752022945357,1.0056730637282936,60.0
32567,2665.7527173898015,1.0058834795544167,60.0
32568,2665.753411834246,1.0064387191259199,60.0
32569,2665.7541062786904,1.0064280130691399,60.0
32570,2665.754800723135,1.0078495132600267,60.0
32571,2665.7554951675793,1.0059417602260934,60.0
32572,2665.7561896120237,1.0062622872720433,60.0
32573,2665.756884056468,1.0058698528786965,60.0
32574,2665.7575785009126,1.0064990517321066,60.0
32575,2665.758272945357,1.0058788606768598,60.0
32576,2665.7589673898015,1.00735546768753,60.0
32577,2665.759661834246,1.00670202552315,60.0
32578,2665.7603562786903,1.0058597854092965,60.0
32579,2665.7610507231348,1.0067230441815134,60.0
32580,2665.761745167579,1.0058349265368334,60.0
32581,2665.7624396120236,1.0063272096579368,60.0
32582,2665.763134056468,1.00679018821432,60.0
32583,2665.7638285009125,1.0061684417222,60.0
32584,2665.764522945357,1.00663793995564,60.0
32585,2665.7652173898014,1.0062460684007968,60.0
32586,2665.765911834246,1.006354009524225,60.0
32587,2665.7666062786902,1.0068893094030766,60.0
32588,2665.7673007231347,1.0062063096954266,60.0
32589,2665.767995167579,1.0070015203485065,60.0
32590,2665.7686896120235,1.006350023559845,60.0
32591,2665.769384056468,1.0062134716585536,60.0
32592,2665.7700785009124,1.0083954059891267,60.0
32593,2665.770772945357,1.0062051897275668,60.0
32594,2665.7714673898013,1.0069845162358766,60.0
32595,2665.7721618342457,1.0068799223143465,60.0
32596,2665.77285627869,1.0069215696423799,60.0
32597,2665.7735507231346,1.0065506963255368,60.0
32598,2665.774245167579,1.007161282390893,60.0
32599,2665.774939612024,1.00680867966801,60.0
32600,2665.7756340564683,1.0061937890685633,60.0
32601,2665.7763285009128,1.0066269343357532,60.0
32602,2665.777022945357,1.0069302955024968,60.0
32603,2665.7777173898016,1.0060220928598067,60.0
32604,2665.778411834246,1.0057126890552532,60.0
32605,2665.7791062786905,1.0065639861391849,60.0
32606,2665.779800723135,1.0070526776256898,60.0
32607,2665.7804951675794,1.0063471000207833,60.0
32608,2665.781189612024,1.0073343478502699,60.0
32609,2665.7818840564682,1.0067857927422201,60.0
32610,2665.7825785009127,1.0058962334100932,60.0
32611,2665.783272945357,1.0069353034305066,60.0
32612,2665.7839673898015,1.00624822254182,60.0
32613,2665.784661834246,1.0068097422756601,60.0
32614,2665.7853562786904,1.0069872090042633,60.0
32615,2665.786050723135,1.0068853173285135,60.0
32616,2665.7867451675793,1.0063734716274968,60.0
32617,2665.7874396120237,1.006434095958,60.0
32618,2665.788134056468,1.00751399361018,60.0
32619,2665.7888285009126,1.0070728409493832,60.0
32620,2665.789522945357,1.0067107917854834,60.0
32621,2665.7902173898015,1.0071009785440967,60.0
32622,2665.790911834246,1.0059127503639733,60.0
32623,2665.7916062786903,1.0071671368604334,60.0
32624,2665.7923007231348,1.00771900432617,60.0
32625,2665.792995167579,1.00720437856667,60.0
32626,2665.7936896120236,1.0071567191056499,60.0
32627,2665.794384056468,1.0056828784616734,60.0
32628,2665.7950785009125,1.00651857273916,60.0
32629,2665.795772945357,1.0063871074373334,60.0
32630,2665.7964673898014,1.0067298880640168,60.0
32631,2665.797161834246,1.006838868929155,60.0
32632,2665.7978562786902,1.00600353066811,60.0
32633,2665.7985507231347,1.0052190547364799,60.0
32634,2665.799245167579,1.0072543772538534,60.0
32635,2665.7999396120235,1.0069941603428867,60.0
32636,2665.800634056468,1.00619008074736,60.0
32637,2665.8013285009124,1.0054580715519301,60.0
32638,2665.802022945357,1.0061739201700266,60.0
32639,2665.8027173898013,1.0056282043059335,60.0
32640,2665.8034118342457,1.006992288788275,60.0
32641,2665.80410627869,1.0066888353366634,60.0
32642,2665.8048007231346,1.0067546226190234,60.0
32643,2665.805495167579,1.0061572840933033,60.0
32644,2665.806189612024,1.0049508772488467,60.0
32645,2665.8068840564683,1.00656595016094,60.0
32646,2665.8075785009128,1.0058839390614234,60.0
32647,2665.808272945357,1.0063887549078065,60.0
32648,2665.8089673898016,1.0053076467864899,60.0
32649,2665.809661834246,1.0060990966749632,60.0
32650,2665.8103562786905,1.00547864355293,60.0
32651,2665.811050723135,1.00641816017151,60.0
32652,2665.8117451675794,1.0065049398041033,60.0
32653,2665.812439612024,1.00601398984036,60.0
32654,2665.8131340564682,1.0062613883186302,60.0
32655,2665.8138285009127,1.004517134008733,60.0
32656,2665.814522945357,1.00669402331048,60.0
32657,2665.8152173898015,1.00557543143164,60.0
32658,2665.815911834246,1.0063765134344633,60.0
32659,2665.8166062786904,1.0063991689440233,60.0
32660,2665.817300723135,1.0056601661612834,60.0
32661,2665.8179951675793,1.0059980489160465,60.0
32662,2665.8186896120237,1.00601103709958,60.0
32663,2665.819384056468,1.00604426819133,60.0
32664,2665.8200785009126,1.0063175932509,60.0
32665,2665.820772945357,1.005941858539077,60.0
32666,2665.8214673898015,1.0060677200522867,60.0
32667,2665.822161834246,1.0067789283764734,60.0
32668,2665.8228562786903,1.00629077901217,60.0
32669,2665.8235507231348,1.0065454336063766,60.0
32670,2665.824245167579,1.006676026620895,60.0
32671,2665.8249396120236,1.0061061877653399,60.0
32672,2665.825634056468,1.0051126298939366,60.0
32673,2665.8263285009125,1.0058562187948201,60.0
32674,2665.827022945357,1.00531165243656,60.0
32675,2665.8277173898014,1.0057034708893866,60.0
32676,2665.828411834246,1.0050557368693134,60.0
32677,2665.8291062786902,1.00470918007203,60.0
32678,2665.8298007231347,1.0048985863045734,60.0
32679,2665.830495167579,1.00663469211817,60.0
32680,2665.8311896120235,1.0063357704591034,60.0
32681,2665.831884056468,1.00513910676114,60.0
32682,2665.8325785009124,1.0048314633652033,60.0
32683,2665.833272945357,1.0060258272425233,60.0
32684,2665.8339673898013,1.00490061399187,60.0
32685,2665.8346618342457,1.00674719977264,60.0
32686,2665.83535627869,1.0063216533296266,60.0
32687,2665.8360507231346,1.0062399413474032,60.0
32688,2665.836745167579,1.00462402069092,60.0
32689,2665.837439612024,1.0057101681485,60.0
32690,2665.8381340564683,1.00569806613935,60.0
32691,2665.8388285009128,1.00517102404947,60.0
32692,2665.839522945357,1.0055629765526932,60.0
32693,2665.8402173898016,1.0052300393576532,60.0
32694,2665.840911834246,1.00563956675588,60.0
32695,2665.8416062786905,1.0047253143093666,60.0
32696,2665.842300723135,1.0055797753637166,60.0
32697,2665.8429951675794,1.0042212627691567,60.0
32698,2665.843689612024,1.005893317233287,60.0
32699,2665.8443840564682,1.0056324776461767,60.0
32700,2665.8450785009127,1.0045387260533534,60.0
32701,2665.845772945357,1.00490746572968,60.0
32702,2665.8464673898015,1.0048237975296734,60.0
32703,2665.847161834246,1.0066618416705202,60.0
32704,2665.8478562786904,1.0063295562742933,60.0
32705,2665.848550723135,1.0055739608730632,60.0
32706,2665.8492451675793,1.00651434817713,60.0
32707,2665.8499396120237,1.00467247404773,60.0
32708,2665.850634056468,1.0057387337758,60.0
32709,2665.8513285009126,1.00567777768061,60.0
32710,2665.852022945357,1.00514868360746,60.0
32711,2665.8527173898015,1.005671674325305,60.0
32712,2665.853411834246,1.0057693997352468,60.0
32713,2665.8541062786903,1.0049974236826267,60.0
32714,2665.8548007231348,1.0052685556117467,60.0
32715,2665.855495167579,1.004392865486365,60.0
32716,2665.8561896120236,1.0058351242818833,60.0
32717,2665.856884056468,1.0054893687716768,60.0
32718,2665.8575785009125,1.0055404717078251,60.0
32719,2665.858272945357,1.00551867952374,60.0
32720,2665.8589673898014,1.00543392180135,60.0
32721,2665.859661834246,1.0066875155482848,60.0
32722,2665.8603562786902,1.0058429486089135,60.0
32723,2665.8610507231347,1.0061047103666299,60.0
32724,2665.861745167579,1.0059320442648298,60.0
32725,2665.8624396120235,1.0051385475592702,60.0
32726,2665.863134056468,1.0059984093313368,60.0
32727,2665.8638285009124,1.0069452862477233,60.0
32728,2665.864522945357,1.0071994924291667,60.0
32729,2665.8652173898013,1.007762902557375,60.0
32730,2665.8659118342457,1.0075446416998,60.0
32731,2669.5603562786905,0.9856859865544333,60.0
32732,2669.561050723135,0.9859507926968867,60.0
32733,2669.5617451675794,0.98662972027864,60.0
32734,2669.562439612024,0.9861128906515,60.0
32735,2669.5631340564682,0.98617077413329,60.0
32736,2669.5638285009127,0.9868244463637866,60.0
32737,2669.564522945357,0.9855305285049734,60.0
32738,2669.565217389802,0.9856890119006834,60.0
32739,2669.5659118342464,0.98458115981023,60.0
32740,2669.566606278691,0.9869972089291666,60.0
32741,2669.5673007231353,0.9863532882065534,60.0
32742,2669.5679951675797,0.9866739678649666,60.0
32743,2669.568689612024,0.9863836894503567,60.0
32744,2669.5693840564686,0.9854562184082766,60.0
32745,2669.570078500913,0.9863788273268401,60.0
32746,2669.5707729453575,0.9873455284860001,60.0
32747,2669.571467389802,0.9858411814486266,60.0
32748,2669.5721618342463,0.9856605195556299,60.0
32749,2669.572856278691,0.9868594110874499,60.0
32750,2669.573550723135,0.9844822693990833,60.0
32751,2669.5742451675796,0.9858739323344032,60.0
32752,2669.574939612024,0.98453422466599,60.0
32753,2669.5756340564685,0.9852183013254033,60.0
32754,2669.576328500913,0.9853093464293367,60.0
32755,2669.5770229453574,0.9860141804846749,60.0
32756,2669.577717389802,0.98594422552412,60.0
32757,2669.5784118342463,0.9850474523175566,60.0
32758,2669.5791062786907,0.9858150540057299,60.0
32759,2669.579800723135,0.9853949494176634,60.0
32760,2669.5804951675796,0.9872104765996833,60.0
32761,2669.581189612024,0.98542667705003,60.0
32762,2669.5818840564684,0.98471095718701,60.0
32763,2669.582578500913,0.9863384613360133,60.0
32764,2669.5832729453573,0.9852946379460901,60.0
32765,2669.5839673898017,0.9864687804730933,60.0
32766,2669.584661834246,0.9857487895800268,60.0
32767,2669.5853562786906,0.9858968182114333,60.0
32768,2669.586050723135,0.9874429768758333,60.0
32769,2669.5867451675795,0.9862748989253833,60.0
32770,2669.587439612024,0.986386517307735,60.0
32771,2669.5881340564683,0.98640847781633,60.0
32772,2669.5888285009128,0.9870313857654033,60.0
32773,2669.589522945357,0.986081410014765,60.0
32774,2669.5902173898016,0.986194055707825,60.0
32775,2669.590911834246,0.98471969308961,60.0
32776,2669.5916062786905,0.98532884120717,60.0
32777,2669.592300723135,0.985799560219085,60.0
32778,2669.5929951675794,0.987052517999295,60.0
32779,2669.593689612024,0.9852450886399332,60.0
32780,2669.5943840564682,0.985846229927825,60.0
32781,2669.5950785009127,0.9861854068355033,60.0
32782,2669.595772945357,0.9861752754923733,60.0
32783,2669.5964673898015,0.98591216170087,60.0
32784,2669.5971618342464,0.9858822372281901,60.0
32785,2669.597856278691,0.9859553543679368,60.0
32786,2669.5985507231353,0.9859232291471033,60.0
32787,2669.5992451675797,0.9855680081888835,60.0
32788,2669.599939612024,0.9852002453041733,60.0
32789,2669.6006340564686,0.98625492918855,60.0
32790,2669.601328500913,0.9850814471697467,60.0
32791,2669.6020229453575,0.98463898862309,60.0
32792,2669.602717389802,0.98619111866199,60.0
32793,2669.6034118342463,0.9867644888745932,60.0
32794,2669.604106278691,0.9865437769199801,60.0
32795,2669.604800723135,0.9851273749801667,60.0
32796,2669.6054951675796,0.9847884516258201,60.0
32797,2669.606189612024,0.98541690555623,60.0
32798,2669.6068840564685,0.9846544803255499,60.0
32799,2669.607578500913,0.9855388891522233,60.0
32800,2669.6082729453574,0.98565381229702,60.0
32801,2669.608967389802,0.9846109980319601,60.0
32802,2669.6096618342463,0.9863372766799,60.0
32803,2669.6103562786907,0.9856686584759666,60.0
32804,2669.611050723135,0.98679319046256,60.0
32805,2669.6117451675796,0.9862109760383599,60.0
32806,2669.612439612024,0.9854445079590434,60.0
32807,2669.6131340564684,0.9859906909162968,60.0
32808,2669.613828500913,0.9856892051585734,60.0
32809,2669.6145229453573,0.9857992836517632,60.0
32810,2669.6152173898017,0.9856043099450499,60.0
32811,2669.615911834246,0.9857518470504534,60.0
32812,2669.6166062786906,0.9860414357904133,60.0
32813,2669.617300723135,0.9850112814086499,60.0
32814,2669.6179951675795,0.98599207432177,60.0
32815,2669.618689612024,0.9863204716422149,60.0
32816,2669.6193840564683,0.9859436312322734,60.0
32817,2669.6200785009128,0.9849417779678701,60.0
32818,2669.620772945357,0.98605472150684,60.0
32819,2669.6214673898016,0.9856237531818534,60.0
32820,2669.622161834246,0.9846829432674499,60.0
32821,2669.6228562786905,0.9866634698694033,60.0
32822,2669.623550723135,0.9855846783763234,60.0
32823,2669.6242451675794,0.9853315464337898,60.0
32824,2669.624939612024,0.98479922189979,60.0
32825,2669.6256340564682,0.9855115033919466,60.0
32826,2669.6263285009127,0.986569935989865,60.0
32827,2669.627022945357,0.98507003575744,60.0
32828,2669.6277173898015,0.9853148564205934,60.0
32829,2669.628411834246,0.9855052024098033,60.0
32830,2669.6291062786904,0.98605248348538,60.0
32831,2669.6298007231353,0.9854553661904201,60.0
32832,2669.6304951675797,0.98512986296502,60.0
32833,2669.631189612024,0.9852475979640567,60.0
32834,2669.6318840564686,0.9863282718481033,60.0
32835,2669.632578500913,0.9849461512480732,60.0
32836,2669.6332729453575,0.9855964584188434,60.0
32837,2669.633967389802,0.985561863757025,60.0
32838,2669.6346618342463,0.98514942022375,60.0
32839,2669.635356278691,0.98513807957756,60.0
32840,2669.636050723135,0.9856368482407166,60.0
32841,2669.6367451675796,0.9856319232507033,60.0
32842,2669.637439612024,0.9845362966916967,60.0
32843,2669.6381340564685,0.9863842110361466,60.0
32844,2669.638828500913,0.9855544402901767,60.0
32845,2669.6395229453574,0.9860662522262067,60.0
32846,2669.640217389802,0.98583764136856,60.0
32847,2669.6409118342463,0.985724588748775,60.0
32848,2669.6416062786907,0.985058649160635,60.0
32849,2669.642300723135,0.9853775090660033,60.0
32850,2669.6429951675796,0.9849413535563999,60.0
32851,2669.643689612024,0.98669379949584,60.0
32852,2669.6443840564684,0.9863904842015233,60.0
32853,2669.645078500913,0.9857716025180466,60.0
32854,2669.6457729453573,0.984886037657215,60.0
32855,2669.6464673898017,0.98601057186335,60.0
32856,2669.647161834246,0.9856532188591532,60.0
32857,2669.6478562786906,0.98518583237115,60.0
32858,2669.648550723135,0.9851439305891834,60.0
32859,2669.6492451675795,0.984927896092635,60.0
32860,2669.649939612024,0.9850977441766533,60.0
32861,2669.6506340564683,0.9851575342698901,60.0
32862,2669.6513285009128,0.9850415921515902,60.0
32863,2669.652022945357,0.9853905032210667,60.0
32864,2669.6527173898016,0.98521614173991,60.0
32865,2669.653411834246,0.9861744645678567,60.0
32866,2669.6541062786905,0.9865363619573967,60.0
32867,2669.654800723135,0.9851666945117268,60.0
32868,2669.6554951675794,0.98576302965897,60.0
32869,2669.656189612024,0.9847109977087866,60.0
32870,2669.6568840564682,0.984468807987775,60.0
32871,2669.6575785009127,0.9853238295380201,60.0
32872,2669.658272945357,0.9856766223862067,60.0
32873,2669.6589673898015,0.9856549116628467,60.0
32874,2669.659661834246,0.9859903641481367,60.0
32875,2669.6603562786904,0.9842165117875901,60.0
32876,2669.661050723135,0.9848302440246434,60.0
32877,2669.6617451675797,0.9857373102193733,60.0
32878,2669.662439612024,0.9844406196489134,60.0
32879,2669.6631340564686,0.98454328059552,60.0
32880,2669.663828500913,0.98559420359989,60.0
32881,2669.6645229453575,0.9857170561274332,60.0
32882,2669.665217389802,0.9851948562977934,60.0
32883,2669.6659118342463,0.9848974719312533,60.0
32884,2669.666606278691,0.9841974493957001,60.0
32885,2669.667300723135,0.9845435504893401,60.0
32886,2669.6679951675796,0.9845047479740866,60.0
32887,2669.668689612024,0.9847687936913467,60.0
32888,2669.6693840564685,0.9857842620228333,60.0
32889,2669.670078500913,0.9850299774086366,60.0
32890,2669.6707729453574,0.9841139118322967,60.0
32891,2669.671467389802,0.9852270223668634,60.0
32892,2669.6721618342463,0.9850019101044166,60.0
32893,2669.6728562786907,0.9856084303941267,60.0
32894,2669.673550723135,0.9852898759926499,60.0
32895,2669.6742451675796,0.9840240540112467,60.0
32896,2669.674939612024,0.9840839582216533,60.0
32897,2669.6756340564684,0.9842035695010867,60.0
32898,2669.676328500913,0.98473116610776,60.0
32899,2669.6770229453573,0.9856351688804333,60.0
32900,2669.6777173898017,0.98439095742083,60.0
32901,2669.678411834246,0.9857837551548766,60.0
32902,2669.6791062786906,0.9848493766284566,60.0
32903,2669.679800723135,0.9841145805921268,60.0
32904,2669.6804951675795,0.9844967804225567,60.0
32905,2669.681189612024,0.98320756352543,60.0
32906,2669.6818840564683,0.9854779676581668,60.0
32907,2669.6825785009128,0.9841678806864901,60.0
32908,2669.683272945357,0.9858169276144633,60.0
32909,2669.6839673898016,0.9848536756648066,60.0
32910,2669.684661834246,0.98499566754945,60.0
32911,2669.6853562786905,0.98538062119259,60.0
32912,2669.686050723135,0.9843268712570733,60.0
32913,2669.6867451675794,0.9849400264526901,60.0
32914,2669.687439612024,0.9846258745200801,60.0
32915,2669.6881340564682,0.9861235651704366,60.0
32916,2669.6888285009127,0.98369113797649,60.0
32917,2669.689522945357,0.98563371397527,60.0
32918,2669.6902173898015,0.9845648527226233,60.0
32919,2669.690911834246,0.984655104550885,60.0
32920,2669.6916062786904,0.9839133183545067,60.0
32921,2669.692300723135,0.9844926174888434,60.0
32922,2669.6929951675793,0.9837503120133334,60.0
32923,2669.6936896120237,0.9845084096384834,60.0
32924,2669.6943840564686,0.9849341944510801,60.0
32925,2669.695078500913,0.98420613274138,60.0
32926,2669.6957729453575,0.9850524652954701,60.0
32927,2669.696467389802,0.9850334364085566,60.0
32928,2669.6971618342463,0.98457066383178,60.0
32929,2669.697856278691,0.9849746612545,60.0
32930,2669.698550723135,0.9849665946023767,60.0
32931,2669.6992451675796,0.9850525776166034,60.0
32932,2669.699939612024,0.9856411619480401,60.0
32933,2669.7006340564685,0.9850556628985734,60.0
32934,2669.701328500913,0.9851227660433434,60.0
32935,2669.7020229453574,0.98527802433538,60.0
32936,2669.702717389802,0.98523807759371,60.0
32937,2669.7034118342463,0.9851996688460867,60.0
32938,2669.7041062786907,0.98523390406044,60.0
32939,2669.704800723135,0.98421661886916,60.0
32940,2669.7054951675796,0.9857214825516833,60.0
32941,2669.706189612024,0.98466500570094,60.0
32942,2669.7068840564684,0.985710362533735,60.0
32943,2669.707578500913,0.98600223938362,60.0
32944,2669.7082729453573,0.98519559469421,60.0
32945,2669.7089673898017,0.9848965959445933,60.0
32946,2669.709661834246,0.9855418345244135,60.0
32947,2669.7103562786906,0.9848986317821266,60.0
32948,2669.711050723135,0.985743195242065,60.0
32949,2669.7117451675795,0.9842253972700233,60.0
32950,2669.712439612024,0.9848765755898833,60.0
32951,2669.7131340564683,0.9845710851074734,60.0
32952,2669.7138285009128,0.9849184992437766,60.0
32953,2669.714522945357,0.9844971575066034,60.0
32954,2669.7152173898016,0.9856528553974034,60.0
32955,2669.715911834246,0.9855964016674933,60.0
32956,2669.7166062786905,0.9850747638398,60.0
32957,2669.717300723135,0.9853678898293466,60.0
32958,2669.7179951675794,0.98517813504074,60.0
32959,2669.718689612024,0.9856712299201599,60.0
32960,2669.7193840564682,0.98613581407255,60.0
32961,2669.7200785009127,0.98549983634816,60.0
32962,2669.720772945357,0.9847515929500901,60.0
32963,2669.7214673898015,0.98605419502129,60.0
32964,2669.722161834246,0.9860283661658067,60.0
32965,2669.7228562786904,0.9844585355287233,60.0
32966,2669.723550723135,0.9851867412717,60.0
32967,2669.7242451675793,0.9859720814357066,60.0
32968,2669.7249396120237,0.9859445874906166,60.0
32969,2669.725634056468,0.985293126490595,60.0
32970,2669.7263285009126,0.9853327372978851,60.0
32971,2669.7270229453575,0.9845152936965301,60.0
32972,2669.727717389802,0.98497628553916,60.0
32973,2669.7284118342463,0.9845642082791333,60.0
32974,2669.729106278691,0.9845562600705566,60.0
32975,2669.729800723135,0.9859744201677733,60.0
32976,2669.7304951675796,0.9851948455646365,60.0
32977,2669.731189612024,0.98498378646451,60.0
32978,2669.7318840564685,0.9858372057525866,60.0
32979,2669.732578500913,0.9849663305147066,60.0
32980,2669.7332729453574,0.9858577171804334,60.0
32981,2669.733967389802,0.9852910063295867,60.0
32982,2669.7346618342463,0.98516237251766,60.0
32983,2669.7353562786907,0.98595302101125,60.0
32984,2669.736050723135,0.98511928143879,60.0
32985,2669.7367451675796,0.9851679158065,60.0
32986,2669.737439612024,0.98545636065727,60.0
32987,2669.7381340564684,0.9857891408836467,60.0
32988,2669.738828500913,0.984557048182035,60.0
32989,2669.7395229453573,0.98446664790507,60.0
32990,2669.7402173898017,0.9845985615898,60.0
32991,2669.740911834246,0.98503081471429,60.0
32992,2669.7416062786906,0.9859818987954334,60.0
32993,2669.742300723135,0.9854055352530566,60.0
32994,2669.7429951675795,0.9849849862477867,60.0
32995,2669.743689612024,0.98527036870284,60.0
32996,2669.7443840564683,0.9850700226565401,60.0
32997,2669.7450785009128,0.9852237976942434,60.0
32998,2669.745772945357,0.986051684166825,60.0
32999,2669.7464673898016,0.9852062994995401,60.0
33000,2669.747161834246,0.9844695964304266,60.0
33001,2669.7478562786905,0.9843415602489735,60.0
33002,2669.748550723135,0.9861779007032899,60.0
33003,2669.7492451675794,0.9849977112714501,60.0
33004,2669.749939612024,0.9838647764480367,60.0
33005,2669.7506340564682,0.98562008729322,60.0
33006,2669.7513285009127,0.9856110733702234,60.0
33007,2669.752022945357,0.9851073950138968,60.0
33008,2669.7527173898015,0.98391380135853,60.0
33009,2669.753411834246,0.9844940834763868,60.0
33010,2669.7541062786904,0.9843001406873233,60.0
33011,2669.754800723135,0.9854914275497999,60.0
33012,2669.7554951675793,0.9857771396238967,60.0
33013,2669.7561896120237,0.98540363483667,60.0
33014,2669.756884056468,0.9852415917445434,60.0
33015,2669.7575785009126,0.9852829823810233,60.0
33016,2669.758272945357,0.9859072720703734,60.0
33017,2669.758967389802,0.984084962774045,60.0
33018,2669.7596618342463,0.9855042606127734,60.0
33019,2669.760356278691,0.9851807820960533,60.0
33020,2669.761050723135,0.98406823212519,60.0
33021,2669.7617451675796,0.9847907060160733,60.0
33022,2669.762439612024,0.984308859785905,60.0
33023,2669.7631340564685,0.983668379278155,60.0
33024,2669.763828500913,0.9854561787845467,60.0
33025,2669.7645229453574,0.98509188145125,60.0
33026,2669.765217389802,0.98554579460462,60.0
33027,2669.7659118342463,0.9846616098963601,60.0
33028,2669.7666062786907,0.984759989221605,60.0
33029,2669.767300723135,0.9849752331850067,60.0
33030,2669.7679951675796,0.98397448578954,60.0
33031,2669.768689612024,0.9846744633014534,60.0
33032,2669.7693840564684,0.98460121667714,60.0
33033,2669.770078500913,0.9859428085021533,60.0
33034,2669.7707729453573,0.9847136184936867,60.0
33035,2669.7714673898017,0.9841222270904734,60.0
33036,2669.772161834246,0.9851621281134433,60.0
33037,2669.7728562786906,0.9849143950276332,60.0
33038,2669.773550723135,0.9852374914850234,60.0
33039,2669.7742451675795,0.9854133420172334,60.0
33040,2669.774939612024,0.98409771663871,60.0
33041,2669.7756340564683,0.9850089738270067,60.0
33042,2669.7763285009128,0.98501456439644,60.0
33043,2669.777022945357,0.9847235489452134,60.0
33044,2669.7777173898016,0.9853250875727599,60.0
33045,2669.778411834246,0.9852362740711634,60.0
33046,2669.7791062786905,0.98499902934465,60.0
33047,2669.779800723135,0.98402263891682,60.0
33048,2669.7804951675794,0.9854716101294234,60.0
33049,2669.781189612024,0.9856388564826634,60.0
33050,2669.7818840564682,0.9843000637181868,60.0
33051,2669.7825785009127,0.9840214598242166,60.0
33052,2669.783272945357,0.98393528831263,60.0
33053,2669.7839673898015,0.9851725573413134,60.0
33054,2669.784661834246,0.9852737569723201,60.0
33055,2669.7853562786904,0.9851769796196933,60.0
33056,2669.786050723135,0.9851936957086599,60.0
33057,2669.7867451675793,0.98361061068305,60.0
33058,2669.7874396120237,0.9840477497034067,60.0
33059,2669.788134056468,0.9840205151293001,60.0
33060,2669.7888285009126,0.9841972850057666,60.0
33061,2669.789522945357,0.9842831290318967,60.0
33062,2669.7902173898015,0.9843684985785933,60.0
33063,2669.790911834246,0.98364299758118,60.0
33064,2669.791606278691,0.9844654756796434,60.0
33065,2669.792300723135,0.9846772732982966,60.0
33066,2669.7929951675796,0.9856627555471299,60.0
33067,2669.793689612024,0.9846988990956134,60.0
33068,2669.7943840564685,0.9852189060346833,60.0
33069,2669.795078500913,0.9844030784501966,60.0
33070,2669.7957729453574,0.9834981502803767,60.0
33071,2669.796467389802,0.9837852948264301,60.0
33072,2669.7971618342463,0.9830194069260099,60.0
33073,2669.7978562786907,0.9837956311164833,60.0
33074,2669.798550723135,0.98368992142107,60.0
33075,2669.7992451675796,0.9845722916867766,60.0
33076,2669.799939612024,0.9847511008795168,60.0
33077,2669.8006340564684,0.9842300958348199,60.0
33078,2669.801328500913,0.9836057348466767,60.0
33079,2669.8020229453573,0.985448965691565,60.0
33080,2669.8027173898017,0.98470376408229,60.0
33081,2669.803411834246,0.9853403684915201,60.0
33082,2669.8041062786906,0.9829839270028001,60.0
33083,2669.804800723135,0.9839794901440633,60.0
33084,2669.8054951675795,0.9853264956752433,60.0
33085,2669.806189612024,0.9837902277403332,60.0
33086,2669.8068840564683,0.98310864311518,60.0
33087,2669.8075785009128,0.9841885843632734,60.0
33088,2669.808272945357,0.9841098901949467,60.0
33089,2669.8089673898016,0.9847181032941866,60.0
33090,2669.809661834246,0.98410633179402,60.0
33091,2669.8103562786905,0.9842968245040865,60.0
33092,2669.811050723135,0.9845172023594667,60.0
33093,2669.8117451675794,0.9836465955218833,60.0
33094,2669.812439612024,0.9839082717328133,60.0
33095,2669.8131340564682,0.9842744529573633,60.0
33096,2669.8138285009127,0.9828964330817067,60.0
33097,2669.814522945357,0.9839105061606133,60.0
33098,2669.8152173898015,0.9842499296395234,60.0
33099,2669.815911834246,0.98379288457644,60.0
33100,2669.8166062786904,0.9841431721084066,60.0
33101,2669.817300723135,0.9832707125185299,60.0
33102,2669.8179951675793,0.9845313045728034,60.0
33103,2669.8186896120237,0.9846110673011434,60.0
33104,2669.819384056468,0.985183573653795,60.0
33105,2669.8200785009126,0.9835422767665266,60.0
33106,2669.820772945357,0.9832632677098366,60.0
33107,2669.8214673898015,0.98386798376652,60.0
33108,2669.822161834246,0.9850268594597966,60.0
33109,2669.8228562786903,0.9828529587710401,60.0
33110,2669.823550723135,0.9844182089546933,60.0
33111,2669.8242451675796,0.9848598133506834,60.0
33112,2669.824939612024,0.9844534156194967,60.0
33113,2669.8256340564685,0.9836963123403534,60.0
33114,2669.826328500913,0.98394308289834,60.0
33115,2669.8270229453574,0.9834916302812534,60.0
33116,2669.827717389802,0.9830121946134667,60.0
33117,2669.8284118342463,0.9843608030579967,60.0
33118,2669.8291062786907,0.9842526269226233,60.0
33119,2669.829800723135,0.9838885490145067,60.0
33120,2669.8304951675796,0.9841206892267467,60.0
33121,2669.831189612024,0.98375385093058,60.0
33122,2669.8318840564684,0.9848761862405867,60.0
33123,2669.832578500913,0.98330502303352,60.0
33124,2669.8332729453573,0.9843083519982366,60.0
33125,2669.8339673898017,0.9841277259453434,60.0
33126,2669.834661834246,0.9848049694426567,60.0
33127,2669.8353562786906,0.9842890743117234,60.0
33128,2669.836050723135,0.9837574969338833,60.0
33129,2669.8367451675795,0.9848826239570366,60.0
33130,2669.837439612024,0.9845536607305467,60.0
33131,2669.8381340564683,0.9845398319435,60.0
33132,2669.8388285009128,0.9845759193722,60.0
33133,2669.839522945357,0.9853310356176067,60.0
33134,2669.8402173898016,0.9839745836413233,60.0
33135,2669.840911834246,0.9841864210797567,60.0
33136,2669.8416062786905,0.98390461182853,60.0
33137,2669.842300723135,0.98536207659664,60.0
33138,2669.8429951675794,0.9845648874664867,60.0
33139,2669.843689612024,0.9836954615565534,60.0
33140,2669.8443840564682,0.98370977489497,60.0
33141,2669.8450785009127,0.9845874466444698,60.0
33142,2669.845772945357,0.9844916432741101,60.0
33143,2669.8464673898015,0.9834597344753867,60.0
33144,2669.847161834246,0.9844067257066035,60.0
33145,2669.8478562786904,0.98394613528326,60.0
33146,2669.848550723135,0.9842457930680967,60.0
33147,2669.8492451675793,0.98448853920145,60.0
33148,2669.8499396120237,0.9842897085357402,60.0
33149,2669.850634056468,0.98393607719975,60.0
33150,2669.8513285009126,0.9844316506259566,60.0
33151,2669.852022945357,0.9846126629428033,60.0
33152,2669.8527173898015,0.9849168969157001,60.0
33153,2669.853411834246,0.9845952182161367,60.0
33154,2669.8541062786903,0.983422637018255,60.0
33155,2669.8548007231348,0.9847426097965499,60.0
33156,2669.855495167579,0.9840785618433266,60.0
33157,2669.856189612024,0.9840925431086668,60.0
33158,2669.8568840564685,0.9852161086741766,60.0
33159,2669.857578500913,0.98496091754916,60.0
33160,2669.8582729453574,0.9839109398453033,60.0
33161,2669.858967389802,0.9851767621476567,60.0
33162,2669.8596618342463,0.9840125633914901,60.0
33163,2669.8603562786907,0.9847716485697234,60.0
33164,2669.861050723135,0.9845539463679568,60.0
33165,2669.8617451675796,0.9849269354865267,60.0
33166,2669.862439612024,0.9857449500671233,60.0
33167,2669.8631340564684,0.9842066648919766,60.0
33168,2669.863828500913,0.9848812290998801,60.0
33169,2669.8645229453573,0.984588972398025,60.0
33170,2669.8652173898017,0.9834273075743901,60.0
33171,2669.865911834246,0.983738464138545,60.0
33172,2669.8666062786906,0.9843866292569734,60.0
33173,2669.867300723135,0.9844451985788233,60.0
33174,2669.8679951675795,0.98418970903615,60.0
33175,2669.868689612024,0.9837563337200533,60.0
33176,2669.8693840564683,0.9845703623676566,60.0
33177,2669.8700785009128,0.98588857011152,60.0
33178,2669.870772945357,0.9836593597913766,60.0
33179,2669.8714673898016,0.98513281522633,60.0
33180,2669.872161834246,0.9858038629541866,60.0
33181,2669.8728562786905,0.9849965859266301,60.0
33182,2669.873550723135,0.9840572409077101,60.0
33183,2669.8742451675794,0.9843298450800967,60.0
33184,2669.874939612024,0.9838722199576,60.0
33185,2669.8756340564682,0.9833639417926733,60.0
33186,2669.8763285009127,0.9843760241739634,60.0
33187,2669.877022945357,0.98459230543442,60.0
33188,2669.8777173898015,0.9841437922229866,60.0
33189,2669.878411834246,0.98539456170906,60.0
33190,2669.8791062786904,0.9837319345611767,60.0
33191,2669.879800723135,0.9836680320098333,60.0
33192,2669.8804951675793,0.9842965214804167,60.0
33193,2669.8811896120237,0.9843869586790801,60.0
33194,2669.881884056468,0.9844421947897901,60.0
33195,2669.8825785009126,0.98493668244663,60.0
33196,2669.883272945357,0.98466377184825,60.0
33197,2669.8839673898015,0.9845124572400232,60.0
33198,2669.884661834246,0.98427852766194,60.0
33199,2669.8853562786903,0.9845142920629066,60.0
33200,2669.8860507231348,0.9844409613149733,60.0
33201,2669.886745167579,0.9844382699429933,60.0
33202,2669.8874396120236,0.98448514235853,60.0
33203,2669.8881340564685,0.9841193937113267,60.0
33204,2669.888828500913,0.9847342123010767,60.0
33205,2669.8895229453574,0.9849395315085433,60.0
33206,2669.890217389802,0.984349585768735,60.0
33207,2669.8909118342463,0.9831028026399967,60.0
33208,2669.8916062786907,0.9848746909320201,60.0
33209,2669.892300723135,0.9838683689377867,60.0
33210,2669.8929951675796,0.9843689476079049,60.0
33211,2669.893689612024,0.984015571756615,60.0
33212,2669.8943840564684,0.9835374607345599,60.0
33213,2669.895078500913,0.9837479510445067,60.0
33214,2669.8957729453573,0.9856470818910933,60.0
33215,2669.8964673898017,0.9843879504397033,60.0
33216,2669.897161834246,0.9834477791712134,60.0
33217,2669.8978562786906,0.98358636004439,60.0
33218,2669.898550723135,0.9849776808321167,60.0
33219,2669.8992451675795,0.98483747473671,60.0
33220,2669.899939612024,0.98540146361126,60.0
33221,2669.9006340564683,0.9833038987721067,60.0
33222,2669.9013285009128,0.9841346300170399,60.0
33223,2669.902022945357,0.9841650589500966,60.0
33224,2669.9027173898016,0.9843633748131467,60.0
33225,2669.903411834246,0.9841894235768066,60.0
33226,2669.9041062786905,0.98291589058841,60.0
33227,2669.904800723135,0.98427854161642,60.0
33228,2669.9054951675794,0.9851316500627033,60.0
33229,2669.906189612024,0.9842976394064299,60.0
33230,2669.9068840564682,0.9848103070367767,60.0
33231,2669.9075785009127,0.98422121868999,60.0
33232,2669.908272945357,0.9837835299502834,60.0
33233,2669.9089673898015,0.9848075843962167,60.0
33234,2669.909661834246,0.9851963140819066,60.0
33235,2669.9103562786904,0.9837647978026266,60.0
33236,2669.911050723135,0.9842845356215766,60.0
33237,2669.9117451675793,0.98403921820597,60.0
33238,2669.9124396120237,0.9836557912286501,60.0
33239,2669.913134056468,0.98483333954549,60.0
33240,2669.9138285009126,0.9840055244745501,60.0
33241,2669.914522945357,0.9833236532574366,60.0
33242,2669.9152173898015,0.9831342323790966,60.0
33243,2669.915911834246,0.98488497751919,60.0
33244,2669.9166062786903,0.9846770198566167,60.0
33245,2669.9173007231348,0.9844338508574033,60.0
33246,2669.917995167579,0.9833915891802066,60.0
33247,2669.9186896120236,0.9845894609449067,60.0
33248,2669.919384056468,0.98459133129376,60.0
33249,2669.9200785009125,0.9843735927999799,60.0
33250,2669.9207729453574,0.98442112446061,60.0
33251,2669.921467389802,0.9825549296831366,60.0
33252,2669.9221618342463,0.98396848012735,60.0
33253,2669.9228562786907,0.9836598370814101,60.0
33254,2669.923550723135,0.98484608156332,60.0
33255,2669.9242451675796,0.98312314331042,60.0
33256,2669.924939612024,0.9833991086102833,60.0
33257,2669.9256340564684,0.98438830331472,60.0
33258,2669.926328500913,0.9839250286829401,60.0
33259,2669.9270229453573,0.9837065961542066,60.0
33260,2669.9277173898017,0.9838565654193365,60.0
33261,2669.928411834246,0.9842625406311,60.0
33262,2669.9291062786906,0.98459631637723,60.0
33263,2669.929800723135,0.98389398618153,60.0
33264,2669.9304951675795,0.9847061461300033,60.0
33265,2669.931189612024,0.9843756554813501,60.0
33266,2669.9318840564683,0.98500813132907,60.0
33267,2669.9325785009128,0.9841389900167833,60.0
33268,2669.933272945357,0.9840948009154568,60.0
33269,2669.9339673898016,0.9844894901262067,60.0
33270,2669.934661834246,0.98485838217807,60.0
33271,2669.9353562786905,0.9830145354562,60.0
33272,2669.936050723135,0.9854586127410133,60.0
33273,2669.9367451675794,0.9841428074508234,60.0
33274,2669.937439612024,0.9852605595888934,60.0
33275,2669.9381340564682,0.98463381534031,60.0
33276,2669.9388285009127,0.9857074955631999,60.0
33277,2669.939522945357,0.9835830194487967,60.0
33278,2669.9402173898015,0.9852699582460099,60.0
33279,2669.940911834246,0.9852213429923533,60.0
33280,2669.9416062786904,0.9847567813721033,60.0
33281,2669.942300723135,0.98459977183229,60.0
33282,2669.9429951675793,0.9857570826063234,60.0
33283,2669.9436896120237,0.9842429304725567,60.0
33284,2669.944384056468,0.9850458564981567,60.0
33285,2669.9450785009126,0.9851382574888566,60.0
33286,2669.945772945357,0.98546100231269,60.0
33287,2669.9464673898015,0.9847031943180632,60.0
33288,2669.947161834246,0.9849735403550733,60.0
33289,2669.9478562786903,0.98529282192753,60.0
33290,2669.9485507231348,0.9846864166454333,60.0
33291,2669.949245167579,0.9836379034400999,60.0
33292,2669.9499396120236,0.9846402617422467,60.0
33293,2669.950634056468,0.9849764071393167,60.0
33294,2669.9513285009125,0.9841676214776066,60.0
33295,2669.952022945357,0.9830359257843,60.0
33296,2669.952717389802,0.98428807162868,60.0
33297,2669.9534118342463,0.9837720158850001,60.0
33298,2669.9541062786907,0.9841829230522201,60.0
33299,2669.954800723135,0.983436071004435,60.0
33300,2669.9554951675796,0.9842730292890733,60.0
33301,2669.956189612024,0.98378957653736,60.0
33302,2669.9568840564684,0.9841473913616433,60.0
33303,2669.957578500913,0.9839479183636234,60.0
33304,2669.9582729453573,0.9841537548227967,60.0
33305,2669.9589673898017,0.9845175349326367,60.0
33306,2669.959661834246,0.9849456474687234,60.0
33307,2669.9603562786906,0.983574180376005,60.0
33308,2669.961050723135,0.98319055225998,60.0
33309,2669.9617451675795,0.9847217346186867,60.0
33310,2669.962439612024,0.9848234357651067,60.0
33311,2669.9631340564683,0.984192882919,60.0
33312,2669.9638285009128,0.984837773582795,60.0
33313,2669.964522945357,0.9838726265644334,60.0
33314,2669.9652173898016,0.9836179390891534,60.0
33315,2669.965911834246,0.9831236397776699,60.0
33316,2669.9666062786905,0.9841335762479967,60.0
33317,2669.967300723135,0.98466880345588,60.0
33318,2669.9679951675794,0.98405631962436,60.0
33319,2669.968689612024,0.9836835831857833,60.0
33320,2669.9693840564682,0.9845201188555667,60.0
33321,2669.9700785009127,0.9847783607403633,60.0
33322,2669.970772945357,0.9842898790090366,60.0
33323,2669.9714673898015,0.9832786573722067,60.0
33324,2669.972161834246,0.9843269848851167,60.0
33325,2669.9728562786904,0.9833657701584398,60.0
33326,2669.973550723135,0.9841627705049234,60.0
33327,2669.9742451675793,0.9846681390053132,60.0
33328,2669.9749396120237,0.9839248288618601,60.0
33329,2669.975634056468,0.98301316938226,60.0
33330,2669.9763285009126,0.9830429357900267,60.0
33331,2669.977022945357,0.9843865784481199,60.0
33332,2669.9777173898015,0.98428912484319,60.0
33333,2669.978411834246,0.9833940042756367,60.0
33334,2669.9791062786903,0.9839731749453833,60.0
33335,2669.9798007231348,0.9840115302256499,60.0
33336,2669.980495167579,0.9832956734930867,60.0
33337,2669.9811896120236,0.9838356748823133,60.0
33338,2669.981884056468,0.9838298714322034,60.0
33339,2669.9825785009125,0.9825786701194268,60.0
33340,2669.983272945357,0.9842852535346266,60.0
33341,2669.9839673898014,0.984212811232145,60.0
33342,2669.984661834246,0.98369913331649,60.0
33343,2669.9853562786907,0.98422032415534,60.0
33344,2669.986050723135,0.981995171455935,60.0
33345,2669.9867451675796,0.98336840379929,60.0
33346,2669.987439612024,0.9835651451842399,60.0
33347,2669.9881340564684,0.9845506926414901,60.0
33348,2669.988828500913,0.9842774129725633,60.0
33349,2669.9895229453573,0.9833777927005999,60.0
33350,2669.9902173898017,0.9843354367606767,60.0
33351,2669.990911834246,0.9828700267484566,60.0
33352,2669.9916062786906,0.9841207921493367,60.0
33353,2669.992300723135,0.9846242342765067,60.0
33354,2669.9929951675795,0.98402685078727,60.0
33355,2669.993689612024,0.9847165853270501,60.0
33356,2669.9943840564683,0.9839612558619251,60.0
33357,2669.9950785009128,0.9831253928008433,60.0
33358,2669.995772945357,0.9840638736131133,60.0
33359,2669.9964673898016,0.9832869050020601,60.0
33360,2669.997161834246,0.9843522068807267,60.0
33361,2669.9978562786905,0.98197098336652,60.0
33362,2669.998550723135,0.98380472814874,60.0
33363,2669.9992451675794,0.9835347733185967,60.0
33364,2669.999939612024,0.9841680462263765,60.0
33365,2670.0006340564682,0.9846419955867699,60.0
33366,2670.0013285009127,0.9839836078193566,60.0
33367,2670.002022945357,0.9847231233764333,60.0
33368,2670.0027173898015,0.9841138711337566,60.0
33369,2670.003411834246,0.9847144484447533,60.0
33370,2670.0041062786904,0.9837261909451933,60.0
33371,2670.004800723135,0.9837989992140067,60.0
33372,2670.0054951675793,0.9838204079881067,60.0
33373,2670.0061896120237,0.9853791982597799,60.0
33374,2670.006884056468,0.98361727157295,60.0
33375,2670.0075785009126,0.9835749464622,60.0
33376,2670.008272945357,0.9844219361107549,60.0
33377,2670.0089673898015,0.9846158653616434,60.0
33378,2670.009661834246,0.9835986080181399,60.0
33379,2670.0103562786903,0.9850761304726899,60.0
33380,2670.0110507231348,0.9842381082750634,60.0
33381,2670.011745167579,0.9821920106056033,60.0
33382,2670.0124396120236,0.984352677912415,60.0
33383,2670.013134056468,0.9844251326135267,60.0
33384,2670.0138285009125,0.9844089395787701,60.0
33385,2670.014522945357,0.98455414975033,60.0
33386,2670.0152173898014,0.9842856144601866,60.0
33387,2670.015911834246,0.9844968363834933,60.0
33388,2670.0166062786902,0.9841402459055367,60.0
33389,2670.017300723135,0.9841381283704049,60.0
33390,2670.0179951675796,0.9838397541168667,60.0
33391,2670.018689612024,0.9830135978346433,60.0
33392,2670.0193840564684,0.9850496385667067,60.0
33393,2670.020078500913,0.9844387964709833,60.0
33394,2670.0207729453573,0.9845096935209949,60.0
33395,2670.0214673898017,0.9838153302409833,60.0
33396,2670.022161834246,0.9836717539083567,60.0
33397,2670.0228562786906,0.9832496308558133,60.0
33398,2670.023550723135,0.98375484951799,60.0
33399,2670.0242451675795,0.98318899856908,60.0
33400,2670.024939612024,0.9837707220199966,60.0
33401,2670.0256340564683,0.9849962302652967,60.0
33402,2670.0263285009128,0.9837791473361199,60.0
33403,2670.027022945357,0.9842065710991034,60.0
33404,2670.0277173898016,0.9842931799752733,60.0
33405,2670.028411834246,0.9850340117090634,60.0
33406,2670.0291062786905,0.9839842863749334,60.0
33407,2670.029800723135,0.9834161924617834,60.0
33408,2670.0304951675794,0.9837851141297501,60.0
33409,2670.031189612024,0.9838289029961768,60.0
33410,2670.0318840564682,0.9833136165489,60.0
33411,2670.0325785009127,0.9833267721156668,60.0
33412,2670.033272945357,0.9854395006889334,60.0
33413,2670.0339673898015,0.9845526164247967,60.0
33414,2670.034661834246,0.9837354960149299,60.0
33415,2670.0353562786904,0.983659241506895,60.0
33416,2670.036050723135,0.9846950668617834,60.0
33417,2670.0367451675793,0.9846437808341201,60.0
33418,2670.0374396120237,0.9840948928993134,60.0
33419,2670.038134056468,0.98389134140835,60.0
33420,2670.0388285009126,0.9835598981253734,60.0
33421,2670.039522945357,0.9832350864809133,60.0
33422,2670.0402173898015,0.98441239915108,60.0
33423,2670.040911834246,0.9841787925584665,60.0
33424,2670.0416062786903,0.9842726473726966,60.0
33425,2670.0423007231348,0.984033342246905,60.0
33426,2670.042995167579,0.9835623225399367,60.0
33427,2670.0436896120236,0.9843534572417599,60.0
33428,2670.044384056468,0.9840576729915066,60.0
33429,2670.0450785009125,0.9839346427397434,60.0
33430,2670.045772945357,0.984630418979635,60.0
33431,2670.0464673898014,0.9843680908063767,60.0
33432,2670.047161834246,0.9853439548663699,60.0
33433,2670.0478562786902,0.9832025501631301,60.0
33434,2670.0485507231347,0.9843892609137367,60.0
33435,2670.049245167579,0.9836144163588233,60.0
33436,2670.049939612024,0.983410412017385,60.0
33437,2670.0506340564684,0.9842565532041366,60.0
33438,2670.051328500913,0.98219617718565,60.0
33439,2670.0520229453573,0.9836305574834067,60.0
33440,2670.0527173898017,0.98582134166741,60.0
33441,2670.053411834246,0.9837681954475667,60.0
33442,2670.0541062786906,0.9837105829441,60.0
33443,2670.054800723135,0.98324466699763,60.0
33444,2670.0554951675795,0.9834442825489766,60.0
33445,2670.056189612024,0.98461577167178,60.0
33446,2670.0568840564683,0.9851474698874133,60.0
33447,2670.0575785009128,0.98399867923046,60.0
33448,2670.058272945357,0.9841860792907634,60.0
33449,2670.0589673898016,0.9842930478081401,60.0
33450,2670.059661834246,0.9831817146130133,60.0
33451,2670.0603562786905,0.9844384449286466,60.0
33452,2670.061050723135,0.9845116936217799,60.0
33453,2670.0617451675794,0.98423093614412,60.0
33454,2670.062439612024,0.9840315278481033,60.0
33455,2670.0631340564682,0.9829719160344167,60.0
33456,2670.0638285009127,0.98300728182371,60.0
33457,2670.064522945357,0.9834124201559667,60.0
33458,2670.0652173898015,0.9844199171605167,60.0
33459,2670.065911834246,0.9840725498379701,60.0
33460,2670.0666062786904,0.98340706931548,60.0
33461,2670.067300723135,0.9842284068952867,60.0
33462,2670.0679951675793,0.98446670159179,60.0
33463,2670.0686896120237,0.9846154953192833,60.0
33464,2670.069384056468,0.9841232122280967,60.0
33465,2670.0700785009126,0.9845396681380499,60.0
33466,2670.070772945357,0.9845504699714867,60.0
33467,2670.0714673898015,0.9835677660236933,60.0
33468,2670.072161834246,0.9834681762954034,60.0
33469,2670.0728562786903,0.9847677102514,60.0
33470,2670.0735507231348,0.9842901334737132,60.0
33471,2670.074245167579,0.9834473319248266,60.0
33472,2670.0749396120236,0.9830724438964767,60.0
33473,2670.075634056468,0.9844829844345867,60.0
33474,2670.0763285009125,0.9843954765158399,60.0
33475,2670.077022945357,0.98416827613879,60.0
33476,2670.0777173898014,0.9827128545815199,60.0
33477,2670.078411834246,0.9850850291081601,60.0
33478,2670.0791062786902,0.9850404950619867,60.0
33479,2670.0798007231347,0.985122943336175,60.0
33480,2670.080495167579,0.9840850939181335,60.0
33481,2670.0811896120235,0.9850159598628934,60.0
33482,2670.081884056468,0.9832596393200733,60.0
33483,2670.082578500913,0.9845531288788401,60.0
33484,2670.0832729453573,0.9850676243402666,60.0
33485,2670.0839673898017,0.9841128117744465,60.0
33486,2670.084661834246,0.9843648565019466,60.0
33487,2670.0853562786906,0.9844057043413134,60.0
33488,2670.086050723135,0.9847752141784201,60.0
33489,2670.0867451675795,0.984669715247665,60.0
33490,2670.087439612024,0.984213473632075,60.0
33491,2670.0881340564683,0.9834433602004067,60.0
33492,2670.0888285009128,0.9835949029161499,60.0
33493,2670.089522945357,0.98446277937345,60.0
33494,2670.0902173898016,0.9845207932975567,60.0
33495,2670.090911834246,0.9844759308927032,60.0
33496,2670.0916062786905,0.98368235181273,60.0
33497,2670.092300723135,0.9847099793108267,60.0
33498,2670.0929951675794,0.9842121340399066,60.0
33499,2670.093689612024,0.9845751557063567,60.0
33500,2670.0943840564682,0.9838300018965099,60.0
33501,2670.0950785009127,0.9845167042760733,60.0
33502,2670.095772945357,0.9844124118434833,60.0
33503,2670.0964673898015,0.9839739998657401,60.0
33504,2670.097161834246,0.9832361532978666,60.0
33505,2670.0978562786904,0.9840949260156867,60.0
33506,2670.098550723135,0.9844062669845566,60.0
33507,2670.0992451675793,0.9845508525712132,60.0
33508,2670.0999396120237,0.9842822386013633,60.0
33509,2670.100634056468,0.9849195010309666,60.0
33510,2670.1013285009126,0.9842078162486834,60.0
33511,2670.102022945357,0.98506241047656,60.0
33512,2670.1027173898015,0.9826740595361634,60.0
33513,2670.103411834246,0.985931860886935,60.0
33514,2670.1041062786903,0.983926071228465,60.0
33515,2670.1048007231348,0.9840253830427234,60.0
33516,2670.105495167579,0.9840444245743201,60.0
33517,2670.1061896120236,0.9843398795328268,60.0
33518,2670.106884056468,0.9850920469967933,60.0
33519,2670.1075785009125,0.98467245526795,60.0
33520,2670.108272945357,0.9858457018460133,60.0
33521,2670.1089673898014,0.985543998489645,60.0
33522,2670.109661834246,0.9836544486506766,60.0
33523,2670.1103562786902,0.9844966634976634,60.0
33524,2670.1110507231347,0.9844760071909934,60.0
33525,2670.111745167579,0.9841160118159634,60.0
33526,2670.1124396120235,0.9850675296532367,60.0
33527,2670.113134056468,0.983692628265805,60.0
33528,2670.1138285009124,0.98432214966642,60.0
33529,2670.1145229453573,0.9839727017037401,60.0
33530,2670.1152173898017,0.98399480644146,60.0
33531,2670.115911834246,0.9831285709098966,60.0
33532,2670.1166062786906,0.9852147467766367,60.0
33533,2670.117300723135,0.9842457133111101,60.0
33534,2670.1179951675795,0.9837872800707034,60.0
33535,2670.118689612024,0.9847973552277566,60.0
33536,2670.1193840564683,0.9844219415280433,60.0
33537,2670.1200785009128,0.9841154323906868,60.0
33538,2670.120772945357,0.984450084122,60.0
33539,2670.1214673898016,0.98374996742731,60.0
33540,2670.122161834246,0.9834319222239599,60.0
33541,2670.1228562786905,0.9851155558538133,60.0
33542,2670.123550723135,0.9839740975625234,60.0
33543,2670.1242451675794,0.9837111886735066,60.0
33544,2670.124939612024,0.9839486315489934,60.0
33545,2670.1256340564682,0.9838738125216999,60.0
33546,2670.1263285009127,0.98376238269281,60.0
33547,2670.127022945357,0.9837106679228432,60.0
33548,2670.1277173898015,0.9846731400475134,60.0
33549,2670.128411834246,0.98452002413809,60.0
33550,2670.1291062786904,0.9831818647214701,60.0
33551,2670.129800723135,0.9842676038713933,60.0
33552,2670.1304951675793,0.98507705804217,60.0
33553,2670.1311896120237,0.9834901688188866,60.0
33554,2670.131884056468,0.9847053393327934,60.0
33555,2670.1325785009126,0.9836038263903334,60.0
33556,2670.133272945357,0.9843752899067,60.0
33557,2670.1339673898015,0.9849113204101133,60.0
33558,2670.134661834246,0.9840483372150199,60.0
33559,2670.1353562786903,0.9847546380485199,60.0
33560,2670.1360507231348,0.9841561912090366,60.0
33561,2670.136745167579,0.9840651823187067,60.0
33562,2670.1374396120236,0.98370869769849,60.0
33563,2670.138134056468,0.9851137793577335,60.0
33564,2670.1388285009125,0.983921894292185,60.0
33565,2670.139522945357,0.98398447572099,60.0
33566,2670.1402173898014,0.9846439445073566,60.0
33567,2670.140911834246,0.9845170057106101,60.0
33568,2670.1416062786902,0.9839963160990033,60.0
33569,2670.1423007231347,0.9841689258396333,60.0
33570,2670.142995167579,0.9838507513210333,60.0
33571,2670.1436896120235,0.9855213039728566,60.0
33572,2670.144384056468,0.9840836280214668,60.0
33573,2670.1450785009124,0.9839955353969433,60.0
33574,2670.145772945357,0.9848100908136966,60.0
33575,2670.1464673898013,0.9844989683268167,60.0
33576,2670.147161834246,0.9841458365829001,60.0
33577,2670.1478562786906,0.9840602494789467,60.0
33578,2670.148550723135,0.98339717169585,60.0
33579,2670.1492451675795,0.9846778921645966,60.0
33580,2670.149939612024,0.9841040477645633,60.0
33581,2670.1506340564683,0.98439591858008,60.0
33582,2670.1513285009128,0.984865483950635,60.0
33583,2670.152022945357,0.98500918355844,60.0
33584,2670.1527173898016,0.9840770833167699,60.0
33585,2670.153411834246,0.9845668275103033,60.0
33586,2670.1541062786905,0.9845973610008967,60.0
33587,2670.154800723135,0.9852015834786867,60.0
33588,2670.1554951675794,0.9845406657071366,60.0
33589,2670.156189612024,0.9842318995909668,60.0
33590,2670.1568840564682,0.98439940860446,60.0
33591,2670.1575785009127,0.9831263811466466,60.0
33592,2670.158272945357,0.9838964059668033,60.0
33593,2670.1589673898015,0.9851930981817266,60.0
33594,2670.159661834246,0.9841940714993868,60.0
33595,2670.1603562786904,0.9833241400246634,60.0
33596,2670.161050723135,0.9849182160611832,60.0
33597,2670.1617451675793,0.9852549638775033,60.0
33598,2670.1624396120237,0.9847880189261833,60.0
33599,2670.163134056468,0.9829634867473965,60.0
33600,2670.1638285009126,0.9833622175393234,60.0
33601,2670.164522945357,0.9851780689851201,60.0
33602,2670.1652173898015,0.9849949742768134,60.0
33603,2670.165911834246,0.9840729202187667,60.0
33604,2670.1666062786903,0.9846441594877433,60.0
33605,2670.1673007231348,0.9844512471266235,60.0
33606,2670.167995167579,0.9829646152754834,60.0
33607,2670.1686896120236,0.9840470339006666,60.0
33608,2670.169384056468,0.9851666339665566,60.0
33609,2670.1700785009125,0.9835998043790699,60.0
33610,2670.170772945357,0.98363894416776,60.0
33611,2670.1714673898014,0.9841828132140401,60.0
33612,2670.172161834246,0.9845759512235,60.0
33613,2670.1728562786902,0.98347365256491,60.0
33614,2670.1735507231347,0.98441060080617,60.0
33615,2670.174245167579,0.98330467529635,60.0
33616,2670.1749396120235,0.9841590315511833,60.0
33617,2670.175634056468,0.9842303260759251,60.0
33618,2670.1763285009124,0.9843768276833399,60.0
33619,2670.177022945357,0.98421956098197,60.0
33620,2670.1777173898013,0.9831269875472667,60.0
33621,2670.1784118342457,0.9833214657496733,60.0
33622,2670.1791062786906,0.9841364737811501,60.0
33623,2670.179800723135,0.9848339486251468,60.0
33624,2670.1804951675795,0.9842846192137967,60.0
33625,2670.181189612024,0.983794380204785,60.0
33626,2670.1818840564683,0.9842860555359335,60.0
33627,2670.1825785009128,0.9832148415517633,60.0
33628,2670.183272945357,0.9843095524305366,60.0
33629,2670.1839673898016,0.9837571069113235,60.0
33630,2670.184661834246,0.9853990247201802,60.0
33631,2670.1853562786905,0.9839402698740899,60.0
33632,2670.186050723135,0.983986535600635,60.0
33633,2670.1867451675794,0.9845039971548267,60.0
33634,2670.187439612024,0.9837616590853067,60.0
33635,2670.1881340564682,0.983642062617,60.0
33636,2670.1888285009127,0.9847371320841433,60.0
33637,2670.189522945357,0.98462835999687,60.0
33638,2670.1902173898015,0.9842628810293433,60.0
33639,2670.190911834246,0.9846876340857967,60.0
33640,2670.1916062786904,0.98391240442123,60.0
33641,2670.192300723135,0.9838645322079701,60.0
33642,2670.1929951675793,0.9842712962441,60.0
33643,2670.1936896120237,0.9852480743775867,60.0
33644,2670.194384056468,0.98438975175014,60.0
33645,2670.1950785009126,0.9838796777241,60.0
33646,2670.195772945357,0.9845820450856867,60.0
33647,2670.1964673898015,0.98443494050246,60.0
33648,2670.197161834246,0.98499155233721,60.0
33649,2670.1978562786903,0.9847224894504932,60.0
33650,2670.1985507231348,0.98324572228872,60.0
33651,2670.199245167579,0.9846068700822266,60.0
33652,2670.1999396120236,0.9848915416965434,60.0
33653,2670.200634056468,0.984679721786905,60.0
33654,2670.2013285009125,0.983995617842525,60.0
33655,2670.202022945357,0.9841792994380634,60.0
33656,2670.2027173898014,0.984308845387845,60.0
33657,2670.203411834246,0.9829087661789834,60.0
33658,2670.2041062786902,0.9840391191799466,60.0
33659,2670.2048007231347,0.9843449172489334,60.0
33660,2670.205495167579,0.9841406741234366,60.0
33661,2670.2061896120235,0.9842905545589367,60.0
33662,2670.206884056468,0.98490916154994,60.0
33663,2670.2075785009124,0.9845137716222534,60.0
33664,2670.208272945357,0.9842934828704766,60.0
33665,2670.2089673898013,0.98422349490275,60.0
33666,2670.2096618342457,0.9844755988749934,60.0
33667,2670.21035627869,0.98412695139927,60.0
33668,2670.2110507231346,0.9840977394909833,60.0
33669,2670.2117451675795,0.9846127312041201,60.0
33670,2670.212439612024,0.9839188906133334,60.0
33671,2670.2131340564683,0.9840777223788034,60.0
33672,2670.2138285009128,0.9845408542050533,60.0
33673,2670.214522945357,0.9849531450938701,60.0
33674,2670.2152173898016,0.9847936665724201,60.0
33675,2670.215911834246,0.983572189930055,60.0
33676,2670.2166062786905,0.98436696952342,60.0
33677,2670.217300723135,0.9850119870751,60.0
33678,2670.2179951675794,0.9846572193929,60.0
33679,2670.218689612024,0.9839931929520134,60.0
33680,2670.2193840564682,0.9840226757530467,60.0
33681,2670.2200785009127,0.9848277013156533,60.0
33682,2670.220772945357,0.9837961334237667,60.0
33683,2670.2214673898015,0.9849377746908434,60.0
33684,2670.222161834246,0.9846581719001734,60.0
33685,2670.2228562786904,0.9856072238772734,60.0
33686,2670.223550723135,0.9842000151396201,60.0
33687,2670.2242451675793,0.9846213968653234,60.0
33688,2670.2249396120237,0.9855381047568467,60.0
33689,2670.225634056468,0.9845145958100967,60.0
33690,2670.2263285009126,0.98369234601918,60.0
33691,2670.227022945357,0.9849097345241633,60.0
33692,2670.2277173898015,0.9842205660589934,60.0
33693,2670.228411834246,0.98353639633479,60.0
33694,2670.2291062786903,0.9847881378733733,60.0
33695,2670.2298007231348,0.9844387178287133,60.0
33696,2670.230495167579,0.98536222814037,60.0
33697,2670.2311896120236,0.98542232515708,60.0
33698,2670.231884056468,0.9842907275939766,60.0
33699,2670.2325785009125,0.9847896293698767,60.0
33700,2670.233272945357,0.983843577209325,60.0
33701,2670.2339673898014,0.9843330031874368,60.0
33702,2670.234661834246,0.984883615918,60.0
33703,2670.2353562786902,0.9848553904565049,60.0
33704,2670.2360507231347,0.98462224742835,60.0
33705,2670.236745167579,0.9845547889439067,60.0
33706,2670.2374396120235,0.98585487546557,60.0
33707,2670.238134056468,0.9840251082872368,60.0
33708,2670.2388285009124,0.9849129791472834,60.0
33709,2670.239522945357,0.9850321365769067,60.0
33710,2670.2402173898013,0.9847578100179666,60.0
33711,2670.2409118342457,0.9859978197254633,60.0
33712,2670.24160627869,0.9840431101779233,60.0
33713,2670.2423007231346,0.9846859406434433,60.0
33714,2670.242995167579,0.9845716832413633,60.0
33715,2670.243689612024,0.9843510784902367,60.0
33716,2670.2443840564683,0.9847366941599899,60.0
33717,2670.2450785009128,0.9854466768503466,60.0
33718,2670.245772945357,0.9856244589743299,60.0
33719,2670.2464673898016,0.9849075058103534,60.0
33720,2670.247161834246,0.98454580373454,60.0
33721,2670.2478562786905,0.98429754696902,60.0
33722,2670.248550723135,0.9853875492276566,60.0
33723,2670.2492451675794,0.9852771787794633,60.0
33724,2670.249939612024,0.98419248937135,60.0
33725,2670.2506340564682,0.9844417782400567,60.0
33726,2670.2513285009127,0.98413339817998,60.0
33727,2670.252022945357,0.9842914218596667,60.0
33728,2670.2527173898015,0.9851703202732001,60.0
33729,2670.253411834246,0.9845776646503067,60.0
33730,2670.2541062786904,0.9852668498095399,60.0
33731,2670.254800723135,0.9851701252758968,60.0
33732,2670.2554951675793,0.9844814049848233,60.0
33733,2670.2561896120237,0.9844943177697001,60.0
33734,2670.256884056468,0.9847314917,60.0
33735,2670.2575785009126,0.98510508963703,60.0
33736,2670.258272945357,0.9848113088033134,60.0
33737,2670.2589673898015,0.9849548008602134,60.0
33738,2670.259661834246,0.9854284724686133,60.0
33739,2670.2603562786903,0.9844422574463767,60.0
33740,2670.2610507231348,0.9852466566662601,60.0
33741,2670.261745167579,0.9850415656034867,60.0
33742,2670.2624396120236,0.98407555533059,60.0
33743,2670.263134056468,0.9854822761827333,60.0
33744,2670.2638285009125,0.9845817332499966,60.0
33745,2670.264522945357,0.9848369808036733,60.0
33746,2670.2652173898014,0.9842858239459132,60.0
33747,2670.265911834246,0.9846930586553467,60.0
33748,2670.2666062786902,0.9855707351234767,60.0
33749,2670.2673007231347,0.98441467457875,60.0
33750,2670.267995167579,0.9843649387465933,60.0
33751,2670.2686896120235,0.9844754976312299,60.0
33752,2670.269384056468,0.9857408424473699,60.0
33753,2670.2700785009124,0.9842687890677201,60.0
33754,2670.270772945357,0.98404703009614,60.0
33755,2670.2714673898013,0.9852438499631133,60.0
33756,2670.2721618342457,0.9848458859879866,60.0
33757,2670.27285627869,0.9840736524665167,60.0
33758,2670.2735507231346,0.9851200644994266,60.0
33759,2670.274245167579,0.9851221578807067,60.0
33760,2670.2749396120234,0.9852830686556066,60.0
33761,2670.275634056468,0.9861354120814566,60.0
33762,2670.2763285009128,0.9843777383820234,60.0
33763,2670.277022945357,0.98438211304734,60.0
33764,2670.2777173898016,0.9852032933073765,60.0
33765,2670.278411834246,0.9856270226408134,60.0
33766,2670.2791062786905,0.9849524419421566,60.0
33767,2670.279800723135,0.984201816618815,60.0
33768,2670.2804951675794,0.9853919417131434,60.0
33769,2670.281189612024,0.98409253876664,60.0
33770,2670.2818840564682,0.98410392816599,60.0
33771,2670.2825785009127,0.9851010492768999,60.0
33772,2670.283272945357,0.9847607342132599,60.0
33773,2670.2839673898015,0.9852632746607899,60.0
33774,2670.284661834246,0.9841953688231699,60.0
33775,2670.2853562786904,0.9851308709672232,60.0
33776,2670.286050723135,0.9848627079143499,60.0
33777,2670.2867451675793,0.9842810783472965,60.0
33778,2670.2874396120237,0.9847234435239749,60.0
33779,2670.288134056468,0.9854557121177133,60.0
33780,2670.2888285009126,0.98537924772635,60.0
33781,2670.289522945357,0.9852104921782,60.0
33782,2670.2902173898015,0.9850755307626801,60.0
33783,2670.290911834246,0.9855758288994734,60.0
33784,2670.2916062786903,0.98586424148517,60.0
33785,2670.2923007231348,0.9858837455396267,60.0
33786,2670.292995167579,0.98464629180045,60.0
33787,2670.2936896120236,0.9860276709153933,60.0
33788,2670.294384056468,0.9849278852333067,60.0
33789,2670.2950785009125,0.9845540792440867,60.0
33790,2670.295772945357,0.9865347812642334,60.0
33791,2670.2964673898014,0.9849845937461533,60.0
33792,2670.297161834246,0.98408287578963,60.0
33793,2670.2978562786902,0.98495739686097,60.0
33794,2670.2985507231347,0.98447914703157,60.0
33795,2670.299245167579,0.984833629277055,60.0
33796,2670.2999396120235,0.9842533033109268,60.0
33797,2670.300634056468,0.9851194852790667,60.0
33798,2670.3013285009124,0.9847139214095999,60.0
33799,2670.302022945357,0.9848505494037734,60.0
33800,2670.3027173898013,0.9856906125306399,60.0
33801,2670.3034118342457,0.9846955277333533,60.0
33802,2670.30410627869,0.9835983312954634,60.0
33803,2670.3048007231346,0.985973681737035,60.0
33804,2670.305495167579,0.9847948763830767,60.0
33805,2670.3061896120234,0.98541002225623,60.0
33806,2670.306884056468,0.9853283819574666,60.0
33807,2670.3075785009123,0.9855521300556367,60.0
33808,2670.308272945357,0.9842291283561934,60.0
33809,2670.3089673898016,0.98511360641896,60.0
33810,2670.309661834246,0.98583809601731,60.0
33811,2670.3103562786905,0.9866017928997532,60.0
33812,2670.311050723135,0.9848360433311867,60.0
33813,2670.3117451675794,0.9853479639468233,60.0
33814,2670.312439612024,0.9847694921348767,60.0
33815,2670.3131340564682,0.9847554242140767,60.0
33816,2670.3138285009127,0.98482565443835,60.0
33817,2670.314522945357,0.984502251454995,60.0
33818,2670.3152173898015,0.9857684314213366,60.0
33819,2670.315911834246,0.9845785324520065,60.0
33820,2670.3166062786904,0.9845952864862199,60.0
33821,2670.317300723135,0.9858708692701567,60.0
33822,2670.3179951675793,0.98603452050027,60.0
33823,2670.3186896120237,0.9843789602115901,60.0
33824,2670.319384056468,0.9849695160233,60.0
33825,2670.3200785009126,0.9846895756824802,60.0
33826,2670.320772945357,0.9845710508953549,60.0
33827,2670.3214673898015,0.9850463753735167,60.0
33828,2670.322161834246,0.9858717932048101,60.0
33829,2670.3228562786903,0.98531924471384,60.0
33830,2670.3235507231348,0.9854139263451867,60.0
33831,2670.324245167579,0.9856136788177633,60.0
33832,2670.3249396120236,0.98435101790902,60.0
33833,2670.325634056468,0.9849773949234351,60.0
33834,2670.3263285009125,0.9850788822320751,60.0
33835,2670.327022945357,0.9861048886922267,60.0
33836,2670.3277173898014,0.9853999394543066,60.0
33837,2670.328411834246,0.98563862613164,60.0
33838,2670.3291062786902,0.9855802233816267,60.0
33839,2670.3298007231347,0.9851710301754633,60.0
33840,2670.330495167579,0.9853316151934867,60.0
33841,2670.3311896120235,0.9858018808271566,60.0
33842,2670.331884056468,0.9847491504902367,60.0
33843,2670.3325785009124,0.9848500296905534,60.0
33844,2670.333272945357,0.9839634753548833,60.0
33845,2670.3339673898013,0.9847085185871299,60.0
33846,2670.3346618342457,0.98424838940648,60.0
33847,2670.33535627869,0.9843418687387967,60.0
33848,2670.3360507231346,0.9847718042247301,60.0
33849,2670.336745167579,0.98449132065303,60.0
33850,2670.3374396120234,0.9847943993020634,60.0
33851,2670.338134056468,0.984385556880285,60.0
33852,2670.3388285009123,0.9862102869879467,60.0
33853,2670.3395229453567,0.98627366951628,60.0
33854,2670.340217389801,0.9850976237027665,60.0
33855,2670.340911834246,0.9841224137168867,60.0
33856,2670.3416062786905,0.9853104644327534,60.0
33857,2670.342300723135,0.9854598434313699,60.0
33858,2670.3429951675794,0.9849864185830066,60.0
33859,2670.343689612024,0.9854518711173333,60.0
33860,2670.3443840564682,0.9852512637956566,60.0
33861,2670.3450785009127,0.9851182530876166,60.0
33862,2670.345772945357,0.9848917147765134,60.0
33863,2670.3464673898015,0.98567718908168,60.0
33864,2670.347161834246,0.9850450994496299,60.0
33865,2670.3478562786904,0.9858232736840167,60.0
33866,2670.348550723135,0.9855640911556435,60.0
33867,2670.3492451675793,0.98554359995868,60.0
33868,2670.3499396120237,0.9839040721509468,60.0
33869,2670.350634056468,0.98493239392612,60.0
33870,2670.3513285009126,0.98567666766262,60.0
33871,2670.352022945357,0.9845285230711,60.0
33872,2670.3527173898015,0.9850868021743233,60.0
33873,2670.353411834246,0.9854055584837601,60.0
33874,2670.3541062786903,0.985197433865735,60.0
33875,2670.3548007231348,0.9848804736356834,60.0
33876,2670.355495167579,0.98466420599094,60.0
33877,2670.3561896120236,0.98578630676357,60.0
33878,2670.356884056468,0.98466222875953,60.0
33879,2670.3575785009125,0.9845148750398733,60.0
33880,2670.358272945357,0.9848353384492067,60.0
33881,2670.3589673898014,0.9844508045518267,60.0
33882,2670.359661834246,0.9848414402721734,60.0
33883,2670.3603562786902,0.98555134678378,60.0
33884,2670.3610507231347,0.9840560692652033,60.0
33885,2670.361745167579,0.9856905923619168,60.0
33886,2670.3624396120235,0.9854390103916066,60.0
33887,2670.363134056468,0.98438339545473,60.0
33888,2670.3638285009124,0.9851254964277567,60.0
33889,2670.364522945357,0.9850764409666467,60.0
33890,2670.3652173898013,0.9847595597053432,60.0
33891,2670.3659118342457,0.984741959333255,60.0
33892,2670.36660627869,0.9845660186062534,60.0
33893,2670.3673007231346,0.9852696933931067,60.0
33894,2670.367995167579,0.98570292394732,60.0
33895,2670.3686896120234,0.98515494352425,60.0
33896,2670.369384056468,0.98501665977253,60.0
33897,2670.3700785009123,0.9851669374567167,60.0
33898,2670.3707729453567,0.9855631742350534,60.0
33899,2670.371467389801,0.98568927957214,60.0
33900,2670.3721618342456,0.9860225468754266,60.0
33901,2670.3728562786905,0.98565843071974,60.0
33902,2670.373550723135,0.9849761744323265,60.0
33903,2670.3742451675794,0.9852853347111866,60.0
33904,2670.374939612024,0.9849182310520934,60.0
33905,2670.3756340564682,0.9865983821629434,60.0
33906,2670.3763285009127,0.9866172602883366,60.0
33907,2670.377022945357,0.9856977406792851,60.0
33908,2670.3777173898015,0.9850161682749534,60.0
33909,2670.378411834246,0.9865082847664399,60.0
33910,2670.3791062786904,0.9850910898180766,60.0
33911,2670.379800723135,0.9854081493024167,60.0
33912,2670.3804951675793,0.98517407903908,60.0
33913,2670.3811896120237,0.9865175565415667,60.0
33914,2670.381884056468,0.9849145823893267,60.0
33915,2670.3825785009126,0.9847130368075167,60.0
33916,2670.383272945357,0.9860747946808051,60.0
33917,2670.3839673898015,0.9848672583483333,60.0
33918,2670.384661834246,0.9861839364837367,60.0
33919,2670.3853562786903,0.9869935823120833,60.0
33920,2670.3860507231348,0.9852155361933299,60.0
33921,2670.386745167579,0.9856688189996633,60.0
33922,2670.3874396120236,0.984838466186185,60.0
33923,2670.388134056468,0.9848668393183101,60.0
33924,2670.3888285009125,0.9859137505683767,60.0
33925,2670.389522945357,0.9856340354218,60.0
33926,2670.3902173898014,0.98635753463371,60.0
33927,2670.390911834246,0.9850325369239267,60.0
33928,2670.3916062786902,0.9852670601956434,60.0
33929,2670.3923007231347,0.98554085058902,60.0
33930,2670.392995167579,0.9860107258838365,60.0
33931,2670.3936896120235,0.985670132332895,60.0
33932,2670.394384056468,0.98560059140405,60.0
33933,2670.3950785009124,0.9858397036861234,60.0
33934,2670.395772945357,0.9856191262208167,60.0
33935,2670.3964673898013,0.9860943531990833,60.0
33936,2670.3971618342457,0.9859960890142901,60.0
33937,2670.39785627869,0.9850350264146867,60.0
33938,2670.3985507231346,0.9864422040367599,60.0
33939,2670.399245167579,0.98561845858764,60.0
33940,2670.3999396120234,0.98586968540871,60.0
33941,2670.400634056468,0.9846181148797399,60.0
33942,2670.4013285009123,0.9859900907509167,60.0
33943,2670.4020229453567,0.986404383362555,60.0
33944,2670.402717389801,0.9856588204475667,60.0
33945,2670.4034118342456,0.9862630836992334,60.0
33946,2670.40410627869,0.9860286674275734,60.0
33947,2670.4048007231345,0.9867282642008632,60.0
33948,2670.4054951675794,0.9852230799186733,60.0
33949,2670.406189612024,0.9860284879641467,60.0
33950,2670.4068840564682,0.9864339177779867,60.0
33951,2670.4075785009127,0.98545699956771,60.0
33952,2670.408272945357,0.9861510947701433,60.0
33953,2670.4089673898015,0.9852974443811999,60.0
33954,2670.409661834246,0.98583319982331,60.0
33955,2670.4103562786904,0.9860654533863434,60.0
33956,2670.411050723135,0.9854868633521301,60.0
33957,2670.4117451675793,0.9855927713497867,60.0
33958,2670.4124396120237,0.9865190134615066,60.0
33959,2670.413134056468,0.9866886164798033,60.0
33960,2670.4138285009126,0.98620789471617,60.0
33961,2670.414522945357,0.9855428687651351,60.0
33962,2670.4152173898015,0.9854504379450866,60.0
33963,2670.415911834246,0.9865845859324867,60.0
33964,2670.4166062786903,0.9851950245675734,60.0
33965,2670.4173007231348,0.9868133360624599,60.0
33966,2670.417995167579,0.9858432388328767,60.0
33967,2670.4186896120236,0.9864597894411767,60.0
33968,2670.419384056468,0.98455035760675,60.0
33969,2670.4200785009125,0.9869716589432467,60.0
33970,2670.420772945357,0.9855260584525399,60.0
33971,2670.4214673898014,0.98486874637994,60.0
33972,2670.422161834246,0.9861283224210967,60.0
33973,2670.4228562786902,0.9860247475572134,60.0
33974,2670.4235507231347,0.9854640814782699,60.0
33975,2670.424245167579,0.98645641459222,60.0
33976,2670.4249396120235,0.98619802549063,60.0
33977,2670.425634056468,0.985964695238305,60.0
33978,2670.4263285009124,0.9852632488985049,60.0
33979,2670.427022945357,0.9858130878689165,60.0
33980,2670.4277173898013,0.9862638198604466,60.0
33981,2670.4284118342457,0.98594273684899,60.0
33982,2670.42910627869,0.9859352008345567,60.0
33983,2670.4298007231346,0.98660267505872,60.0
33984,2670.430495167579,0.9867880125306567,60.0
33985,2670.4311896120234,0.9859880450949,60.0
33986,2670.431884056468,0.9869212753055501,60.0
33987,2670.4325785009123,0.98580283971987,60.0
33988,2670.4332729453567,0.9858684498730633,60.0
33989,2670.433967389801,0.9860569116601567,60.0
33990,2670.4346618342456,0.9861865214807733,60.0
33991,2670.43535627869,0.9853208274391266,60.0
33992,2670.4360507231345,0.9844503508380132,60.0
33993,2670.436745167579,0.9862308242954567,60.0
33994,2670.4374396120234,0.9860120820419933,60.0
33995,2670.4381340564682,0.98670135973158,60.0
33996,2670.4388285009127,0.9861269911954067,60.0
33997,2670.439522945357,0.98588870602766,60.0
33998,2670.4402173898015,0.9866290601344333,60.0
33999,2670.440911834246,0.9869206237860265,60.0
34000,2670.4416062786904,0.9856577812418067,60.0
34001,2670.442300723135,0.9856266169310567,60.0
34002,2670.4429951675793,0.9857689811445901,60.0
34003,2670.4436896120237,0.9864260082122667,60.0
34004,2670.444384056468,0.98467965967061,60.0
34005,2670.4450785009126,0.9858933879759934,60.0
34006,2670.445772945357,0.9853653021481366,60.0
34007,2670.4464673898015,0.98516722789029,60.0
34008,2670.447161834246,0.98709446220393,60.0
34009,2670.4478562786903,0.9855832578128233,60.0
34010,2670.4485507231348,0.986739621139615,60.0
34011,2670.449245167579,0.9867279165602733,60.0
34012,2670.4499396120236,0.9858034490889134,60.0
34013,2670.450634056468,0.9859842748272767,60.0
34014,2670.4513285009125,0.9856785955118367,60.0
34015,2670.452022945357,0.9848694259705367,60.0
34016,2670.4527173898014,0.9852535915056667,60.0
34017,2670.453411834246,0.98639938122888,60.0
34018,2670.4541062786902,0.9856384505848167,60.0
34019,2670.4548007231347,0.9852055804343767,60.0
34020,2670.455495167579,0.98675105493382,60.0
34021,2670.4561896120235,0.9869275900513834,60.0
34022,2670.456884056468,0.985509240618275,60.0
34023,2670.4575785009124,0.98504107341608,60.0
34024,2670.458272945357,0.9857504215889934,60.0
34025,2670.4589673898013,0.9867832291901499,60.0
34026,2670.4596618342457,0.9863692353222734,60.0
34027,2670.46035627869,0.98694713722134,60.0
34028,2670.4610507231346,0.9864600546312833,60.0
34029,2670.461745167579,0.98763588006917,60.0
34030,2670.4624396120234,0.9872012441771266,60.0
34031,2670.463134056468,0.98689003378705,60.0
34032,2670.4638285009123,0.9861308332788467,60.0
34033,2670.4645229453567,0.9873349594838666,60.0
34034,2670.465217389801,0.9865291125883501,60.0
34035,2670.4659118342456,0.98637514687409,60.0
34036,2670.46660627869,0.9864908090350166,60.0
34037,2670.4673007231345,0.98533855317633,60.0
34038,2670.467995167579,0.98599305185869,60.0
34039,2670.4686896120234,0.9866661232131501,60.0
34040,2670.469384056468,0.98631398938837,60.0
34041,2670.4700785009127,0.9852597821084234,60.0
34042,2670.470772945357,0.9854446099687634,60.0
34043,2670.4714673898015,0.9864278005843167,60.0
34044,2670.472161834246,0.98602793836564,60.0
34045,2670.4728562786904,0.98480326058406,60.0
34046,2670.473550723135,0.9858477087485232,60.0
34047,2670.4742451675793,0.986486796026515,60.0
34048,2670.4749396120237,0.985329400930905,60.0
34049,2670.475634056468,0.9867968990454367,60.0
34050,2670.4763285009126,0.9855274053408533,60.0
34051,2670.477022945357,0.98722954606369,60.0
34052,2670.4777173898015,0.985932720330325,60.0
34053,2670.478411834246,0.9876881105430066,60.0
34054,2670.4791062786903,0.9863293112280668,60.0
34055,2670.4798007231348,0.9872669150206099,60.0
34056,2670.480495167579,0.9868435291991666,60.0
34057,2670.4811896120236,0.9871757320215799,60.0
34058,2670.481884056468,0.9864602162173668,60.0
34059,2670.4825785009125,0.9865184035563367,60.0
34060,2670.483272945357,0.98561149924172,60.0
34061,2670.4839673898014,0.986908563299275,60.0
34062,2670.484661834246,0.98553423195828,60.0
34063,2670.4853562786902,0.9861984565062666,60.0
34064,2670.4860507231347,0.9860962292073433,60.0
34065,2670.486745167579,0.9861550936874134,60.0
34066,2670.4874396120235,0.9858991552564901,60.0
34067,2670.488134056468,0.9872080775963132,60.0
34068,2670.4888285009124,0.986587923995675,60.0
34069,2670.489522945357,0.98684357858889,60.0
34070,2670.4902173898013,0.9854915340716,60.0
34071,2670.4909118342457,0.9863198168174501,60.0
34072,2670.49160627869,0.9861278496920368,60.0
34073,2670.4923007231346,0.98571959899308,60.0
34074,2670.492995167579,0.9862856331451634,60.0
34075,2670.4936896120234,0.986549971391915,60.0
34076,2670.494384056468,0.9864639237266366,60.0
34077,2670.4950785009123,0.9858192147872199,60.0
34078,2670.4957729453567,0.9861683849280434,60.0
34079,2670.496467389801,0.9866336933552867,60.0
34080,2670.4971618342456,0.9859486327390267,60.0
34081,2670.49785627869,0.98597811488314,60.0
34082,2670.4985507231345,0.9865372635229067,60.0
34083,2670.499245167579,0.9869633348337267,60.0
34084,2670.4999396120234,0.98562064600765,60.0
34085,2670.500634056468,0.9860818654540333,60.0
34086,2670.501328500912,0.9861818517676767,60.0
34087,2670.5020229453567,0.985176019675455,60.0
34088,2670.5027173898015,0.9873730411445502,60.0
34089,2670.503411834246,0.9864333162768867,60.0
34090,2670.5041062786904,0.9873634803544166,60.0
34091,2670.504800723135,0.98736558400786,60.0
34092,2670.5054951675793,0.9867277941571398,60.0
34093,2670.5061896120237,0.98600259717136,60.0
34094,2670.506884056468,0.9864922729199632,60.0
34095,2670.5075785009126,0.9863122446299398,60.0
34096,2670.508272945357,0.9866242622373433,60.0
34097,2670.5089673898015,0.9875639477966099,60.0
34098,2670.509661834246,0.9865403852821167,60.0
34099,2670.5103562786903,0.9855585287201333,60.0
34100,2670.5110507231348,0.98738496850596,60.0
34101,2670.511745167579,0.9868042790673267,60.0
34102,2670.5124396120236,0.98632662409671,60.0
34103,2670.513134056468,0.9863682379898067,60.0
34104,2670.5138285009125,0.9869281287249434,60.0
34105,2670.514522945357,0.9868819774042233,60.0
34106,2670.5152173898014,0.9872683159868033,60.0
34107,2670.515911834246,0.9867223830501066,60.0
34108,2670.5166062786902,0.9866120985373567,60.0
34109,2670.5173007231347,0.9870141002453466,60.0
34110,2670.517995167579,0.9874824607058867,60.0
34111,2670.5186896120235,0.9866239946819134,60.0
34112,2670.519384056468,0.9872715778542099,60.0
34113,2670.5200785009124,0.9880699174916066,60.0
34114,2670.520772945357,0.98717526246741,60.0
34115,2670.5214673898013,0.9864898911456033,60.0
34116,2670.5221618342457,0.98669774901427,60.0
34117,2670.52285627869,0.9873188991634967,60.0
34118,2670.5235507231346,0.9871336544116566,60.0
34119,2670.524245167579,0.98801025731152,60.0
34120,2670.5249396120234,0.98630103868562,60.0
34121,2670.525634056468,0.9870050515283534,60.0
34122,2670.5263285009123,0.9869520107103901,60.0
34123,2670.5270229453567,0.9879742945676967,60.0
34124,2670.527717389801,0.9869457018193933,60.0
34125,2670.5284118342456,0.9877187637564866,60.0
34126,2670.52910627869,0.9871129120982101,60.0
34127,2670.5298007231345,0.9877875115709066,60.0
34128,2670.530495167579,0.9867377294177534,60.0
34129,2670.5311896120234,0.9861127465958001,60.0
34130,2670.531884056468,0.9872115711777433,60.0
34131,2670.532578500912,0.9860857003391567,60.0
34132,2670.5332729453567,0.9869974975982566,60.0
34133,2670.533967389801,0.9866675332094433,60.0
34134,2670.534661834246,0.9867376533377933,60.0
34135,2670.5353562786904,0.9874629536194033,60.0
34136,2670.536050723135,0.9871576813467867,60.0
34137,2670.5367451675793,0.98803714972843,60.0
34138,2670.5374396120237,0.9871403033395834,60.0
34139,2670.538134056468,0.9874123368784199,60.0
34140,2670.5388285009126,0.9870477299572467,60.0
34141,2670.539522945357,0.9878188955703899,60.0
34142,2670.5402173898015,0.9877683707965333,60.0
34143,2670.540911834246,0.9875930762592433,60.0
34144,2670.5416062786903,0.9875932928154333,60.0
34145,2670.5423007231348,0.9867850593199133,60.0
34146,2670.542995167579,0.9880812899724867,60.0
34147,2670.5436896120236,0.9878381157135466,60.0
34148,2670.544384056468,0.9865754535739167,60.0
34149,2670.5450785009125,0.9878002599050201,60.0
34150,2670.545772945357,0.9872382591665799,60.0
34151,2670.5464673898014,0.9879745783444234,60.0
34152,2670.547161834246,0.98761126202289,60.0
34153,2670.5478562786902,0.98797546392492,60.0
34154,2670.5485507231347,0.9875203665970433,60.0
34155,2670.549245167579,0.9867262234319799,60.0
34156,2670.5499396120235,0.9866244438562033,60.0
34157,2670.550634056468,0.9871588322164134,60.0
34158,2670.5513285009124,0.987696880407055,60.0
34159,2670.552022945357,0.9871332023547167,60.0
34160,2670.5527173898013,0.98863217625295,60.0
34161,2670.5534118342457,0.9878034520552933,60.0
34162,2670.55410627869,0.98750048045817,60.0
34163,2670.5548007231346,0.9866441512474866,60.0
34164,2670.555495167579,0.9870591192441734,60.0
34165,2670.5561896120234,0.9874887404061866,60.0
34166,2670.556884056468,0.9875097781804234,60.0
34167,2670.5575785009123,0.9871528247953933,60.0
34168,2670.5582729453567,0.98798535543988,60.0
34169,2670.558967389801,0.9859410372351833,60.0
34170,2670.5596618342456,0.9880929861321167,60.0
34171,2670.56035627869,0.987881427114815,60.0
34172,2670.5610507231345,0.9877027193006467,60.0
34173,2670.561745167579,0.9870581136490767,60.0
34174,2670.5624396120234,0.98790574621461,60.0
34175,2670.563134056468,0.9868772579140567,60.0
34176,2670.563828500912,0.9880144908258,60.0
34177,2670.5645229453567,0.9872847012589033,60.0
34178,2670.565217389801,0.9882141083331833,60.0
34179,2670.5659118342455,0.9884388273759733,60.0
34180,2670.56660627869,0.9873071122993634,60.0
34181,2670.567300723135,0.9874719823112866,60.0
34182,2670.5679951675793,0.9882503185813366,60.0
34183,2670.5686896120237,0.9873189851353,60.0
34184,2670.569384056468,0.9880141789767266,60.0
34185,2670.5700785009126,0.9877006932913867,60.0
34186,2670.570772945357,0.9881187696609833,60.0
34187,2670.5714673898015,0.9874010882149099,60.0
34188,2670.572161834246,0.9874607317476167,60.0
34189,2670.5728562786903,0.9870329733855167,60.0
34190,2670.5735507231348,0.9886419887194967,60.0
34191,2670.574245167579,0.9866586847763367,60.0
34192,2670.5749396120236,0.9875442911202533,60.0
34193,2670.575634056468,0.9878810903829467,60.0
34194,2670.5763285009125,0.9868606808439667,60.0
34195,2670.577022945357,0.9873643357726868,60.0
34196,2670.5777173898014,0.9879380510827067,60.0
34197,2670.578411834246,0.9881987101611199,60.0
34198,2670.5791062786902,0.98835355882698,60.0
34199,2670.5798007231347,0.9870791902018367,60.0
34200,2670.580495167579,0.9886773531255999,60.0
34201,2670.5811896120235,0.9884524096663334,60.0
34202,2670.581884056468,0.98827219308082,60.0
34203,2670.5825785009124,0.98733811014209,60.0
34204,2670.583272945357,0.9879665456274266,60.0
34205,2670.5839673898013,0.9870201289537633,60.0
34206,2670.5846618342457,0.98856794783065,60.0
34207,2670.58535627869,0.98826373717798,60.0
34208,2670.5860507231346,0.986168183437,60.0
34209,2670.586745167579,0.9872753278579633,60.0
34210,2670.5874396120234,0.9883831717277833,60.0
34211,2670.588134056468,0.9871077538817733,60.0
34212,2670.5888285009123,0.98872016175224,60.0
34213,2670.5895229453567,0.98843739338133,60.0
34214,2670.590217389801,0.9877209044904367,60.0
34215,2670.5909118342456,0.9879628557309132,60.0
34216,2670.59160627869,0.9876919717935899,60.0
34217,2670.5923007231345,0.9878905647731333,60.0
34218,2670.592995167579,0.9880639581013066,60.0
34219,2670.5936896120234,0.9872031932539933,60.0
34220,2670.594384056468,0.9875940920626133,60.0
34221,2670.595078500912,0.986066592417685,60.0
34222,2670.5957729453567,0.9871432675752699,60.0
34223,2670.596467389801,0.988528731556655,60.0
34224,2670.5971618342455,0.9881968228953767,60.0
34225,2670.59785627869,0.9875148407629867,60.0
34226,2670.5985507231344,0.98830795096598,60.0
34227,2670.5992451675793,0.98795489083203,60.0
34228,2670.5999396120237,0.988208243205605,60.0
34229,2670.600634056468,0.9888171734784,60.0
34230,2670.6013285009126,0.9881520858337867,60.0
34231,2670.602022945357,0.9881690832146567,60.0
34232,2670.6027173898015,0.9881979853232034,60.0
34233,2670.603411834246,0.9873132310088867,60.0
34234,2670.6041062786903,0.9881234906458999,60.0
34235,2670.6048007231348,0.98850556494212,60.0
34236,2670.605495167579,0.98798676582553,60.0
34237,2670.6061896120236,0.9872800108988468,60.0
34238,2670.606884056468,0.9876726588904433,60.0
34239,2670.6075785009125,0.9875382761422901,60.0
34240,2670.608272945357,0.9883872906022301,60.0
34241,2670.6089673898014,0.9887044689190733,60.0
34242,2670.609661834246,0.987737942849875,60.0
34243,2670.6103562786902,0.9871913468211867,60.0
34244,2670.6110507231347,0.9881840354689534,60.0
34245,2670.611745167579,0.9875227735936033,60.0
34246,2670.6124396120235,0.9881474120240933,60.0
34247,2670.613134056468,0.9871070272838067,60.0
34248,2670.6138285009124,0.989966359818965,60.0
34249,2670.614522945357,0.9879776355035267,60.0
34250,2670.6152173898013,0.9883885678576966,60.0
34251,2670.6159118342457,0.98800754466092,60.0
34252,2670.61660627869,0.9876032565115699,60.0
34253,2670.6173007231346,0.9874303805375934,60.0
34254,2670.617995167579,0.9867235718855866,60.0
34255,2670.6186896120234,0.9877279460523366,60.0
34256,2670.619384056468,0.9876319903890532,60.0
34257,2670.6200785009123,0.9884270194067833,60.0
34258,2670.6207729453567,0.9881249666288833,60.0
34259,2670.621467389801,0.9876009376671466,60.0
34260,2670.6221618342456,0.9875505928481899,60.0
34261,2670.62285627869,0.9877585655427934,60.0
34262,2670.6235507231345,0.9887874368622634,60.0
34263,2670.624245167579,0.9884493656035968,60.0
34264,2670.6249396120234,0.9872877723638332,60.0
34265,2670.625634056468,0.9880997953381834,60.0
34266,2670.626328500912,0.9872356134902632,60.0
34267,2670.6270229453567,0.9879922664840101,60.0
34268,2670.627717389801,0.98806453640867,60.0
34269,2670.6284118342455,0.9879541355991567,60.0
34270,2670.62910627869,0.9873337133291132,60.0
34271,2670.6298007231344,0.9876099338568199,60.0
34272,2670.630495167579,0.98852981244337,60.0
34273,2670.6311896120233,0.9879636150808566,60.0
34274,2670.631884056468,0.9862510146978667,60.0
34275,2670.6325785009126,0.98768564353148,60.0
34276,2670.633272945357,0.9873802063551851,60.0
34277,2670.6339673898015,0.9887004782861833,60.0
34278,2670.634661834246,0.987496568299795,60.0
34279,2670.6353562786903,0.98931778047541,60.0
34280,2670.6360507231348,0.98724171609186,60.0
34281,2670.636745167579,0.9889356442527033,60.0
34282,2670.6374396120236,0.9879490219542667,60.0
34283,2670.638134056468,0.9876569232473066,60.0
34284,2670.6388285009125,0.9886028509784434,60.0
34285,2670.639522945357,0.9882777071806567,60.0
34286,2670.6402173898014,0.9885502410062067,60.0
34287,2670.640911834246,0.9885884762404032,60.0
34288,2670.6416062786902,0.988070914721875,60.0
34289,2670.6423007231347,0.98728069451118,60.0
34290,2670.642995167579,0.9880304679063266,60.0
34291,2670.6436896120235,0.9886276970633067,60.0
34292,2670.644384056468,0.9883654145263533,60.0
34293,2670.6450785009124,0.9877709951663367,60.0
34294,2670.645772945357,0.98768987415633,60.0
34295,2670.6464673898013,0.9885415709041233,60.0
34296,2670.6471618342457,0.98787031782261,60.0
34297,2670.64785627869,0.9888180162774635,60.0
34298,2670.6485507231346,0.9887440697505133,60.0
34299,2670.649245167579,0.9882451051324234,60.0
34300,2670.6499396120234,0.9885815475343299,60.0
34301,2670.650634056468,0.98769315969018,60.0
34302,2670.6513285009123,0.9879468411343099,60.0
34303,2670.6520229453567,0.9880206361820401,60.0
34304,2670.652717389801,0.987440486447,60.0
34305,2670.6534118342456,0.9893153944232066,60.0
34306,2670.65410627869,0.9881197565974866,60.0
34307,2670.6548007231345,0.9881296478541034,60.0
34308,2670.655495167579,0.98674276314037,60.0
34309,2670.6561896120234,0.98863534610988,60.0
34310,2670.656884056468,0.9877507880276734,60.0
34311,2670.657578500912,0.9878001655849,60.0
34312,2670.6582729453567,0.9889215213370033,60.0
34313,2670.658967389801,0.98873239734653,60.0
34314,2670.6596618342455,0.9885147958916649,60.0
34315,2670.66035627869,0.9887378709579168,60.0
34316,2670.6610507231344,0.9887222425595067,60.0
34317,2670.661745167579,0.9880559802485049,60.0
34318,2670.6624396120233,0.9876865085782166,60.0
34319,2670.6631340564677,0.9883613225828666,60.0
34320,2670.6638285009126,0.987830115075905,60.0
34321,2670.664522945357,0.9884719383660966,60.0
34322,2670.6652173898015,0.9891502903280468,60.0
34323,2670.665911834246,0.9895476996874567,60.0
34324,2670.6666062786903,0.9890186149771966,60.0
34325,2670.6673007231348,0.9893500202918366,60.0
34326,2670.667995167579,0.9890845058638801,60.0
34327,2670.6686896120236,0.9884773866544433,60.0
34328,2670.669384056468,0.9878922387627833,60.0
34329,2670.6700785009125,0.98791782732735,60.0
34330,2670.670772945357,0.9890414552566034,60.0
34331,2670.6714673898014,0.9890022721932633,60.0
34332,2670.672161834246,0.9880551279191033,60.0
34333,2670.6728562786902,0.9897078175944967,60.0
34334,2670.6735507231347,0.9897016546845566,60.0
34335,2670.674245167579,0.9883902549441966,60.0
34336,2670.6749396120235,0.9890458247282766,60.0
34337,2670.675634056468,0.9881514049439165,60.0
34338,2670.6763285009124,0.9891254979005434,60.0
34339,2670.677022945357,0.9883305789502,60.0
34340,2670.6777173898013,0.9893069417119099,60.0
34341,2670.6784118342457,0.9889414580121634,60.0
34342,2670.67910627869,0.9887792572651333,60.0
34343,2670.6798007231346,0.98859740076175,60.0
34344,2670.680495167579,0.9876878595596533,60.0
34345,2670.6811896120234,0.98886062498128,60.0
34346,2670.681884056468,0.9877197019478867,60.0
34347,2670.6825785009123,0.9890928097729567,60.0
34348,2670.6832729453567,0.9892308113508334,60.0
34349,2670.683967389801,0.9882029799509566,60.0
34350,2670.6846618342456,0.9898954793598134,60.0
34351,2670.68535627869,0.9888931099820101,60.0
34352,2670.6860507231345,0.9888738719727033,60.0
34353,2670.686745167579,0.9890908724440367,60.0
34354,2670.6874396120234,0.988359774353305,60.0
34355,2670.688134056468,0.98969575520784,60.0
34356,2670.688828500912,0.9889258061976266,60.0
34357,2670.6895229453567,0.989671852476655,60.0
34358,2670.690217389801,0.9891491699526833,60.0
34359,2670.6909118342455,0.9890533912402167,60.0
34360,2670.69160627869,0.9895980669289633,60.0
34361,2670.6923007231344,0.9896427606827,60.0
34362,2670.692995167579,0.9892659492191567,60.0
34363,2670.6936896120233,0.9886940157648,60.0
34364,2670.6943840564677,0.9891215366581233,60.0
34365,2670.695078500912,0.9898786102185667,60.0
34366,2670.6957729453566,0.9881522200892833,60.0
34367,2670.6964673898015,0.9893791266449566,60.0
34368,2670.697161834246,0.9883773544977866,60.0
34369,2670.6978562786903,0.9880002027766933,60.0
34370,2670.6985507231348,0.99031438643852,60.0
34371,2670.699245167579,0.9888462159550601,60.0
34372,2670.6999396120236,0.9890338502406534,60.0
34373,2670.700634056468,0.9904441417445901,60.0
34374,2670.7013285009125,0.9898236932738301,60.0
34375,2670.702022945357,0.9894307459129132,60.0
34376,2670.7027173898014,0.989140296067895,60.0
34377,2670.703411834246,0.9888918264676333,60.0
34378,2670.7041062786902,0.98933389663939,60.0
34379,2670.7048007231347,0.988663574789535,60.0
34380,2670.705495167579,0.990359446087985,60.0
34381,2670.7061896120235,0.9903267464450467,60.0
34382,2670.706884056468,0.9892984577166967,60.0
34383,2670.7075785009124,0.9892285794180365,60.0
34384,2670.708272945357,0.9881818830487901,60.0
34385,2670.7089673898013,0.9889439276599866,60.0
34386,2670.7096618342457,0.98981214692409,60.0
34387,2670.71035627869,0.9896812819106433,60.0
34388,2670.7110507231346,0.990331840129375,60.0
34389,2670.711745167579,0.9898287134598133,60.0
34390,2670.7124396120234,0.9896029411614368,60.0
34391,2670.713134056468,0.9902109281252166,60.0
34392,2670.7138285009123,0.9896206508052267,60.0
34393,2670.7145229453567,0.98964663150077,60.0
34394,2670.715217389801,0.9899556343287733,60.0
34395,2670.7159118342456,0.98917990890356,60.0
34396,2670.71660627869,0.99016993882254,60.0
34397,2670.7173007231345,0.9895335385911367,60.0
34398,2670.717995167579,0.9894616316912132,60.0
34399,2670.7186896120234,0.9896561209080267,60.0
34400,2670.719384056468,0.9905907014108299,60.0
34401,2670.720078500912,0.9900923109776399,60.0
34402,2670.7207729453567,0.9894694877215601,60.0
34403,2670.721467389801,0.9896162538820933,60.0
34404,2670.7221618342455,0.9895813038680568,60.0
34405,2670.72285627869,0.9902620023822001,60.0
34406,2670.7235507231344,0.9887131567071367,60.0
34407,2670.724245167579,0.989376924071975,60.0
34408,2670.7249396120233,0.98932929429711,60.0
34409,2670.7256340564677,0.98962326034193,60.0
34410,2670.726328500912,0.9890687421800033,60.0
34411,2670.7270229453566,0.9900220342635134,60.0
34412,2670.727717389801,0.9890006469915132,60.0
34413,2670.728411834246,0.9890198580547134,60.0
34414,2670.7291062786903,0.990607745681395,60.0
34415,2670.7298007231348,0.9908414451211267,60.0
34416,2670.730495167579,0.99030209126268,60.0
34417,2670.7311896120236,0.99044996713012,60.0
34418,2670.731884056468,0.990411246932255,60.0
34419,2670.7325785009125,0.9900045211514966,60.0
34420,2670.733272945357,0.9890529247797933,60.0
34421,2670.7339673898014,0.9900666728819899,60.0
34422,2670.734661834246,0.9910336716744034,60.0
34423,2670.7353562786902,0.9899222259741668,60.0
34424,2670.7360507231347,0.9897451572189467,60.0
34425,2670.736745167579,0.9910857992763034,60.0
34426,2670.7374396120235,0.9894371786510433,60.0
34427,2670.738134056468,0.99100058771028,60.0
34428,2670.7388285009124,0.9901661132438632,60.0
34429,2670.739522945357,0.9896544792440967,60.0
34430,2670.7402173898013,0.9897641591034133,60.0
34431,2670.7409118342457,0.9901009030017033,60.0
34432,2670.74160627869,0.9900086156287567,60.0
34433,2670.7423007231346,0.9899934006701,60.0
34434,2670.742995167579,0.98866652415819,60.0
34435,2670.7436896120234,0.9902718443218467,60.0
34436,2670.744384056468,0.99033431561345,60.0
34437,2670.7450785009123,0.9897683954309867,60.0
34438,2670.7457729453567,0.9902575786736234,60.0
34439,2670.746467389801,0.9891458649063649,60.0
34440,2670.7471618342456,0.9893348232137401,60.0
34441,2670.74785627869,0.9907053596703167,60.0
34442,2670.7485507231345,0.9902305057444201,60.0
34443,2670.749245167579,0.9901142332945599,60.0
34444,2670.7499396120234,0.98994214190522,60.0
34445,2670.750634056468,0.99124319169223,60.0
34446,2670.751328500912,0.990499024996065,60.0
34447,2670.7520229453567,0.9901689000335367,60.0
34448,2670.752717389801,0.9891219994638867,60.0
34449,2670.7534118342455,0.99073818264663,60.0
34450,2670.75410627869,0.99020854349225,60.0
34451,2670.7548007231344,0.9901217586965401,60.0
34452,2670.755495167579,0.98991419104921,60.0
34453,2670.7561896120233,0.990007723371835,60.0
34454,2670.7568840564677,0.9904928245935732,60.0
34455,2670.757578500912,0.99035414120533,60.0
34456,2670.7582729453566,0.9905233615878767,60.0
34457,2670.758967389801,0.9907569246874767,60.0
34458,2670.7596618342454,0.9905402515016734,60.0
34459,2670.76035627869,0.99131047119765,60.0
34460,2670.7610507231348,0.990256149289265,60.0
34461,2670.761745167579,0.989702583673645,60.0
34462,2670.7624396120236,0.9902195214951833,60.0
34463,2670.763134056468,0.9896403458554867,60.0
34464,2670.7638285009125,0.9894763897011766,60.0
34465,2670.764522945357,0.99071122180584,60.0
34466,2670.7652173898014,0.98932498800819,60.0
34467,2670.765911834246,0.99027312884789,60.0
34468,2670.7666062786902,0.98947443000693,60.0
34469,2670.7673007231347,0.9901706439697134,60.0
34470,2670.767995167579,0.9899904003693001,60.0
34471,2670.7686896120235,0.9897723751251201,60.0
34472,2670.769384056468,0.9898826776009066,60.0
34473,2670.7700785009124,0.9895434521649634,60.0
34474,2670.770772945357,0.9906171908741267,60.0
34475,2670.7714673898013,0.99022590370716,60.0
34476,2670.7721618342457,0.99073776993451,60.0
34477,2670.77285627869,0.9900161680823967,60.0
34478,2670.7735507231346,0.9899431643899,60.0
34479,2670.774245167579,0.9902289733835367,60.0
34480,2670.7749396120234,0.9898924305432234,60.0
34481,2670.775634056468,0.99022589510434,60.0
34482,2670.7763285009123,0.98970112650489,60.0
34483,2670.7770229453567,0.9904482263478567,60.0
34484,2670.777717389801,0.9901683990090167,60.0
34485,2670.7784118342456,0.9897420991403699,60.0
34486,2670.77910627869,0.99009985843836,60.0
34487,2670.7798007231345,0.9902136927897233,60.0
34488,2670.780495167579,0.9908065319048432,60.0
34489,2670.7811896120234,0.9911620353457266,60.0
34490,2670.781884056468,0.9902292582694466,60.0
34491,2670.782578500912,0.9901066819972066,60.0
34492,2670.7832729453567,0.99082779529226,60.0
34493,2670.783967389801,0.9906395937764566,60.0
34494,2670.7846618342455,0.98977577669646,60.0
34495,2670.78535627869,0.9906268000961934,60.0
34496,2670.7860507231344,0.9910549977046067,60.0
34497,2670.786745167579,0.9913651608591366,60.0
34498,2670.7874396120233,0.9903279715648333,60.0
34499,2670.7881340564677,0.9905547246302601,60.0
34500,2670.788828500912,0.9901314241458633,60.0
34501,2670.7895229453566,0.990406639492625,60.0
34502,2670.790217389801,0.9899824449759634,60.0
34503,2670.7909118342454,0.99060918108941,60.0
34504,2670.79160627869,0.9906896383990501,60.0
34505,2670.7923007231343,0.9906004637954698,60.0
34506,2670.7929951675787,0.991444384576205,60.0
34507,2670.7936896120236,0.9888401519212667,60.0
34508,2670.794384056468,0.9908656441604734,60.0
34509,2670.7950785009125,0.9904911737679349,60.0
34510,2670.795772945357,0.9898446046546133,60.0
34511,2670.7964673898014,0.9910982728148934,60.0
34512,2670.797161834246,0.9907982675255532,60.0
34513,2670.7978562786902,0.9903810485773,60.0
34514,2670.7985507231347,0.9910927693210366,60.0
34515,2670.799245167579,0.9905310992116467,60.0
34516,2670.7999396120235,0.99005816133833,60.0
34517,2670.800634056468,0.9908326864687149,60.0
34518,2670.8013285009124,0.99127933489515,60.0
34519,2670.802022945357,0.9906718499220366,60.0
34520,2670.8027173898013,0.9908052367261767,60.0
34521,2670.8034118342457,0.99011983112331,60.0
34522,2670.80410627869,0.9903406639692399,60.0
34523,2670.8048007231346,0.99044074552081,60.0
34524,2670.805495167579,0.9907425014341533,60.0
34525,2670.8061896120234,0.9900648786362766,60.0
34526,2670.806884056468,0.9900762181969399,60.0
34527,2670.8075785009123,0.9900483074237166,60.0
34528,2670.8082729453567,0.990411572553585,60.0
34529,2670.808967389801,0.98998320915656,60.0
34530,2670.8096618342456,0.9903575395756933,60.0
34531,2670.81035627869,0.9896103738942866,60.0
34532,2670.8110507231345,0.9901132548837066,60.0
34533,2670.811745167579,0.990132254743675,60.0
34534,2670.8124396120234,0.9896788907702634,60.0
34535,2670.813134056468,0.98878306715259,60.0
34536,2670.813828500912,0.9913976925505701,60.0
34537,2670.8145229453567,0.9896880442517401,60.0
34538,2670.815217389801,0.9902833776928501,60.0
34539,2670.8159118342455,0.9917721565317166,60.0
34540,2670.81660627869,0.99036294868238,60.0
34541,2670.8173007231344,0.9912484341733133,60.0
34542,2670.817995167579,0.9907663004747432,60.0
34543,2670.8186896120233,0.9899610391412367,60.0
34544,2670.8193840564677,0.99148152511092,60.0
34545,2670.820078500912,0.9908899212902966,60.0
34546,2670.8207729453566,0.99097395106446,60.0
34547,2670.821467389801,0.99085659688512,60.0
34548,2670.8221618342454,0.9901340489848166,60.0
34549,2670.82285627869,0.9900792089502835,60.0
34550,2670.8235507231343,0.991140143154405,60.0
34551,2670.8242451675787,0.9895007374191099,60.0
34552,2670.824939612023,0.9915834971266334,60.0
34553,2670.825634056468,0.9898585452220366,60.0
34554,2670.8263285009125,0.9904243957911301,60.0
34555,2670.827022945357,0.9893962464184867,60.0
34556,2670.8277173898014,0.99030433385074,60.0
34557,2670.828411834246,0.9908021151711367,60.0
34558,2670.8291062786902,0.9902417661414433,60.0
34559,2670.8298007231347,0.9891734160243151,60.0
34560,2670.830495167579,0.9909152985582033,60.0
34561,2670.8311896120235,0.99144376179119,60.0
34562,2670.831884056468,0.99057036070915,60.0
34563,2670.8325785009124,0.9915526932849533,60.0
34564,2670.833272945357,0.9903475535880933,60.0
34565,2670.8339673898013,0.9913555275866067,60.0
34566,2670.8346618342457,0.9913351958850134,60.0
34567,2670.83535627869,0.9906356319657,60.0
34568,2670.8360507231346,0.98915302496221,60.0
34569,2670.836745167579,0.99097303159908,60.0
34570,2670.8374396120234,0.9910258105637366,60.0
34571,2670.838134056468,0.9901900902304767,60.0
34572,2670.8388285009123,0.99103301028059,60.0
34573,2670.8395229453567,0.9906225831160768,60.0
34574,2670.840217389801,0.99057635861849,60.0
34575,2670.8409118342456,0.99106985226233,60.0
34576,2670.84160627869,0.991175209063455,60.0
34577,2670.8423007231345,0.9915074894882933,60.0
34578,2670.842995167579,0.9906149197756899,60.0
34579,2670.8436896120234,0.99006139306556,60.0
34580,2670.844384056468,0.9912028591414933,60.0
34581,2670.845078500912,0.99107778168104,60.0
34582,2670.8457729453567,0.993249586335495,60.0
34583,2670.846467389801,0.9912412480181434,60.0
34584,2670.8471618342455,0.9906720539976,60.0
34585,2670.84785627869,0.9911053383389333,60.0
34586,2670.8485507231344,0.9910328406060832,60.0
34587,2670.849245167579,0.9913890589640934,60.0
34588,2670.8499396120233,0.9920180335368833,60.0
34589,2670.8506340564677,0.990844886554195,60.0
34590,2670.851328500912,0.9916433480045633,60.0
34591,2670.8520229453566,0.9930020185307233,60.0
34592,2670.852717389801,0.9916923853519467,60.0
34593,2670.8534118342454,0.9914579462322033,60.0
34594,2670.85410627869,0.9906979205539367,60.0
34595,2670.8548007231343,0.99236539734978,60.0
34596,2670.8554951675787,0.9924646924325867,60.0
34597,2670.856189612023,0.9921442395182,60.0
34598,2670.8568840564676,0.9913127888073999,60.0
34599,2670.857578500912,0.9923094261302067,60.0
34600,2670.858272945357,0.99157326405117,60.0
34601,2670.8589673898014,0.9923915008695433,60.0
34602,2670.859661834246,0.9906949757101899,60.0
34603,2670.8603562786902,0.9920747543268132,60.0
34604,2670.8610507231347,0.9922016723506734,60.0
34605,2670.861745167579,0.9921008957690199,60.0
34606,2670.8624396120235,0.9919377909820533,60.0
34607,2670.863134056468,0.9906466041198749,60.0
34608,2670.8638285009124,0.9921823467877632,60.0
34609,2670.864522945357,0.9919879017996468,60.0
34610,2670.8652173898013,0.9911034901014734,60.0
34611,2670.8659118342457,0.9921726657603167,60.0
34612,2670.86660627869,0.9931807838898501,60.0
34613,2670.8673007231346,0.9911822950691866,60.0
34614,2670.867995167579,0.9917386980014,60.0
34615,2670.8686896120234,0.9916535645288267,60.0
34616,2670.869384056468,0.9915340677849,60.0
34617,2670.8700785009123,0.9921055192386401,60.0
34618,2670.8707729453567,0.9917699732143435,60.0
34619,2670.871467389801,0.99121147517447,60.0
34620,2670.8721618342456,0.9911924087896833,60.0
34621,2670.87285627869,0.9915028829614033,60.0
34622,2670.8735507231345,0.9902271295452433,60.0
34623,2670.874245167579,0.9917860425055167,60.0
34624,2670.8749396120234,0.9910136043118367,60.0
34625,2670.875634056468,0.99142144215901,60.0
34626,2670.876328500912,0.99240016275889,60.0
34627,2670.8770229453567,0.9909464133549033,60.0
34628,2670.877717389801,0.99274911332158,60.0
34629,2670.8784118342455,0.9924957632716134,60.0
34630,2670.87910627869,0.9925315337102835,60.0
34631,2670.8798007231344,0.9924880710422966,60.0
34632,2670.880495167579,0.9917340429672633,60.0
34633,2670.8811896120233,0.99248924663449,60.0
34634,2670.8818840564677,0.9921520753643033,60.0
34635,2670.882578500912,0.9921119697049167,60.0
34636,2670.8832729453566,0.9919103735845449,60.0
34637,2670.883967389801,0.9910681410831034,60.0
34638,2670.8846618342454,0.9916262807891832,60.0
34639,2670.88535627869,0.9931055662288233,60.0
34640,2670.8860507231343,0.9918239869715351,60.0
34641,2670.8867451675787,0.99130620968229,60.0
34642,2670.887439612023,0.9921720051104167,60.0
34643,2670.8881340564676,0.9918983001488666,60.0
34644,2670.888828500912,0.9914694436176434,60.0
34645,2670.8895229453565,0.9913173025306701,60.0
34646,2670.8902173898014,0.9915431550357666,60.0
34647,2670.890911834246,0.9920678734560799,60.0
34648,2670.8916062786902,0.9916511865731367,60.0
34649,2670.8923007231347,0.9921702579968968,60.0
34650,2670.892995167579,0.9927174599873467,60.0
34651,2670.8936896120235,0.9918251952602833,60.0
34652,2670.894384056468,0.9913779372016002,60.0
34653,2670.8950785009124,0.9921503036863166,60.0
34654,2670.895772945357,0.9917326903159133,60.0
34655,2670.8964673898013,0.9928968840205833,60.0
34656,2670.8971618342457,0.9922496902432832,60.0
34657,2670.89785627869,0.9922334394946434,60.0
34658,2670.8985507231346,0.9920930478479867,60.0
34659,2670.899245167579,0.9918595955060266,60.0
34660,2670.8999396120234,0.992964391564335,60.0
34661,2670.900634056468,0.9930510826508133,60.0
34662,2670.9013285009123,0.9931462426119967,60.0
34663,2670.9020229453567,0.9919623269268733,60.0
34664,2670.902717389801,0.99254601743286,60.0
34665,2670.9034118342456,0.9921992002294533,60.0
34666,2670.90410627869,0.99159481959116,60.0
34667,2670.9048007231345,0.9916421808140233,60.0
34668,2670.905495167579,0.9913244228834467,60.0
34669,2670.9061896120234,0.9917822815016466,60.0
34670,2670.906884056468,0.9912297340464233,60.0
34671,2670.907578500912,0.9923625586072999,60.0
34672,2670.9082729453567,0.9919319274452301,60.0
34673,2670.908967389801,0.99183631290781,60.0
34674,2670.9096618342455,0.99181233798995,60.0
34675,2670.91035627869,0.9912080070152967,60.0
34676,2670.9110507231344,0.9918027152469167,60.0
34677,2670.911745167579,0.9918623913969067,60.0
34678,2670.9124396120233,0.99194120074533,60.0
34679,2670.9131340564677,0.99180825229022,60.0
34680,2670.913828500912,0.9925653916356133,60.0
34681,2670.9145229453566,0.9915850602912334,60.0
34682,2670.915217389801,0.9915582928370034,60.0
34683,2670.9159118342454,0.9912406264022566,60.0
34684,2670.91660627869,0.9918178640903866,60.0
34685,2670.9173007231343,0.9918129055015933,60.0
34686,2670.9179951675787,0.99277498066427,60.0
34687,2670.918689612023,0.9919438348105899,60.0
34688,2670.9193840564676,0.9933109496720633,60.0
34689,2670.920078500912,0.99261918774316,60.0
34690,2670.9207729453565,0.9921743795988466,60.0
34691,2670.921467389801,0.9923367245928167,60.0
34692,2670.9221618342453,0.9929979181212567,60.0
34693,2670.9228562786902,0.99227980119127,60.0
34694,2670.9235507231347,0.993199400025355,60.0
34695,2670.924245167579,0.992156261719365,60.0
34696,2670.9249396120235,0.9926943310447967,60.0
34697,2670.925634056468,0.9922441499248765,60.0
34698,2670.9263285009124,0.99192083490877,60.0
34699,2670.927022945357,0.9923964305191934,60.0
34700,2670.9277173898013,0.9935392270267833,60.0
34701,2670.9284118342457,0.9919707516386099,60.0
34702,2670.92910627869,0.9917823654817833,60.0
34703,2670.9298007231346,0.9926549978731334,60.0
34704,2670.930495167579,0.9924462257764399,60.0
34705,2670.9311896120234,0.9921667826757901,60.0
34706,2670.931884056468,0.99192215519385,60.0
34707,2670.9325785009123,0.9934038134398268,60.0
34708,2670.9332729453567,0.9929986137037834,60.0
34709,2670.933967389801,0.9921087751681067,60.0
34710,2670.9346618342456,0.9931446413070234,60.0
34711,2670.93535627869,0.9919871052517933,60.0
34712,2670.9360507231345,0.9932859021552266,60.0
34713,2670.936745167579,0.99297785624031,60.0
34714,2670.9374396120234,0.9925815569794499,60.0
34715,2670.938134056468,0.992461635322165,60.0
34716,2670.938828500912,0.9923664290906133,60.0
34717,2670.9395229453567,0.9921461591271733,60.0
34718,2670.940217389801,0.99314116102394,60.0
34719,2670.9409118342455,0.99299962198209,60.0
34720,2670.94160627869,0.9923549149783167,60.0
34721,2670.9423007231344,0.9920727306169833,60.0
34722,2670.942995167579,0.9931397287588667,60.0
34723,2670.9436896120233,0.9920786705590033,60.0
34724,2670.9443840564677,0.9926099167500334,60.0
34725,2670.945078500912,0.9922187412734066,60.0
34726,2670.9457729453566,0.9918655426275768,60.0
34727,2670.946467389801,0.99260299279729,60.0
34728,2670.9471618342454,0.9925235320976666,60.0
34729,2670.94785627869,0.9938045908334067,60.0
34730,2670.9485507231343,0.9932321998856567,60.0
34731,2670.9492451675787,0.9948551261623434,60.0
34732,2670.949939612023,0.9929335286770132,60.0
34733,2670.9506340564676,0.9920011270369199,60.0
34734,2670.951328500912,0.9929114101928701,60.0
34735,2670.9520229453565,0.99239390104031,60.0
34736,2670.952717389801,0.9923051505069468,60.0
34737,2670.9534118342453,0.993548836691395,60.0
34738,2670.95410627869,0.99281907364615,60.0
34739,2670.9548007231347,0.99421030597993,60.0
34740,2670.955495167579,0.99435993017266,60.0
34741,2670.9561896120235,0.9934963545116,60.0
34742,2670.956884056468,0.993222802155765,60.0
34743,2670.9575785009124,0.99279410877255,60.0
34744,2670.958272945357,0.99282138509593,60.0
34745,2670.9589673898013,0.9935243697620834,60.0
34746,2670.9596618342457,0.9938698837038134,60.0
34747,2670.96035627869,0.9921693124314367,60.0
34748,2670.9610507231346,0.9930284339429267,60.0
34749,2670.961745167579,0.9932546164070434,60.0
34750,2670.9624396120234,0.99297587207763,60.0
34751,2670.963134056468,0.9928379225700933,60.0
34752,2670.9638285009123,0.9928997926494366,60.0
34753,2670.9645229453567,0.99294988417325,60.0
34754,2670.965217389801,0.9933771068570567,60.0
34755,2670.9659118342456,0.9929019089445034,60.0
34756,2670.96660627869,0.9926999758209166,60.0
34757,2670.9673007231345,0.9937067541023467,60.0
34758,2670.967995167579,0.9924110385877399,60.0
34759,2670.9686896120234,0.9925682488043199,60.0
34760,2670.969384056468,0.9935277474661067,60.0
34761,2670.970078500912,0.9936975841403733,60.0
34762,2670.9707729453567,0.99320897287887,60.0
34763,2670.971467389801,0.99303210036045,60.0
34764,2670.9721618342455,0.9929673234646167,60.0
34765,2670.97285627869,0.99433522149825,60.0
34766,2670.9735507231344,0.9938625918812699,60.0
34767,2670.974245167579,0.9934877553743767,60.0
34768,2670.9749396120233,0.9931943172004001,60.0
34769,2670.9756340564677,0.9931442785863668,60.0
34770,2670.976328500912,0.9938448157777233,60.0
34771,2670.9770229453566,0.9938547912033701,60.0
34772,2670.977717389801,0.9917790335408633,60.0
34773,2670.9784118342454,0.9926772928015066,60.0
34774,2670.97910627869,0.9926797368573633,60.0
34775,2670.9798007231343,0.9924444851286732,60.0
34776,2670.9804951675787,0.99345643546066,60.0
34777,2670.981189612023,0.9928848278811166,60.0
34778,2670.9818840564676,0.9934097312445567,60.0
34779,2670.982578500912,0.9931238571698167,60.0
34780,2670.9832729453565,0.9929991393134934,60.0
34781,2670.983967389801,0.99332365599815,60.0
34782,2670.9846618342453,0.9932459449341833,60.0
34783,2670.98535627869,0.9931010812844434,60.0
34784,2670.986050723134,0.9932749215114534,60.0
34785,2670.9867451675786,0.9930771945894467,60.0
34786,2670.9874396120235,0.994243710022775,60.0
34787,2670.988134056468,0.9929457026341767,60.0
34788,2670.9888285009124,0.9936765759646601,60.0
34789,2670.989522945357,0.9934673272652601,60.0
34790,2670.9902173898013,0.9940206307740166,60.0
34791,2670.9909118342457,0.9932230727765367,60.0
34792,2670.99160627869,0.9924702753266166,60.0
34793,2670.9923007231346,0.9929199649920832,60.0
34794,2670.992995167579,0.99324759243044,60.0
34795,2670.9936896120234,0.9928103000109134,60.0
34796,2670.994384056468,0.99376207897054,60.0
34797,2670.9950785009123,0.9941808170546933,60.0
34798,2670.9957729453567,0.9932809713003233,60.0
34799,2670.996467389801,0.9944565525207234,60.0
34800,2670.9971618342456,0.99352775019372,60.0
34801,2670.99785627869,0.9941143873754134,60.0
34802,2670.9985507231345,0.9941806820597866,60.0
34803,2670.999245167579,0.99374178118989,60.0
34804,2670.9999396120234,0.9932173962429101,60.0
34805,2671.000634056468,0.9935297781247666,60.0
34806,2671.001328500912,0.9939221757298267,60.0
34807,2671.0020229453567,0.9933114246490199,60.0
34808,2671.002717389801,0.9940259500216966,60.0
34809,2671.0034118342455,0.9936533815309666,60.0
34810,2671.00410627869,0.993511594877145,60.0
34811,2671.0048007231344,0.9934256718345468,60.0
34812,2671.005495167579,0.9936215258517967,60.0
34813,2671.0061896120233,0.9949269455624834,60.0
34814,2671.0068840564677,0.9935208463652833,60.0
34815,2671.007578500912,0.9932347456585501,60.0
34816,2671.0082729453566,0.993959028546375,60.0
34817,2671.008967389801,0.9938044041321734,60.0
34818,2671.0096618342454,0.9941753916008933,60.0
34819,2671.01035627869,0.9943924361077766,60.0
34820,2671.0110507231343,0.9933206463452665,60.0
34821,2671.0117451675787,0.9941592893099799,60.0
34822,2671.012439612023,0.9932700611784933,60.0
34823,2671.0131340564676,0.9934973321453734,60.0
34824,2671.013828500912,0.9943365713896001,60.0
34825,2671.0145229453565,0.9938596229744734,60.0
34826,2671.015217389801,0.9942340863117667,60.0
34827,2671.0159118342453,0.99412894941643,60.0
34828,2671.01660627869,0.9951858438490233,60.0
34829,2671.017300723134,0.99408030835006,60.0
34830,2671.0179951675786,0.9950032835047132,60.0
34831,2671.018689612023,0.9934863737340233,60.0
34832,2671.019384056468,0.9941145048263866,60.0
34833,2671.0200785009124,0.9935179382078966,60.0
34834,2671.020772945357,0.9938889907590335,60.0
34835,2671.0214673898013,0.9939164869696967,60.0
34836,2671.0221618342457,0.99442020557556,60.0
34837,2671.02285627869,0.9939605318147033,60.0
34838,2671.0235507231346,0.9948661894099967,60.0
34839,2671.024245167579,0.9941425870928665,60.0
34840,2671.0249396120234,0.9951434609635467,60.0
34841,2671.025634056468,0.9940646620383999,60.0
34842,2671.0263285009123,0.994500701540365,60.0
34843,2671.0270229453567,0.9940141896058367,60.0
34844,2671.027717389801,0.9945213161337566,60.0
34845,2671.0284118342456,0.9925091777838001,60.0
34846,2671.02910627869,0.9935353745434033,60.0
34847,2671.0298007231345,0.9942818850104033,60.0
34848,2671.030495167579,0.9939779760044734,60.0
34849,2671.0311896120234,0.9940843504549601,60.0
34850,2671.031884056468,0.9935302774363134,60.0
34851,2671.032578500912,0.9934950420481501,60.0
34852,2671.0332729453567,0.99490748057449,60.0
34853,2671.033967389801,0.99509211559443,60.0
34854,2671.0346618342455,0.9943251021650034,60.0
34855,2671.03535627869,0.9947467180300565,60.0
34856,2671.0360507231344,0.9942784979526134,60.0
34857,2671.036745167579,0.9942694546453067,60.0
34858,2671.0374396120233,0.99388701281003,60.0
34859,2671.0381340564677,0.9948084011660933,60.0
34860,2671.038828500912,0.99356166436879,60.0
34861,2671.0395229453566,0.9945297592556334,60.0
34862,2671.040217389801,0.9950090132614634,60.0
34863,2671.0409118342454,0.9937040511757665,60.0
34864,2671.04160627869,0.9952420817030067,60.0
34865,2671.0423007231343,0.9939033213356799,60.0
34866,2671.0429951675787,0.9953743747923601,60.0
34867,2671.043689612023,0.9946831784238933,60.0
34868,2671.0443840564676,0.9936150836906533,60.0
34869,2671.045078500912,0.994675318838885,60.0
34870,2671.0457729453565,0.9952201150663132,60.0
34871,2671.046467389801,0.9944616764315133,60.0
34872,2671.0471618342453,0.9951141599995333,60.0
34873,2671.04785627869,0.9951126677203567,60.0
34874,2671.048550723134,0.9955501099933066,60.0
34875,2671.0492451675786,0.9943933878134,60.0
34876,2671.049939612023,0.9950393082424999,60.0
34877,2671.0506340564675,0.9939894026038334,60.0
34878,2671.051328500912,0.9954943952335834,60.0
34879,2671.052022945357,0.9938234308104567,60.0
34880,2671.0527173898013,0.9947724490243733,60.0
34881,2671.0534118342457,0.99583330169497,60.0
34882,2671.05410627869,0.9949515686190833,60.0
34883,2671.0548007231346,0.99473686763077,60.0
34884,2671.055495167579,0.9944541126386067,60.0
34885,2671.0561896120234,0.9945754452365599,60.0
34886,2671.056884056468,0.9943409512716034,60.0
34887,2671.0575785009123,0.9940734841699633,60.0
34888,2671.0582729453567,0.9942808281871235,60.0
34889,2671.058967389801,0.9955012912266833,60.0
34890,2671.0596618342456,0.99575097043068,60.0
34891,2671.06035627869,0.9953949616365666,60.0
34892,2671.0610507231345,0.9942844838268067,60.0
34893,2671.061745167579,0.9951959413841133,60.0
34894,2671.0624396120234,0.9942166785732699,60.0
34895,2671.063134056468,0.9948441043875565,60.0
34896,2671.063828500912,0.9950171933289833,60.0
34897,2671.0645229453567,0.9945970544853799,60.0
34898,2671.065217389801,0.9957929308642867,60.0
34899,2671.0659118342455,0.9937580691900733,60.0
34900,2671.06660627869,0.9942249467714267,60.0
34901,2671.0673007231344,0.9938699905110565,60.0
34902,2671.067995167579,0.9939404106291533,60.0
34903,2671.0686896120233,0.9953883317632467,60.0
34904,2671.0693840564677,0.9950454770909233,60.0
34905,2671.070078500912,0.9950480781146367,60.0
34906,2671.0707729453566,0.9945182986152,60.0
34907,2671.071467389801,0.995540258724125,60.0
34908,2671.0721618342454,0.9951542957667368,60.0
34909,2671.07285627869,0.9947950170414134,60.0
34910,2671.0735507231343,0.995678547593735,60.0
34911,2671.0742451675787,0.9948542366702168,60.0
34912,2671.074939612023,0.9950416896604101,60.0
34913,2671.0756340564676,0.9954964102125833,60.0
34914,2671.076328500912,0.9948364022383668,60.0
34915,2671.0770229453565,0.9950751965728933,60.0
34916,2671.077717389801,0.9941172151294699,60.0
34917,2671.0784118342453,0.994498910078895,60.0
34918,2671.07910627869,0.9947747957783534,60.0
34919,2671.079800723134,0.99497562413382,60.0
34920,2671.0804951675786,0.9956187436433767,60.0
34921,2671.081189612023,0.9950470709398299,60.0
34922,2671.0818840564675,0.99541383166536,60.0
34923,2671.082578500912,0.9954684607225966,60.0
34924,2671.0832729453564,0.9953564070335333,60.0
34925,2671.0839673898013,0.9951907497615666,60.0
34926,2671.0846618342457,0.9941781204832899,60.0
34927,2671.08535627869,0.994797215767915,60.0
34928,2671.0860507231346,0.9950364770990268,60.0
34929,2671.086745167579,0.9965837375383133,60.0
34930,2671.0874396120234,0.9947031839342534,60.0
34931,2671.088134056468,0.99540330852835,60.0
34932,2671.0888285009123,0.99506711049523,60.0
34933,2671.0895229453567,0.9953090133063401,60.0
34934,2671.090217389801,0.99513639742981,60.0
34935,2671.0909118342456,0.9959220742199467,60.0
34936,2671.09160627869,0.9953133823555366,60.0
34937,2671.0923007231345,0.9952134363170867,60.0
34938,2671.092995167579,0.9946853544918101,60.0
34939,2671.0936896120234,0.9948874563667133,60.0
34940,2671.094384056468,0.9959284390826001,60.0
34941,2671.095078500912,0.99589696039667,60.0
34942,2671.0957729453567,0.9954274789003534,60.0
34943,2671.096467389801,0.9947834898789134,60.0
34944,2671.0971618342455,0.99530548638551,60.0
34945,2671.09785627869,0.9960958180804332,60.0
34946,2671.0985507231344,0.9967464284172599,60.0
34947,2671.099245167579,0.9951283209163432,60.0
34948,2671.0999396120233,0.99509233791182,60.0
34949,2671.1006340564677,0.9959922222824268,60.0
34950,2671.101328500912,0.9959648539246451,60.0
34951,2671.1020229453566,0.9948210409597568,60.0
34952,2671.102717389801,0.9950851105660767,60.0
34953,2671.1034118342454,0.9953116331905401,60.0
34954,2671.10410627869,0.9952882552358666,60.0
34955,2671.1048007231343,0.995497474113805,60.0
34956,2671.1054951675787,0.9951295046802134,60.0
34957,2671.106189612023,0.9961304241189767,60.0
34958,2671.1068840564676,0.995302960333435,60.0
34959,2671.107578500912,0.995253950533585,60.0
34960,2671.1082729453565,0.99577274303115,60.0
34961,2671.108967389801,0.9951683406642168,60.0
34962,2671.1096618342453,0.9963194446779999,60.0
34963,2671.11035627869,0.996223601024825,60.0
34964,2671.111050723134,0.9969794514203567,60.0
34965,2671.1117451675786,0.9955717954559867,60.0
34966,2671.112439612023,0.9955402079232766,60.0
34967,2671.1131340564675,0.99525858617061,60.0
34968,2671.113828500912,0.9954550278376266,60.0
34969,2671.1145229453564,0.9963752642134366,60.0
34970,2671.115217389801,0.995176827612965,60.0
34971,2671.1159118342453,0.9950492102404334,60.0
34972,2671.11660627869,0.9958494471088134,60.0
34973,2671.1173007231346,0.9954865922677001,60.0
34974,2671.117995167579,0.9955910880969266,60.0
34975,2671.1186896120234,0.9957076595412065,60.0
34976,2671.119384056468,0.99514201083006,60.0
34977,2671.1200785009123,0.9955444867769033,60.0
34978,2671.1207729453567,0.9956934736750567,60.0
34979,2671.121467389801,0.99611716169146,60.0
34980,2671.1221618342456,0.99551540461967,60.0
34981,2671.12285627869,0.9954033170948366,60.0
34982,2671.1235507231345,0.9956641131273534,60.0
34983,2671.124245167579,0.99453990851819,60.0
34984,2671.1249396120234,0.9959800404642567,60.0
34985,2671.125634056468,0.995434637525265,60.0
34986,2671.126328500912,0.9951679537158733,60.0
34987,2671.1270229453567,0.9956442616699767,60.0
34988,2671.127717389801,0.9964104676965201,60.0
34989,2671.1284118342455,0.9958209778924699,60.0
34990,2671.12910627869,0.9952502119251699,60.0
34991,2671.1298007231344,0.9952552847171733,60.0
34992,2671.130495167579,0.9953857171282366,60.0
34993,2671.1311896120233,0.9958909825164,60.0
34994,2671.1318840564677,0.9957836736499199,60.0
34995,2671.132578500912,0.9952553623727199,60.0
34996,2671.1332729453566,0.99523558356259,60.0
34997,2671.133967389801,0.9968771072245733,60.0
34998,2671.1346618342454,0.9963481582178367,60.0
34999,2671.13535627869,0.9952917054932934,60.0
35000,2671.1360507231343,0.9965967669246133,60.0
35001,2671.1367451675787,0.9963905314467566,60.0
35002,2671.137439612023,0.99584804051513,60.0
35003,2671.1381340564676,0.9953416690589201,60.0
35004,2671.138828500912,0.996520161478565,60.0
35005,2671.1395229453565,0.99592951811889,60.0
35006,2671.140217389801,0.9956675264618999,60.0
35007,2671.1409118342453,0.9961617921156,60.0
35008,2671.14160627869,0.99662481599457,60.0
35009,2671.142300723134,0.9959127052707833,60.0
35010,2671.1429951675786,0.9965135609237566,60.0
35011,2671.143689612023,0.9960059596700633,60.0
35012,2671.1443840564675,0.9966264188164334,60.0
35013,2671.145078500912,0.9964607290201166,60.0
35014,2671.1457729453564,0.9966820314839167,60.0
35015,2671.146467389801,0.9950020708011768,60.0
35016,2671.1471618342453,0.99620940362498,60.0
35017,2671.1478562786897,0.99514807251751,60.0
35018,2671.148550723134,0.9949204914351367,60.0
35019,2671.149245167579,0.99573607144784,60.0
35020,2671.1499396120234,0.99547016077037,60.0
35021,2671.150634056468,0.9954663272922833,60.0
35022,2671.1513285009123,0.996384218271835,60.0
35023,2671.1520229453567,0.9963772331157,60.0
35024,2671.152717389801,0.9953130219321267,60.0
35025,2671.1534118342456,0.99611321646122,60.0
35026,2671.15410627869,0.9958481969405367,60.0
35027,2671.1548007231345,0.9963508930364466,60.0
35028,2671.155495167579,0.9954789957136649,60.0
35029,2671.1561896120234,0.996777821374915,60.0
35030,2671.156884056468,0.9961408430104367,60.0
35031,2671.157578500912,0.996339142782375,60.0
35032,2671.1582729453567,0.99608077092476,60.0
35033,2671.158967389801,0.9965220096405233,60.0
35034,2671.1596618342455,0.9966850697984401,60.0
35035,2671.16035627869,0.9959054814213467,60.0
35036,2671.1610507231344,0.9961167611495899,60.0
35037,2671.161745167579,0.9957399388141567,60.0
35038,2671.1624396120233,0.9960944816029333,60.0
35039,2671.1631340564677,0.9960353223300467,60.0
35040,2671.163828500912,0.99630975955409,60.0
35041,2671.1645229453566,0.9968600938480234,60.0
35042,2671.165217389801,0.9963294933168401,60.0
35043,2671.1659118342454,0.9963348040221233,60.0
35044,2671.16660627869,0.9974605630914234,60.0
35045,2671.1673007231343,0.9957437814357633,60.0
35046,2671.1679951675787,0.9957612999353,60.0
35047,2671.168689612023,0.9951281902036465,60.0
35048,2671.1693840564676,0.9967487560240035,60.0
35049,2671.170078500912,0.9973660719842866,60.0
35050,2671.1707729453565,0.99794721549164,60.0
35051,2671.171467389801,0.9965788227521234,60.0
35052,2671.1721618342453,0.9964648912125332,60.0
35053,2671.17285627869,0.9965340232127433,60.0
35054,2671.173550723134,0.99531407500707,60.0
35055,2671.1742451675786,0.9960177951510033,60.0
35056,2671.174939612023,0.9963950892833934,60.0
35057,2671.1756340564675,0.99639181946484,60.0
35058,2671.176328500912,0.9954531103686733,60.0
35059,2671.1770229453564,0.99617826677815,60.0
35060,2671.177717389801,0.9966786929852667,60.0
35061,2671.1784118342453,0.9959574371861301,60.0
35062,2671.1791062786897,0.9959873653621699,60.0
35063,2671.179800723134,0.9960796529268133,60.0
35064,2671.1804951675786,0.9957765434806333,60.0
35065,2671.1811896120234,0.9955776470196168,60.0
35066,2671.181884056468,0.9959969387504334,60.0
35067,2671.1825785009123,0.99743170394431,60.0
35068,2671.1832729453567,0.9973308195308066,60.0
35069,2671.183967389801,0.9975044362997832,60.0
35070,2671.1846618342456,0.9968934151223133,60.0
35071,2671.18535627869,0.9970752342892567,60.0
35072,2671.1860507231345,0.9957341134786066,60.0
35073,2671.186745167579,0.9960004124568633,60.0
35074,2671.1874396120234,0.9972950953676735,60.0
35075,2671.188134056468,0.99709506628012,60.0
35076,2671.188828500912,0.9969545753263834,60.0
35077,2671.1895229453567,0.99703266416621,60.0
35078,2671.190217389801,0.99681234469054,60.0
35079,2671.1909118342455,0.9961924111994233,60.0
35080,2671.19160627869,0.9965222626054233,60.0
35081,2671.1923007231344,0.99553095606023,60.0
35082,2671.192995167579,0.9972724527112199,60.0
35083,2671.1936896120233,0.9963369156240249,60.0
35084,2671.1943840564677,0.99714890965614,60.0
35085,2671.195078500912,0.9958773138038167,60.0
35086,2671.1957729453566,0.9970528946916734,60.0
35087,2671.196467389801,0.9972274371422399,60.0
35088,2671.1971618342454,0.9976765000532932,60.0
35089,2671.19785627869,0.9975528984114334,60.0
35090,2671.1985507231343,0.9974854510427867,60.0
35091,2671.1992451675787,0.9977479628251701,60.0
35092,2671.199939612023,0.9968393674384967,60.0
35093,2671.2006340564676,0.99632790034,60.0
35094,2671.201328500912,0.9964488573449167,60.0
35095,2671.2020229453565,0.99645228114445,60.0
35096,2671.202717389801,0.997817745780565,60.0
35097,2671.2034118342453,0.9967059532382933,60.0
35098,2671.20410627869,0.9964980601786966,60.0
35099,2671.204800723134,0.9972384096186367,60.0
35100,2671.2054951675786,0.9969984759056668,60.0
35101,2671.206189612023,0.9968297198113033,60.0
35102,2671.2068840564675,0.9971911575015268,60.0
35103,2671.207578500912,0.9976917277010733,60.0
35104,2671.2082729453564,0.9980304772801167,60.0
35105,2671.208967389801,0.9970992558010466,60.0
35106,2671.2096618342453,0.9964248942674967,60.0
35107,2671.2103562786897,0.9966166354394334,60.0
35108,2671.211050723134,0.9968349088493501,60.0
35109,2671.2117451675786,0.9977130995705733,60.0
35110,2671.212439612023,0.9981755748638933,60.0
35111,2671.2131340564674,0.9970899831299866,60.0
35112,2671.2138285009123,0.9972530680474,60.0
35113,2671.2145229453567,0.9976692598367234,60.0
35114,2671.215217389801,0.9971668492731234,60.0
35115,2671.2159118342456,0.9981807230105666,60.0
35116,2671.21660627869,0.99745041018593,60.0
35117,2671.2173007231345,0.99783683986066,60.0
35118,2671.217995167579,0.9964217570417201,60.0
35119,2671.2186896120234,0.99673156441466,60.0
35120,2671.219384056468,0.9977102566491434,60.0
35121,2671.220078500912,0.99738339583373,60.0
35122,2671.2207729453567,0.9975285745710701,60.0
35123,2671.221467389801,0.9973185543797932,60.0
35124,2671.2221618342455,0.9975366072286334,60.0
35125,2671.22285627869,0.9975609908245201,60.0
35126,2671.2235507231344,0.9969216812351466,60.0
35127,2671.224245167579,0.9974457837582866,60.0
35128,2671.2249396120233,0.99818611697804,60.0
35129,2671.2256340564677,0.9975878087582499,60.0
35130,2671.226328500912,0.9971562651254867,60.0
35131,2671.2270229453566,0.9979937119565934,60.0
35132,2671.227717389801,0.9977922085344734,60.0
35133,2671.2284118342454,0.9980295111314067,60.0
35134,2671.22910627869,0.99802178685856,60.0
35135,2671.2298007231343,0.99765448701139,60.0
35136,2671.2304951675787,0.99748097580507,60.0
35137,2671.231189612023,0.9984420293130333,60.0
35138,2671.2318840564676,0.9998480828990767,60.0
35139,2671.232578500912,0.9978900991844201,60.0
35140,2671.2332729453565,0.99820676185839,60.0
35141,2671.233967389801,0.99851569775238,60.0
35142,2671.2346618342453,0.9976302874246566,60.0
35143,2671.23535627869,0.9985089802950299,60.0
35144,2671.236050723134,0.9977605894687667,60.0
35145,2671.2367451675786,0.99898253624108,60.0
35146,2671.237439612023,0.99711283634411,60.0
35147,2671.2381340564675,0.999026863445055,60.0
35148,2671.238828500912,0.99790639506122,60.0
35149,2671.2395229453564,0.9969144302318868,60.0
35150,2671.240217389801,0.9983822676607268,60.0
35151,2671.2409118342453,0.9993875852460201,60.0
35152,2671.2416062786897,0.99869782545881,60.0
35153,2671.242300723134,0.9981539049037732,60.0
35154,2671.2429951675786,0.9985744739317433,60.0
35155,2671.243689612023,0.9983311789692566,60.0
35156,2671.2443840564674,0.9980850906300249,60.0
35157,2671.245078500912,0.99934622802629,60.0
35158,2671.2457729453567,0.9979716768209433,60.0
35159,2671.246467389801,0.9975299446623568,60.0
35160,2671.2471618342456,0.9977643049295267,60.0
35161,2671.24785627869,0.9982203590970267,60.0
35162,2671.2485507231345,0.99823839556765,60.0
35163,2671.249245167579,0.9979335977790367,60.0
35164,2671.2499396120234,0.997798383887135,60.0
35165,2671.250634056468,0.999809230899515,60.0
35166,2671.251328500912,0.997626381918975,60.0
35167,2671.2520229453567,0.99822364325513,60.0
35168,2671.252717389801,0.9984831880666866,60.0
35169,2671.2534118342455,0.9981883240516299,60.0
35170,2671.25410627869,0.99937334638084,60.0
35171,2671.2548007231344,0.9982323103380567,60.0
35172,2671.255495167579,0.9981361608974,60.0
35173,2671.2561896120233,0.9986694241391065,60.0
35174,2671.2568840564677,0.9985587455201067,60.0
35175,2671.257578500912,0.9990676100553667,60.0
35176,2671.2582729453566,0.9988279344561933,60.0
35177,2671.258967389801,0.99858581336434,60.0
35178,2671.2596618342454,0.9982242839632699,60.0
35179,2671.26035627869,0.9981991033842234,60.0
35180,2671.2610507231343,0.99862608315599,60.0
35181,2671.2617451675787,0.9992377452035434,60.0
35182,2671.262439612023,0.9988273992294365,60.0
35183,2671.2631340564676,0.9991239607297567,60.0
35184,2671.263828500912,0.9995946141334601,60.0
35185,2671.2645229453565,0.9992272493933734,60.0
35186,2671.265217389801,0.9984399810280333,60.0
35187,2671.2659118342453,0.9991604749413466,60.0
35188,2671.26660627869,0.9996945789208967,60.0
35189,2671.267300723134,0.99881502868223,60.0
35190,2671.2679951675786,0.998120881590565,60.0
35191,2671.268689612023,0.997917612483685,60.0
35192,2671.2693840564675,0.9982046730602033,60.0
35193,2671.270078500912,0.9982286526312668,60.0
35194,2671.2707729453564,0.9976745112895,60.0
35195,2671.271467389801,0.9991336106040599,60.0
35196,2671.2721618342453,0.9992691112767034,60.0
35197,2671.2728562786897,0.9995818276566467,60.0
35198,2671.273550723134,0.99785624182586,60.0
35199,2671.2742451675786,0.9991629535889133,60.0
35200,2671.274939612023,0.9983512415133634,60.0
35201,2671.2756340564674,0.99775235965774,60.0
35202,2671.276328500912,0.9985897187304134,60.0
35203,2671.2770229453563,0.9994693285922632,60.0
35204,2671.2777173898007,0.9984041796763866,60.0
35205,2671.2784118342456,0.9984755214083633,60.0
35206,2671.27910627869,0.9989772788000334,60.0
35207,2671.2798007231345,0.9979410540109566,60.0
35208,2671.280495167579,0.9982654023333467,60.0
35209,2671.2811896120234,0.99834528393657,60.0
35210,2671.281884056468,0.9987153711897,60.0
35211,2671.282578500912,0.99918817879563,60.0
35212,2671.2832729453567,0.9983300098260833,60.0
35213,2671.283967389801,0.9973430610512732,60.0
35214,2671.2846618342455,0.99920039346631,60.0
35215,2671.28535627869,0.9996021793750067,60.0
35216,2671.2860507231344,0.9993437338141599,60.0
35217,2671.286745167579,0.9995310572128,60.0
35218,2671.2874396120233,0.9987144114959899,60.0
35219,2671.2881340564677,0.99837475505038,60.0
35220,2671.288828500912,0.9990249469135001,60.0
35221,2671.2895229453566,0.998825864628,60.0
35222,2671.290217389801,0.99881139882244,60.0
35223,2671.2909118342454,0.9992384191803599,60.0
35224,2671.29160627869,0.9988639128700899,60.0
35225,2671.2923007231343,0.9988136183470032,60.0
35226,2671.2929951675787,0.9994696574175499,60.0
35227,2671.293689612023,0.99883617982684,60.0
35228,2671.2943840564676,0.9999258621163967,60.0
35229,2671.295078500912,0.9988250507739534,60.0
35230,2671.2957729453565,1.00014099843512,60.0
35231,2671.296467389801,0.9986376395880834,60.0
35232,2671.2971618342453,1.0000112886161001,60.0
35233,2671.29785627869,0.9990466922700066,60.0
35234,2671.298550723134,0.9983916025651668,60.0
35235,2671.2992451675786,0.9991472556196199,60.0
35236,2671.299939612023,0.9986677277986833,60.0
35237,2671.3006340564675,0.9989786310163268,60.0
35238,2671.301328500912,0.9994536444064434,60.0
35239,2671.3020229453564,0.9983049188368432,60.0
35240,2671.302717389801,0.9998927339089501,60.0
35241,2671.3034118342453,0.9996487127449667,60.0
35242,2671.3041062786897,0.9991436592882966,60.0
35243,2671.304800723134,0.9993225151529,60.0
35244,2671.3054951675786,0.9990065595844201,60.0
35245,2671.306189612023,0.9987491667769367,60.0
35246,2671.3068840564674,0.9978960086358333,60.0
35247,2671.307578500912,0.9992550862774366,60.0
35248,2671.3082729453563,0.9991718982932434,60.0
35249,2671.3089673898007,0.9985154743644767,60.0
35250,2671.309661834245,1.0003800008645252,60.0
35251,2671.31035627869,0.9994973090397833,60.0
35252,2671.3110507231345,0.9985341369123099,60.0
35253,2671.311745167579,0.9991548868119833,60.0
35254,2671.3124396120234,0.99903107926154,60.0
35255,2671.313134056468,0.9995102433360833,60.0
35256,2671.313828500912,0.9990210924889701,60.0
35257,2671.3145229453567,0.9992682493368067,60.0
35258,2671.315217389801,0.9995973262509601,60.0
35259,2671.3159118342455,0.9992450953017499,60.0
35260,2671.31660627869,0.9997516356738,60.0
35261,2671.3173007231344,0.99956816439567,60.0
35262,2671.317995167579,0.99898050539122,60.0
35263,2671.3186896120233,0.9999376493089166,60.0
35264,2671.3193840564677,0.9982782140408265,60.0
35265,2671.320078500912,0.99955811585536,60.0
35266,2671.3207729453566,1.0007352270301066,60.0
35267,2671.321467389801,0.9990190739410867,60.0
35268,2671.3221618342454,0.999457157822345,60.0
35269,2671.32285627869,0.9994594906251834,60.0
35270,2671.3235507231343,0.99990912792324,60.0
35271,2671.3242451675787,0.9997620630151234,60.0
35272,2671.324939612023,0.99858678568063,60.0
35273,2671.3256340564676,0.9993264681524333,60.0
35274,2671.326328500912,0.9997606519333834,60.0
35275,2671.3270229453565,0.99879273479825,60.0
35276,2671.327717389801,0.9994239679242933,60.0
35277,2671.3284118342453,0.99893803581769,60.0
35278,2671.32910627869,0.9983816079300967,60.0
35279,2671.329800723134,0.9990614040099667,60.0
35280,2671.3304951675786,0.9988273033429701,60.0
35281,2671.331189612023,0.9987667737768767,60.0
35282,2671.3318840564675,0.9989572457619232,60.0
35283,2671.332578500912,1.00008320507714,60.0
35284,2671.3332729453564,0.9995406162819934,60.0
35285,2671.333967389801,0.998884343720615,60.0
35286,2671.3346618342453,0.99883342823007,60.0
35287,2671.3353562786897,0.9992109854227733,60.0
35288,2671.336050723134,0.9981124728047267,60.0
35289,2671.3367451675786,0.9990136784736899,60.0
35290,2671.337439612023,0.9988150536189,60.0
35291,2671.3381340564674,0.9984446771694734,60.0
35292,2671.338828500912,0.9993649416771065,60.0
35293,2671.3395229453563,0.9994745093770501,60.0
35294,2671.3402173898007,0.9989719187534899,60.0
35295,2671.340911834245,0.9996570969691967,60.0
35296,2671.3416062786896,0.9991830985779832,60.0
35297,2671.342300723134,0.9999269770402234,60.0
35298,2671.342995167579,0.99851030582216,60.0
35299,2671.3436896120234,1.0001555664662132,60.0
35300,2671.344384056468,0.9995257346347968,60.0
35301,2671.345078500912,1.0008879085917632,60.0
35302,2671.3457729453567,0.9994423815348766,60.0
35303,2671.346467389801,0.9999625877786501,60.0
35304,2671.3471618342455,0.9991532072814966,60.0
35305,2671.34785627869,0.9995579122206467,60.0
35306,2671.3485507231344,0.9990000961467099,60.0
35307,2671.349245167579,0.9993203913621699,60.0
35308,2671.3499396120233,0.9995016643546167,60.0
35309,2671.3506340564677,0.9997462435177268,60.0
35310,2671.351328500912,0.9997456055977834,60.0
35311,2671.3520229453566,1.0000601728555867,60.0
35312,2671.352717389801,1.0003255213350501,60.0
35313,2671.3534118342454,0.9998209353511934,60.0
35314,2671.35410627869,0.99990345997553,60.0
35315,2671.3548007231343,0.9998819235496667,60.0
35316,2671.3554951675787,0.9997228802981301,60.0
35317,2671.356189612023,0.9996914777304166,60.0
35318,2671.3568840564676,0.9995808657372333,60.0
35319,2671.357578500912,0.9992486857104433,60.0
35320,2671.3582729453565,0.9986717547187233,60.0
35321,2671.358967389801,0.9991053821867265,60.0
35322,2671.3596618342453,0.9985830163791434,60.0
35323,2671.36035627869,0.9987599203585534,60.0
35324,2671.361050723134,0.9996933176311232,60.0
35325,2671.3617451675786,0.9994263067957566,60.0
35326,2671.362439612023,0.9998770115523365,60.0
35327,2671.3631340564675,0.99937121272144,60.0
35328,2671.363828500912,0.9999192138352133,60.0
35329,2671.3645229453564,0.9982812814447867,60.0
35330,2671.365217389801,1.0000529635531867,60.0
35331,2671.3659118342453,0.9999650338182899,60.0
35332,2671.3666062786897,1.00051355780449,60.0
35333,2671.367300723134,0.9991902215109499,60.0
35334,2671.3679951675786,0.9994831441581249,60.0
35335,2671.368689612023,1.0014334890944299,60.0
35336,2671.3693840564674,0.9988168645940899,60.0
35337,2671.370078500912,1.00074565555765,60.0
35338,2671.3707729453563,0.9991592249200251,60.0
35339,2671.3714673898007,1.0000920268206033,60.0
35340,2671.372161834245,1.0002674490933001,60.0
35341,2671.3728562786896,0.9999946284538467,60.0
35342,2671.373550723134,0.9992507022628367,60.0
35343,2671.3742451675785,1.0004310736437168,60.0
35344,2671.3749396120234,0.9999470714353832,60.0
35345,2671.375634056468,0.9995661201518834,60.0
35346,2671.376328500912,0.99997082684041,60.0
35347,2671.3770229453567,1.000307890822325,60.0
35348,2671.377717389801,1.00004622349986,60.0
35349,2671.3784118342455,1.00021963861429,60.0
35350,2671.37910627869,1.0000509490485732,60.0
35351,2671.3798007231344,0.99910363045985,60.0
35352,2671.380495167579,0.99952862189283,60.0
35353,2671.3811896120233,1.00084490132542,60.0
35354,2671.3818840564677,1.00029255644263,60.0
35355,2671.382578500912,1.0003041430116666,60.0
35356,2671.3832729453566,1.0007730107757766,60.0
35357,2671.383967389801,0.9996404461298867,60.0
35358,2671.3846618342454,1.0000442565960534,60.0
35359,2671.38535627869,1.0009544441466132,60.0
35360,2671.3860507231343,1.0008053313329566,60.0
35361,2671.3867451675787,1.0006175892665135,60.0
35362,2671.387439612023,1.0000376803331534,60.0
35363,2671.3881340564676,1.0002803713737667,60.0
35364,2671.388828500912,1.0001639908212068,60.0
35365,2671.3895229453565,1.0003003570058269,60.0
35366,2671.390217389801,0.9998983241024634,60.0
35367,2671.3909118342453,1.000522974194395,60.0
35368,2671.39160627869,1.000079964927505,60.0
35369,2671.392300723134,1.0000143931283467,60.0
35370,2671.3929951675786,1.0003285520362866,60.0
35371,2671.393689612023,1.0013522221413667,60.0
35372,2671.3943840564675,1.0007873865044299,60.0
35373,2671.395078500912,1.001178912712485,60.0
35374,2671.3957729453564,0.9998199513817333,60.0
35375,2671.396467389801,1.0006125528909136,60.0
35376,2671.3971618342453,1.0008105325404901,60.0
35377,2671.3978562786897,1.0004409118724467,60.0
35378,2671.398550723134,1.0000978138110999,60.0
35379,2671.3992451675786,1.0008023347812633,60.0
35380,2671.399939612023,1.0006916192551032,60.0
35381,2671.4006340564674,1.0006880285730033,60.0
35382,2671.401328500912,1.0008272513539367,60.0
35383,2671.4020229453563,1.0002420859776402,60.0
35384,2671.4027173898007,1.0011792568604834,60.0
35385,2671.403411834245,1.0006860669253366,60.0
35386,2671.4041062786896,0.9999304855025034,60.0
35387,2671.404800723134,1.0003585649527067,60.0
35388,2671.4054951675785,1.00101554932557,60.0
35389,2671.406189612023,1.0015114994068834,60.0
35390,2671.4068840564673,0.9995778929160134,60.0
35391,2671.407578500912,1.00092180188017,60.0
35392,2671.4082729453567,1.00080653141933,60.0
35393,2671.408967389801,1.00063921919271,60.0
35394,2671.4096618342455,1.0010308859475465,60.0
35395,2671.41035627869,1.0011218871494767,60.0
35396,2671.4110507231344,1.00043133357188,60.0
35397,2671.411745167579,1.0011775613378067,60.0
35398,2671.4124396120233,1.0012316291961068,60.0
35399,2671.4131340564677,1.0008696909680799,60.0
35400,2671.413828500912,1.0007611071139069,60.0
35401,2671.4145229453566,1.0004408717795565,60.0
35402,2671.415217389801,1.0007560331009167,60.0
35403,2671.4159118342454,1.00074719236695,60.0
35404,2671.41660627869,1.00021991885041,60.0
35405,2671.4173007231343,1.0007074579668367,60.0
35406,2671.4179951675787,1.0009064592879933,60.0
35407,2671.418689612023,1.000893267568455,60.0
35408,2671.4193840564676,1.0021581853422534,60.0
35409,2671.420078500912,1.0004420870208732,60.0
35410,2671.4207729453565,1.00144801629064,60.0
35411,2671.421467389801,1.001029936994107,60.0
35412,2671.4221618342453,1.0015500733265235,60.0
35413,2671.42285627869,1.00112541758638,60.0
35414,2671.423550723134,1.00044456187825,60.0
35415,2671.4242451675786,1.0014003301972734,60.0
35416,2671.424939612023,1.0012516238992466,60.0
35417,2671.4256340564675,1.0007649220916,60.0
35418,2671.426328500912,1.0009768637890601,60.0
35419,2671.4270229453564,1.00105470429121,60.0
35420,2671.427717389801,1.0013665933004832,60.0
35421,2671.4284118342453,0.9999203886909934,60.0
35422,2671.4291062786897,1.00122992380142,60.0
35423,2671.429800723134,1.0006178333706666,60.0
35424,2671.4304951675786,1.00074979807328,60.0
35425,2671.431189612023,1.0008792599158367,60.0
35426,2671.4318840564674,1.0005986703437635,60.0
35427,2671.432578500912,1.00163586821921,60.0
35428,2671.4332729453563,0.999319779303295,60.0
35429,2671.4339673898007,1.0005940629344299,60.0
35430,2671.434661834245,1.00059178199524,60.0
35431,2671.4353562786896,1.0011811775411066,60.0
35432,2671.436050723134,1.0007061708340232,60.0
35433,2671.4367451675785,1.0000840303697067,60.0
35434,2671.437439612023,1.0009093843854597,60.0
35435,2671.4381340564673,1.0018233915159802,60.0
35436,2671.4388285009118,1.0006961406004067,60.0
35437,2671.4395229453567,1.0021435197382198,60.0
35438,2671.440217389801,1.00066305713534,60.0
35439,2671.4409118342455,1.002037175246505,60.0
35440,2671.44160627869,1.0020632828182967,60.0
35441,2671.4423007231344,1.0009939363262468,60.0
35442,2671.442995167579,1.0006948019100101,60.0
35443,2671.4436896120233,1.00177005169329,60.0
35444,2671.4443840564677,1.0013803111748834,60.0
35445,2671.445078500912,1.0021027364985067,60.0
35446,2671.4457729453566,1.0008645583799534,60.0
35447,2671.446467389801,1.0013044771500201,60.0
35448,2671.4471618342454,1.0017601859806267,60.0
35449,2671.44785627869,1.0013193810098302,60.0
35450,2671.4485507231343,1.0005567019785666,60.0
35451,2671.4492451675787,1.0013200482006266,60.0
35452,2671.449939612023,1.0018375391245733,60.0
35453,2671.4506340564676,1.0008120487070433,60.0
35454,2671.451328500912,1.0024898461779765,60.0
35455,2671.4520229453565,1.0018966274257,60.0
35456,2671.452717389801,1.0003760314946666,60.0
35457,2671.4534118342453,1.0014103885360834,60.0
35458,2671.45410627869,1.00136896812886,60.0
35459,2671.454800723134,1.0022852240978135,60.0
35460,2671.4554951675786,1.00060639488158,60.0
35461,2671.456189612023,1.0016123372902068,60.0
35462,2671.4568840564675,1.0010309607428167,60.0
35463,2671.457578500912,1.0025741012730567,60.0
35464,2671.4582729453564,1.0020607189420065,60.0
35465,2671.458967389801,1.0018124652363267,60.0
35466,2671.4596618342453,1.00276527006627,60.0
35467,2671.4603562786897,1.0011693379180766,60.0
35468,2671.461050723134,1.0023201597234468,60.0
35469,2671.4617451675786,1.0015048197166767,60.0
35470,2671.462439612023,1.0029113092640498,60.0
35471,2671.4631340564674,1.0013414400166532,60.0
35472,2671.463828500912,1.00196090064132,60.0
35473,2671.4645229453563,1.0017685989271001,60.0
35474,2671.4652173898007,1.0019059007848767,60.0
35475,2671.465911834245,1.00233827772406,60.0
35476,2671.4666062786896,1.002187087352905,60.0
35477,2671.467300723134,1.0025277216687898,60.0
35478,2671.4679951675785,1.0009846911627667,60.0
35479,2671.468689612023,1.00118920438554,60.0
35480,2671.4693840564673,1.0011674526996668,60.0
35481,2671.4700785009118,1.0006097513311267,60.0
35482,2671.470772945356,1.00049961210804,60.0
35483,2671.4714673898006,1.0024529955452468,60.0
35484,2671.4721618342455,1.00259378891649,60.0
35485,2671.47285627869,1.00213322076102,60.0
35486,2671.4735507231344,1.0019451499074334,60.0
35487,2671.474245167579,1.0019708650111567,60.0
35488,2671.4749396120233,1.00275490823358,60.0
35489,2671.4756340564677,1.00207921370931,60.0
35490,2671.476328500912,1.0026332322964266,60.0
35491,2671.4770229453566,1.0022795439957901,60.0
35492,2671.477717389801,1.0006627472541734,60.0
35493,2671.4784118342454,1.001141120458835,60.0
35494,2671.47910627869,1.001609420217435,60.0
35495,2671.4798007231343,1.00193029595231,60.0
35496,2671.4804951675787,1.00032762691982,60.0
35497,2671.481189612023,1.00107284408128,60.0
35498,2671.4818840564676,1.001715900170725,60.0
35499,2671.482578500912,1.0021050104699634,60.0
35500,2671.4832729453565,1.0017763194695233,60.0
35501,2671.483967389801,1.00248043601993,60.0
35502,2671.4846618342453,1.0028578188393367,60.0
35503,2671.48535627869,1.003341238201825,60.0
35504,2671.486050723134,1.001292712196805,60.0
35505,2671.4867451675786,1.0018996390320734,60.0
35506,2671.487439612023,1.0024743711200435,60.0
35507,2671.4881340564675,1.00252876599434,60.0
35508,2671.488828500912,1.0033077418957166,60.0
35509,2671.4895229453564,1.0018817285408768,60.0
35510,2671.490217389801,1.0018855057110534,60.0
35511,2671.4909118342453,1.0020570637755999,60.0
35512,2671.4916062786897,1.00173345404981,60.0
35513,2671.492300723134,1.0019832921651466,60.0
35514,2671.4929951675786,1.00185601867142,60.0
35515,2671.493689612023,1.00379731104501,60.0
35516,2671.4943840564674,1.0016119476259469,60.0
35517,2671.495078500912,1.0022284339168568,60.0
35518,2671.4957729453563,1.00228707470532,60.0
35519,2671.4964673898007,1.0025113398273566,60.0
35520,2671.497161834245,1.00113059874696,60.0
35521,2671.4978562786896,1.00250712279821,60.0
35522,2671.498550723134,1.002074050505815,60.0
35523,2671.4992451675785,1.0022275262862166,60.0
35524,2671.499939612023,1.0023504241045134,60.0
35525,2671.5006340564673,1.0015873800713466,60.0
35526,2671.5013285009118,1.00165964350878,60.0
35527,2671.502022945356,1.00293690472237,60.0
35528,2671.5027173898006,1.0013395244949566,60.0
35529,2671.503411834245,1.0022577223941067,60.0
35530,2671.5041062786895,1.0029675494067734,60.0
35531,2671.5048007231344,1.002321866228175,60.0
35532,2671.505495167579,1.00260068405181,60.0
35533,2671.5061896120233,1.00238242361186,60.0
35534,2671.5068840564677,1.00147802679432,60.0
35535,2671.507578500912,1.0021997119265464,60.0
35536,2671.5082729453566,1.0026512745002167,60.0
35537,2671.508967389801,1.0026622017481934,60.0
35538,2671.5096618342454,1.00287359981843,60.0
35539,2671.51035627869,1.00254039101558,60.0
35540,2671.5110507231343,1.00269895118469,60.0
35541,2671.5117451675787,1.0011731151824301,60.0
35542,2671.512439612023,1.00271184239388,60.0
35543,2671.5131340564676,1.0019765587953369,60.0
35544,2671.513828500912,1.0023780739082502,60.0
35545,2671.5145229453565,1.0013884480885666,60.0
35546,2671.515217389801,1.00273832448479,60.0
35547,2671.5159118342453,1.0026583361757335,60.0
35548,2671.51660627869,1.0030316964797201,60.0
35549,2671.517300723134,1.0027010297988335,60.0
35550,2671.5179951675786,1.0022663700738967,60.0
35551,2671.518689612023,1.0014539473419635,60.0
35552,2671.5193840564675,1.0020520384501699,60.0
35553,2671.520078500912,1.003259821265255,60.0
35554,2671.5207729453564,1.0024854651941633,60.0
35555,2671.521467389801,1.0024634830025232,60.0
35556,2671.5221618342453,1.0028367795918334,60.0
35557,2671.5228562786897,1.00270070628606,60.0
35558,2671.523550723134,1.00231238962935,60.0
35559,2671.5242451675786,1.0023340867589134,60.0
35560,2671.524939612023,1.0023307073499133,60.0
35561,2671.5256340564674,1.0023786130091565,60.0
35562,2671.526328500912,1.00197708536036,60.0
35563,2671.5270229453563,1.00225103436111,60.0
35564,2671.5277173898007,1.0015515671522266,60.0
35565,2671.528411834245,1.0024609061194265,60.0
35566,2671.5291062786896,1.0017344276657598,60.0
35567,2671.529800723134,1.0016853379660533,60.0
35568,2671.5304951675785,1.0027264790751567,60.0
35569,2671.531189612023,1.0022085522006168,60.0
35570,2671.5318840564673,1.00285255101644,60.0
35571,2671.5325785009118,1.0023323076374648,60.0
35572,2671.533272945356,1.0025824554707132,60.0
35573,2671.5339673898006,1.0022790268398367,60.0
35574,2671.534661834245,1.0021931544923535,60.0
35575,2671.5353562786895,1.0018616737329167,60.0
35576,2671.536050723134,1.0021924389481098,60.0
35577,2671.536745167579,1.00250266097223,60.0
35578,2671.5374396120233,1.0029900309622135,60.0
35579,2671.5381340564677,1.00266632705365,60.0
35580,2671.538828500912,1.0015557459332134,60.0
35581,2671.5395229453566,1.0023311291273067,60.0
35582,2671.540217389801,1.0030652008408067,60.0
35583,2671.5409118342454,1.00249697537852,60.0
35584,2671.54160627869,1.00264451059218,60.0
35585,2671.5423007231343,1.00300111786569,60.0
35586,2671.5429951675787,1.0035847168111334,60.0
35587,2671.543689612023,1.0024797688799365,60.0
35588,2671.5443840564676,1.00279553320678,60.0
35589,2671.545078500912,1.0029163765169768,60.0
35590,2671.5457729453565,1.0029340720635767,60.0
35591,2671.546467389801,1.0021766705976967,60.0
35592,2671.5471618342453,1.00262258435202,60.0
35593,2671.54785627869,1.00312403485786,60.0
35594,2671.548550723134,1.0027772848265066,60.0
35595,2671.5492451675786,1.0029163021689798,60.0
35596,2671.549939612023,1.0022715327121066,60.0
35597,2671.5506340564675,1.0022623778434,60.0
35598,2671.551328500912,1.001275688020495,60.0
35599,2671.5520229453564,1.00228310424919,60.0
35600,2671.552717389801,1.0034307142908334,60.0
35601,2671.5534118342453,1.00272082266099,60.0
35602,2671.5541062786897,1.0027045571469266,60.0
35603,2671.554800723134,1.00177726398492,60.0
35604,2671.5554951675786,1.0033627491102501,60.0
35605,2671.556189612023,1.002445819457955,60.0
35606,2671.5568840564674,1.00293996699716,60.0
35607,2671.557578500912,1.0024204611670933,60.0
35608,2671.5582729453563,1.0027483862809266,60.0
35609,2671.5589673898007,1.0030090864702566,60.0
35610,2671.559661834245,1.0015894960035552,60.0
35611,2671.5603562786896,1.00249131195948,60.0
35612,2671.561050723134,1.00340577672636,60.0
35613,2671.5617451675785,1.0032802960451066,60.0
35614,2671.562439612023,1.0031777136530502,60.0
35615,2671.5631340564673,1.0023807479491333,60.0
35616,2671.5638285009118,1.00297446533747,60.0
35617,2671.564522945356,1.0037751649237834,60.0
35618,2671.5652173898006,1.0022160509987332,60.0
35619,2671.565911834245,1.00218851594836,60.0
35620,2671.5666062786895,1.0029291963408233,60.0
35621,2671.567300723134,1.0023542779176935,60.0
35622,2671.5679951675784,1.0038917756359,60.0
35623,2671.568689612023,1.00274799684978,60.0
35624,2671.5693840564677,1.00393064569656,60.0
35625,2671.570078500912,1.0033227316069,60.0
35626,2671.5707729453566,1.0027895274880467,60.0
35627,2671.571467389801,1.0027662980434033,60.0
35628,2671.5721618342454,1.00241376223802,60.0
35629,2671.57285627869,1.00250400668053,60.0
35630,2671.5735507231343,1.0028908701591732,60.0
35631,2671.5742451675787,1.0029672037656503,60.0
35632,2671.574939612023,1.002660258380885,60.0
35633,2671.5756340564676,1.0022381392629267,60.0
35634,2671.576328500912,1.0034475622281098,60.0
35635,2671.5770229453565,1.00265853942394,60.0
35636,2671.577717389801,1.0021385537583967,60.0
35637,2671.5784118342453,1.0023065473207968,60.0
35638,2671.57910627869,1.0024615156338565,60.0
35639,2671.579800723134,1.00265807397081,60.0
35640,2671.5804951675786,1.0026939583609933,60.0
35641,2671.581189612023,1.0030255028511368,60.0
35642,2671.5818840564675,1.0036666621407269,60.0
35643,2671.582578500912,1.0026259354734433,60.0
35644,2671.5832729453564,1.0040555901396466,60.0
35645,2671.583967389801,1.00271397045884,60.0
35646,2671.5846618342453,1.0027356151102234,60.0
35647,2671.5853562786897,1.002271802430255,60.0
35648,2671.586050723134,1.00317751656556,60.0
35649,2671.5867451675786,1.00338318751993,60.0
35650,2671.587439612023,1.0033995326704968,60.0
35651,2671.5881340564674,1.00408114983313,60.0
35652,2671.588828500912,1.0030312124535534,60.0
35653,2671.5895229453563,1.00290495989174,60.0
35654,2671.5902173898007,1.0025556741553234,60.0
35655,2671.590911834245,1.0040261944802198,60.0
35656,2671.5916062786896,1.003756622492915,60.0
35657,2671.592300723134,1.003860524259685,60.0
35658,2671.5929951675785,1.0029552068457634,60.0
35659,2671.593689612023,1.0036375642445066,60.0
35660,2671.5943840564673,1.0036944654029951,60.0
35661,2671.5950785009118,1.00348839049917,60.0
35662,2671.595772945356,1.00385605701824,60.0
35663,2671.5964673898006,1.0036372829067466,60.0
35664,2671.597161834245,1.00378290006733,60.0
35665,2671.5978562786895,1.0036102318622067,60.0
35666,2671.598550723134,1.0028670504963033,60.0
35667,2671.5992451675784,1.0035510015676234,60.0
35668,2671.599939612023,1.00289293125553,60.0
35669,2671.6006340564672,1.0037977093105035,60.0
35670,2671.601328500912,1.00269130813817,60.0
35671,2671.6020229453566,1.0038105694818067,60.0
35672,2671.602717389801,1.00236241620828,60.0
35673,2671.6034118342454,1.00268951700863,60.0
35674,2671.60410627869,1.0034422317038734,60.0
35675,2671.6048007231343,1.0033492544479667,60.0
35676,2671.6054951675787,1.00273094467292,60.0
35677,2671.606189612023,1.003507076468275,60.0
35678,2671.6068840564676,1.00338501202602,60.0
35679,2671.607578500912,1.0030303493949668,60.0
35680,2671.6082729453565,1.0034180071786434,60.0
35681,2671.608967389801,1.0036016067672966,60.0
35682,2671.6096618342453,1.0035972144339034,60.0
35683,2671.61035627869,1.0032796084871767,60.0
35684,2671.611050723134,1.0025433493191933,60.0
35685,2671.6117451675786,1.00372883400371,60.0
35686,2671.612439612023,1.003840092707325,60.0
35687,2671.6131340564675,1.0028766587087234,60.0
35688,2671.613828500912,1.0033400305828932,60.0
35689,2671.6145229453564,1.00368923414681,60.0
35690,2671.615217389801,1.0039890053051865,60.0
35691,2671.6159118342453,1.0030387058131,60.0
35692,2671.6166062786897,1.0032649433307002,60.0
35693,2671.617300723134,1.0038719738273798,60.0
35694,2671.6179951675786,1.0025635529630634,60.0
35695,2671.618689612023,1.00417710290607,60.0
35696,2671.6193840564674,1.0036611853217998,60.0
35697,2671.620078500912,1.00392486845871,60.0
35698,2671.6207729453563,1.0039130106533452,60.0
35699,2671.6214673898007,1.00293758606903,60.0
35700,2671.622161834245,1.0043351670412166,60.0
35701,2671.6228562786896,1.0032890443627867,60.0
35702,2671.623550723134,1.0035096738169,60.0
35703,2671.6242451675785,1.0030802694353966,60.0
35704,2671.624939612023,1.0033352474326498,60.0
35705,2671.6256340564673,1.00425280676325,60.0
35706,2671.6263285009118,1.0030353797553,60.0
35707,2671.627022945356,1.0031456892384034,60.0
35708,2671.6277173898006,1.0040419729053267,60.0
35709,2671.628411834245,1.0044223709568298,60.0
35710,2671.6291062786895,1.0040309081096666,60.0
35711,2671.629800723134,1.00365308414332,60.0
35712,2671.6304951675784,1.00518653568156,60.0
35713,2671.631189612023,1.003870971073985,60.0
35714,2671.6318840564672,1.0042589703653333,60.0
35715,2671.6325785009117,1.0030178725793533,60.0
35716,2671.633272945356,1.00292466395353,60.0
35717,2671.633967389801,1.003903187819015,60.0
35718,2671.6346618342454,1.0045190605158532,60.0
35719,2671.63535627869,1.00448093966662,60.0
35720,2671.6360507231343,1.0037556665107898,60.0
35721,2671.6367451675787,1.0038696823238968,60.0
35722,2671.637439612023,1.0046016350157865,60.0
35723,2671.6381340564676,1.0043682771869766,60.0
35724,2671.638828500912,1.0046624691153367,60.0
35725,2671.6395229453565,1.0044949197308732,60.0
35726,2671.640217389801,1.00405560995215,60.0
35727,2671.6409118342453,1.0039197379104465,60.0
35728,2671.64160627869,1.0047055165347267,60.0
35729,2671.642300723134,1.0040008371658733,60.0
35730,2671.6429951675786,1.00600048403316,60.0
35731,2671.643689612023,1.00434064824908,60.0
35732,2671.6443840564675,1.0043651118573267,60.0
35733,2671.645078500912,1.0029246220781667,60.0
35734,2671.6457729453564,1.0049102248304866,60.0
35735,2671.646467389801,1.0048670429191733,60.0
35736,2671.6471618342453,1.0046473939414,60.0
35737,2671.6478562786897,1.003990400169235,60.0
35738,2671.648550723134,1.0049857368471702,60.0
35739,2671.6492451675786,1.00434286072045,60.0
35740,2671.649939612023,1.003758225569057,60.0
35741,2671.6506340564674,1.0042077692838733,60.0
35742,2671.651328500912,1.0044233036477601,60.0
35743,2671.6520229453563,1.0038597149430935,60.0
35744,2671.6527173898007,1.0043633189260197,60.0
35745,2671.653411834245,1.0040819112611634,60.0
35746,2671.6541062786896,1.0042641135671733,60.0
35747,2671.654800723134,1.0048572398693967,60.0
35748,2671.6554951675785,1.0032228263954632,60.0
35749,2671.656189612023,1.0046968135766834,60.0
35750,2671.6568840564673,1.00310140738351,60.0
35751,2671.6575785009118,1.0036554424352067,60.0
35752,2671.658272945356,1.00582158398087,60.0
35753,2671.6589673898006,1.0049790265516734,60.0
35754,2671.659661834245,1.0046588516929333,60.0
35755,2671.6603562786895,1.0046709962532734,60.0
35756,2671.661050723134,1.0047833113822866,60.0
35757,2671.6617451675784,1.0038241610627867,60.0
35758,2671.662439612023,1.0052950111550132,60.0
35759,2671.6631340564672,1.00432338245147,60.0
35760,2671.6638285009117,1.0043795861972833,60.0
35761,2671.664522945356,1.0046702746581533,60.0
35762,2671.6652173898005,1.0046998944949934,60.0
35763,2671.6659118342454,1.00564592410658,60.0
35764,2671.66660627869,1.004043354156683,60.0
35765,2671.6673007231343,1.00370456913792,60.0
35766,2671.6679951675787,1.0050995524625235,60.0
35767,2671.668689612023,1.00472292535448,60.0
35768,2671.6693840564676,1.0042975859238368,60.0
35769,2671.670078500912,1.0051929982851033,60.0
35770,2671.6707729453565,1.0043812704958832,60.0
35771,2671.671467389801,1.0044252570820233,60.0
35772,2671.6721618342453,1.0047907086032568,60.0
35773,2671.67285627869,1.00531273764684,60.0
35774,2671.673550723134,1.0053204637440667,60.0
35775,2671.6742451675786,1.0043471214744633,60.0
35776,2671.674939612023,1.00460599192425,60.0
35777,2671.6756340564675,1.005015910493145,60.0
35778,2671.676328500912,1.0041512763912468,60.0
35779,2671.6770229453564,1.0042494782175433,60.0
35780,2671.677717389801,1.0053835871536767,60.0
35781,2671.6784118342453,1.00495987268896,60.0
35782,2671.6791062786897,1.0044445932173667,60.0
35783,2671.679800723134,1.0043347928531032,60.0
35784,2671.6804951675786,1.0046205043024299,60.0
35785,2671.681189612023,1.00550886369245,60.0
35786,2671.6818840564674,1.0047843397363734,60.0
35787,2671.682578500912,1.00426756254611,60.0
35788,2671.6832729453563,1.00512497312988,60.0
35789,2671.6839673898007,1.00596402867199,60.0
35790,2671.684661834245,1.0043079015721599,60.0
35791,2671.6853562786896,1.0045812583219498,60.0
35792,2671.686050723134,1.0049967405134332,60.0
35793,2671.6867451675785,1.0046480791234733,60.0
35794,2671.687439612023,1.0054745319761367,60.0
35795,2671.6881340564673,1.0045946311339933,60.0
35796,2671.6888285009118,1.0039945351465567,60.0
35797,2671.689522945356,1.0045227432978467,60.0
35798,2671.6902173898006,1.0049781840287535,60.0
35799,2671.690911834245,1.0045258990404833,60.0
35800,2671.6916062786895,1.00392057452743,60.0
35801,2671.692300723134,1.0046317842425232,60.0
35802,2671.6929951675784,1.005783707374677,60.0
35803,2671.693689612023,1.0051148452784102,60.0
35804,2671.6943840564672,1.004793219910225,60.0
35805,2671.6950785009117,1.0052563380247734,60.0
35806,2671.695772945356,1.0045022602232632,60.0
35807,2671.6964673898005,1.0052230091380099,60.0
35808,2671.697161834245,1.0048663553989732,60.0
35809,2671.6978562786894,1.0038404871221633,60.0
35810,2671.6985507231343,1.0050940626301033,60.0
35811,2671.6992451675787,1.0055901444190698,60.0
35812,2671.699939612023,1.0046469230025934,60.0
35813,2671.7006340564676,1.0059042780946335,60.0
35814,2671.701328500912,1.00599403292334,60.0
35815,2671.7020229453565,1.00432078124591,60.0
35816,2671.702717389801,1.00587946715214,60.0
35817,2671.7034118342453,1.0043043298850634,60.0
35818,2671.70410627869,1.00465297558355,60.0
35819,2671.704800723134,1.004715769210815,60.0
35820,2671.7054951675786,1.0054446489755167,60.0
35821,2671.706189612023,1.0050388444491098,60.0
35822,2671.7068840564675,1.0050405153431,60.0
35823,2671.707578500912,1.0077998787153233,60.0
35824,2671.7082729453564,1.00759371992801,60.0
35825,2671.708967389801,1.00607276817905,60.0
35826,2671.7096618342453,1.004358824667907,60.0
35827,2671.7103562786897,1.0050300359045332,60.0
35828,2671.711050723134,1.006081796238175,60.0
35829,2671.7117451675786,1.0061238278523035,60.0
35830,2671.712439612023,1.0051502729878734,60.0
35831,2671.7131340564674,1.0044669915968034,60.0
35832,2671.713828500912,1.0050340582195167,60.0
35833,2671.7145229453563,1.00448051981141,60.0
35834,2671.7152173898007,1.0045140478051235,60.0
35835,2671.715911834245,1.004611261430905,60.0
35836,2671.7166062786896,1.0053794069929234,60.0
35837,2671.717300723134,1.0043937232842335,60.0
35838,2671.7179951675785,1.0055095174683333,60.0
35839,2671.718689612023,1.0049320056334334,60.0
35840,2671.7193840564673,1.0051622789033134,60.0
35841,2671.7200785009118,1.0041352471775067,60.0
35842,2671.720772945356,1.0052424662971566,60.0
35843,2671.7214673898006,1.0068283796173,60.0
35844,2671.722161834245,1.0062155176341898,60.0
35845,2671.7228562786895,1.00529797491713,60.0
35846,2671.723550723134,1.0053319021588065,60.0
35847,2671.7242451675784,1.00525822446415,60.0
35848,2671.724939612023,1.0049952507057167,60.0
35849,2671.7256340564672,1.004361386337865,60.0
35850,2671.7263285009117,1.004926136288315,60.0
35851,2671.727022945356,1.0051226984505066,60.0
35852,2671.7277173898005,1.0047617178449169,60.0
35853,2671.728411834245,1.0051745193342834,60.0
35854,2671.7291062786894,1.0045958716060432,60.0
35855,2671.729800723134,1.00460726150999,60.0
35856,2671.7304951675787,1.0050458183048503,60.0
35857,2671.731189612023,1.0044209418934198,60.0
35858,2671.7318840564676,1.0049144617152166,60.0
35859,2671.732578500912,1.0067027279807699,60.0
35860,2671.7332729453565,1.0052080734545048,60.0
35861,2671.733967389801,1.0054156751376133,60.0
35862,2671.7346618342453,1.0048239212283534,60.0
35863,2671.73535627869,1.005436258979593,60.0
35864,2671.736050723134,1.0053024015900567,60.0
35865,2671.7367451675786,1.0057270885201999,60.0
35866,2671.737439612023,1.0058943605580233,60.0
35867,2671.7381340564675,1.00591221825723,60.0
35868,2671.738828500912,1.0044195078684266,60.0
35869,2671.7395229453564,1.0052640683350367,60.0
35870,2671.740217389801,1.0052441346288732,60.0
35871,2671.7409118342453,1.00393535303355,60.0
35872,2671.7416062786897,1.00586924458409,60.0
35873,2671.742300723134,1.0053484371360633,60.0
35874,2671.7429951675786,1.0054612561336,60.0
35875,2671.743689612023,1.0054627238037466,60.0
35876,2671.7443840564674,1.00637018265541,60.0
35877,2671.745078500912,1.0051149091213067,60.0
35878,2671.7457729453563,1.0060137140452332,60.0
35879,2671.7464673898007,1.006577046410045,60.0
35880,2671.747161834245,1.0055927970108351,60.0
35881,2671.7478562786896,1.0051547132305299,60.0
35882,2671.748550723134,1.00537780842816,60.0
35883,2671.7492451675785,1.0052558460372867,60.0
35884,2671.749939612023,1.0057457510315666,60.0
35885,2671.7506340564673,1.0058742179940268,60.0
35886,2671.7513285009118,1.0055868295094201,60.0
35887,2671.752022945356,1.0061815812016668,60.0
35888,2671.7527173898006,1.0049717099403466,60.0
35889,2671.753411834245,1.0052811174227567,60.0
35890,2671.7541062786895,1.0056701616492736,60.0
35891,2671.754800723134,1.005186670623285,60.0
35892,2671.7554951675784,1.00464550652019,60.0
35893,2671.756189612023,1.00437906610145,60.0
35894,2671.7568840564672,1.00515679767784,60.0
35895,2671.7575785009117,1.005633762928005,60.0
35896,2671.758272945356,1.0054880789004368,60.0
35897,2671.7589673898005,1.0046392117304,60.0
35898,2671.759661834245,1.005710393299045,60.0
35899,2671.7603562786894,1.0051300283285067,60.0
35900,2671.761050723134,1.0048787960958834,60.0
35901,2671.7617451675783,1.00616411983218,60.0
35902,2671.7624396120227,1.00424146369423,60.0
35903,2671.7631340564676,1.00483635028073,60.0
35904,2671.763828500912,1.0049779689592035,60.0
35905,2671.7645229453565,1.0051676837638268,60.0
35906,2671.765217389801,1.0057407215039234,60.0
35907,2671.7659118342453,1.0056407074353066,60.0
35908,2671.76660627869,1.0074074633658734,60.0
35909,2671.767300723134,1.0051259678365165,60.0
35910,2671.7679951675786,1.0059456212505733,60.0
35911,2671.768689612023,1.0055152528595033,60.0
35912,2671.7693840564675,1.00562157541861,60.0
35913,2671.770078500912,1.0055974157751,60.0
35914,2671.7707729453564,1.0045801721212466,60.0
35915,2671.771467389801,1.0056773103711467,60.0
35916,2671.7721618342453,1.0064147650617368,60.0
35917,2671.7728562786897,1.00637964339763,60.0
35918,2671.773550723134,1.0052802217385899,60.0
35919,2671.7742451675786,1.00517054385218,60.0
35920,2671.774939612023,1.00649337348374,60.0
35921,2671.7756340564674,1.0056403555499234,60.0
35922,2671.776328500912,1.0060389399581666,60.0
35923,2671.7770229453563,1.0053016865546667,60.0
35924,2671.7777173898007,1.0062759070146334,60.0
35925,2671.778411834245,1.00552056023857,60.0
35926,2671.7791062786896,1.00569423208098,60.0
35927,2671.779800723134,1.00610954051051,60.0
35928,2671.7804951675785,1.0054637840382734,60.0
35929,2671.781189612023,1.0053219306984733,60.0
35930,2671.7818840564673,1.0065989386050198,60.0
35931,2671.7825785009118,1.00678933911022,60.0
35932,2671.783272945356,1.0052004646923465,60.0
35933,2671.7839673898006,1.0062277105471933,60.0
35934,2671.784661834245,1.0062872247343932,60.0
35935,2671.7853562786895,1.0050148838786233,60.0
35936,2671.786050723134,1.0053483924404434,60.0
35937,2671.7867451675784,1.0058722006317666,60.0
35938,2671.787439612023,1.0056603617755,60.0
35939,2671.7881340564672,1.00683867883403,60.0
35940,2671.7888285009117,1.0057215283050203,60.0
35941,2671.789522945356,1.00625576902227,60.0
35942,2671.7902173898005,1.0055266805868734,60.0
35943,2671.790911834245,1.00609523897075,60.0
35944,2671.7916062786894,1.0059123165649466,60.0
35945,2671.792300723134,1.0058657340324035,60.0
35946,2671.7929951675783,1.00650019811354,60.0
35947,2671.7936896120227,1.0067759660938533,60.0
35948,2671.794384056467,1.0069184859973601,60.0
35949,2671.795078500912,1.0063268414706033,60.0
35950,2671.7957729453565,1.0073854380385365,60.0
35951,2671.796467389801,1.0056391832625966,60.0
35952,2671.7971618342453,1.0057373177869768,60.0
35953,2671.79785627869,1.006462599029655,60.0
35954,2671.798550723134,1.00664258040066,60.0
35955,2671.7992451675786,1.0068784940716766,60.0
35956,2671.799939612023,1.0054445133473366,60.0
35957,2671.8006340564675,1.0067264954350499,60.0
35958,2671.801328500912,1.00694414814471,60.0
35959,2671.8020229453564,1.0048778902766469,60.0
35960,2671.802717389801,1.00644533945468,60.0
35961,2671.8034118342453,1.0052723184389902,60.0
35962,2671.8041062786897,1.00571155897251,60.0
35963,2671.804800723134,1.006228763166685,60.0
35964,2671.8054951675786,1.006009084614555,60.0
35965,2671.806189612023,1.0063683966697434,60.0
35966,2671.8068840564674,1.0065591395397167,60.0
35967,2671.807578500912,1.0064725704006667,60.0
35968,2671.8082729453563,1.0053037432320133,60.0
35969,2671.8089673898007,1.0063549418025466,60.0
35970,2671.809661834245,1.00650570022256,60.0
35971,2671.8103562786896,1.0064643893982266,60.0
35972,2671.811050723134,1.0056455352600535,60.0
35973,2671.8117451675785,1.0053387396151734,60.0
35974,2671.812439612023,1.0070203996307867,60.0
35975,2671.8131340564673,1.0058452274227567,60.0
35976,2671.8138285009118,1.0059037183211166,60.0
35977,2671.814522945356,1.0066902630688033,60.0
35978,2671.8152173898006,1.0064582359925434,60.0
35979,2671.815911834245,1.0067131725969534,60.0
35980,2671.8166062786895,1.00698683221117,60.0
35981,2671.817300723134,1.0066688392485599,60.0
35982,2671.8179951675784,1.0062876535470202,60.0
35983,2671.818689612023,1.0057046968725765,60.0
35984,2671.8193840564672,1.0063444772887966,60.0
35985,2671.8200785009117,1.0069672856882768,60.0
35986,2671.820772945356,1.0069310976000267,60.0
35987,2671.8214673898005,1.0074422885270349,60.0
35988,2671.822161834245,1.0055268931991168,60.0
35989,2671.8228562786894,1.00640022945459,60.0
35990,2671.823550723134,1.00614898176171,60.0
35991,2671.8242451675783,1.0056083352840168,60.0
35992,2671.8249396120227,1.0062792911576965,60.0
35993,2671.825634056467,1.00515227369713,60.0
35994,2671.8263285009116,1.0058013997835034,60.0
35995,2671.827022945356,1.0068191994148534,60.0
35996,2671.827717389801,1.0066424434466335,60.0
35997,2671.8284118342453,1.00622278988269,60.0
35998,2671.82910627869,1.00661588771059,60.0
35999,2671.829800723134,1.00660974233209,60.0
36000,2671.8304951675786,1.0059177838919766,60.0
36001,2671.831189612023,1.00595132382072,60.0
36002,2671.8318840564675,1.0066968520611368,60.0
36003,2671.832578500912,1.0061176095185231,60.0
36004,2671.8332729453564,1.006107923638,60.0
36005,2671.833967389801,1.0072483419336866,60.0
36006,2671.8346618342453,1.0066061235762833,60.0
36007,2671.8353562786897,1.0066017855485068,60.0
36008,2671.836050723134,1.0058624523745998,60.0
36009,2671.8367451675786,1.00622308773814,60.0
36010,2671.837439612023,1.006148974478625,60.0
36011,2671.8381340564674,1.0062645751871833,60.0
36012,2671.838828500912,1.0060210557342468,60.0
36013,2671.8395229453563,1.0055823502136365,60.0
36014,2671.8402173898007,1.0066672766749152,60.0
36015,2671.840911834245,1.0074474950150532,60.0
36016,2671.8416062786896,1.00509562295966,60.0
36017,2671.842300723134,1.0079487834205734,60.0
36018,2671.8429951675785,1.00704029690488,60.0
36019,2671.843689612023,1.00720202298887,60.0
36020,2671.8443840564673,1.00776902390352,60.0
36021,2671.8450785009118,1.0060217589592566,60.0
36022,2671.845772945356,1.0068193987535665,60.0
36023,2671.8464673898006,1.0074483715662,60.0
36024,2671.847161834245,1.0063254395862933,60.0
36025,2671.8478562786895,1.007361959421135,60.0
36026,2671.848550723134,1.00602330143,60.0
36027,2671.8492451675784,1.00710600201814,60.0
36028,2671.849939612023,1.0077760720960869,60.0
36029,2671.8506340564672,1.0066263422028165,60.0
36030,2671.8513285009117,1.0064879865973966,60.0
36031,2671.852022945356,1.0079574890460334,60.0
36032,2671.8527173898005,1.0066971452446367,60.0
36033,2671.853411834245,1.0065821977612233,60.0
36034,2671.8541062786894,1.00595089107984,60.0
36035,2671.854800723134,1.0075354904413767,60.0
36036,2671.8554951675783,1.0074644282973833,60.0
36037,2671.8561896120227,1.0064568092202133,60.0
36038,2671.856884056467,1.00665480412882,60.0
36039,2671.8575785009116,1.0066689127824,60.0
36040,2671.858272945356,1.0063149820434234,60.0
36041,2671.8589673898005,1.0066347398774134,60.0
36042,2671.859661834245,1.00695283859805,60.0
36043,2671.86035627869,1.0066677742533467,60.0
36044,2671.861050723134,1.0069905222145301,60.0
36045,2671.8617451675786,1.0073473335620402,60.0
36046,2671.862439612023,1.0069095833614368,60.0
36047,2671.8631340564675,1.0068452638993,60.0
36048,2671.863828500912,1.00735517947133,60.0
36049,2671.8645229453564,1.0068655684901033,60.0
36050,2671.865217389801,1.0072566551722866,60.0
36051,2671.8659118342453,1.0063182032126268,60.0
36052,2671.8666062786897,1.0065278839781235,60.0
36053,2671.867300723134,1.0079519850222298,60.0
36054,2671.8679951675786,1.00752704510806,60.0
36055,2671.868689612023,1.0072652250049534,60.0
36056,2671.8693840564674,1.00730642599674,60.0
36057,2671.870078500912,1.0076085166950666,60.0
36058,2671.8707729453563,1.0052670739921001,60.0
36059,2671.8714673898007,1.00642557262837,60.0
36060,2671.872161834245,1.0073573555346933,60.0
36061,2671.8728562786896,1.00758035904089,60.0
36062,2671.873550723134,1.007254550190415,60.0
36063,2671.8742451675785,1.0074005566157664,60.0
36064,2671.874939612023,1.0075296182012934,60.0
36065,2671.8756340564673,1.0079352642050832,60.0
36066,2671.8763285009118,1.0072945626054801,60.0
36067,2671.877022945356,1.0068890658645666,60.0
36068,2671.8777173898006,1.0069137044706,60.0
36069,2671.878411834245,1.0063913323662266,60.0
36070,2671.8791062786895,1.0067403211690966,60.0
36071,2671.879800723134,1.0076516574816232,60.0
36072,2671.8804951675784,1.0064612402625501,60.0
36073,2671.881189612023,1.0066736720908,60.0
36074,2671.8818840564672,1.0074720885641966,60.0
36075,2671.8825785009117,1.0072093680048433,60.0
36076,2671.883272945356,1.0064980966861434,60.0
36077,2671.8839673898005,1.00639022931109,60.0
36078,2671.884661834245,1.0068639183483,60.0
36079,2671.8853562786894,1.0072552590790733,60.0
36080,2671.886050723134,1.0070857196263,60.0
36081,2671.8867451675783,1.0068659689917367,60.0
36082,2671.8874396120227,1.0061006835032549,60.0
36083,2671.888134056467,1.0074573424394166,60.0
36084,2671.8888285009116,1.0075257524286467,60.0
36085,2671.889522945356,1.00746822000388,60.0
36086,2671.8902173898005,1.006740055455705,60.0
36087,2671.890911834245,1.0071086021390132,60.0
36088,2671.8916062786893,1.0075234244592732,60.0
36089,2671.892300723134,1.0067921196114833,60.0
36090,2671.8929951675786,1.00569219057012,60.0
36091,2671.893689612023,1.0073712313079066,60.0
36092,2671.8943840564675,1.00721630561815,60.0
36093,2671.895078500912,1.0061014892161335,60.0
36094,2671.8957729453564,1.0079014192049867,60.0
36095,2671.896467389801,1.007411533303775,60.0
36096,2671.8971618342453,1.00627861335707,60.0
36097,2671.8978562786897,1.0070844194515134,60.0
36098,2671.898550723134,1.00601364348797,60.0
36099,2671.8992451675786,1.0075622384031067,60.0
36100,2671.899939612023,1.006748589916795,60.0
36101,2671.9006340564674,1.0072028036627367,60.0
36102,2671.901328500912,1.00689365425483,60.0
36103,2671.9020229453563,1.00825523076632,60.0
36104,2671.9027173898007,1.0082607530422267,60.0
36105,2671.903411834245,1.0074970471026499,60.0
36106,2671.9041062786896,1.007618617802775,60.0
36107,2671.904800723134,1.0076036762680765,60.0
36108,2671.9054951675785,1.0064033854596233,60.0
36109,2671.906189612023,1.0061060545875748,60.0
36110,2671.9068840564673,1.0069246892133235,60.0
36111,2671.9075785009118,1.0065217853138335,60.0
36112,2671.908272945356,1.00795855946392,60.0
36113,2671.9089673898006,1.00729243890013,60.0
36114,2671.909661834245,1.0067805921718367,60.0
36115,2671.9103562786895,1.0088731661671533,60.0
36116,2671.911050723134,1.0058152683851735,60.0
36117,2671.9117451675784,1.00821535063696,60.0
36118,2671.912439612023,1.0083340423579799,60.0
36119,2671.9131340564672,1.0082021931826801,60.0
36120,2671.9138285009117,1.0065542493787032,60.0
36121,2671.914522945356,1.00693851267337,60.0
36122,2671.9152173898005,1.0065954526498133,60.0
36123,2671.915911834245,1.007421309619075,60.0
36124,2671.9166062786894,1.0077057656882469,60.0
36125,2671.917300723134,1.0080523235074967,60.0
36126,2671.9179951675783,1.00833594642854,60.0
36127,2671.9186896120227,1.0084955080594666,60.0
36128,2671.919384056467,1.0065991034348134,60.0
36129,2671.9200785009116,1.0072063800461732,60.0
36130,2671.920772945356,1.0068632577631533,60.0
36131,2671.9214673898005,1.0070200090497765,60.0
36132,2671.922161834245,1.00893981643864,60.0
36133,2671.9228562786893,1.007680480546115,60.0
36134,2671.9235507231338,1.00815340809682,60.0
36135,2671.924245167578,1.0079660991127266,60.0
36136,2671.924939612023,1.006955486643355,60.0
36137,2671.9256340564675,1.00835640200532,60.0
36138,2671.926328500912,1.00852616136672,60.0
36139,2671.9270229453564,1.0067969334817501,60.0
36140,2671.927717389801,1.0078434799330667,60.0
36141,2671.9284118342453,1.0081228469970867,60.0
36142,2671.9291062786897,1.00753793603823,60.0
36143,2671.929800723134,1.0076594505013,60.0
36144,2671.9304951675786,1.0078094641566,60.0
36145,2671.931189612023,1.0086303454113967,60.0
36146,2671.9318840564674,1.0078486839583631,60.0
36147,2671.932578500912,1.0078568634023066,60.0
36148,2671.9332729453563,1.00715154885298,60.0
36149,2671.9339673898007,1.0079699363902934,60.0
36150,2671.934661834245,1.0073697186903,60.0
36151,2671.9353562786896,1.007838017790795,60.0
36152,2671.936050723134,1.0077984575242664,60.0
36153,2671.9367451675785,1.00754453396797,60.0
36154,2671.937439612023,1.0082248841423849,60.0
36155,2671.9381340564673,1.00839035494192,60.0
36156,2671.9388285009118,1.0078634379213567,60.0
36157,2671.939522945356,1.0089954482897865,60.0
36158,2671.9402173898006,1.0088339986564367,60.0
36159,2671.940911834245,1.007597945339093,60.0
36160,2671.9416062786895,1.0080393504389165,60.0
36161,2671.942300723134,1.00723989550492,60.0
36162,2671.9429951675784,1.00779733933732,60.0
36163,2671.943689612023,1.0083340888059,60.0
36164,2671.9443840564672,1.008229274861283,60.0
36165,2671.9450785009117,1.007279764982325,60.0
36166,2671.945772945356,1.0081231158451034,60.0
36167,2671.9464673898005,1.007224161227145,60.0
36168,2671.947161834245,1.0072219403631533,60.0
36169,2671.9478562786894,1.0080119493717798,60.0
36170,2671.948550723134,1.0074650228239868,60.0
36171,2671.9492451675783,1.0091025648773866,60.0
36172,2671.9499396120227,1.0083378235283769,60.0
36173,2671.950634056467,1.00867630585003,60.0
36174,2671.9513285009116,1.00772767216732,60.0
36175,2671.952022945356,1.00855982980778,60.0
36176,2671.9527173898005,1.00888720180031,60.0
36177,2671.953411834245,1.0082382316961067,60.0
36178,2671.9541062786893,1.0088632156984831,60.0
36179,2671.9548007231338,1.00750220768346,60.0
36180,2671.955495167578,1.00844181072409,60.0
36181,2671.9561896120226,1.0074970001654666,60.0
36182,2671.9568840564675,1.00797634284924,60.0
36183,2671.957578500912,1.0062889794355252,60.0
36184,2671.9582729453564,1.00775771805639,60.0
36185,2671.958967389801,1.0079478796239598,60.0
36186,2671.9596618342453,1.0084668119854634,60.0
36187,2671.9603562786897,1.00838201768492,60.0
36188,2671.961050723134,1.0085298238379534,60.0
36189,2671.9617451675786,1.0079050332050434,60.0
36190,2671.962439612023,1.00854959203074,60.0
36191,2671.9631340564674,1.00832544102727,60.0
36192,2671.963828500912,1.0074946240405165,60.0
36193,2671.9645229453563,1.00830611812788,60.0
36194,2671.9652173898007,1.00789753410524,60.0
36195,2671.965911834245,1.0086180117215533,60.0
36196,2671.9666062786896,1.0076176769264233,60.0
36197,2671.967300723134,1.007740192199665,60.0
36198,2671.9679951675785,1.00870068908332,60.0
36199,2671.968689612023,1.0077741868591235,60.0
36200,2671.9693840564673,1.00729938239948,60.0
36201,2671.9700785009118,1.0086580615989567,60.0
36202,2671.970772945356,1.007881135735525,60.0
36203,2671.9714673898006,1.0071545206480232,60.0
36204,2671.972161834245,1.00842083856112,60.0
36205,2671.9728562786895,1.0087161367057733,60.0
36206,2671.973550723134,1.0081260330114499,60.0
36207,2671.9742451675784,1.007946523172395,60.0
36208,2671.974939612023,1.0082193423914967,60.0
36209,2671.9756340564672,1.0092140118177533,60.0
36210,2671.9763285009117,1.0084819583993134,60.0
36211,2671.977022945356,1.0076609143499233,60.0
36212,2671.9777173898005,1.00806976729649,60.0
36213,2671.978411834245,1.0086895940743332,60.0
36214,2671.9791062786894,1.00807070299167,60.0
36215,2671.979800723134,1.0083106223563534,60.0
36216,2671.9804951675783,1.0080396224254766,60.0
36217,2671.9811896120227,1.0082202850956,60.0
36218,2671.981884056467,1.00812800369499,60.0
36219,2671.9825785009116,1.0085187835693867,60.0
36220,2671.983272945356,1.0082316506978266,60.0
36221,2671.9839673898005,1.0083612079309068,60.0
36222,2671.984661834245,1.0077355599938367,60.0
36223,2671.9853562786893,1.0067888907782399,60.0
36224,2671.9860507231338,1.0094156615021468,60.0
36225,2671.986745167578,1.0083662108149831,60.0
36226,2671.9874396120226,1.0079787158396434,60.0
36227,2671.988134056467,1.0076365453447667,60.0
36228,2671.9888285009115,1.0085962531053998,60.0
36229,2671.9895229453564,1.0083126543252001,60.0
36230,2671.990217389801,1.00850910279308,60.0
36231,2671.9909118342453,1.00813440346694,60.0
36232,2671.9916062786897,1.00746628863163,60.0
36233,2671.992300723134,1.0077687085804499,60.0
36234,2671.9929951675786,1.00746880492858,60.0
36235,2671.993689612023,1.0086719829295168,60.0
36236,2671.9943840564674,1.0082522945342498,60.0
36237,2671.995078500912,1.0085645037648434,60.0
36238,2671.9957729453563,1.00794579303662,60.0
36239,2671.9964673898007,1.008210473974595,60.0
36240,2671.997161834245,1.0083698823963332,60.0
36241,2671.9978562786896,1.00825752111243,60.0
36242,2671.998550723134,1.0079818378961065,60.0
36243,2671.9992451675785,1.00859224199111,60.0
36244,2671.999939612023,1.0082661349879298,60.0
36245,2672.0006340564673,1.0079541109889334,60.0
36246,2672.0013285009118,1.0084621935606535,60.0
36247,2672.002022945356,1.00890734230785,60.0
36248,2672.0027173898006,1.0085090544777466,60.0
36249,2672.003411834245,1.0089294623310565,60.0
36250,2672.0041062786895,1.0082941140055401,60.0
36251,2672.004800723134,1.0083999937059265,60.0
36252,2672.0054951675784,1.009003525976513,60.0
36253,2672.006189612023,1.0078686562564,60.0
36254,2672.0068840564672,1.008903746038635,60.0
36255,2672.0075785009117,1.0084706254367868,60.0
36256,2672.008272945356,1.0085449931430401,60.0
36257,2672.0089673898005,1.0090459989385832,60.0
36258,2672.009661834245,1.00844831356015,60.0
36259,2672.0103562786894,1.0075682860934467,60.0
36260,2672.011050723134,1.0091244974432267,60.0
36261,2672.0117451675783,1.00803966661754,60.0
36262,2672.0124396120227,1.0091071427292666,60.0
36263,2672.013134056467,1.0077376861622536,60.0
36264,2672.0138285009116,1.00807335832136,60.0
36265,2672.014522945356,1.00875066787206,60.0
36266,2672.0152173898005,1.00896950638716,60.0
36267,2672.015911834245,1.00878662781076,60.0
36268,2672.0166062786893,1.00857341944666,60.0
36269,2672.0173007231338,1.00851713285085,60.0
36270,2672.017995167578,1.0083576238226968,60.0
36271,2672.0186896120226,1.0086286001023033,60.0
36272,2672.019384056467,1.00779855194376,60.0
36273,2672.0200785009115,1.0082895875786833,60.0
36274,2672.020772945356,1.0088996813862967,60.0
36275,2672.021467389801,1.008120330704155,60.0
36276,2672.0221618342453,1.0079540382211067,60.0
36277,2672.0228562786897,1.0081613248520167,60.0
36278,2672.023550723134,1.0087203318861067,60.0
36279,2672.0242451675786,1.00897888031205,60.0
36280,2672.024939612023,1.0083867759827732,60.0
36281,2672.0256340564674,1.00793139256954,60.0
36282,2672.026328500912,1.0085586120216568,60.0
36283,2672.0270229453563,1.0090176392864467,60.0
36284,2672.0277173898007,1.0088508287495002,60.0
36285,2672.028411834245,1.0087384571937599,60.0
36286,2672.0291062786896,1.00920626602128,60.0
36287,2672.029800723134,1.0084915186160466,60.0
36288,2672.0304951675785,1.0095491756387098,60.0
36289,2672.031189612023,1.0091243342145466,60.0
36290,2672.0318840564673,1.00921567424123,60.0
36291,2672.0325785009118,1.00877470746154,60.0
36292,2672.033272945356,1.0085153793543065,60.0
36293,2672.0339673898006,1.0086016816177068,60.0
36294,2672.034661834245,1.00901052436466,60.0
36295,2672.0353562786895,1.0093635104301268,60.0
36296,2672.036050723134,1.0083850167786166,60.0
36297,2672.0367451675784,1.00831779565008,60.0
36298,2672.037439612023,1.0086687731312567,60.0
36299,2672.0381340564672,1.00918231612391,60.0
36300,2672.0388285009117,1.0092561693994933,60.0
36301,2672.039522945356,1.0091829997142134,60.0
36302,2672.0402173898005,1.0089196266249598,60.0
36303,2672.040911834245,1.0089811329394733,60.0
36304,2672.0416062786894,1.00922647856608,60.0
36305,2672.042300723134,1.0094003850602533,60.0
36306,2672.0429951675783,1.0088519108579568,60.0
36307,2672.0436896120227,1.0083159673811968,60.0
36308,2672.044384056467,1.0095090059394667,60.0
36309,2672.0450785009116,1.0088546139688666,60.0
36310,2672.045772945356,1.0086588972182466,60.0
36311,2672.0464673898005,1.0086954401605233,60.0
36312,2672.047161834245,1.008566500863923,60.0
36313,2672.0478562786893,1.0082285105754767,60.0
36314,2672.0485507231338,1.0084250941447268,60.0
36315,2672.049245167578,1.0090711979264548,60.0
36316,2672.0499396120226,1.0104488673548933,60.0
36317,2672.050634056467,1.0092030768209166,60.0
36318,2672.0513285009115,1.0090775471829367,60.0
36319,2672.052022945356,1.00946123342109,60.0
36320,2672.0527173898004,1.0083873184036067,60.0
36321,2672.053411834245,1.007168786517785,60.0
36322,2672.0541062786897,1.0093617879805432,60.0
36323,2672.054800723134,1.0105346586904533,60.0
36324,2672.0554951675786,1.00874745924468,60.0
36325,2672.056189612023,1.0092759167125134,60.0
36326,2672.0568840564674,1.00790387992579,60.0
36327,2672.057578500912,1.0087061354077267,60.0
36328,2672.0582729453563,1.0088695676217132,60.0
36329,2672.0589673898007,1.0091016899425633,60.0
36330,2672.059661834245,1.0094593759311732,60.0
36331,2672.0603562786896,1.0085932002132532,60.0
36332,2672.061050723134,1.0084534113561165,60.0
36333,2672.0617451675785,1.01006267213974,60.0
36334,2672.062439612023,1.0091465212460067,60.0
36335,2672.0631340564673,1.00905316483218,60.0
36336,2672.0638285009118,1.0089334413350965,60.0
36337,2672.064522945356,1.00883315920682,60.0
36338,2672.0652173898006,1.00938479697792,60.0
36339,2672.065911834245,1.0088147790471134,60.0
36340,2672.0666062786895,1.00949510345221,60.0
36341,2672.067300723134,1.00952465923164,60.0
36342,2672.0679951675784,1.0092064935672,60.0
36343,2672.068689612023,1.0093517732064232,60.0
36344,2672.0693840564672,1.0084196944674566,60.0
36345,2672.0700785009117,1.0091621884267166,60.0
36346,2672.070772945356,1.0092944052290733,60.0
36347,2672.0714673898005,1.0090389096340233,60.0
36348,2672.072161834245,1.0096839261888466,60.0
36349,2672.0728562786894,1.0098456443589965,60.0
36350,2672.073550723134,1.0088391502758467,60.0
36351,2672.0742451675783,1.01051045967516,60.0
36352,2672.0749396120227,1.0094522050790433,60.0
36353,2672.075634056467,1.0092943940961767,60.0
36354,2672.0763285009116,1.00853693396718,60.0
36355,2672.077022945356,1.0083713162381533,60.0
36356,2672.0777173898005,1.0085122630566865,60.0
36357,2672.078411834245,1.0097826170846,60.0
36358,2672.0791062786893,1.0093730143100732,60.0
36359,2672.0798007231338,1.0099291336582734,60.0
36360,2672.080495167578,1.0088329993434033,60.0
36361,2672.0811896120226,1.01030498607051,60.0
36362,2672.081884056467,1.0091712105032435,60.0
36363,2672.0825785009115,1.0086031568445049,60.0
36364,2672.083272945356,1.0085707686487,60.0
36365,2672.0839673898004,1.00870556761398,60.0
36366,2672.084661834245,1.0094107670477932,60.0
36367,2672.0853562786892,1.0093659678825968,60.0
36368,2672.086050723134,1.01013496669378,60.0
36369,2672.0867451675786,1.0090983926641566,60.0
36370,2672.087439612023,1.0095222981285499,60.0
36371,2672.0881340564674,1.0089548295511033,60.0
36372,2672.088828500912,1.00921202770888,60.0
36373,2672.0895229453563,1.0087675563426701,60.0
36374,2672.0902173898007,1.0095944209108165,60.0
36375,2672.090911834245,1.0095510474459768,60.0
36376,2672.0916062786896,1.01025903324717,60.0
36377,2672.092300723134,1.009808038813045,60.0
36378,2672.0929951675785,1.01009105199389,60.0
36379,2672.093689612023,1.010107158496,60.0
36380,2672.0943840564673,1.00884965735765,60.0
36381,2672.0950785009118,1.009861300970245,60.0
36382,2672.095772945356,1.0101300497589334,60.0
36383,2672.0964673898006,1.0099032874444234,60.0
36384,2672.097161834245,1.00933176048248,60.0
36385,2672.0978562786895,1.0104516700837298,60.0
36386,2672.098550723134,1.0096355791968568,60.0
36387,2672.0992451675784,1.0094458548515899,60.0
36388,2672.099939612023,1.0097872594570336,60.0
36389,2672.1006340564672,1.0104043983283033,60.0
36390,2672.1013285009117,1.00910496463649,60.0
36391,2672.102022945356,1.0108183555942534,60.0
36392,2672.1027173898005,1.0095295544177567,60.0
36393,2672.103411834245,1.0098984755634033,60.0
36394,2672.1041062786894,1.0093386245341367,60.0
36395,2672.104800723134,1.00937954715941,60.0
36396,2672.1054951675783,1.01017658008902,60.0
36397,2672.1061896120227,1.008410210261845,60.0
36398,2672.106884056467,1.0114706669952334,60.0
36399,2672.1075785009116,1.0093327433099,60.0
36400,2672.108272945356,1.0103415293861266,60.0
36401,2672.1089673898005,1.0084348929752565,60.0
36402,2672.109661834245,1.009701052673895,60.0
36403,2672.1103562786893,1.00957602676459,60.0
36404,2672.1110507231338,1.0101692565259066,60.0
36405,2672.111745167578,1.00910473945265,60.0
36406,2672.1124396120226,1.0094209028330967,60.0
36407,2672.113134056467,1.0099260776151933,60.0
36408,2672.1138285009115,1.00967101899803,60.0
36409,2672.114522945356,1.0094975160694801,60.0
36410,2672.1152173898004,1.01000276059192,60.0
36411,2672.115911834245,1.0095289485049233,60.0
36412,2672.1166062786892,1.0098472883534801,60.0
36413,2672.1173007231337,1.0090495185551032,60.0
36414,2672.117995167578,1.009612515068355,60.0
36415,2672.118689612023,1.0101266945229266,60.0
36416,2672.1193840564674,1.0102499619919734,60.0
36417,2672.120078500912,1.0089804619637865,60.0
36418,2672.1207729453563,1.0110097062776533,60.0
36419,2672.1214673898007,1.0091375503474966,60.0
36420,2672.122161834245,1.00924832491869,60.0
36421,2672.1228562786896,1.0095777214186001,60.0
36422,2672.123550723134,1.0092362838710667,60.0
36423,2672.1242451675785,1.0096570230429298,60.0
36424,2672.124939612023,1.0101716316862133,60.0
36425,2672.1256340564673,1.01033554912228,60.0
36426,2672.1263285009118,1.0094347673849,60.0
36427,2672.127022945356,1.0103493209848333,60.0
36428,2672.1277173898006,1.00964733101355,60.0
36429,2672.128411834245,1.00981523687258,60.0
36430,2672.1291062786895,1.00968209810019,60.0
36431,2672.129800723134,1.0100823139173636,60.0
36432,2672.1304951675784,1.0094103298064834,60.0
36433,2672.131189612023,1.010146852542785,60.0
36434,2672.1318840564672,1.0094494361316833,60.0
36435,2672.1325785009117,1.0093133218619001,60.0
36436,2672.133272945356,1.0100963313588232,60.0
36437,2672.1339673898005,1.010965511071393,60.0
36438,2672.134661834245,1.0095243079893435,60.0
36439,2672.1353562786894,1.010122005126965,60.0
36440,2672.136050723134,1.009434252253625,60.0
36441,2672.1367451675783,1.0095651342072967,60.0
36442,2672.1374396120227,1.0096447430398099,60.0
36443,2672.138134056467,1.0093832768715567,60.0
36444,2672.1388285009116,1.0102381356056866,60.0
36445,2672.139522945356,1.0089214667523434,60.0
36446,2672.1402173898005,1.010181797857605,60.0
36447,2672.140911834245,1.0109156385266767,60.0
36448,2672.1416062786893,1.0100528078636835,60.0
36449,2672.1423007231338,1.0097319445139534,60.0
36450,2672.142995167578,1.009468317812815,60.0
36451,2672.1436896120226,1.00991264823283,60.0
36452,2672.144384056467,1.0093136810037302,60.0
36453,2672.1450785009115,1.00827172483146,60.0
36454,2672.145772945356,1.010978014696405,60.0
36455,2672.1464673898004,1.0096885681798349,60.0
36456,2672.147161834245,1.00977583763093,60.0
36457,2672.1478562786892,1.0097077976270634,60.0
36458,2672.1485507231337,1.00896776383875,60.0
36459,2672.149245167578,1.0100229921993833,60.0
36460,2672.1499396120225,1.0087248039353367,60.0
36461,2672.1506340564674,1.0103640457417766,60.0
36462,2672.151328500912,1.00967427117921,60.0
36463,2672.1520229453563,1.0092017710585968,60.0
36464,2672.1527173898007,1.0089421176165898,60.0
36465,2672.153411834245,1.0097080764054835,60.0
36466,2672.1541062786896,1.00864463307379,60.0
36467,2672.154800723134,1.0097890290374398,60.0
36468,2672.1554951675785,1.010212806381685,60.0
36469,2672.156189612023,1.00972684596574,60.0
36470,2672.1568840564673,1.01033525402002,60.0
36471,2672.1575785009118,1.0099039051209902,60.0
36472,2672.158272945356,1.0103381735368233,60.0
36473,2672.1589673898006,1.0108218809912735,60.0
36474,2672.159661834245,1.00917615381376,60.0
36475,2672.1603562786895,1.0110116578187651,60.0
36476,2672.161050723134,1.0096342857973768,60.0
36477,2672.1617451675784,1.0090323934727667,60.0
36478,2672.162439612023,1.0099155435257432,60.0
36479,2672.1631340564672,1.0110400996003468,60.0
36480,2672.1638285009117,1.0093432566003966,60.0
36481,2672.164522945356,1.0097488131717434,60.0
36482,2672.1652173898005,1.00950285659733,60.0
36483,2672.165911834245,1.00948478565386,60.0
36484,2672.1666062786894,1.0106652104807299,60.0
36485,2672.167300723134,1.0104994025592167,60.0
36486,2672.1679951675783,1.00948994299324,60.0
36487,2672.1686896120227,1.0108749936507966,60.0
36488,2672.169384056467,1.0105448226783234,60.0
36489,2672.1700785009116,1.0096480357099367,60.0
36490,2672.170772945356,1.0087629960244902,60.0
36491,2672.1714673898005,1.0096464558198368,60.0
36492,2672.172161834245,1.009111063239505,60.0
36493,2672.1728562786893,1.00975058699232,60.0
36494,2672.1735507231338,1.0100307495167566,60.0
36495,2672.174245167578,1.0103998858955567,60.0
36496,2672.1749396120226,1.0104360469879434,60.0
36497,2672.175634056467,1.0101815900124234,60.0
36498,2672.1763285009115,1.0105040082656835,60.0
36499,2672.177022945356,1.0095465693783634,60.0
36500,2672.1777173898004,1.0107039786732799,60.0
36501,2672.178411834245,1.0091562283939266,60.0
36502,2672.1791062786892,1.0092561215415,60.0
36503,2672.1798007231337,1.0096762422174932,60.0
36504,2672.180495167578,1.0104623047701367,60.0
36505,2672.1811896120225,1.0107977990444532,60.0
36506,2672.181884056467,1.0096123692210968,60.0
36507,2672.1825785009114,1.0106406827827668,60.0
36508,2672.1832729453563,1.010346185077397,60.0
36509,2672.1839673898007,1.0096564961700834,60.0
36510,2672.184661834245,1.0094914436974234,60.0
36511,2672.1853562786896,1.0094063388874666,60.0
36512,2672.186050723134,1.0104910005963132,60.0
36513,2672.1867451675785,1.010280800591925,60.0
36514,2672.187439612023,1.01011338642197,60.0
36515,2672.1881340564673,1.0103615614166435,60.0
36516,2672.1888285009118,1.0097125165838734,60.0
36517,2672.189522945356,1.0096697562703734,60.0
36518,2672.1902173898006,1.01326344378365,60.0
36519,2672.190911834245,1.0100305770780966,60.0
36520,2672.1916062786895,1.01135814469806,60.0
36521,2672.192300723134,1.0111435594033051,60.0
36522,2672.1929951675784,1.01036666883332,60.0
36523,2672.193689612023,1.0106443145394233,60.0
36524,2672.1943840564672,1.0095363492479266,60.0
36525,2672.1950785009117,1.00947627642923,60.0
36526,2672.195772945356,1.0109376833294834,60.0
36527,2672.1964673898005,1.010772634891395,60.0
36528,2672.197161834245,1.0111047844411634,60.0
36529,2672.1978562786894,1.0109800812615,60.0
36530,2672.198550723134,1.0119058099118667,60.0
36531,2672.1992451675783,1.0097074118275502,60.0
36532,2672.1999396120227,1.010477256514035,60.0
36533,2672.200634056467,1.010312347120167,60.0
36534,2672.2013285009116,1.01035878564247,60.0
36535,2672.202022945356,1.0109559931767633,60.0
36536,2672.2027173898005,1.01105502027907,60.0
36537,2672.203411834245,1.01180353051978,60.0
36538,2672.2041062786893,1.01027534409093,60.0
36539,2672.2048007231338,1.0104251754829467,60.0
36540,2672.205495167578,1.00976210968858,60.0
36541,2672.2061896120226,1.0100446205234832,60.0
36542,2672.206884056467,1.0102408173770252,60.0
36543,2672.2075785009115,1.0110466837305232,60.0
36544,2672.208272945356,1.0099488987677165,60.0
36545,2672.2089673898004,1.0100072525470132,60.0
36546,2672.209661834245,1.0096485210318968,60.0
36547,2672.2103562786892,1.0095545941051365,60.0
36548,2672.2110507231337,1.0113238019382598,60.0
36549,2672.211745167578,1.0102770164534567,60.0
36550,2672.2124396120225,1.0105796144252968,60.0
36551,2672.213134056467,1.0106504144749433,60.0
36552,2672.2138285009114,1.0105249354744965,60.0
36553,2672.214522945356,1.0099826224817967,60.0
36554,2672.2152173898003,1.0101161775677634,60.0
36555,2672.215911834245,1.0109942301077999,60.0
36556,2672.2166062786896,1.0097015882620832,60.0
36557,2672.217300723134,1.0104282805355,60.0
36558,2672.2179951675785,1.0106814136266766,60.0
36559,2672.218689612023,1.0102716147271267,60.0
36560,2672.2193840564673,1.00954983235759,60.0
36561,2672.2200785009118,1.0108741051913135,60.0
36562,2672.220772945356,1.0100560148545301,60.0
36563,2672.2214673898006,1.0101593292108066,60.0
36564,2672.222161834245,1.0105122382646667,60.0
36565,2672.2228562786895,1.010876091175605,60.0
36566,2672.223550723134,1.0111717443276067,60.0
36567,2672.2242451675784,1.0093294039519334,60.0
36568,2672.224939612023,1.0104300348292334,60.0
36569,2672.2256340564672,1.0089209288020766,60.0
36570,2672.2263285009117,1.0105955303069933,60.0
36571,2672.227022945356,1.0107478247110733,60.0
36572,2672.2277173898005,1.0108371783435832,60.0
36573,2672.228411834245,1.009976563554493,60.0
36574,2672.2291062786894,1.01033507958633,60.0
36575,2672.229800723134,1.0099806102439433,60.0
36576,2672.2304951675783,1.0105559726993467,60.0
36577,2672.2311896120227,1.0109976724365366,60.0
36578,2672.231884056467,1.0107275783676666,60.0
36579,2672.2325785009116,1.010625387884055,60.0
36580,2672.233272945356,1.0101919287604535,60.0
36581,2672.2339673898005,1.0108333929187134,60.0
36582,2672.234661834245,1.010460914730545,60.0
36583,2672.2353562786893,1.01102484515193,60.0
36584,2672.2360507231338,1.0110388578840448,60.0
36585,2672.236745167578,1.0097967074509835,60.0
36586,2672.2374396120226,1.0101923459519648,60.0
36587,2672.238134056467,1.0109889417137465,60.0
36588,2672.2388285009115,1.0098645523771734,60.0
36589,2672.239522945356,1.01000611264796,60.0
36590,2672.2402173898004,1.0104377332589667,60.0
36591,2672.240911834245,1.01122872340681,60.0
36592,2672.2416062786892,1.01020145771477,60.0
36593,2672.2423007231337,1.0105562268414034,60.0
36594,2672.242995167578,1.0100055935712167,60.0
36595,2672.2436896120225,1.0106053746289332,60.0
36596,2672.244384056467,1.0109538036884833,60.0
36597,2672.2450785009114,1.0099858794349967,60.0
36598,2672.245772945356,1.0093222345916901,60.0
36599,2672.2464673898003,1.010999491500225,60.0
36600,2672.2471618342447,1.0111766588518931,60.0
36601,2672.2478562786896,1.0110705367377533,60.0
36602,2672.248550723134,1.0107307229247702,60.0
36603,2672.2492451675785,1.0099711874174835,60.0
36604,2672.249939612023,1.0102870698228734,60.0
36605,2672.2506340564673,1.01080813233181,60.0
36606,2672.2513285009118,1.0108264469968935,60.0
36607,2672.252022945356,1.0080934037802,60.0
36608,2672.2527173898006,1.01009175683329,60.0
36609,2672.253411834245,1.0106322101369434,60.0
36610,2672.2541062786895,1.00984542230852,60.0
36611,2672.254800723134,1.0113160441571933,60.0
36612,2672.430495167578,1.0109028904983333,60.0
36613,2672.4311896120225,1.0107164886119466,60.0
36614,2672.431884056467,1.0114829631592432,60.0
36615,2672.4325785009114,1.0117679780503868,60.0
36616,2672.433272945356,1.0114111800028567,60.0
36617,2672.4339673898003,1.01101161177514,60.0
36618,2672.4346618342447,1.0113046636427032,60.0
36619,2672.435356278689,1.0115838771205066,60.0
36620,2672.4360507231336,1.0113208557898468,60.0
36621,2672.436745167578,1.010719725074235,60.0
36622,2672.4374396120224,1.0115362709241567,60.0
36623,2672.438134056467,1.01117986412069,60.0
36624,2672.4388285009113,1.01006453577493,60.0
36625,2672.4395229453557,1.01126170757189,60.0
36626,2672.4402173898,1.010923311613875,60.0
36627,2672.4409118342446,1.0107978374395001,60.0
36628,2672.4416062786895,1.0115833504271265,60.0
36629,2672.442300723134,1.0103348957755032,60.0
36630,2672.4429951675784,1.0107970628644198,60.0
36631,2672.443689612023,1.0119255436883199,60.0
36632,2672.4443840564672,1.0111163808220267,60.0
36633,2672.4450785009117,1.0109278835201667,60.0
36634,2672.445772945356,1.0116575275452566,60.0
36635,2672.4464673898005,1.0115567134627934,60.0
36636,2672.447161834245,1.0116075796280048,60.0
36637,2672.4478562786894,1.01194116128399,60.0
36638,2672.448550723134,1.0122639936224367,60.0
36639,2672.4492451675783,1.01017047209666,60.0
36640,2672.4499396120227,1.0103867337598733,60.0
36641,2672.450634056467,1.010974096920285,60.0
36642,2672.4513285009116,1.01070929665326,60.0
36643,2672.452022945356,1.01021188867205,60.0
36644,2672.4527173898005,1.0106982291798767,60.0
36645,2672.453411834245,1.0124735515932102,60.0
36646,2672.4541062786893,1.01173249304629,60.0
36647,2672.4548007231338,1.011087983971485,60.0
36648,2672.455495167578,1.01059682241773,60.0
36649,2672.4561896120226,1.0106618705031833,60.0
36650,2672.456884056467,1.0111143881936302,60.0
36651,2672.4575785009115,1.011727244420305,60.0
36652,2672.458272945356,1.01238810607935,60.0
36653,2672.4589673898004,1.0113656573244565,60.0
36654,2672.459661834245,1.0104515940349066,60.0
36655,2672.4603562786892,1.0116954975736434,60.0
36656,2672.4610507231337,1.01115621136991,60.0
36657,2672.461745167578,1.0102229203904132,60.0
36658,2672.4624396120225,1.0115322265133933,60.0
36659,2672.463134056467,1.01142583110947,60.0
36660,2672.4638285009114,1.0107159006999835,60.0
36661,2672.464522945356,1.0117721332941851,60.0
36662,2672.4652173898003,1.0112556505330732,60.0
36663,2672.4659118342447,1.0113100334810199,60.0
36664,2672.466606278689,1.0112422465416369,60.0
36665,2672.4673007231336,1.01169117413816,60.0
36666,2672.467995167578,1.0111731702517102,60.0
36667,2672.4686896120224,1.0105131997085868,60.0
36668,2672.469384056467,1.0116955888223098,60.0
36669,2672.4700785009113,1.0117686759064601,60.0
36670,2672.4707729453557,1.0113698288594934,60.0
36671,2672.4714673898,1.0112606228182934,60.0
36672,2672.4721618342446,1.01195145739836,60.0
36673,2672.472856278689,1.0104951697671567,60.0
36674,2672.4735507231335,1.0113910119265501,60.0
36675,2672.4742451675784,1.0107672576631332,60.0
36676,2672.474939612023,1.01101349994139,60.0
36677,2672.4756340564672,1.01106575297412,60.0
36678,2672.4763285009117,1.0117897513945333,60.0
36679,2672.477022945356,1.01115613156706,60.0
36680,2672.4777173898005,1.0112043604110765,60.0
36681,2672.478411834245,1.01072840307847,60.0
36682,2672.4791062786894,1.0112202625798032,60.0
36683,2672.479800723134,1.0108569516004133,60.0
36684,2672.4804951675783,1.0110479983603768,60.0
36685,2672.4811896120227,1.0117371214991333,60.0
36686,2672.481884056467,1.0119820507402968,60.0
36687,2672.4825785009116,1.0105849472143564,60.0
36688,2672.483272945356,1.0107384457437067,60.0
36689,2672.4839673898005,1.01153819092979,60.0
36690,2672.484661834245,1.0119815071263967,60.0
36691,2672.4853562786893,1.0122264757606934,60.0
36692,2672.4860507231338,1.0110125170758166,60.0
36693,2672.486745167578,1.0107628384191567,60.0
36694,2672.4874396120226,1.0110244358483,60.0
36695,2672.488134056467,1.01133119627856,60.0
36696,2672.4888285009115,1.0110789364431367,60.0
36697,2672.489522945356,1.0105893826790566,60.0
36698,2672.4902173898004,1.0120078713478,60.0
36699,2672.490911834245,1.0112989154262866,60.0
36700,2672.4916062786892,1.0109842855573434,60.0
36701,2672.4923007231337,1.0111090802496734,60.0
36702,2672.492995167578,1.0107171851109833,60.0
36703,2672.4936896120225,1.01206259484104,60.0
36704,2672.494384056467,1.0111304938163566,60.0
36705,2672.4950785009114,1.0118366669951433,60.0
36706,2672.495772945356,1.0108197305972935,60.0
36707,2672.4964673898003,1.0117083124409667,60.0
36708,2672.4971618342447,1.0113203716852233,60.0
36709,2672.497856278689,1.0099161880389433,60.0
36710,2672.4985507231336,1.01169439238574,60.0
36711,2672.499245167578,1.0114416691869232,60.0
36712,2672.4999396120224,1.0111752204993634,60.0
36713,2672.500634056467,1.0115562582454765,60.0
36714,2672.5013285009113,1.0109323003538366,60.0
36715,2672.5020229453557,1.0107433253004399,60.0
36716,2672.5027173898,1.01059820093251,60.0
36717,2672.5034118342446,1.0108428545277532,60.0
36718,2672.504106278689,1.01217516512034,60.0
36719,2672.5048007231335,1.0114654273088435,60.0
36720,2672.505495167578,1.0112521108897934,60.0
36721,2672.506189612023,1.0110217730449333,60.0
36722,2672.5068840564672,1.0121465151132767,60.0
36723,2672.5075785009117,1.01110976472388,60.0
36724,2672.508272945356,1.0114857303177465,60.0
36725,2672.5089673898005,1.0110955040985699,60.0
36726,2672.509661834245,1.0111976676445702,60.0
36727,2672.5103562786894,1.01144734448312,60.0
36728,2672.511050723134,1.0110718337981899,60.0
36729,2672.5117451675783,1.0113589090637767,60.0
36730,2672.5124396120227,1.0111623163989767,60.0
36731,2672.513134056467,1.0126278110989866,60.0
36732,2672.5138285009116,1.0117226703472968,60.0
36733,2672.514522945356,1.0123239762342664,60.0
36734,2672.5152173898005,1.0113794139644432,60.0
36735,2672.515911834245,1.0105290148711266,60.0
36736,2672.5166062786893,1.01037950016587,60.0
36737,2672.5173007231338,1.0107145711332002,60.0
36738,2672.517995167578,1.0117128714520234,60.0
36739,2672.5186896120226,1.01189559495673,60.0
36740,2672.519384056467,1.013162064888505,60.0
36741,2672.5200785009115,1.0115765246546733,60.0
36742,2672.520772945356,1.0107383829991468,60.0
36743,2672.5214673898004,1.0121144033598632,60.0
36744,2672.522161834245,1.0115510664289233,60.0
36745,2672.5228562786892,1.01128991148469,60.0
36746,2672.5235507231337,1.0108195328402199,60.0
36747,2672.524245167578,1.01278018270747,60.0
36748,2672.5249396120225,1.0108769373757533,60.0
36749,2672.525634056467,1.0114872994839101,60.0
36750,2672.5263285009114,1.0105717642691365,60.0
36751,2672.527022945356,1.0109367180641133,60.0
36752,2672.5277173898003,1.0105588993159433,60.0
36753,2672.5284118342447,1.011902094842315,60.0
36754,2672.529106278689,1.0111259178595633,60.0
36755,2672.5298007231336,1.0120537196460269,60.0
36756,2672.530495167578,1.0111549140333966,60.0
36757,2672.5311896120224,1.011558756603807,60.0
36758,2672.531884056467,1.0102813339315968,60.0
36759,2672.5325785009113,1.0113490355338968,60.0
36760,2672.5332729453557,1.0108568885526135,60.0
36761,2672.5339673898,1.0108745095716831,60.0
36762,2672.5346618342446,1.01076205751839,60.0
36763,2672.535356278689,1.0111719154235832,60.0
36764,2672.5360507231335,1.0108960951146566,60.0
36765,2672.536745167578,1.011125849506565,60.0
36766,2672.5374396120224,1.01043151628379,60.0
36767,2672.538134056467,1.0110186652919266,60.0
36768,2672.5388285009117,1.0120678706823834,60.0
36769,2672.539522945356,1.0114702298937033,60.0
36770,2672.5402173898005,1.0120440390773366,60.0
36771,2672.540911834245,1.0107408231805632,60.0
36772,2672.5416062786894,1.01125551772773,60.0
36773,2672.542300723134,1.0107072252936333,60.0
36774,2672.5429951675783,1.01045401510873,60.0
36775,2672.5436896120227,1.0110416630696066,60.0
36776,2672.544384056467,1.0104001001345901,60.0
36777,2672.5450785009116,1.009983722458475,60.0
36778,2672.545772945356,1.012375288265695,60.0
36779,2672.5464673898005,1.0112940760904434,60.0
36780,2672.547161834245,1.01161505826085,60.0
36781,2672.5478562786893,1.0112803388677833,60.0
36782,2672.5485507231338,1.0123020681670998,60.0
36783,2672.549245167578,1.0113636063932165,60.0
36784,2672.5499396120226,1.01122997658473,60.0
36785,2672.550634056467,1.0110350430675965,60.0
36786,2672.5513285009115,1.0112708562661668,60.0
36787,2672.552022945356,1.0112523806565734,60.0
36788,2672.5527173898004,1.0118121628621068,60.0
36789,2672.553411834245,1.011283861312335,60.0
36790,2672.5541062786892,1.0112466815107535,60.0
36791,2672.5548007231337,1.0112615610785,60.0
36792,2672.555495167578,1.0119115528637668,60.0
36793,2672.5561896120225,1.0117392133483134,60.0
36794,2672.556884056467,1.0107896165918666,60.0
36795,2672.5575785009114,1.0115279161355932,60.0
36796,2672.558272945356,1.0102992055602567,60.0
36797,2672.5589673898003,1.0106646296183301,60.0
36798,2672.5596618342447,1.01069705265147,60.0
36799,2672.560356278689,1.0113439246881935,60.0
36800,2672.5610507231336,1.0108051839532968,60.0
36801,2672.561745167578,1.00923491733609,60.0
36802,2672.5624396120224,1.0112559945196968,60.0
36803,2672.563134056467,1.0117223092661434,60.0
36804,2672.5638285009113,1.0100893055820466,60.0
36805,2672.5645229453557,1.0104845245548735,60.0
36806,2672.5652173898,1.0119417227099634,60.0
36807,2672.5659118342446,1.0107321171510766,60.0
36808,2672.566606278689,1.01056503546416,60.0
36809,2672.5673007231335,1.0109866750317067,60.0
36810,2672.567995167578,1.0115436327770666,60.0
36811,2672.5686896120224,1.011556652340455,60.0
36812,2672.569384056467,1.00924793346345,60.0
36813,2672.570078500911,1.01111652134851,60.0
36814,2672.5707729453557,1.0120844441949801,60.0
36815,2672.5714673898005,1.0105473984398665,60.0
36816,2672.572161834245,1.0113645195915633,60.0
36817,2672.5728562786894,1.0109515594068998,60.0
36818,2672.573550723134,1.0101973287500268,60.0
36819,2672.5742451675783,1.0105840036007367,60.0
36820,2672.5749396120227,1.0103684288517967,60.0
36821,2672.575634056467,1.0110119434696934,60.0
36822,2672.5763285009116,1.0105337691920733,60.0
36823,2672.577022945356,1.0119375720685766,60.0
36824,2672.5777173898005,1.01068834687409,60.0
36825,2672.578411834245,1.0108577347081533,60.0
36826,2672.5791062786893,1.01087529914113,60.0
36827,2672.5798007231338,1.0110655640883033,60.0
36828,2672.580495167578,1.01172624775535,60.0
36829,2672.5811896120226,1.0112691127648332,60.0
36830,2672.581884056467,1.0116982319381467,60.0
36831,2672.5825785009115,1.01060127682537,60.0
36832,2672.583272945356,1.0102714096435834,60.0
36833,2672.5839673898004,1.01189607660747,60.0
36834,2672.584661834245,1.01071657782723,60.0
36835,2672.5853562786892,1.0106749727780502,60.0
36836,2672.5860507231337,1.0118703365114732,60.0
36837,2672.586745167578,1.0102515796916,60.0
36838,2672.5874396120225,1.0109985463818465,60.0
36839,2672.588134056467,1.0108886580102234,60.0
36840,2672.5888285009114,1.0114324180055665,60.0
36841,2672.589522945356,1.0110476306692566,60.0
36842,2672.5902173898003,1.01089956092014,60.0
36843,2672.5909118342447,1.0102843071882799,60.0
36844,2672.591606278689,1.01082056695031,60.0
36845,2672.5923007231336,1.0101844004097233,60.0
36846,2672.592995167578,1.0112063431383433,60.0
36847,2672.5936896120224,1.0105475519844533,60.0
36848,2672.594384056467,1.0108290939990434,60.0
36849,2672.5950785009113,1.0114725363706667,60.0
36850,2672.5957729453557,1.01053039523548,60.0
36851,2672.5964673898,1.01128727642147,60.0
36852,2672.5971618342446,1.0110941825072732,60.0
36853,2672.597856278689,1.0112054009950968,60.0
36854,2672.5985507231335,1.01241301089619,60.0
36855,2672.599245167578,1.0112142452917068,60.0
36856,2672.5999396120224,1.0109046883200634,60.0
36857,2672.600634056467,1.0110642091680402,60.0
36858,2672.601328500911,1.01091042083403,60.0
36859,2672.6020229453557,1.0113483456784633,60.0
36860,2672.6027173898,1.0108672224178832,60.0
36861,2672.603411834245,1.0113123144790368,60.0
36862,2672.6041062786894,1.0108062075246635,60.0
36863,2672.604800723134,1.0105490266979766,60.0
36864,2672.6054951675783,1.0101763767834966,60.0
36865,2672.6061896120227,1.0112162656775767,60.0
36866,2672.606884056467,1.01169909755951,60.0
36867,2672.6075785009116,1.01208061733427,60.0
36868,2672.608272945356,1.0109015357978002,60.0
36869,2672.6089673898005,1.01131682431286,60.0
36870,2672.609661834245,1.0109596660480669,60.0
36871,2672.6103562786893,1.0101631854103934,60.0
36872,2672.6110507231338,1.01090325666162,60.0
36873,2672.611745167578,1.0119822743773834,60.0
36874,2672.6124396120226,1.01130873701828,60.0
36875,2672.613134056467,1.0109105028996348,60.0
36876,2672.6138285009115,1.0114165277032399,60.0
36877,2672.614522945356,1.0112407190003,60.0
36878,2672.6152173898004,1.011188801425585,60.0
36879,2672.615911834245,1.01093502951208,60.0
36880,2672.6166062786892,1.0105873205928166,60.0
36881,2672.6173007231337,1.01093886656225,60.0
36882,2672.617995167578,1.0116881788043632,60.0
36883,2672.6186896120225,1.0108125830143,60.0
36884,2672.619384056467,1.0111370798178332,60.0
36885,2672.6200785009114,1.011013658602045,60.0
36886,2672.620772945356,1.01073643289027,60.0
36887,2672.6214673898003,1.0100447708956466,60.0
36888,2672.6221618342447,1.01107652460363,60.0
36889,2672.622856278689,1.0100198898799169,60.0
36890,2672.6235507231336,1.0118315940246199,60.0
36891,2672.624245167578,1.011657327961235,60.0
36892,2672.6249396120224,1.0111951638841734,60.0
36893,2672.625634056467,1.0105861014606232,60.0
36894,2672.6263285009113,1.01088228920724,60.0
36895,2672.6270229453557,1.0105084855082833,60.0
36896,2672.6277173898,1.0117584846113,60.0
36897,2672.6284118342446,1.0107916439422333,60.0
36898,2672.629106278689,1.01041955462682,60.0
36899,2672.6298007231335,1.011290104906975,60.0
36900,2672.630495167578,1.0107721802037866,60.0
36901,2672.6311896120224,1.01042092921127,60.0
36902,2672.631884056467,1.0114079865717633,60.0
36903,2672.632578500911,1.0107599143808566,60.0
36904,2672.6332729453557,1.0113067369717266,60.0
36905,2672.6339673898,1.0098585924536867,60.0
36906,2672.6346618342445,1.0109706155141132,60.0
36907,2672.635356278689,1.0117548753050665,60.0
36908,2672.636050723134,1.0108373392815933,60.0
36909,2672.6367451675783,1.01158128212252,60.0
36910,2672.6374396120227,1.0120597425716333,60.0
36911,2672.638134056467,1.0121201940556765,60.0
36912,2672.6388285009116,1.0104161446095867,60.0
36913,2672.639522945356,1.0124084743357968,60.0
36914,2672.6402173898005,1.0104894211372868,60.0
36915,2672.640911834245,1.0112252633719034,60.0
36916,2672.6416062786893,1.0111307919347734,60.0
36917,2672.6423007231338,1.0108925438650032,60.0
36918,2672.642995167578,1.0106280554695368,60.0
36919,2672.6436896120226,1.0111977310151732,60.0
36920,2672.644384056467,1.0115051843338168,60.0
36921,2672.6450785009115,1.0109223854530551,60.0
36922,2672.645772945356,1.0111311986694251,60.0
36923,2672.6464673898004,1.0114400765266567,60.0
36924,2672.647161834245,1.0114236850889666,60.0
36925,2672.6478562786892,1.009715519019733,60.0
36926,2672.6485507231337,1.0108647914917033,60.0
36927,2672.649245167578,1.011035497763025,60.0
36928,2672.6499396120225,1.0116584508499467,60.0
36929,2672.650634056467,1.0111207561259532,60.0
36930,2672.6513285009114,1.01071058767057,60.0
36931,2672.652022945356,1.0114495600425133,60.0
36932,2672.6527173898003,1.0114686798386534,60.0
36933,2672.6534118342447,1.0112592524214667,60.0
36934,2672.654106278689,1.0111120555957966,60.0
36935,2672.6548007231336,1.011341211858555,60.0
36936,2672.655495167578,1.0104116019525349,60.0
36937,2672.6561896120224,1.0105849737726,60.0
36938,2672.656884056467,1.0113797869827066,60.0
36939,2672.6575785009113,1.0110702631838333,60.0
36940,2672.6582729453557,1.01160785161588,60.0
36941,2672.6589673898,1.01139268224276,60.0
36942,2672.6596618342446,1.01121480885821,60.0
36943,2672.660356278689,1.01111206600942,60.0
36944,2672.6610507231335,1.0107533001864466,60.0
36945,2672.661745167578,1.0113846497895602,60.0
36946,2672.6624396120224,1.01213290142778,60.0
36947,2672.663134056467,1.01038335049789,60.0
36948,2672.663828500911,1.00984757905401,60.0
36949,2672.6645229453557,1.0109264124967599,60.0
36950,2672.6652173898,1.01052611414856,60.0
36951,2672.6659118342445,1.01086615950401,60.0
36952,2672.666606278689,1.01127772020458,60.0
36953,2672.6673007231334,1.0102904127355468,60.0
36954,2672.6679951675783,1.0102575947575534,60.0
36955,2672.6686896120227,1.0110402281844768,60.0
36956,2672.669384056467,1.0107125359112898,60.0
36957,2672.6700785009116,1.0102559905113833,60.0
36958,2672.670772945356,1.0105340323524468,60.0
36959,2672.6714673898005,1.0117351400529666,60.0
36960,2672.672161834245,1.0113448499682633,60.0
36961,2672.6728562786893,1.0104280945512467,60.0
36962,2672.6735507231338,1.0108337554339,60.0
36963,2672.674245167578,1.0098927624034166,60.0
36964,2672.6749396120226,1.0111912178722966,60.0
36965,2672.675634056467,1.0107501136992567,60.0
36966,2672.6763285009115,1.0109769364551566,60.0
36967,2672.677022945356,1.0098326228570034,60.0
36968,2672.6777173898004,1.0093296051413667,60.0
36969,2672.678411834245,1.01068959152031,60.0
36970,2672.6791062786892,1.0105943431152566,60.0
36971,2672.6798007231337,1.0114400283731733,60.0
36972,2672.680495167578,1.0115112034305733,60.0
36973,2672.6811896120225,1.0107091791139633,60.0
36974,2672.681884056467,1.01055017323021,60.0
36975,2672.6825785009114,1.01004980756957,60.0
36976,2672.683272945356,1.0108370868895866,60.0
36977,2672.6839673898003,1.0108022248844601,60.0
36978,2672.6846618342447,1.01047468145792,60.0
36979,2672.685356278689,1.01137843132095,60.0
36980,2672.6860507231336,1.01046747148661,60.0
36981,2672.686745167578,1.0106201892201534,60.0
36982,2672.6874396120224,1.01070343353527,60.0
36983,2672.688134056467,1.0108774218468202,60.0
36984,2672.6888285009113,1.0111720268186735,60.0
36985,2672.6895229453557,1.01060643054975,60.0
36986,2672.6902173898,1.01018385116622,60.0
36987,2672.6909118342446,1.0108134592673368,60.0
36988,2672.691606278689,1.0101976457352766,60.0
36989,2672.6923007231335,1.0099610869325801,60.0
36990,2672.692995167578,1.0101186863856833,60.0
36991,2672.6936896120224,1.0099522467470632,60.0
36992,2672.694384056467,1.0117659467981799,60.0
36993,2672.695078500911,1.0096498658056101,60.0
36994,2672.6957729453557,1.01028421270548,60.0
36995,2672.6964673898,1.0101422305183734,60.0
36996,2672.6971618342445,1.0103336716270233,60.0
36997,2672.697856278689,1.0105326041845033,60.0
36998,2672.6985507231334,1.00995500481503,60.0
36999,2672.699245167578,1.00967629578898,60.0
37000,2672.6999396120223,1.0111793972862266,60.0
37001,2672.700634056467,1.0109259102512067,60.0
37002,2672.7013285009116,1.0102625880550866,60.0
37003,2672.702022945356,1.00988518832935,60.0
37004,2672.7027173898005,1.01020311214851,60.0
37005,2672.703411834245,1.00958391300333,60.0
37006,2672.7041062786893,1.0106231693637933,60.0
37007,2672.7048007231338,1.0100939491568401,60.0
37008,2672.705495167578,1.00988542841719,60.0
37009,2672.7061896120226,1.0105813569466766,60.0
37010,2672.706884056467,1.0109152115915951,60.0
37011,2672.7075785009115,1.0104436409318132,60.0
37012,2672.708272945356,1.0109359140078167,60.0
37013,2672.7089673898004,1.0113099056702033,60.0
37014,2672.709661834245,1.0107518576157133,60.0
37015,2672.7103562786892,1.01079410696688,60.0
37016,2672.7110507231337,1.0104805128936232,60.0
37017,2672.711745167578,1.01020887977895,60.0
37018,2672.7124396120225,1.0107870852956067,60.0
37019,2672.713134056467,1.00988501955302,60.0
37020,2672.7138285009114,1.0107920934527899,60.0
37021,2672.714522945356,1.01008945501838,60.0
37022,2672.7152173898003,1.01054907917138,60.0
37023,2672.7159118342447,1.0100724902731633,60.0
37024,2672.716606278689,1.0106122812370366,60.0
37025,2672.7173007231336,1.0098975656634865,60.0
37026,2672.717995167578,1.0093261810362566,60.0
37027,2672.7186896120224,1.0101287924161768,60.0
37028,2672.719384056467,1.0107604084355601,60.0
37029,2672.7200785009113,1.0100598307873268,60.0
37030,2672.7207729453557,1.0092670742382968,60.0
37031,2672.7214673898,1.0106446133665132,60.0
37032,2672.7221618342446,1.0108265874343534,60.0
37033,2672.722856278689,1.010113616616835,60.0
37034,2672.7235507231335,1.01123397117264,60.0
37035,2672.724245167578,1.01061588921573,60.0
37036,2672.7249396120224,1.0091530744801,60.0
37037,2672.725634056467,1.0104624193023366,60.0
37038,2672.726328500911,1.0094173455535467,60.0
37039,2672.7270229453557,1.0111600991636234,60.0
37040,2672.7277173898,1.00890033248633,60.0
37041,2672.7284118342445,1.0113646572403834,60.0
37042,2672.729106278689,1.0103887167572603,60.0
37043,2672.7298007231334,1.0113295777165066,60.0
37044,2672.730495167578,1.00989108036522,60.0
37045,2672.7311896120223,1.01171520488048,60.0
37046,2672.7318840564667,1.0115618808517133,60.0
37047,2672.7325785009116,1.0109253967253033,60.0
37048,2672.733272945356,1.0113641206391768,60.0
37049,2672.7339673898005,1.00953059031607,60.0
37050,2672.734661834245,1.0104140357324731,60.0
37051,2672.7353562786893,1.0097247654118167,60.0
37052,2672.7360507231338,1.0096901214604268,60.0
37053,2672.736745167578,1.0097319368302267,60.0
37054,2672.7374396120226,1.0105295258503701,60.0
37055,2672.738134056467,1.0101052781362032,60.0
37056,2672.7388285009115,1.01017871599437,60.0
37057,2672.739522945356,1.0107455339443634,60.0
37058,2672.7402173898004,1.0111537794118801,60.0
37059,2672.740911834245,1.0104777391395467,60.0
37060,2672.7416062786892,1.0105991154896632,60.0
37061,2672.7423007231337,1.01162048889676,60.0
37062,2672.742995167578,1.0111204002983467,60.0
37063,2672.7436896120225,1.0111953757982166,60.0
37064,2672.744384056467,1.0099361651477365,60.0
37065,2672.7450785009114,1.0101325426838401,60.0
37066,2672.745772945356,1.01097290553571,60.0
37067,2672.7464673898003,1.01101681690815,60.0
37068,2672.7471618342447,1.01057187171069,60.0
37069,2672.747856278689,1.01084442365028,60.0
37070,2672.7485507231336,1.0108691427473433,60.0
37071,2672.749245167578,1.0103949437226032,60.0
37072,2672.7499396120224,1.0097822243063599,60.0
37073,2672.750634056467,1.01019500923093,60.0
37074,2672.7513285009113,1.0109953686249133,60.0
37075,2672.7520229453557,1.0100855930107968,60.0
37076,2672.7527173898,1.0097727991663934,60.0
37077,2672.7534118342446,1.01086895163186,60.0
37078,2672.754106278689,1.011127856030723,60.0
37079,2672.7548007231335,1.0105074507167835,60.0
37080,2672.755495167578,1.0092242260086466,60.0
37081,2672.7561896120224,1.01015020166792,60.0
37082,2672.756884056467,1.0106157538205867,60.0
37083,2672.757578500911,1.0099853336636535,60.0
37084,2672.7582729453557,1.0100372349717466,60.0
37085,2672.7589673898,1.0108055218898933,60.0
37086,2672.7596618342445,1.0118336034597968,60.0
37087,2672.760356278689,1.0097691932374133,60.0
37088,2672.7610507231334,1.0096463634418233,60.0
37089,2672.761745167578,1.0109675404745933,60.0
37090,2672.7624396120223,1.0105461965635851,60.0
37091,2672.7631340564667,1.0099690959667267,60.0
37092,2672.763828500911,1.0095332252515465,60.0
37093,2672.7645229453556,1.0099748526986299,60.0
37094,2672.7652173898005,1.01032182322322,60.0
37095,2672.765911834245,1.0115518040105267,60.0
37096,2672.7666062786893,1.0103790702392033,60.0
37097,2672.7673007231338,1.0101033082493134,60.0
37098,2672.767995167578,1.0105430334550034,60.0
37099,2672.7686896120226,1.0105978309459867,60.0
37100,2672.769384056467,1.0104214589938698,60.0
37101,2672.7700785009115,1.0105504223440198,60.0
37102,2672.770772945356,1.01043240911444,60.0
37103,2672.7714673898004,1.00951825088482,60.0
37104,2672.772161834245,1.0110344249244498,60.0
37105,2672.7728562786892,1.0101232851519648,60.0
37106,2672.7735507231337,1.0103150957600036,60.0
37107,2672.774245167578,1.00993594621246,60.0
37108,2672.7749396120225,1.0103139962592633,60.0
37109,2672.775634056467,1.0111112700534368,60.0
37110,2672.7763285009114,1.0110112300795,60.0
37111,2672.777022945356,1.00926039397607,60.0
37112,2672.7777173898003,1.0098857928355367,60.0
37113,2672.7784118342447,1.0100441962937134,60.0
37114,2672.779106278689,1.00919033651876,60.0
37115,2672.7798007231336,1.0104061653829535,60.0
37116,2672.780495167578,1.0108735426897448,60.0
37117,2672.7811896120224,1.0099227945602134,60.0
37118,2672.781884056467,1.0099825597494532,60.0
37119,2672.7825785009113,1.01111216088393,60.0
37120,2672.7832729453557,1.0106685045611852,60.0
37121,2672.7839673898,1.0097716441702134,60.0
37122,2672.7846618342446,1.0104293227202552,60.0
37123,2672.785356278689,1.0098454444959468,60.0
37124,2672.7860507231335,1.0101686356270634,60.0
37125,2672.786745167578,1.0091970731121533,60.0
37126,2672.7874396120224,1.0104222685902033,60.0
37127,2672.788134056467,1.0104089173769732,60.0
37128,2672.788828500911,1.0098388457364667,60.0
37129,2672.7895229453557,1.01088658456092,60.0
37130,2672.7902173898,1.01009441912843,60.0
37131,2672.7909118342445,1.0105708073200501,60.0
37132,2672.791606278689,1.0094850676136067,60.0
37133,2672.7923007231334,1.01077610868992,60.0
37134,2672.792995167578,1.0103943868215168,60.0
37135,2672.7936896120223,1.0101469708096067,60.0
37136,2672.7943840564667,1.0106813015037568,60.0
37137,2672.795078500911,1.0098127855919365,60.0
37138,2672.7957729453556,1.0092575424876151,60.0
37139,2672.7964673898,1.0107679745506568,60.0
37140,2672.797161834245,1.0098900844437066,60.0
37141,2672.7978562786893,1.0105141895147167,60.0
37142,2672.7985507231338,1.0099972294348933,60.0
37143,2672.799245167578,1.0099433837715734,60.0
37144,2672.7999396120226,1.0105329509840502,60.0
37145,2672.800634056467,1.0097284640563366,60.0
37146,2672.8013285009115,1.0096776970756467,60.0
37147,2672.802022945356,1.00973471006049,60.0
37148,2672.8027173898004,1.0107980271649568,60.0
37149,2672.803411834245,1.0103915583780865,60.0
37150,2672.8041062786892,1.0110273473756266,60.0
37151,2672.8048007231337,1.01018386220258,60.0
37152,2672.805495167578,1.0103280579252534,60.0
37153,2672.8061896120225,1.0108559031275668,60.0
37154,2672.806884056467,1.0103984679826568,60.0
37155,2672.8075785009114,1.0101043716945335,60.0
37156,2672.808272945356,1.0097836906988633,60.0
37157,2672.8089673898003,1.0111161919479634,60.0
37158,2672.8096618342447,1.01001888075364,60.0
37159,2672.810356278689,1.00992605375212,60.0
37160,2672.8110507231336,1.0103695133148967,60.0
37161,2672.811745167578,1.0094179039359634,60.0
37162,2672.8124396120224,1.0100954374457498,60.0
37163,2672.813134056467,1.0112004047926233,60.0
37164,2672.8138285009113,1.0098645991281832,60.0
37165,2672.8145229453557,1.0108454715272333,60.0
37166,2672.8152173898,1.0088048351402235,60.0
37167,2672.8159118342446,1.0090736857793299,60.0
37168,2672.816606278689,1.0105911109216,60.0
37169,2672.8173007231335,1.0103660440978999,60.0
37170,2672.817995167578,1.00999925916526,60.0
37171,2672.8186896120224,1.0095177821764434,60.0
37172,2672.819384056467,1.0103264824893168,60.0
37173,2672.820078500911,1.0097904178192834,60.0
37174,2672.8207729453557,1.0108009608363067,60.0
37175,2672.8214673898,1.00969452431893,60.0
37176,2672.8221618342445,1.00976098832471,60.0
37177,2672.822856278689,1.00942744514375,60.0
37178,2672.8235507231334,1.0092659159535498,60.0
37179,2672.824245167578,1.009914439509895,60.0
37180,2672.8249396120223,1.0106409862507164,60.0
37181,2672.8256340564667,1.0096741042842268,60.0
37182,2672.826328500911,1.01019924107864,60.0
37183,2672.8270229453556,1.0100830318997265,60.0
37184,2672.8277173898,1.00972784712298,60.0
37185,2672.8284118342444,1.0090561732039367,60.0
37186,2672.829106278689,1.01074873542837,60.0
37187,2672.8298007231338,1.0107818503503598,60.0
37188,2672.830495167578,1.00948578811274,60.0
37189,2672.8311896120226,1.0097750491647033,60.0
37190,2672.831884056467,1.01054139306106,60.0
37191,2672.8325785009115,1.0100141710818467,60.0
37192,2672.833272945356,1.00974841809611,60.0
37193,2672.8339673898004,1.0092922106992634,60.0
37194,2672.834661834245,1.00930544332045,60.0
37195,2672.8353562786892,1.0100287880335002,60.0
37196,2672.8360507231337,1.0105905812695999,60.0
37197,2672.836745167578,1.0100356283942133,60.0
37198,2672.8374396120225,1.0088245010484134,60.0
37199,2672.838134056467,1.01087033041706,60.0
37200,2672.8388285009114,1.0118607438102567,60.0
37201,2672.839522945356,1.0104233273490735,60.0
37202,2672.8402173898003,1.0092025785365148,60.0
37203,2672.8409118342447,1.0085891530105064,60.0
37204,2672.841606278689,1.010500659560865,60.0
37205,2672.8423007231336,1.0098090402802367,60.0
37206,2672.842995167578,1.0096417423429949,60.0
37207,2672.8436896120224,1.0101376004079832,60.0
37208,2672.844384056467,1.0101647528706066,60.0
37209,2672.8450785009113,1.00934089359918,60.0
37210,2672.8457729453557,1.010176143526203,60.0
37211,2672.8464673898,1.0089959667144301,60.0
37212,2672.8471618342446,1.00861448979458,60.0
37213,2672.847856278689,1.0099621037345035,60.0
37214,2672.8485507231335,1.0093768400440268,60.0
37215,2672.849245167578,1.0098961200693832,60.0
37216,2672.8499396120224,1.009219417127855,60.0
37217,2672.850634056467,1.01143007938935,60.0
37218,2672.851328500911,1.0101685035344332,60.0
37219,2672.8520229453557,1.01092983152152,60.0
37220,2672.8527173898,1.010209652965905,60.0
37221,2672.8534118342445,1.0097158389386967,60.0
37222,2672.854106278689,1.0100738346938298,60.0
37223,2672.8548007231334,1.0105188297040766,60.0
37224,2672.855495167578,1.0105058330914334,60.0
37225,2672.8561896120223,1.0092929164268034,60.0
37226,2672.8568840564667,1.00974725406007,60.0
37227,2672.857578500911,1.0092685373401666,60.0
37228,2672.8582729453556,1.0089132570708632,60.0
37229,2672.8589673898,1.0092128671905034,60.0
37230,2672.8596618342444,1.00957186896087,60.0
37231,2672.860356278689,1.0094809825028899,60.0
37232,2672.8610507231333,1.0099467616315234,60.0
37233,2672.861745167578,1.0089434813016,60.0
37234,2672.8624396120226,1.0087990794890467,60.0
37235,2672.863134056467,1.008969141673945,60.0
37236,2672.8638285009115,1.0094267170213,60.0
37237,2672.864522945356,1.0090982603218899,60.0
37238,2672.8652173898004,1.0105102412037235,60.0
37239,2672.865911834245,1.0096495302632933,60.0
37240,2672.8666062786892,1.0095928620464034,60.0
37241,2672.8673007231337,1.0104088902909134,60.0
37242,2672.867995167578,1.0091018476518034,60.0
37243,2672.8686896120225,1.0110066372012851,60.0
37244,2672.869384056467,1.00961783310293,60.0
37245,2672.8700785009114,1.0100457116706667,60.0
37246,2672.870772945356,1.0095812842110001,60.0
37247,2672.8714673898003,1.01052183249975,60.0
37248,2672.8721618342447,1.0100659423077332,60.0
37249,2672.872856278689,1.0100503059734534,60.0
37250,2672.8735507231336,1.0093232836250932,60.0
37251,2672.874245167578,1.0097252275287467,60.0
37252,2672.8749396120224,1.00957714202963,60.0
37253,2672.875634056467,1.0096472319980332,60.0
37254,2672.8763285009113,1.0089612925836067,60.0
37255,2672.8770229453557,1.00975970838769,60.0
37256,2672.8777173898,1.00989253353296,60.0
37257,2672.8784118342446,1.0098812401600432,60.0
37258,2672.879106278689,1.0094239075493567,60.0
37259,2672.8798007231335,1.0087364390798967,60.0
37260,2672.880495167578,1.01004358482245,60.0
37261,2672.8811896120224,1.0099482885539934,60.0
37262,2672.881884056467,1.00977067313837,60.0
37263,2672.882578500911,1.0097036413942133,60.0
37264,2672.8832729453557,1.01000705005644,60.0
37265,2672.8839673898,1.0099523895457034,60.0
37266,2672.8846618342445,1.00980812888433,60.0
37267,2672.885356278689,1.0089729376008834,60.0
37268,2672.8860507231334,1.00930996547907,60.0
37269,2672.886745167578,1.00951786924121,60.0
37270,2672.8874396120223,1.00862770680341,60.0
37271,2672.8881340564667,1.0088107279216765,60.0
37272,2672.888828500911,1.0098470860650333,60.0
37273,2672.8895229453556,1.0101007429052933,60.0
37274,2672.8902173898,1.0092652143194398,60.0
37275,2672.8909118342444,1.00982080168748,60.0
37276,2672.891606278689,1.0096345981227766,60.0
37277,2672.8923007231333,1.00949433097004,60.0
37278,2672.8929951675777,1.0089681261602834,60.0
37279,2672.893689612022,1.0091888425560067,60.0
37280,2672.894384056467,1.0089381253909433,60.0
37281,2672.8950785009115,1.00936724838619,60.0
37282,2672.895772945356,1.009814235542415,60.0
37283,2672.8964673898004,1.0096957254419934,60.0
37284,2672.897161834245,1.0114293186357066,60.0
37285,2672.8978562786892,1.0093353179210534,60.0
37286,2672.8985507231337,1.00932674775419,60.0
37287,2672.899245167578,1.00895521429193,60.0
37288,2672.8999396120225,1.00968235329745,60.0
37289,2672.900634056467,1.0104213098761632,60.0
37290,2672.9013285009114,1.0096264066926732,60.0
37291,2672.902022945356,1.0097837686684132,60.0
37292,2672.9027173898003,1.0093003767200335,60.0
37293,2672.9034118342447,1.0091067065950634,60.0
37294,2672.904106278689,1.0089938330272898,60.0
37295,2672.9048007231336,1.00959102518022,60.0
37296,2672.905495167578,1.0096939089297667,60.0
37297,2672.9061896120224,1.0096288287417934,60.0
37298,2672.906884056467,1.00992306984483,60.0
37299,2672.9075785009113,1.0107413977396633,60.0
37300,2672.9082729453557,1.0098976710884233,60.0
37301,2672.9089673898,1.00924818110339,60.0
37302,2672.9096618342446,1.0090787614625667,60.0
37303,2672.910356278689,1.0102188165416,60.0
37304,2672.9110507231335,1.0092554291054368,60.0
37305,2672.911745167578,1.0102479489395833,60.0
37306,2672.9124396120224,1.0103415007494734,60.0
37307,2672.913134056467,1.010120507936,60.0
37308,2672.913828500911,1.0090321539639933,60.0
37309,2672.9145229453557,1.0101814559901432,60.0
37310,2672.9152173898,1.0093706073966302,60.0
37311,2672.9159118342445,1.0093366693948498,60.0
37312,2672.916606278689,1.0103618401781334,60.0
37313,2672.9173007231334,1.0088768851184633,60.0
37314,2672.917995167578,1.0089863800894732,60.0
37315,2672.9186896120223,1.0096606903281866,60.0
37316,2672.9193840564667,1.0093385145152298,60.0
37317,2672.920078500911,1.0099574783824299,60.0
37318,2672.9207729453556,1.0099921158045833,60.0
37319,2672.9214673898,1.00958404641484,60.0
37320,2672.9221618342444,1.010376440584845,60.0
37321,2672.922856278689,1.01026282953023,60.0
37322,2672.9235507231333,1.0099266067174,60.0
37323,2672.9242451675777,1.00914959272072,60.0
37324,2672.924939612022,1.00923198046596,60.0
37325,2672.9256340564666,1.010667030780713,60.0
37326,2672.926328500911,1.0087741877693133,60.0
37327,2672.927022945356,1.0100434175605533,60.0
37328,2672.9277173898004,1.00963181111866,60.0
37329,2672.928411834245,1.00952061361453,60.0
37330,2672.9291062786892,1.00951878146621,60.0
37331,2672.9298007231337,1.0101652130390648,60.0
37332,2672.930495167578,1.01010240811006,60.0
37333,2672.9311896120225,1.0099368937747333,60.0
37334,2672.931884056467,1.0086275838747334,60.0
37335,2672.9325785009114,1.0085487255243502,60.0
37336,2672.933272945356,1.00884673624104,60.0
37337,2672.9339673898003,1.0095264359582066,60.0
37338,2672.9346618342447,1.00889644108791,60.0
37339,2672.935356278689,1.0078504903920549,60.0
37340,2672.9360507231336,1.00935796630507,60.0
37341,2672.936745167578,1.00982532953438,60.0
37342,2672.9374396120224,1.0089632694433435,60.0
37343,2672.938134056467,1.0092974431456965,60.0
37344,2672.9388285009113,1.0092705093241567,60.0
37345,2672.9395229453557,1.0088895706236167,60.0
37346,2672.9402173898,1.0088687741397868,60.0
37347,2672.9409118342446,1.0098378716524898,60.0
37348,2672.941606278689,1.0089524905929634,60.0
37349,2672.9423007231335,1.00883919548804,60.0
37350,2672.942995167578,1.0098414425681232,60.0
37351,2672.9436896120224,1.0100382226189366,60.0
37352,2672.944384056467,1.0091984043182267,60.0
37353,2672.945078500911,1.0093287512625035,60.0
37354,2672.9457729453557,1.0093713546717067,60.0
37355,2672.9464673898,1.0090971876449466,60.0
37356,2672.9471618342445,1.0092080285182066,60.0
37357,2672.947856278689,1.0093556221931501,60.0
37358,2672.9485507231334,1.0099166887265831,60.0
37359,2672.949245167578,1.0086033484810049,60.0
37360,2672.9499396120223,1.0094606748616035,60.0
37361,2672.9506340564667,1.00928065141066,60.0
37362,2672.951328500911,1.00839875512879,60.0
37363,2672.9520229453556,1.0089124482644634,60.0
37364,2672.9527173898,1.00920706329141,60.0
37365,2672.9534118342444,1.010229061146115,60.0
37366,2672.954106278689,1.0093805610330133,60.0
37367,2672.9548007231333,1.0092709487447167,60.0
37368,2672.9554951675777,1.0092663375828932,60.0
37369,2672.956189612022,1.008914544282095,60.0
37370,2672.9568840564666,1.0092750278205367,60.0
37371,2672.957578500911,1.0090976712447366,60.0
37372,2672.9582729453555,1.0091581739154767,60.0
37373,2672.9589673898004,1.009962376884135,60.0
37374,2672.959661834245,1.0086790008128,60.0
37375,2672.9603562786892,1.0084548291908702,60.0
37376,2672.9610507231337,1.0083521964539832,60.0
37377,2672.961745167578,1.0088336678537366,60.0
37378,2672.9624396120225,1.0095374536573498,60.0
37379,2672.963134056467,1.0086506101861,60.0
37380,2672.9638285009114,1.0099203712558267,60.0
37381,2672.964522945356,1.0086034337472867,60.0
37382,2672.9652173898003,1.0085613879636568,60.0
37383,2672.9659118342447,1.00919320358737,60.0
37384,2672.966606278689,1.0083014650039734,60.0
37385,2672.9673007231336,1.0095029368402935,60.0
37386,2672.967995167578,1.00843188384432,60.0
37387,2672.9686896120224,1.0083731982440634,60.0
37388,2672.969384056467,1.00858489161632,60.0
37389,2672.9700785009113,1.0090403784242767,60.0
37390,2672.9707729453557,1.0090274302087,60.0
37391,2672.9714673898,1.0084888717022633,60.0
37392,2672.9721618342446,1.0096967953795868,60.0
37393,2672.972856278689,1.00965008034746,60.0
37394,2672.9735507231335,1.01008457216631,60.0
37395,2672.974245167578,1.0093299472438202,60.0
37396,2672.9749396120224,1.0101311463718767,60.0
37397,2672.975634056467,1.0090213296326334,60.0
37398,2672.976328500911,1.00976045958691,60.0
37399,2672.9770229453557,1.0088356240232599,60.0
37400,2672.9777173898,1.0094584083202733,60.0
37401,2672.9784118342445,1.0088511287766366,60.0
37402,2672.979106278689,1.0087834203228099,60.0
37403,2672.9798007231334,1.0083774346561534,60.0
37404,2672.980495167578,1.0095087078470268,60.0
37405,2672.9811896120223,1.0093735961096033,60.0
37406,2672.9818840564667,1.0079214393365568,60.0
37407,2672.982578500911,1.0091320369186252,60.0
37408,2672.9832729453556,1.0084240726688034,60.0
37409,2672.9839673898,1.0082912913300301,60.0
37410,2672.9846618342444,1.008371420005,60.0
37411,2672.985356278689,1.008574198166095,60.0
37412,2672.9860507231333,1.0098101370394466,60.0
37413,2672.9867451675777,1.0087006635542466,60.0
37414,2672.987439612022,1.008670967707125,60.0
37415,2672.9881340564666,1.00951452040587,60.0
37416,2672.988828500911,1.0082431948284034,60.0
37417,2672.9895229453555,1.0087804419068334,60.0
37418,2672.9902173898,1.0092384546639301,60.0
37419,2672.9909118342443,1.00822678827307,60.0
37420,2672.9916062786892,1.0080527414953935,60.0
37421,2672.9923007231337,1.0093024219113131,60.0
37422,2672.992995167578,1.0094202547231899,60.0
37423,2672.9936896120225,1.0090072585265666,60.0
37424,2672.994384056467,1.0092486845669701,60.0
37425,2672.9950785009114,1.0089600292845766,60.0
37426,2672.995772945356,1.0088792549113232,60.0
37427,2672.9964673898003,1.0074087762771367,60.0
37428,2672.9971618342447,1.0092579671688,60.0
37429,2672.997856278689,1.0075437232942166,60.0
37430,2672.9985507231336,1.0092102027126066,60.0
37431,2672.999245167578,1.0077168756958435,60.0
37432,2672.9999396120224,1.00758503889087,60.0
37433,2673.000634056467,1.0091086111553131,60.0
37434,2673.0013285009113,1.0090572738463635,60.0
37435,2673.0020229453557,1.0084488412277735,60.0
37436,2673.0027173898,1.009387794454833,60.0
37437,2673.0034118342446,1.0075830362102334,60.0
37438,2673.004106278689,1.0084333324642851,60.0
37439,2673.0048007231335,1.00889477287814,60.0
37440,2673.005495167578,1.0094018218616867,60.0
37441,2673.0061896120224,1.00879499477543,60.0
37442,2673.006884056467,1.0074017906051866,60.0
37443,2673.007578500911,1.0080732634601735,60.0
37444,2673.0082729453557,1.0086804034810333,60.0
37445,2673.0089673898,1.0080763317476034,60.0
37446,2673.0096618342445,1.0086922158192102,60.0
37447,2673.010356278689,1.0085816100743734,60.0
37448,2673.0110507231334,1.00807563673786,60.0
37449,2673.011745167578,1.0082999135634865,60.0
37450,2673.0124396120223,1.0087163677684499,60.0
37451,2673.0131340564667,1.0083706729214434,60.0
37452,2673.013828500911,1.0079516673773998,60.0
37453,2673.0145229453556,1.008735717728,60.0
37454,2673.0152173898,1.00816753012946,60.0
37455,2673.0159118342444,1.008210039537155,60.0
37456,2673.016606278689,1.0081630065368632,60.0
37457,2673.0173007231333,1.00817339278053,60.0
37458,2673.0179951675777,1.0083209488365366,60.0
37459,2673.018689612022,1.00860390684548,60.0
37460,2673.0193840564666,1.00889756745572,60.0
37461,2673.020078500911,1.00860795795305,60.0
37462,2673.0207729453555,1.0087387844302,60.0
37463,2673.0214673898,1.0091397653971768,60.0
37464,2673.0221618342443,1.00887309733786,60.0
37465,2673.022856278689,1.0088545435512202,60.0
37466,2673.0235507231337,1.0085382629429767,60.0
37467,2673.024245167578,1.0081129343230197,60.0
37468,2673.0249396120225,1.0080250362874235,60.0
37469,2673.025634056467,1.0083781138857733,60.0
37470,2673.0263285009114,1.007496718273115,60.0
37471,2673.027022945356,1.00804110250887,60.0
37472,2673.0277173898003,1.0087412015711266,60.0
37473,2673.0284118342447,1.00848629460971,60.0
37474,2673.029106278689,1.0089503845786867,60.0
37475,2673.0298007231336,1.0085287161306766,60.0
37476,2673.030495167578,1.00883197702991,60.0
37477,2673.0311896120224,1.0095457243396202,60.0
37478,2673.031884056467,1.00895960415199,60.0
37479,2673.0325785009113,1.00896355641298,60.0
37480,2673.0332729453557,1.0090997726147233,60.0
37481,2673.0339673898,1.0084442488241636,60.0
37482,2673.0346618342446,1.0094338128110698,60.0
37483,2673.035356278689,1.0080289909286735,60.0
37484,2673.0360507231335,1.0083803435899465,60.0
37485,2673.036745167578,1.00874352928592,60.0
37486,2673.0374396120224,1.0088654576847802,60.0
37487,2673.038134056467,1.0092936787602034,60.0
37488,2673.038828500911,1.0085953035149233,60.0
37489,2673.0395229453557,1.007330113403225,60.0
37490,2673.0402173898,1.0087581329686566,60.0
37491,2673.0409118342445,1.0084593230367966,60.0
37492,2673.041606278689,1.0087855675010666,60.0
37493,2673.0423007231334,1.009220983256745,60.0
37494,2673.042995167578,1.0076544138900951,60.0
37495,2673.0436896120223,1.0086401274024466,60.0
37496,2673.0443840564667,1.0075926083901168,60.0
37497,2673.045078500911,1.0093196077693933,60.0
37498,2673.0457729453556,1.0093040176631833,60.0
37499,2673.0464673898,1.00771535663541,60.0
37500,2673.0471618342444,1.0086225921493,60.0
37501,2673.047856278689,1.0086652006258898,60.0
37502,2673.0485507231333,1.0087867062518467,60.0
37503,2673.0492451675777,1.0077057066420234,60.0
37504,2673.049939612022,1.0088047442797565,60.0
37505,2673.0506340564666,1.0084945092589532,60.0
37506,2673.051328500911,1.0086280858858168,60.0
37507,2673.0520229453555,1.0085579739263266,60.0
37508,2673.0527173898,1.0082369286264365,60.0
37509,2673.0534118342443,1.0082814631695165,60.0
37510,2673.054106278689,1.0087223321751866,60.0
37511,2673.054800723133,1.0078795666311369,60.0
37512,2673.0554951675776,1.008801949727425,60.0
37513,2673.0561896120225,1.0085141190880533,60.0
37514,2673.056884056467,1.007680316752095,60.0
37515,2673.0575785009114,1.0081722092521699,60.0
37516,2673.058272945356,1.0086318672839034,60.0
37517,2673.0589673898003,1.007338552524575,60.0
37518,2673.0596618342447,1.00934720966669,60.0
37519,2673.060356278689,1.0074576994835198,60.0
37520,2673.0610507231336,1.00996035529568,60.0
37521,2673.061745167578,1.0081075567667768,60.0
37522,2673.0624396120224,1.0081969986328299,60.0
37523,2673.063134056467,1.0078520436059466,60.0
37524,2673.0638285009113,1.0086269522336,60.0
37525,2673.0645229453557,1.0088717646761,60.0
37526,2673.0652173898,1.009599612454255,60.0
37527,2673.0659118342446,1.0088542835894234,60.0
37528,2673.066606278689,1.0076570401565998,60.0
37529,2673.0673007231335,1.0074900499766535,60.0
37530,2673.067995167578,1.00778837774667,60.0
37531,2673.0686896120224,1.008348155728855,60.0
37532,2673.069384056467,1.0080120048367134,60.0
37533,2673.070078500911,1.0088257544111865,60.0
37534,2673.0707729453557,1.0081054376659766,60.0
37535,2673.0714673898,1.0077218399671632,60.0
37536,2673.0721618342445,1.00786054028553,60.0
37537,2673.072856278689,1.0090863566078365,60.0
37538,2673.0735507231334,1.0083056250614633,60.0
37539,2673.074245167578,1.0084911911659835,60.0
37540,2673.0749396120223,1.0088250132012233,60.0
37541,2673.0756340564667,1.0082723195956833,60.0
37542,2673.076328500911,1.0078388433411802,60.0
37543,2673.0770229453556,1.007621611607585,60.0
37544,2673.0777173898,1.0085858664255698,60.0
37545,2673.0784118342444,1.0083521016112034,60.0
37546,2673.079106278689,1.0073222141962601,60.0
37547,2673.0798007231333,1.0098061435255434,60.0
37548,2673.0804951675777,1.0074874660076734,60.0
37549,2673.081189612022,1.00798617656029,60.0
37550,2673.0818840564666,1.00748571984258,60.0
37551,2673.082578500911,1.00780077413296,60.0
37552,2673.0832729453555,1.0081844992099,60.0
37553,2673.0839673898,1.0077947908666836,60.0
37554,2673.0846618342443,1.008213127071265,60.0
37555,2673.085356278689,1.00766947764748,60.0
37556,2673.086050723133,1.0077022632015666,60.0
37557,2673.0867451675776,1.00807121734541,60.0
37558,2673.087439612022,1.0087042979264467,60.0
37559,2673.088134056467,1.0084238906536052,60.0
37560,2673.0888285009114,1.0081182828295734,60.0
37561,2673.089522945356,1.0089147899867665,60.0
37562,2673.0902173898003,1.0084726803053703,60.0
37563,2673.0909118342447,1.00822406709083,60.0
37564,2673.091606278689,1.00801570244266,60.0
37565,2673.0923007231336,1.0073716996582733,60.0
37566,2673.092995167578,1.0068730906415932,60.0
37567,2673.0936896120224,1.00863700798544,60.0
37568,2673.094384056467,1.0084777932548699,60.0
37569,2673.0950785009113,1.0091010023082099,60.0
37570,2673.0957729453557,1.00820070085214,60.0
37571,2673.0964673898,1.00777337396586,60.0
37572,2673.0971618342446,1.0079981418721566,60.0
37573,2673.097856278689,1.0079139867525633,60.0
37574,2673.0985507231335,1.0080123239724135,60.0
37575,2673.099245167578,1.0086340375836134,60.0
37576,2673.0999396120224,1.0079012716197668,60.0
37577,2673.100634056467,1.0081731879700533,60.0
37578,2673.101328500911,1.0077470778470532,60.0
37579,2673.1020229453557,1.0082492604161166,60.0
37580,2673.1027173898,1.0080350528331132,60.0
37581,2673.1034118342445,1.00875384257655,60.0
37582,2673.104106278689,1.0085465162237768,60.0
37583,2673.1048007231334,1.0089666181440233,60.0
37584,2673.105495167578,1.007284337327685,60.0
37585,2673.1061896120223,1.0074093751759399,60.0
37586,2673.1068840564667,1.0068995108740901,60.0
37587,2673.107578500911,1.0079545613436764,60.0
37588,2673.1082729453556,1.00910235136469,60.0
37589,2673.1089673898,1.0087723146719867,60.0
37590,2673.1096618342444,1.0079209899679167,60.0
37591,2673.110356278689,1.00791533133069,60.0
37592,2673.1110507231333,1.0085710229965035,60.0
37593,2673.1117451675777,1.0078971608915632,60.0
37594,2673.112439612022,1.0073419347978934,60.0
37595,2673.1131340564666,1.00852763406193,60.0
37596,2673.113828500911,1.00775473329385,60.0
37597,2673.1145229453555,1.0078104629008833,60.0
37598,2673.1152173898,1.00911892341152,60.0
37599,2673.1159118342443,1.0077251737734967,60.0
37600,2673.116606278689,1.0071249455316666,60.0
37601,2673.117300723133,1.0083879719376068,60.0
37602,2673.1179951675776,1.0078981149972435,60.0
37603,2673.118689612022,1.0083924408741736,60.0
37604,2673.1193840564665,1.0083047258502436,60.0
37605,2673.120078500911,1.0074781502184733,60.0
37606,2673.120772945356,1.0073573048531468,60.0
37607,2673.1214673898003,1.00896506282241,60.0
37608,2673.1221618342447,1.0077407348378566,60.0
37609,2673.122856278689,1.0089407570572535,60.0
37610,2673.1235507231336,1.0085076773959,60.0
37611,2673.124245167578,1.0073979845646035,60.0
37612,2673.1249396120224,1.0074484564567632,60.0
37613,2673.125634056467,1.0066502182950632,60.0
37614,2673.1263285009113,1.0075309595632467,60.0
37615,2673.1270229453557,1.007620538445993,60.0
37616,2673.1277173898,1.0078451873889034,60.0
37617,2673.1284118342446,1.0081208064938265,60.0
37618,2673.129106278689,1.0085072564907966,60.0
37619,2673.1298007231335,1.0077522910047065,60.0
37620,2673.130495167578,1.007362340592135,60.0
37621,2673.1311896120224,1.0074828946232202,60.0
37622,2673.131884056467,1.00774811580548,60.0
37623,2673.132578500911,1.00836265074626,60.0
37624,2673.1332729453557,1.0078356488025932,60.0
37625,2673.1339673898,1.0085693163409999,60.0
37626,2673.1346618342445,1.008415385045095,60.0
37627,2673.135356278689,1.0084019277177598,60.0
37628,2673.1360507231334,1.00730083378586,60.0
37629,2673.136745167578,1.0072667789825633,60.0
37630,2673.1374396120223,1.00818382956423,60.0
37631,2673.1381340564667,1.00776744599718,60.0
37632,2673.138828500911,1.0073921726869501,60.0
37633,2673.1395229453556,1.00863760885731,60.0
37634,2673.1402173898,1.0078382404783766,60.0
37635,2673.1409118342444,1.00665410131584,60.0
37636,2673.141606278689,1.00806844463004,60.0
37637,2673.1423007231333,1.0075789171073066,60.0
37638,2673.1429951675777,1.0078617221431865,60.0
37639,2673.143689612022,1.00819279522824,60.0
37640,2673.1443840564666,1.0077852602899868,60.0
37641,2673.145078500911,1.0072800413000067,60.0
37642,2673.1457729453555,1.0073452693592069,60.0
37643,2673.1464673898,1.00760538552825,60.0
37644,2673.1471618342443,1.0080018068173366,60.0
37645,2673.147856278689,1.0083200824886949,60.0
37646,2673.148550723133,1.00731862985838,60.0
37647,2673.1492451675776,1.0080234407339834,60.0
37648,2673.149939612022,1.0081592867880833,60.0
37649,2673.1506340564665,1.0075859791302133,60.0
37650,2673.151328500911,1.0073413288771234,60.0
37651,2673.1520229453554,1.0084299004589334,60.0
37652,2673.1527173898003,1.00731103696033,60.0
37653,2673.1534118342447,1.00720689380525,60.0
37654,2673.154106278689,1.007582586829465,60.0
37655,2673.1548007231336,1.0076046818228834,60.0
37656,2673.155495167578,1.00755205944193,60.0
37657,2673.1561896120224,1.00760912753766,60.0
37658,2673.156884056467,1.00840837849943,60.0
37659,2673.1575785009113,1.0072928027208168,60.0
37660,2673.1582729453557,1.0064928396194635,60.0
37661,2673.1589673898,1.0074951227851834,60.0
37662,2673.1596618342446,1.0077001851831966,60.0
37663,2673.160356278689,1.0066884728663368,60.0
37664,2673.1610507231335,1.0083021716226366,60.0
37665,2673.161745167578,1.0072383371660598,60.0
37666,2673.1624396120224,1.0072722399576666,60.0
37667,2673.163134056467,1.0071192641684332,60.0
37668,2673.163828500911,1.0068335097553867,60.0
37669,2673.1645229453557,1.0070170789961332,60.0
37670,2673.1652173898,1.0074290520685933,60.0
37671,2673.1659118342445,1.0073898301752935,60.0
37672,2673.166606278689,1.0084007718313333,60.0
37673,2673.1673007231334,1.0077381658682365,60.0
37674,2673.167995167578,1.00767540610053,60.0
37675,2673.1686896120223,1.00754391797607,60.0
37676,2673.1693840564667,1.00766726969096,60.0
37677,2673.170078500911,1.0071687675385066,60.0
37678,2673.1707729453556,1.0072719080240835,60.0
37679,2673.1714673898,1.007435329623425,60.0
37680,2673.1721618342444,1.0072718540385435,60.0
37681,2673.172856278689,1.0072367958521034,60.0
37682,2673.1735507231333,1.0070828248839168,60.0
37683,2673.1742451675777,1.0074797550864532,60.0
37684,2673.174939612022,1.00705191860535,60.0
37685,2673.1756340564666,1.0065144545886067,60.0
37686,2673.176328500911,1.0083370819869502,60.0
37687,2673.1770229453555,1.0079802171822767,60.0
37688,2673.1777173898,1.00742795062793,60.0
37689,2673.1784118342443,1.0071668726730234,60.0
37690,2673.179106278689,1.00725302686405,60.0
37691,2673.179800723133,1.0077825363675135,60.0
37692,2673.1804951675776,1.0069487262039736,60.0
37693,2673.181189612022,1.00810837977712,60.0
37694,2673.1818840564665,1.0070326258726234,60.0
37695,2673.182578500911,1.0075923965402034,60.0
37696,2673.1832729453554,1.0076065467900932,60.0
37697,2673.1839673898,1.0075403536363432,60.0
37698,2673.1846618342443,1.0056481009066964,60.0
37699,2673.185356278689,1.00753376430219,60.0
37700,2673.1860507231336,1.00652218954953,60.0
37701,2673.186745167578,1.00583343160907,60.0
37702,2673.1874396120224,1.007085836291195,60.0
37703,2673.188134056467,1.00812741600415,60.0
37704,2673.1888285009113,1.00674487109973,60.0
37705,2673.1895229453557,1.0064600460022601,60.0
37706,2673.1902173898,1.0058064930093034,60.0
37707,2673.1909118342446,1.00729479967898,60.0
37708,2673.191606278689,1.00727949826637,60.0
37709,2673.1923007231335,1.0070885786410801,60.0
37710,2673.192995167578,1.0069180896010599,60.0
37711,2673.1936896120224,1.0078932054332799,60.0
37712,2673.194384056467,1.0073506597354633,60.0
37713,2673.195078500911,1.00727709898429,60.0
37714,2673.1957729453557,1.00624578786143,60.0
37715,2673.1964673898,1.0077214317354135,60.0
37716,2673.1971618342445,1.006446317104165,60.0
37717,2673.197856278689,1.00700300231087,60.0
37718,2673.1985507231334,1.00747904802612,60.0
37719,2673.199245167578,1.0075967117555533,60.0
37720,2673.1999396120223,1.00696289562791,60.0
37721,2673.2006340564667,1.0061294857950667,60.0
37722,2673.201328500911,1.0070508012035833,60.0
37723,2673.2020229453556,1.00672817876186,60.0
37724,2673.2027173898,1.0073324771333532,60.0
37725,2673.2034118342444,1.00637611452244,60.0
37726,2673.204106278689,1.00674618789729,60.0
37727,2673.2048007231333,1.0059790847941033,60.0
37728,2673.2054951675777,1.0059735952244666,60.0
37729,2673.206189612022,1.0068688569907551,60.0
37730,2673.2068840564666,1.0066742113743767,60.0
37731,2673.207578500911,1.0059012222441568,60.0
37732,2673.2082729453555,1.00703324528,60.0
37733,2673.2089673898,1.0085657666821266,60.0
37734,2673.2096618342443,1.0077200602869867,60.0
37735,2673.210356278689,1.0071853618468698,60.0
37736,2673.211050723133,1.0081554498422365,60.0
37737,2673.2117451675776,1.00775090588713,60.0
37738,2673.212439612022,1.0070860558503667,60.0
37739,2673.2131340564665,1.0068818688846635,60.0
37740,2673.213828500911,1.0078632449132299,60.0
37741,2673.2145229453554,1.0066923854556533,60.0
37742,2673.2152173898,1.0072631236382767,60.0
37743,2673.2159118342443,1.0065417476917033,60.0
37744,2673.2166062786887,1.0069353835986201,60.0
37745,2673.2173007231336,1.0063656753035,60.0
37746,2673.217995167578,1.0079397720397867,60.0
37747,2673.2186896120224,1.0073520037959551,60.0
37748,2673.219384056467,1.00831663275576,60.0
37749,2673.2200785009113,1.0068246409975634,60.0
37750,2673.2207729453557,1.0071654555398366,60.0
37751,2673.2214673898,1.0068215326404635,60.0
37752,2673.2221618342446,1.0073618847957333,60.0
37753,2673.222856278689,1.0071664879495599,60.0
37754,2673.2235507231335,1.00694549176976,60.0
37755,2673.224245167578,1.0073986844686165,60.0
37756,2673.2249396120224,1.0072399469933233,60.0
37757,2673.225634056467,1.0072554066472235,60.0
37758,2673.226328500911,1.00726409362725,60.0
37759,2673.2270229453557,1.0061128091888,60.0
37760,2673.2277173898,1.00698238666886,60.0
37761,2673.2284118342445,1.00631080515155,60.0
37762,2673.229106278689,1.0064248813187333,60.0
37763,2673.2298007231334,1.00770891934836,60.0
37764,2673.230495167578,1.00603781113851,60.0
37765,2673.2311896120223,1.00831050776984,60.0
37766,2673.2318840564667,1.00640540153373,60.0
37767,2673.232578500911,1.0071595692533368,60.0
37768,2673.2332729453556,1.00793935575392,60.0
37769,2673.2339673898,1.0063853725453866,60.0
37770,2673.2346618342444,1.00593846677238,60.0
37771,2673.235356278689,1.00687080861276,60.0
37772,2673.2360507231333,1.0068689683946033,60.0
37773,2673.2367451675777,1.0065296372555768,60.0
37774,2673.237439612022,1.0070760710205933,60.0
37775,2673.2381340564666,1.0071415572516667,60.0
37776,2673.238828500911,1.00764543957079,60.0
37777,2673.2395229453555,1.0064755178206235,60.0
37778,2673.2402173898,1.0077192485917068,60.0
37779,2673.2409118342443,1.0069945638552535,60.0
37780,2673.241606278689,1.0069382600349368,60.0
37781,2673.242300723133,1.007768173900635,60.0
37782,2673.2429951675776,1.0069725370844251,60.0
37783,2673.243689612022,1.0074377008242035,60.0
37784,2673.2443840564665,1.0072611800596967,60.0
37785,2673.245078500911,1.0066392455027768,60.0
37786,2673.2457729453554,1.006704993160965,60.0
37787,2673.2464673898,1.0069983681086068,60.0
37788,2673.2471618342443,1.0072056608329567,60.0
37789,2673.2478562786887,1.0079376131481534,60.0
37790,2673.248550723133,1.0065888904750933,60.0
37791,2673.2492451675776,1.0062278922234567,60.0
37792,2673.2499396120224,1.0067318367092033,60.0
37793,2673.250634056467,1.0066753967313666,60.0
37794,2673.2513285009113,1.006802002645705,60.0
37795,2673.2520229453557,1.00717406357514,60.0
37796,2673.2527173898,1.00621017596999,60.0
37797,2673.2534118342446,1.0067434904746067,60.0
37798,2673.254106278689,1.0069275754567901,60.0
37799,2673.2548007231335,1.0064843911000068,60.0
37800,2673.255495167578,1.00738025521083,60.0
37801,2673.2561896120224,1.00602221355059,60.0
37802,2673.256884056467,1.0070357661658733,60.0
37803,2673.257578500911,1.0065138851536133,60.0
37804,2673.2582729453557,1.00745370197919,60.0
37805,2673.2589673898,1.0076755565477533,60.0
37806,2673.2596618342445,1.0066238564954297,60.0
37807,2673.260356278689,1.0066115910949733,60.0
37808,2673.2610507231334,1.00772331115047,60.0
37809,2673.261745167578,1.0074692043531168,60.0
37810,2673.2624396120223,1.0078708816801751,60.0
37811,2673.2631340564667,1.0060162569125233,60.0
37812,2673.263828500911,1.007641357902585,60.0
37813,2673.2645229453556,1.0067850820493334,60.0
37814,2673.2652173898,1.0076024794801266,60.0
37815,2673.2659118342444,1.00635038890527,60.0
37816,2673.266606278689,1.006646087237315,60.0
37817,2673.2673007231333,1.0067365626467468,60.0
37818,2673.2679951675777,1.006704714770235,60.0
37819,2673.268689612022,1.0070704541256468,60.0
37820,2673.2693840564666,1.0076533460993833,60.0
37821,2673.270078500911,1.0069759468630333,60.0
37822,2673.2707729453555,1.0063742373503566,60.0
37823,2673.2714673898,1.0070334907999998,60.0
37824,2673.2721618342443,1.0067061823125167,60.0
37825,2673.272856278689,1.0062236809482765,60.0
37826,2673.273550723133,1.0065672955919749,60.0
37827,2673.2742451675776,1.0068661191428234,60.0
37828,2673.274939612022,1.0055764961689566,60.0
37829,2673.2756340564665,1.0073100903434,60.0
37830,2673.276328500911,1.0068489082576935,60.0
37831,2673.2770229453554,1.0074369341273235,60.0
37832,2673.2777173898,1.00615882029778,60.0
37833,2673.2784118342443,1.0066888038320767,60.0
37834,2673.2791062786887,1.00675099803836,60.0
37835,2673.279800723133,1.0073717068048533,60.0
37836,2673.2804951675776,1.006190991161385,60.0
37837,2673.281189612022,1.0068316234585566,60.0
37838,2673.281884056467,1.0056957780729934,60.0
37839,2673.2825785009113,1.0049399634510365,60.0
37840,2673.2832729453557,1.0050473525653267,60.0
37841,2673.2839673898,1.0058303149991967,60.0
37842,2673.2846618342446,1.005713480313937,60.0
37843,2673.285356278689,1.0058397371616434,60.0
37844,2673.2860507231335,1.00560292039131,60.0
37845,2673.286745167578,1.0052330256347,60.0
37846,2673.2874396120224,1.0042493171168598,60.0
37847,2673.288134056467,1.0046462970008934,60.0
37848,2673.288828500911,1.0045843281978468,60.0
37849,2673.2895229453557,1.00496492406889,60.0
37850,2673.2902173898,1.0052558848174733,60.0
37851,2673.2909118342445,1.00426061564039,60.0
37852,2673.291606278689,1.0038834042070965,60.0
37853,2673.2923007231334,1.00513871062729,60.0
37854,2673.292995167578,1.0047865993111134,60.0
37855,2673.2936896120223,1.004923597641475,60.0
37856,2673.2943840564667,1.0047916476555632,60.0
37857,2673.295078500911,1.0055355626610467,60.0
37858,2673.2957729453556,1.0050972981697732,60.0
37859,2673.2964673898,1.00403832653917,60.0
37860,2673.2971618342444,1.0057032296768667,60.0
37861,2673.297856278689,1.00413087168136,60.0
37862,2673.2985507231333,1.0060483771258348,60.0
37863,2673.2992451675777,1.00445997620874,60.0
37864,2673.299939612022,1.0052125541343266,60.0
37865,2673.3006340564666,1.0045955438435368,60.0
37866,2673.301328500911,1.00488532228083,60.0
37867,2673.3020229453555,1.0046608492960298,60.0
37868,2673.3027173898,1.00498386173896,60.0
37869,2673.3034118342443,1.0053769929453567,60.0
37870,2673.304106278689,1.0045578013924132,60.0
37871,2673.304800723133,1.00475588865672,60.0
37872,2673.3054951675776,1.00503418203432,60.0
37873,2673.306189612022,1.00362220395011,60.0
37874,2673.3068840564665,1.0048810732536633,60.0
37875,2673.307578500911,1.00535099905568,60.0
37876,2673.3082729453554,1.005363035938,60.0
37877,2673.3089673898,1.0046625290035733,60.0
37878,2673.3096618342443,1.0044345574188,60.0
37879,2673.3103562786887,1.0046924473239731,60.0
37880,2673.3110507231336,1.0038394578850867,60.0
37881,2673.311745167578,1.0051618565264666,60.0
37882,2673.3124396120224,1.0050507623641167,60.0
37883,2673.313134056467,1.0047825967461834,60.0
37884,2673.3138285009113,1.0044561153095166,60.0
37885,2673.3145229453557,1.00329990917331,60.0
37886,2673.3152173898,1.0041574607265167,60.0
37887,2673.3159118342446,1.00389609777181,60.0
37888,2673.316606278689,1.0029493400773832,60.0
37889,2673.3173007231335,1.0038565869607268,60.0
37890,2673.317995167578,1.00316652972374,60.0
37891,2673.3186896120224,1.0050384179701368,60.0
37892,2673.319384056467,1.00422837891529,60.0
37893,2673.320078500911,1.0041448984139767,60.0
37894,2673.3207729453557,1.0046758340861066,60.0
37895,2673.3214673898,1.0048670497319032,60.0
37896,2673.3221618342445,1.004682079606657,60.0
37897,2673.322856278689,1.0036725947273633,60.0
37898,2673.3235507231334,1.0043520813624,60.0
37899,2673.324245167578,1.0037403205126598,60.0
37900,2673.3249396120223,1.0045524886356432,60.0
37901,2673.3256340564667,1.0040286898772635,60.0
37902,2673.326328500911,1.0042892666026002,60.0
37903,2673.3270229453556,1.0043531415097133,60.0
37904,2673.3277173898,1.0037356017097534,60.0
37905,2673.3284118342444,1.00457607191288,60.0
37906,2673.329106278689,1.00437717782921,60.0
37907,2673.3298007231333,1.0052525584118799,60.0
37908,2673.3304951675777,1.0041471267610602,60.0
37909,2673.331189612022,1.0033885990540132,60.0
37910,2673.3318840564666,1.00450561165805,60.0
37911,2673.332578500911,1.0038203505877565,60.0
37912,2673.3332729453555,1.0039728906348366,60.0
37913,2673.3339673898,1.00455502022304,60.0
37914,2673.3346618342443,1.0035937267469865,60.0
37915,2673.335356278689,1.0031288223973365,60.0
37916,2673.336050723133,1.0036763570155964,60.0
37917,2673.3367451675776,1.0031877406308902,60.0
37918,2673.337439612022,1.0049109679670931,60.0
37919,2673.3381340564665,1.0033088573069566,60.0
37920,2673.338828500911,1.0045912747998034,60.0
37921,2673.3395229453554,1.0042766201205533,60.0
37922,2673.3402173898,1.0032994587745165,60.0
37923,2673.3409118342447,1.0036981473090465,60.0
37924,2673.341606278689,1.00433255697096,60.0
37925,2673.3423007231336,1.00420718507196,60.0
37926,2673.342995167578,1.0040492043095866,60.0
37927,2673.3436896120224,1.0045035172809966,60.0
37928,2673.344384056467,1.00387424588674,60.0
37929,2673.3450785009113,1.0031423373262633,60.0
37930,2673.3457729453557,1.0032175668942964,60.0
37931,2673.3464673898,1.004404435369785,60.0
37932,2673.3471618342446,1.00365122107268,60.0
37933,2673.347856278689,1.003319174950775,60.0
37934,2673.3485507231335,1.00417974960436,60.0
37935,2673.349245167578,1.0030497198692399,60.0
37936,2673.3499396120224,1.0032595470681667,60.0
37937,2673.350634056467,1.0043769155451,60.0
37938,2673.351328500911,1.0031480879616967,60.0
37939,2673.3520229453557,1.00362410562658,60.0
37940,2673.3527173898,1.00286719004758,60.0
37941,2673.3534118342445,1.0038963006888666,60.0
37942,2673.354106278689,1.0037745883103568,60.0
37943,2673.3548007231334,1.0025143320692067,60.0
37944,2673.355495167578,1.0025026756439435,60.0
37945,2673.3561896120223,1.00233290855955,60.0
37946,2673.3568840564667,1.0041125457438398,60.0
37947,2673.357578500911,1.00380568260606,60.0
37948,2673.3582729453556,1.0030683808609633,60.0
37949,2673.3589673898,1.0033603597755034,60.0
37950,2673.3596618342444,1.0037415763345667,60.0
37951,2673.360356278689,1.0023041605872733,60.0
37952,2673.3610507231333,1.00375717194132,60.0
37953,2673.3617451675777,1.0034744369343367,60.0
37954,2673.362439612022,1.0036357163873368,60.0
37955,2673.3631340564666,1.0041985267889768,60.0
37956,2673.363828500911,1.0034326649599752,60.0
37957,2673.3645229453555,1.00285218416781,60.0
37958,2673.3652173898,1.0046117622988633,60.0
37959,2673.3659118342443,1.0047674530985566,60.0
37960,2673.366606278689,1.0033996067747033,60.0
37961,2673.367300723133,1.0047411795400634,60.0
37962,2673.3679951675776,1.0043533591598932,60.0
37963,2673.368689612022,1.0038327221629633,60.0
37964,2673.3693840564665,1.0042791244841967,60.0
37965,2673.370078500911,1.0035549890273767,60.0
37966,2673.370772945356,1.0037704361357767,60.0
37967,2673.3714673898003,1.0037470614181367,60.0
37968,2673.3721618342447,1.0034043365622067,60.0
37969,2673.372856278689,1.0029919395976832,60.0
37970,2673.3735507231336,1.0040293874932067,60.0
37971,2673.374245167578,1.0037981035628,60.0
37972,2673.3749396120224,1.0035445790107167,60.0
37973,2673.375634056467,1.0034604505433633,60.0
37974,2673.3763285009113,1.00177181680115,60.0
37975,2673.3770229453557,1.0025830281296066,60.0
37976,2673.3777173898,1.0040414440228667,60.0
37977,2673.3784118342446,1.0020135367994834,60.0
37978,2673.379106278689,1.00384790997993,60.0
37979,2673.3798007231335,1.0030232553260567,60.0
37980,2673.380495167578,1.0031298578017,60.0
37981,2673.3811896120224,1.0026645425369034,60.0
37982,2673.381884056467,1.0031744420538733,60.0
37983,2673.382578500911,1.0043048278741067,60.0
37984,2673.3832729453557,1.00301459780308,60.0
37985,2673.3839673898,1.0034179633679134,60.0
37986,2673.3846618342445,1.0031371556853599,60.0
37987,2673.385356278689,1.0029103812582634,60.0
37988,2673.3860507231334,1.00334326559547,60.0
37989,2673.386745167578,1.0033350586827365,60.0
37990,2673.3874396120223,1.0026277898942766,60.0
37991,2673.3881340564667,1.0031500864874099,60.0
37992,2673.388828500911,1.0024216335143135,60.0
37993,2673.3895229453556,1.0024494993604167,60.0
37994,2673.3902173898,1.0032424281487733,60.0
37995,2673.3909118342444,1.0033639761761934,60.0
37996,2673.391606278689,1.00309113713575,60.0
37997,2673.3923007231333,1.0034999976663166,60.0
37998,2673.3929951675777,1.0025890918618832,60.0
37999,2673.393689612022,1.0042303119861933,60.0
38000,2673.3943840564666,1.0039033891370535,60.0
38001,2673.395078500911,1.0029762794468,60.0
38002,2673.3957729453555,1.0026003934224799,60.0
38003,2673.3964673898,1.00279864686557,60.0
38004,2673.3971618342443,1.00394489430754,60.0
38005,2673.397856278689,1.0035013649871134,60.0
38006,2673.398550723133,1.0035458894861067,60.0
38007,2673.3992451675776,1.0031430298032802,60.0
38008,2673.3999396120225,1.003644196290965,60.0
38009,2673.400634056467,1.0034186626748,60.0
38010,2673.4013285009114,1.00310431346664,60.0
38011,2673.402022945356,1.0037116958641734,60.0
38012,2673.4027173898003,1.0021048937628767,60.0
38013,2673.4034118342447,1.0030100683094667,60.0
38014,2673.404106278689,1.00345122135217,60.0
38015,2673.4048007231336,1.003657584854645,60.0
38016,2673.405495167578,1.0037266063434664,60.0
38017,2673.4061896120224,1.0040795934839166,60.0
38018,2673.406884056467,1.0026731689090267,60.0
38019,2673.4075785009113,1.0035385701308634,60.0
38020,2673.4082729453557,1.0029185620924634,60.0
38021,2673.4089673898,1.0035086355563967,60.0
38022,2673.4096618342446,1.0042155734337,60.0
38023,2673.410356278689,1.0031917274002666,60.0
38024,2673.4110507231335,1.00355464579201,60.0
38025,2673.411745167578,1.0033363888223565,60.0
38026,2673.4124396120224,1.0034194784180033,60.0
38027,2673.413134056467,1.0040199903339833,60.0
38028,2673.413828500911,1.0032897479631668,60.0
38029,2673.4145229453557,1.00361313221413,60.0
38030,2673.4152173898,1.00345476942598,60.0
38031,2673.4159118342445,1.00323900145906,60.0
38032,2673.416606278689,1.00382801479014,60.0
38033,2673.4173007231334,1.0035322354096268,60.0
38034,2673.417995167578,1.002849666975645,60.0
38035,2673.4186896120223,1.00362188991865,60.0
38036,2673.4193840564667,1.00372622154481,60.0
38037,2673.420078500911,1.0031223363102832,60.0
38038,2673.4207729453556,1.0039981574072432,60.0
38039,2673.4214673898,1.00323086757271,60.0
38040,2673.4221618342444,1.0034661622370733,60.0
38041,2673.422856278689,1.0025068858110233,60.0
38042,2673.4235507231333,1.0024288641585535,60.0
38043,2673.4242451675777,1.0032231987712368,60.0
38044,2673.424939612022,1.0023203034928232,60.0
38045,2673.4256340564666,1.00309053055944,60.0
38046,2673.426328500911,1.0029181455720249,60.0
38047,2673.4270229453555,1.0033335196824533,60.0
38048,2673.4277173898,1.00290111994088,60.0
38049,2673.4284118342443,1.00358378361087,60.0
38050,2673.429106278689,1.0028306091596333,60.0
38051,2673.4298007231337,1.0020434254197501,60.0
38052,2673.430495167578,1.00301057367372,60.0
38053,2673.4311896120225,1.0038605004448133,60.0
38054,2673.431884056467,1.003437396406805,60.0
38055,2673.4325785009114,1.0038520786901166,60.0
38056,2673.433272945356,1.00350939199015,60.0
38057,2673.4339673898003,1.0045932510192,60.0
38058,2673.4346618342447,1.0023138488497334,60.0
38059,2673.435356278689,1.0034289655293167,60.0
38060,2673.4360507231336,1.00430030188181,60.0
38061,2673.436745167578,1.00484252313245,60.0
38062,2673.4374396120224,1.0027339269780031,60.0
38063,2673.438134056467,1.0028999618315033,60.0
38064,2673.4388285009113,1.00390187147279,60.0
38065,2673.4395229453557,1.0036266908797749,60.0
38066,2673.4402173898,1.0039314413544533,60.0
38067,2673.4409118342446,1.002984258612805,60.0
38068,2673.441606278689,1.0028455572724366,60.0
38069,2673.4423007231335,1.0023024550402433,60.0
38070,2673.442995167578,1.0037518846350533,60.0
38071,2673.4436896120224,1.0047238432441867,60.0
38072,2673.444384056467,1.00437520049635,60.0
38073,2673.445078500911,1.0035708706323867,60.0
38074,2673.4457729453557,1.0036757871359567,60.0
38075,2673.4464673898,1.00460205912841,60.0
38076,2673.4471618342445,1.0043619093737934,60.0
38077,2673.447856278689,1.0043528198411333,60.0
38078,2673.4485507231334,1.0048350261930932,60.0
38079,2673.449245167578,1.0038575208451601,60.0
38080,2673.4499396120223,1.00369914118761,60.0
38081,2673.4506340564667,1.0048610579869,60.0
38082,2673.451328500911,1.0044627223473965,60.0
38083,2673.4520229453556,1.0053957208183166,60.0
38084,2673.4527173898,1.0053846269418434,60.0
38085,2673.4534118342444,1.0053420737773902,60.0
38086,2673.454106278689,1.0041212981812402,60.0
38087,2673.4548007231333,1.0046461322848899,60.0
38088,2673.4554951675777,1.0046269319613967,60.0
38089,2673.456189612022,1.0058039498665299,60.0
38090,2673.4568840564666,1.00406345515044,60.0
38091,2673.457578500911,1.0048989355551399,60.0
38092,2673.4582729453555,1.00512042922058,60.0
38093,2673.4589673898,1.0053779132383165,60.0
38094,2673.459661834245,1.0053695863494967,60.0
38095,2673.4603562786892,1.00480312392286,60.0
38096,2673.4610507231337,1.0053402069686033,60.0
38097,2673.461745167578,1.0048173844300534,60.0
38098,2673.4624396120225,1.0044483559407866,60.0
38099,2673.463134056467,1.0059914550896267,60.0
38100,2673.4638285009114,1.0051922873589767,60.0
38101,2673.464522945356,1.0049258567071102,60.0
38102,2673.4652173898003,1.0048281989454801,60.0
38103,2673.4659118342447,1.0037743625090132,60.0
38104,2673.466606278689,1.0043990959353435,60.0
38105,2673.4673007231336,1.00521939589633,60.0
38106,2673.467995167578,1.0040804580397134,60.0
38107,2673.4686896120224,1.0049124361645367,60.0
38108,2673.469384056467,1.0048943019563,60.0
38109,2673.4700785009113,1.0048413424255298,60.0
38110,2673.4707729453557,1.00513304057038,60.0
38111,2673.4714673898,1.00381744725672,60.0
38112,2673.4721618342446,1.00483443748427,60.0
38113,2673.472856278689,1.0048770318404232,60.0
38114,2673.4735507231335,1.0050125205356266,60.0
38115,2673.474245167578,1.0052233717607832,60.0
38116,2673.4749396120224,1.0048097081664633,60.0
38117,2673.475634056467,1.0046948674995602,60.0
38118,2673.476328500911,1.0053748256301331,60.0
38119,2673.4770229453557,1.0057208877386865,60.0
38120,2673.4777173898,1.0060924922924832,60.0
38121,2673.4784118342445,1.0050223142693735,60.0
38122,2673.479106278689,1.0051500867802032,60.0
38123,2673.4798007231334,1.00484518961617,60.0
38124,2673.480495167578,1.0051252340758168,60.0
38125,2673.4811896120223,1.0047450145678534,60.0
38126,2673.4818840564667,1.0048610647006933,60.0
38127,2673.482578500911,1.0043959988345,60.0
38128,2673.4832729453556,1.0043140027186033,60.0
38129,2673.4839673898,1.00428150631848,60.0
38130,2673.4846618342444,1.0046717107909202,60.0
38131,2673.485356278689,1.0042223851699867,60.0
38132,2673.4860507231333,1.0047137790478748,60.0
38133,2673.4867451675777,1.0053647572417266,60.0
38134,2673.487439612022,1.0046328018536166,60.0
38135,2673.4881340564666,1.0040592579099001,60.0
38136,2673.4888285009115,1.0045659113640566,60.0
38137,2673.489522945356,1.0056000658397932,60.0
38138,2673.4902173898004,1.0048820318674534,60.0
38139,2673.490911834245,1.0045652561251432,60.0
38140,2673.4916062786892,1.0050561731232066,60.0
38141,2673.4923007231337,1.0045358120412,60.0
38142,2673.492995167578,1.0051906324542799,60.0
38143,2673.4936896120225,1.0038980172409033,60.0
38144,2673.494384056467,1.0043939251476166,60.0
38145,2673.4950785009114,1.0055439455672501,60.0
38146,2673.495772945356,1.0048122133868267,60.0
38147,2673.4964673898003,1.0049498320807835,60.0
38148,2673.4971618342447,1.0054229529331102,60.0
38149,2673.497856278689,1.0049725149512234,60.0
38150,2673.4985507231336,1.0047118993379167,60.0
38151,2673.499245167578,1.0048829132456734,60.0
38152,2673.4999396120224,1.00409600477304,60.0
38153,2673.500634056467,1.00497026077524,60.0
38154,2673.5013285009113,1.0047860970781166,60.0
38155,2673.5020229453557,1.0040281784424667,60.0
38156,2673.5027173898,1.0045924133639599,60.0
38157,2673.5034118342446,1.0046334053247066,60.0
38158,2673.504106278689,1.00490151864302,60.0
38159,2673.5048007231335,1.00501013040161,60.0
38160,2673.505495167578,1.005286845128565,60.0
38161,2673.5061896120224,1.005485663534135,60.0
38162,2673.506884056467,1.0054185514417266,60.0
38163,2673.507578500911,1.0049577281387199,60.0
38164,2673.5082729453557,1.0053299580151165,60.0
38165,2673.5089673898,1.0051178537436265,60.0
38166,2673.5096618342445,1.0040436184944665,60.0
38167,2673.510356278689,1.0043967986875932,60.0
38168,2673.5110507231334,1.00527721188042,60.0
38169,2673.511745167578,1.004088725056155,60.0
38170,2673.5124396120223,1.0051518891519733,60.0
38171,2673.5131340564667,1.00382406628689,60.0
38172,2673.513828500911,1.0039792265926533,60.0
38173,2673.5145229453556,1.00525100404438,60.0
38174,2673.5152173898,1.0041942927088465,60.0
38175,2673.5159118342444,1.0040057005246268,60.0
38176,2673.516606278689,1.00428105715646,60.0
38177,2673.5173007231333,1.00378640758114,60.0
38178,2673.5179951675777,1.0050723181771366,60.0
38179,2673.5186896120226,1.0032434314360867,60.0
38180,2673.519384056467,1.00493596146373,60.0
38181,2673.5200785009115,1.0037694439611733,60.0
38182,2673.520772945356,1.00433975120564,60.0
38183,2673.5214673898004,1.0034436525295867,60.0
38184,2673.522161834245,1.00455109870992,60.0
38185,2673.5228562786892,1.0046594536045248,60.0
38186,2673.5235507231337,1.0046520159944,60.0
38187,2673.524245167578,1.0050541077701765,60.0
38188,2673.5249396120225,1.00488554659969,60.0
38189,2673.525634056467,1.0041194549209933,60.0
38190,2673.5263285009114,1.0038828438449101,60.0
38191,2673.527022945356,1.004020092286295,60.0
38192,2673.5277173898003,1.003306854137415,60.0
38193,2673.5284118342447,1.00417839003898,60.0
38194,2673.529106278689,1.0045479703931202,60.0
38195,2673.5298007231336,1.0047835742340165,60.0
38196,2673.530495167578,1.0043575812632033,60.0
38197,2673.5311896120224,1.0052492592570366,60.0
38198,2673.531884056467,1.0045770065821633,60.0
38199,2673.5325785009113,1.0044125009237532,60.0
38200,2673.5332729453557,1.0050699165126364,60.0
38201,2673.5339673898,1.0041064609786767,60.0
38202,2673.5346618342446,1.00495459363847,60.0
38203,2673.535356278689,1.0054986965162434,60.0
38204,2673.5360507231335,1.00395544149341,60.0
38205,2673.536745167578,1.00484230145294,60.0
38206,2673.5374396120224,1.0053815392573966,60.0
38207,2673.538134056467,1.0043270969128935,60.0
38208,2673.538828500911,1.0045975345216167,60.0
38209,2673.5395229453557,1.0036232766887931,60.0
38210,2673.5402173898,1.0039385741843665,60.0
38211,2673.5409118342445,1.0058245701061133,60.0
38212,2673.541606278689,1.0038525575458601,60.0
38213,2673.5423007231334,1.0039934400909667,60.0
38214,2673.542995167578,1.00342097053624,60.0
38215,2673.5436896120223,1.0053131886346867,60.0
38216,2673.5443840564667,1.0047970469716834,60.0
38217,2673.545078500911,1.0034415481749366,60.0
38218,2673.5457729453556,1.0049848108363202,60.0
38219,2673.5464673898,1.0040986644804635,60.0
38220,2673.5471618342444,1.0034905800144633,60.0
38221,2673.547856278689,1.0035076022215668,60.0
38222,2673.5485507231338,1.00409824130289,60.0
38223,2673.549245167578,1.0039017970606265,60.0
38224,2673.5499396120226,1.00367295614417,60.0
38225,2673.550634056467,1.0033571152048566,60.0
38226,2673.5513285009115,1.0036442581713798,60.0
38227,2673.552022945356,1.0043269245202402,60.0
38228,2673.5527173898004,1.0039557163181834,60.0
38229,2673.553411834245,1.0039011593135134,60.0
38230,2673.5541062786892,1.0042484286110034,60.0
38231,2673.5548007231337,1.0047682497326234,60.0
38232,2673.555495167578,1.0034754073348766,60.0
38233,2673.5561896120225,1.0047322927524667,60.0
38234,2673.556884056467,1.0039976557890267,60.0
38235,2673.5575785009114,1.0035455365977066,60.0
38236,2673.558272945356,1.003702231378945,60.0
38237,2673.5589673898003,1.00330834406305,60.0
38238,2673.5596618342447,1.0044758397435,60.0
38239,2673.560356278689,1.0044724049072666,60.0
38240,2673.5610507231336,1.0039594599492367,60.0
38241,2673.561745167578,1.0049960397324733,60.0
38242,2673.5624396120224,1.00408778913857,60.0
38243,2673.563134056467,1.0048390193928034,60.0
38244,2673.5638285009113,1.0049949930584503,60.0
38245,2673.5645229453557,1.0049589062742001,60.0
38246,2673.5652173898,1.0028648502786968,60.0
38247,2673.5659118342446,1.0044432680675734,60.0
38248,2673.566606278689,1.0041052979034235,60.0
38249,2673.5673007231335,1.00446283829507,60.0
38250,2673.567995167578,1.0042434939990799,60.0
38251,2673.5686896120224,1.004353841977,60.0
38252,2673.569384056467,1.0047132218393402,60.0
38253,2673.570078500911,1.0037492003722432,60.0
38254,2673.5707729453557,1.0042806418932966,60.0
38255,2673.5714673898,1.0042486085131248,60.0
38256,2673.5721618342445,1.00242698128979,60.0
38257,2673.572856278689,1.0034237075271502,60.0
38258,2673.5735507231334,1.00354238937586,60.0
38259,2673.574245167578,1.0028558701260033,60.0
38260,2673.5749396120223,1.0039875600620651,60.0
38261,2673.5756340564667,1.0042582270545,60.0
38262,2673.576328500911,1.0033770174745733,60.0
38263,2673.5770229453556,1.00458967638533,60.0
38264,2673.5777173898005,1.00446325632352,60.0
38265,2673.578411834245,1.0029211299689367,60.0
38266,2673.5791062786893,1.0042805017474334,60.0
38267,2673.5798007231338,1.00342557779477,60.0
38268,2673.580495167578,1.0037411948360433,60.0
38269,2673.5811896120226,1.002637640634605,60.0
38270,2673.581884056467,1.0038673879509867,60.0
38271,2673.5825785009115,1.00397858513128,60.0
38272,2673.583272945356,1.0038059240480832,60.0
38273,2673.5839673898004,1.00398257197601,60.0
38274,2673.584661834245,1.00282921403803,60.0
38275,2673.5853562786892,1.0028325473853534,60.0
38276,2673.5860507231337,1.0031875845644567,60.0
38277,2673.586745167578,1.00412807286466,60.0
38278,2673.5874396120225,1.0035713234698267,60.0
38279,2673.588134056467,1.0034272415641468,60.0
38280,2673.5888285009114,1.0025194886123767,60.0
38281,2673.589522945356,1.0039125879173867,60.0
38282,2673.5902173898003,1.0026734626564366,60.0
38283,2673.5909118342447,1.00464087394993,60.0
38284,2673.591606278689,1.0041231203041099,60.0
38285,2673.5923007231336,1.00437276472698,60.0
38286,2673.592995167578,1.00427599678934,60.0
38287,2673.5936896120224,1.0035633507236,60.0
38288,2673.594384056467,1.0049524653557735,60.0
38289,2673.5950785009113,1.0043334100829933,60.0
38290,2673.5957729453557,1.0035415663897667,60.0
38291,2673.5964673898,1.0033660460484999,60.0
38292,2673.5971618342446,1.0037693867048334,60.0
38293,2673.597856278689,1.0034422683849333,60.0
38294,2673.5985507231335,1.0033096086344366,60.0
38295,2673.599245167578,1.0032790042175732,60.0
38296,2673.5999396120224,1.00353530782978,60.0
38297,2673.600634056467,1.00382475126112,60.0
38298,2673.601328500911,1.0034626846486903,60.0
38299,2673.6020229453557,1.0036352990778166,60.0
38300,2673.6027173898,1.0027862461497299,60.0
38301,2673.6034118342445,1.0044902628689532,60.0
38302,2673.604106278689,1.0047507341732167,60.0
38303,2673.6048007231334,1.00331573022969,60.0
38304,2673.605495167578,1.0034283828648098,60.0
38305,2673.6061896120223,1.0033619327953598,60.0
38306,2673.6068840564667,1.0036645354018165,60.0
38307,2673.6075785009116,1.0036878281577248,60.0
38308,2673.608272945356,1.004976474803377,60.0
38309,2673.6089673898005,1.0036641266125799,60.0
38310,2673.609661834245,1.0037125408060166,60.0
38311,2673.6103562786893,1.0027045144971367,60.0
38312,2673.6110507231338,1.0044366200108767,60.0
38313,2673.611745167578,1.0036999182016666,60.0
38314,2673.6124396120226,1.00271244879733,60.0
38315,2673.613134056467,1.0033050093063933,60.0
38316,2673.6138285009115,1.0027976205129134,60.0
38317,2673.614522945356,1.0028897806891568,60.0
38318,2673.6152173898004,1.0031708751804134,60.0
38319,2673.615911834245,1.0047001918404934,60.0
38320,2673.6166062786892,1.0031764632517366,60.0
38321,2673.6173007231337,1.0033926748930166,60.0
38322,2673.617995167578,1.0039091947079566,60.0
38323,2673.6186896120225,1.0031323682874649,60.0
38324,2673.619384056467,1.00347852420191,60.0
38325,2673.6200785009114,1.0029135756634335,60.0
38326,2673.620772945356,1.0030931573751134,60.0
38327,2673.6214673898003,1.0030690643801965,60.0
38328,2673.6221618342447,1.003592424685265,60.0
38329,2673.622856278689,1.0029792362463734,60.0
38330,2673.6235507231336,1.0039710214946633,60.0
38331,2673.624245167578,1.0033707924724367,60.0
38332,2673.6249396120224,1.0042194532134534,60.0
38333,2673.625634056467,1.0041155376898867,60.0
38334,2673.6263285009113,1.0035819879896801,60.0
38335,2673.6270229453557,1.0030097831222367,60.0
38336,2673.6277173898,1.0041888158270833,60.0
38337,2673.6284118342446,1.0031036984076667,60.0
38338,2673.629106278689,1.0034687004927834,60.0
38339,2673.6298007231335,1.0034636712258733,60.0
38340,2673.630495167578,1.0038204890493367,60.0
38341,2673.6311896120224,1.0037111793012432,60.0
38342,2673.631884056467,1.0027146552829533,60.0
38343,2673.632578500911,1.0028266438732834,60.0
38344,2673.6332729453557,1.0040783235354134,60.0
38345,2673.6339673898,1.00395138911536,60.0
38346,2673.6346618342445,1.0045214736885533,60.0
38347,2673.635356278689,1.0037403625074868,60.0
38348,2673.6360507231334,1.0028178268601666,60.0
38349,2673.636745167578,1.0035717050273132,60.0
38350,2673.6374396120227,1.0045189122401965,60.0
38351,2673.638134056467,1.00323377479306,60.0
38352,2673.6388285009116,1.0039503976639033,60.0
38353,2673.639522945356,1.0030618852758333,60.0
38354,2673.6402173898005,1.0036060810377767,60.0
38355,2673.640911834245,1.0032623374551033,60.0
38356,2673.6416062786893,1.0043150788267734,60.0
38357,2673.6423007231338,1.0044473800903668,60.0
38358,2673.642995167578,1.004124261591925,60.0
38359,2673.6436896120226,1.0033287046094068,60.0
38360,2673.644384056467,1.0024806865687335,60.0
38361,2673.6450785009115,1.00363793995126,60.0
38362,2673.645772945356,1.0028363985664235,60.0
38363,2673.6464673898004,1.0040063396334566,60.0
38364,2673.647161834245,1.00201026320338,60.0
38365,2673.6478562786892,1.00366544936068,60.0
38366,2673.6485507231337,1.002954478997745,60.0
38367,2673.649245167578,1.0034379205816935,60.0
38368,2673.6499396120225,1.0037694289719568,60.0
38369,2673.650634056467,1.0043014113470232,60.0
38370,2673.6513285009114,1.0039441692418933,60.0
38371,2673.652022945356,1.0032396487506268,60.0
38372,2673.6527173898003,1.0034771087382601,60.0
38373,2673.6534118342447,1.0029662284551533,60.0
38374,2673.654106278689,1.002614375179135,60.0
38375,2673.6548007231336,1.0035020870778366,60.0
38376,2673.655495167578,1.0035937967669,60.0
38377,2673.6561896120224,1.0045798867802702,60.0
38378,2673.656884056467,1.00388751983202,60.0
38379,2673.6575785009113,1.0037022259815434,60.0
38380,2673.6582729453557,1.004404376096025,60.0
38381,2673.6589673898,1.0033125930018432,60.0
38382,2673.6596618342446,1.0029658804544,60.0
38383,2673.660356278689,1.0031095675552,60.0
38384,2673.6610507231335,1.0037012883996732,60.0
38385,2673.661745167578,1.0033097607281098,60.0
38386,2673.6624396120224,1.0025283677951233,60.0
38387,2673.663134056467,1.0043220514769033,60.0
38388,2673.663828500911,1.0040039202013034,60.0
38389,2673.6645229453557,1.0039061517277599,60.0
38390,2673.6652173898,1.00333339081593,60.0
38391,2673.6659118342445,1.00386223767961,60.0
38392,2673.6666062786894,1.0033172464370532,60.0
38393,2673.667300723134,1.0030961803247302,60.0
38394,2673.6679951675783,1.00332166105361,60.0
38395,2673.6686896120227,1.0042182682199334,60.0
38396,2673.669384056467,1.0039117428715667,60.0
38397,2673.6700785009116,1.0028403697611,60.0
38398,2673.670772945356,1.0037469738370168,60.0
38399,2673.6714673898005,1.0029989334997433,60.0
38400,2673.672161834245,1.0031864850755199,60.0
38401,2673.6728562786893,1.00328752556638,60.0
38402,2673.6735507231338,1.0039256585687066,60.0
38403,2673.674245167578,1.0032961527230169,60.0
38404,2673.6749396120226,1.0025321359444301,60.0
38405,2673.675634056467,1.00403714580568,60.0
38406,2673.6763285009115,1.00264294284584,60.0
38407,2673.677022945356,1.0034861544166735,60.0
38408,2673.6777173898004,1.0038679250045601,60.0
38409,2673.678411834245,1.0035107191518167,60.0
38410,2673.6791062786892,1.00259927882653,60.0
38411,2673.6798007231337,1.0028386806136633,60.0
38412,2673.680495167578,1.0034878401283198,60.0
38413,2673.6811896120225,1.0025959268820568,60.0
38414,2673.681884056467,1.0032127522613299,60.0
38415,2673.6825785009114,1.0022870001060433,60.0
38416,2673.683272945356,1.0033310227053234,60.0
38417,2673.6839673898003,1.00377566924344,60.0
38418,2673.6846618342447,1.0039700758903232,60.0
38419,2673.685356278689,1.00369143339021,60.0
38420,2673.6860507231336,1.0030740388508967,60.0
38421,2673.686745167578,1.00294299473583,60.0
38422,2673.6874396120224,1.00337200884048,60.0
38423,2673.688134056467,1.0032822048813868,60.0
38424,2673.6888285009113,1.0032655937229533,60.0
38425,2673.6895229453557,1.00332178540531,60.0
38426,2673.6902173898,1.0027002782065233,60.0
38427,2673.6909118342446,1.002715551644423,60.0
38428,2673.691606278689,1.0015797485990434,60.0
38429,2673.6923007231335,1.0031954691364,60.0
38430,2673.692995167578,1.00350973532971,60.0
38431,2673.6936896120224,1.0032560382332267,60.0
38432,2673.694384056467,1.0026834275775334,60.0
38433,2673.695078500911,1.0018644148306999,60.0
38434,2673.6957729453557,1.00342232864249,60.0
38435,2673.6964673898005,1.0031608314627034,60.0
38436,2673.697161834245,1.00341933228276,60.0
38437,2673.6978562786894,1.00310604338725,60.0
38438,2673.698550723134,1.002812884844505,60.0
38439,2673.6992451675783,1.0033068419188667,60.0
38440,2673.6999396120227,1.00217454209031,60.0
38441,2673.700634056467,1.00186003952317,60.0
38442,2673.7013285009116,1.0027691223894097,60.0
38443,2673.702022945356,1.00307985266394,60.0
38444,2673.7027173898005,1.00333177184608,60.0
38445,2673.703411834245,1.0021922044583735,60.0
38446,2673.7041062786893,1.00300551416177,60.0
38447,2673.7048007231338,1.00294644222532,60.0
38448,2673.705495167578,1.0028881931139433,60.0
38449,2673.7061896120226,1.0020220444457768,60.0
38450,2673.706884056467,1.00315550115886,60.0
38451,2673.7075785009115,1.0021117161569,60.0
38452,2673.708272945356,1.0033948321603534,60.0
38453,2673.7089673898004,1.0038386474980998,60.0
38454,2673.709661834245,1.0030825692667131,60.0
38455,2673.7103562786892,1.0025282885866866,60.0
38456,2673.7110507231337,1.0026913750860433,60.0
38457,2673.711745167578,1.0031581812605999,60.0
38458,2673.7124396120225,1.0024907114360133,60.0
38459,2673.713134056467,1.0029893658699167,60.0
38460,2673.7138285009114,1.0024115896538166,60.0
38461,2673.714522945356,1.00203184252573,60.0
38462,2673.7152173898003,1.0026654755276134,60.0
38463,2673.7159118342447,1.00315614140192,60.0
38464,2673.716606278689,1.00283491723061,60.0
38465,2673.7173007231336,1.00236855753273,60.0
38466,2673.717995167578,1.0031184171883967,60.0
38467,2673.7186896120224,1.00361382183513,60.0
38468,2673.719384056467,1.00361977538496,60.0
38469,2673.7200785009113,1.0022110203463632,60.0
38470,2673.7207729453557,1.0021719571587,60.0
38471,2673.7214673898,1.0026385714468367,60.0
38472,2673.7221618342446,1.0035501666927051,60.0
38473,2673.722856278689,1.0037041745130768,60.0
38474,2673.7235507231335,1.0030939153996432,60.0
38475,2673.724245167578,1.0035657584790967,60.0
38476,2673.7249396120224,1.00257459465685,60.0
38477,2673.725634056467,1.00256636356918,60.0
38478,2673.7263285009117,1.0029492233671065,60.0
38479,2673.727022945356,1.00219168636757,60.0
38480,2673.7277173898005,1.00193351592423,60.0
38481,2673.728411834245,1.00255321170278,60.0
38482,2673.7291062786894,1.0028678507861766,60.0
38483,2673.729800723134,1.0029750640276334,60.0
38484,2673.7304951675783,1.0029442815125267,60.0
38485,2673.7311896120227,1.0012738485381931,60.0
38486,2673.731884056467,1.0017373906394633,60.0
38487,2673.7325785009116,1.0020164951702666,60.0
38488,2673.733272945356,1.0037000509481266,60.0
38489,2673.7339673898005,1.00210815014902,60.0
38490,2673.734661834245,1.0027562747833867,60.0
38491,2673.7353562786893,1.00270148114161,60.0
38492,2673.7360507231338,1.0016066679798667,60.0
38493,2673.736745167578,1.00277046097746,60.0
38494,2673.7374396120226,1.0031477695844166,60.0
38495,2673.738134056467,1.0016621942201933,60.0
38496,2673.7388285009115,1.0024420030427834,60.0
38497,2673.739522945356,1.0013912067200534,60.0
38498,2673.7402173898004,1.0029688924347935,60.0
38499,2673.740911834245,1.0031578336579,60.0
38500,2673.7416062786892,1.0021824976784834,60.0
38501,2673.7423007231337,1.0032967079631767,60.0
38502,2673.742995167578,1.0025147268803434,60.0
38503,2673.7436896120225,1.0039037906537152,60.0
38504,2673.744384056467,1.0037532796096436,60.0
38505,2673.7450785009114,1.0023815166788135,60.0
38506,2673.745772945356,1.00336103736438,60.0
38507,2673.7464673898003,1.0028836712900333,60.0
38508,2673.7471618342447,1.0028252678993568,60.0
38509,2673.747856278689,1.00338591882139,60.0
38510,2673.7485507231336,1.0035364928633665,60.0
38511,2673.749245167578,1.0028627835492199,60.0
38512,2673.7499396120224,1.00270375921569,60.0
38513,2673.750634056467,1.0023535228865,60.0
38514,2673.7513285009113,1.0016256501517233,60.0
38515,2673.7520229453557,1.0026365784741902,60.0
38516,2673.7527173898,1.0028037618451502,60.0
38517,2673.7534118342446,1.0028344216847567,60.0
38518,2673.754106278689,1.00225269515268,60.0
38519,2673.7548007231335,1.0023238097488667,60.0
38520,2673.7554951675784,1.0035512602792231,60.0
38521,2673.756189612023,1.0015564716674232,60.0
38522,2673.7568840564672,1.00154273964783,60.0
38523,2673.7575785009117,1.0021021549402267,60.0
38524,2673.758272945356,1.0032445338037002,60.0
38525,2673.7589673898005,1.0019185486672832,60.0
38526,2673.759661834245,1.0027697831181868,60.0
38527,2673.7603562786894,1.0021527447321834,60.0
38528,2673.761050723134,1.00251848878047,60.0
38529,2673.7617451675783,1.0032228013358233,60.0
38530,2673.7624396120227,1.0029627691826801,60.0
38531,2673.763134056467,1.002342819570835,60.0
38532,2673.7638285009116,1.0020909459452367,60.0
38533,2673.764522945356,1.00327060833193,60.0
38534,2673.7652173898005,1.00285674289469,60.0
38535,2673.765911834245,1.0023955128009667,60.0
38536,2673.7666062786893,1.0022065137354232,60.0
38537,2673.7673007231338,1.0024794682795233,60.0
38538,2673.767995167578,1.0024703463152633,60.0
38539,2673.7686896120226,1.0024579205811202,60.0
38540,2673.769384056467,1.00229171779617,60.0
38541,2673.7700785009115,1.0033267549700469,60.0
38542,2673.770772945356,1.0025501090157833,60.0
38543,2673.7714673898004,1.003417630385515,60.0
38544,2673.772161834245,1.0025658426942334,60.0
38545,2673.7728562786892,1.00234687181657,60.0
38546,2673.7735507231337,1.00265499192261,60.0
38547,2673.774245167578,1.0026987789419999,60.0
38548,2673.7749396120225,1.0016488199223268,60.0
38549,2673.775634056467,1.002266041252945,60.0
38550,2673.7763285009114,1.00221719477196,60.0
38551,2673.777022945356,1.0025744305680533,60.0
38552,2673.7777173898003,1.0028901354419435,60.0
38553,2673.7784118342447,1.0031331775328567,60.0
38554,2673.779106278689,1.00185073618319,60.0
38555,2673.7798007231336,1.0020029718839967,60.0
38556,2673.780495167578,1.0016298042809166,60.0
38557,2673.7811896120224,1.0019726488469367,60.0
38558,2673.781884056467,1.0026151276339001,60.0
38559,2673.7825785009113,1.0019564282131368,60.0
38560,2673.7832729453557,1.00297423193615,60.0
38561,2673.7839673898,1.00238587840823,60.0
38562,2673.7846618342446,1.0035493092515566,60.0
38563,2673.7853562786895,1.0023624889315033,60.0
38564,2673.786050723134,1.0018792308794202,60.0
38565,2673.7867451675784,1.0028156631496898,60.0
38566,2673.787439612023,1.0021440299629234,60.0
38567,2673.7881340564672,1.0011564203054932,60.0
38568,2673.7888285009117,1.001090095400905,60.0
38569,2673.789522945356,1.00287059290081,60.0
38570,2673.7902173898005,1.0027207935630233,60.0
38571,2673.790911834245,1.0030257386925199,60.0
38572,2673.7916062786894,1.00235451878432,60.0
38573,2673.792300723134,1.00202995430443,60.0
38574,2673.7929951675783,1.00283308729128,60.0
38575,2673.7936896120227,1.00219722006557,60.0
38576,2673.794384056467,1.0025905434098366,60.0
38577,2673.7950785009116,1.0030652998533667,60.0
38578,2673.795772945356,1.00233219151152,60.0
38579,2673.7964673898005,1.0012034128589433,60.0
38580,2673.797161834245,1.0015767877088166,60.0
38581,2673.7978562786893,1.00231313615763,60.0
38582,2673.7985507231338,1.0032057573887332,60.0
38583,2673.799245167578,1.00138977336179,60.0
38584,2673.7999396120226,1.0024187161549,60.0
38585,2673.800634056467,1.00108443602519,60.0
38586,2673.8013285009115,1.00268355079846,60.0
38587,2673.802022945356,1.002068839704375,60.0
38588,2673.8027173898004,1.0019706969837199,60.0
38589,2673.803411834245,1.002560430348685,60.0
38590,2673.8041062786892,1.00200513352252,60.0
38591,2673.8048007231337,1.0011678464818334,60.0
38592,2673.805495167578,1.0026998703980066,60.0
38593,2673.8061896120225,1.00250382335241,60.0
38594,2673.806884056467,1.001113798872095,60.0
38595,2673.8075785009114,1.0014512354823166,60.0
38596,2673.808272945356,1.00212992502368,60.0
38597,2673.8089673898003,1.0019725187048831,60.0
38598,2673.8096618342447,1.0023940191201,60.0
38599,2673.810356278689,1.0019220276103034,60.0
38600,2673.8110507231336,1.0014545870275633,60.0
38601,2673.811745167578,1.0021884946137167,60.0
38602,2673.8124396120224,1.0014449686093168,60.0
38603,2673.813134056467,1.001312675854095,60.0
38604,2673.8138285009113,1.00147674345728,60.0
38605,2673.8145229453557,1.0015797728529334,60.0
38606,2673.8152173898006,1.0017192015412035,60.0
38607,2673.815911834245,1.00204003213533,60.0
38608,2673.8166062786895,1.0020677877118334,60.0
38609,2673.817300723134,1.001106168153613,60.0
38610,2673.8179951675784,1.0015347521561369,60.0
38611,2673.818689612023,1.0026582551238201,60.0
38612,2673.8193840564672,1.00208919188351,60.0
38613,2673.8200785009117,1.0017855049459,60.0
38614,2673.820772945356,1.0016370979077067,60.0
38615,2673.8214673898005,1.0025415665227266,60.0
38616,2673.822161834245,1.0032555782653099,60.0
38617,2673.8228562786894,1.0022401473444134,60.0
38618,2673.823550723134,1.00217046075142,60.0
38619,2673.8242451675783,1.0011212123041533,60.0
38620,2673.8249396120227,1.0026805605303701,60.0
38621,2673.825634056467,1.0022686880006766,60.0
38622,2673.8263285009116,1.0016934315330768,60.0
38623,2673.827022945356,1.0014864699007802,60.0
38624,2673.8277173898005,1.0023369497302002,60.0
38625,2673.828411834245,1.0021998777347267,60.0
38626,2673.8291062786893,1.0031375697809801,60.0
38627,2673.8298007231338,1.0022902275513434,60.0
38628,2673.830495167578,1.00204509496229,60.0
38629,2673.8311896120226,1.00142140583017,60.0
38630,2673.831884056467,1.0026099792841,60.0
38631,2673.8325785009115,1.0018664141241367,60.0
38632,2673.833272945356,1.00248960614699,60.0
38633,2673.8339673898004,1.0023359384298034,60.0
38634,2673.834661834245,1.00193578148396,60.0
38635,2673.8353562786892,1.0024732930774052,60.0
38636,2673.8360507231337,1.001415315002685,60.0
38637,2673.836745167578,1.0020708602260635,60.0
38638,2673.8374396120225,1.0008646764411766,60.0
38639,2673.838134056467,1.0030917160413633,60.0
38640,2673.8388285009114,1.0010694325305334,60.0
38641,2673.839522945356,1.0015745926634765,60.0
38642,2673.8402173898003,1.00157347690074,60.0
38643,2673.8409118342447,1.0015684202086699,60.0
38644,2673.841606278689,1.0022327609234367,60.0
38645,2673.8423007231336,1.0017422394993734,60.0
38646,2673.842995167578,1.0018497174729901,60.0
38647,2673.8436896120224,1.002211540071935,60.0
38648,2673.8443840564673,1.0015131558222132,60.0
38649,2673.8450785009118,1.0024154973396802,60.0
38650,2673.845772945356,1.00186102113313,60.0
38651,2673.8464673898006,1.00154036967102,60.0
38652,2673.847161834245,1.0015678013325966,60.0
38653,2673.8478562786895,1.0014355556895234,60.0
38654,2673.848550723134,1.0030064238438465,60.0
38655,2673.8492451675784,1.00170538299453,60.0
38656,2673.849939612023,1.0018250426233366,60.0
38657,2673.8506340564672,1.0016591072877568,60.0
38658,2673.8513285009117,1.0016943933349467,60.0
38659,2673.852022945356,1.00164684531425,60.0
38660,2673.8527173898005,1.0019019658648334,60.0
38661,2673.853411834245,1.0023078201074866,60.0
38662,2673.8541062786894,1.0012844509687167,60.0
38663,2673.854800723134,1.00160052035742,60.0
38664,2673.8554951675783,1.0025619962573902,60.0
38665,2673.8561896120227,1.00112047401159,60.0
38666,2673.856884056467,1.0014620656058968,60.0
38667,2673.8575785009116,1.0017968492013667,60.0
38668,2673.858272945356,1.001572223830795,60.0
38669,2673.8589673898005,1.0011441909146566,60.0
38670,2673.859661834245,1.0018129493376533,60.0
38671,2673.8603562786893,1.0017096974537667,60.0
38672,2673.8610507231338,1.001769110838,60.0
38673,2673.861745167578,1.0025987301086932,60.0
38674,2673.8624396120226,1.00089446421432,60.0
38675,2673.863134056467,1.0015925388165432,60.0
38676,2673.8638285009115,1.0017701812875235,60.0
38677,2673.864522945356,1.0012307121447535,60.0
38678,2673.8652173898004,1.0021025507429968,60.0
38679,2673.865911834245,1.0013483674681767,60.0
38680,2673.8666062786892,1.0018621266114167,60.0
38681,2673.8673007231337,1.0022017031246966,60.0
38682,2673.867995167578,1.0018595049445735,60.0
38683,2673.8686896120225,1.0018726432803133,60.0
38684,2673.869384056467,1.0012282159168768,60.0
38685,2673.8700785009114,1.001764099855915,60.0
38686,2673.870772945356,1.0015236624425232,60.0
38687,2673.8714673898003,1.0013376088471149,60.0
38688,2673.8721618342447,1.00112245423698,60.0
38689,2673.872856278689,1.0012791884041465,60.0
38690,2673.8735507231336,1.0005938590952066,60.0
38691,2673.8742451675785,1.0004180687976434,60.0
38692,2673.874939612023,1.0030578853861867,60.0
38693,2673.8756340564673,1.0003773161152933,60.0
38694,2673.8763285009118,1.002714654451725,60.0
38695,2673.877022945356,1.0019254853553632,60.0
38696,2673.8777173898006,1.000298225765255,60.0
38697,2673.878411834245,1.00205410522241,60.0
38698,2673.8791062786895,1.0015360090017034,60.0
38699,2673.879800723134,1.0022923548240066,60.0
38700,2673.8804951675784,1.00179626942687,60.0
38701,2673.881189612023,1.0012565338685835,60.0
38702,2673.8818840564672,1.0014428289151034,60.0
38703,2673.8825785009117,1.0017881782866351,60.0
38704,2673.883272945356,1.0013836272331234,60.0
38705,2673.8839673898005,1.0013479604052167,60.0
38706,2673.884661834245,1.0023245845335167,60.0
38707,2673.8853562786894,1.0015879294182701,60.0
38708,2673.886050723134,1.0014617681836133,60.0
38709,2673.8867451675783,1.0018539539620532,60.0
38710,2673.8874396120227,1.00233138974539,60.0
38711,2673.888134056467,1.0016148738302935,60.0
38712,2673.8888285009116,1.0011259052110701,60.0
38713,2673.889522945356,1.0013059120149135,60.0
38714,2673.8902173898005,1.0015570886913066,60.0
38715,2673.890911834245,1.0014305352896136,60.0
38716,2673.8916062786893,1.0018250985385933,60.0
38717,2673.8923007231338,1.00106999657013,60.0
38718,2673.892995167578,1.0026757714373833,60.0
38719,2673.8936896120226,1.0013200504249267,60.0
38720,2673.894384056467,1.0019286589366567,60.0
38721,2673.8950785009115,1.0017366605121099,60.0
38722,2673.895772945356,1.00148929566734,60.0
38723,2673.8964673898004,1.0016805891407,60.0
38724,2673.897161834245,1.0026187451845632,60.0
38725,2673.8978562786892,1.0019725282852099,60.0
38726,2673.8985507231337,1.000205244657895,60.0
38727,2673.899245167578,1.0019637485189465,60.0
38728,2673.8999396120225,1.0022200888855268,60.0
38729,2673.900634056467,1.0013854739176833,60.0
38730,2673.9013285009114,1.00129988383141,60.0
38731,2673.902022945356,1.0018948806190868,60.0
38732,2673.9027173898003,1.0014102951897301,60.0
38733,2673.9034118342447,1.0009266094841867,60.0
38734,2673.9041062786896,1.001576387616085,60.0
38735,2673.904800723134,1.0005874644884234,60.0
38736,2673.9054951675785,1.0014058676305533,60.0
38737,2673.906189612023,1.00053817787106,60.0
38738,2673.9068840564673,1.00177940835113,60.0
38739,2673.9075785009118,1.00156251624274,60.0
38740,2673.908272945356,1.0012499631253566,60.0
38741,2673.9089673898006,1.0022014459872433,60.0
38742,2673.909661834245,1.0008525293549466,60.0
38743,2673.9103562786895,1.0004703076087,60.0
38744,2673.911050723134,1.0012299772875732,60.0
38745,2673.9117451675784,1.0010547356989468,60.0
38746,2673.912439612023,1.0019888097806533,60.0
38747,2673.9131340564672,1.000241358937805,60.0
38748,2673.9138285009117,1.0011808951682368,60.0
38749,2673.914522945356,1.0015683012749967,60.0
38750,2673.9152173898005,1.0012508084028902,60.0
38751,2673.915911834245,1.00091604907574,60.0
38752,2673.9166062786894,1.0014694094243066,60.0
38753,2673.917300723134,1.0009823593779898,60.0
38754,2673.9179951675783,1.0001643795961332,60.0
38755,2673.9186896120227,1.0022400585822335,60.0
38756,2673.919384056467,1.0006424912064167,60.0
38757,2673.9200785009116,1.0005332139463032,60.0
38758,2673.920772945356,1.00079494035905,60.0
38759,2673.9214673898005,1.0008042128322734,60.0
38760,2673.922161834245,1.0017679182444932,60.0
38761,2673.9228562786893,1.0014658512086232,60.0
38762,2673.9235507231338,1.00126665183835,60.0
38763,2673.924245167578,1.0024722962069899,60.0
38764,2673.9249396120226,1.001647554729,60.0
38765,2673.925634056467,1.0014109016318533,60.0
38766,2673.9263285009115,1.0013600795709068,60.0
38767,2673.927022945356,1.0016244048873268,60.0
38768,2673.9277173898004,1.0014088650935935,60.0
38769,2673.928411834245,1.0021194625983132,60.0
38770,2673.9291062786892,1.0025358629987602,60.0
38771,2673.9298007231337,1.0015166392456667,60.0
38772,2673.930495167578,1.0007362252274434,60.0
38773,2673.9311896120225,1.0013321967468867,60.0
38774,2673.931884056467,1.0013394631172765,60.0
38775,2673.9325785009114,1.0015743346912467,60.0
38776,2673.9332729453563,1.0008086226276067,60.0
38777,2673.9339673898007,1.0012085967454933,60.0
38778,2673.934661834245,1.0015763008411267,60.0
38779,2673.9353562786896,1.00104693899899,60.0
38780,2673.936050723134,1.001838428491515,60.0
38781,2673.9367451675785,1.0009007967372268,60.0
38782,2673.937439612023,1.0004257865564,60.0
38783,2673.9381340564673,1.00122699125436,60.0
38784,2673.9388285009118,1.00119469556529,60.0
38785,2673.939522945356,1.0013064835750967,60.0
38786,2673.9402173898006,1.0005693700800833,60.0
38787,2673.940911834245,1.0013524870696366,60.0
38788,2673.9416062786895,1.0009533242490267,60.0
38789,2673.942300723134,1.00153075384166,60.0
38790,2673.9429951675784,1.00091769376402,60.0
38791,2673.943689612023,1.00128444267503,60.0
38792,2673.9443840564672,1.00259910671014,60.0
38793,2673.9450785009117,1.0008916813376834,60.0
38794,2673.945772945356,1.0011569610646867,60.0
38795,2673.9464673898005,1.00105981348327,60.0
38796,2673.947161834245,1.0014889504827666,60.0
38797,2673.9478562786894,1.0019218822180949,60.0
38798,2673.948550723134,1.0010209050798133,60.0
38799,2673.9492451675783,1.0013897237003233,60.0
38800,2673.9499396120227,1.0006421065742,60.0
38801,2673.950634056467,1.00074670381152,60.0
38802,2673.9513285009116,1.0005148857679866,60.0
38803,2673.952022945356,1.0010661326810133,60.0
38804,2673.9527173898005,1.0011881847834034,60.0
38805,2673.953411834245,1.0013922057926201,60.0
38806,2673.9541062786893,1.00102808154931,60.0
38807,2673.9548007231338,1.0012232131961565,60.0
38808,2673.955495167578,1.0012150126132766,60.0
38809,2673.9561896120226,1.0015204196007768,60.0
38810,2673.956884056467,1.0005651360628933,60.0
38811,2673.9575785009115,1.0015400929736735,60.0
38812,2673.958272945356,1.001524639784575,60.0
38813,2673.9589673898004,1.0000802760975767,60.0
38814,2673.959661834245,1.0006364937491135,60.0
38815,2673.9603562786892,1.001112930437835,60.0
38816,2673.9610507231337,1.0018131539354866,60.0
38817,2673.961745167578,1.0008833871392766,60.0
38818,2673.9624396120225,1.0007343912487634,60.0
38819,2673.9631340564674,1.0009277744275833,60.0
38820,2673.963828500912,0.9996816257881767,60.0
38821,2673.9645229453563,1.0010487838040334,60.0
38822,2673.9652173898007,1.0011783096977667,60.0
38823,2673.965911834245,1.00063265449793,60.0
38824,2673.9666062786896,1.0006157385725467,60.0
38825,2673.967300723134,1.00053730989646,60.0
38826,2673.9679951675785,1.00035429705055,60.0
38827,2673.968689612023,1.0000083444995433,60.0
38828,2673.9693840564673,1.0020747472370133,60.0
38829,2673.9700785009118,1.0006929910887132,60.0
38830,2673.970772945356,1.0013301885005534,60.0
38831,2673.9714673898006,1.0016808926313,60.0
38832,2673.972161834245,1.0006079359723465,60.0
38833,2673.9728562786895,1.002150499706757,60.0
38834,2673.973550723134,1.0020296081113331,60.0
38835,2673.9742451675784,1.0005263541506333,60.0
38836,2673.974939612023,1.0008351175942536,60.0
38837,2673.9756340564672,1.0002837474377932,60.0
38838,2673.9763285009117,1.0013027446168798,60.0
38839,2673.977022945356,1.0003204319442467,60.0
38840,2673.9777173898005,1.00095813730272,60.0
38841,2673.978411834245,1.0003148836451634,60.0
38842,2673.9791062786894,1.0015577385042267,60.0
38843,2673.979800723134,1.0002390347944432,60.0
38844,2673.9804951675783,1.00064015925547,60.0
38845,2673.9811896120227,1.00047314371564,60.0
38846,2673.981884056467,1.001505847483555,60.0
38847,2673.9825785009116,1.0013271345772465,60.0
38848,2673.983272945356,1.001494572802185,60.0
38849,2673.9839673898005,1.00169398126882,60.0
38850,2673.984661834245,1.0009089370425033,60.0
38851,2673.9853562786893,1.0001735077259801,60.0
38852,2673.9860507231338,1.0012339251448967,60.0
38853,2673.986745167578,1.0007987242331433,60.0
38854,2673.9874396120226,1.0023452033723501,60.0
38855,2673.988134056467,1.0010484379077034,60.0
38856,2673.9888285009115,1.0005893132076633,60.0
38857,2673.989522945356,1.0014864153869631,60.0
38858,2673.9902173898004,1.0008367347165066,60.0
38859,2673.990911834245,1.0006842491817967,60.0
38860,2673.9916062786892,1.0006227358584467,60.0
38861,2673.9923007231337,1.0010928404947668,60.0
38862,2673.9929951675786,0.998618582450435,60.0
38863,2673.993689612023,1.0008131139475134,60.0
38864,2673.9943840564674,1.0003672289715133,60.0
38865,2673.995078500912,1.0008803744279433,60.0
38866,2673.9957729453563,1.0011606019717367,60.0
38867,2673.9964673898007,1.0003860284328165,60.0
38868,2673.997161834245,1.00063259726265,60.0
38869,2673.9978562786896,1.0006963768813932,60.0
38870,2673.998550723134,1.0014967412256768,60.0
38871,2673.9992451675785,1.0018475132554598,60.0
38872,2673.999939612023,1.0008976385055,60.0
38873,2674.0006340564673,1.0014550107550335,60.0
38874,2674.0013285009118,1.0014167261203433,60.0
38875,2674.002022945356,1.00055715985437,60.0
38876,2674.0027173898006,1.0001814028482265,60.0
38877,2674.003411834245,1.00053201439566,60.0
38878,2674.0041062786895,1.0009158282909567,60.0
38879,2674.004800723134,1.0015947934166565,60.0
38880,2674.0054951675784,1.0013071941623632,60.0
38881,2674.006189612023,0.9998728923030233,60.0
38882,2674.0068840564672,1.0000303031929834,60.0
38883,2674.0075785009117,1.0005462263404334,60.0
38884,2674.008272945356,1.00080285812902,60.0
38885,2674.0089673898005,1.00039228076007,60.0
38886,2674.009661834245,1.0017652684785867,60.0
38887,2674.0103562786894,1.00055878164991,60.0
38888,2674.011050723134,1.00118760627958,60.0
38889,2674.0117451675783,1.0004522594302034,60.0
38890,2674.0124396120227,1.0004590262902535,60.0
38891,2674.013134056467,1.0016743841287767,60.0
38892,2674.0138285009116,1.0008437027642365,60.0
38893,2674.014522945356,1.00126769540255,60.0
38894,2674.0152173898005,1.00125861708535,60.0
38895,2674.015911834245,1.0010639762657767,60.0
38896,2674.0166062786893,1.0008497700213,60.0
38897,2674.0173007231338,1.0003597403389,60.0
38898,2674.017995167578,1.0001395844125567,60.0
38899,2674.0186896120226,1.0001644261105234,60.0
38900,2674.019384056467,1.00077271815585,60.0
38901,2674.0200785009115,1.001205681271645,60.0
38902,2674.020772945356,1.0010810402856134,60.0
38903,2674.0214673898004,1.0005343184722,60.0
38904,2674.0221618342453,1.001242233390497,60.0
38905,2674.0228562786897,0.9999237480665566,60.0
38906,2674.023550723134,1.0005704594110167,60.0
38907,2674.0242451675786,0.99987853632284,60.0
38908,2674.024939612023,1.0009211191366199,60.0
38909,2674.0256340564674,1.0007870352614034,60.0
38910,2674.026328500912,1.0009720235889767,60.0
38911,2674.0270229453563,1.00123923495288,60.0
38912,2674.0277173898007,1.00144323819143,60.0
38913,2674.028411834245,1.00029107731681,60.0
38914,2674.0291062786896,1.00009881631141,60.0
38915,2674.029800723134,1.00016297688213,60.0
38916,2674.0304951675785,1.0006969528795766,60.0
38917,2674.031189612023,0.9998923523994735,60.0
38918,2674.0318840564673,0.999548894018355,60.0
38919,2674.0325785009118,1.0013458519895233,60.0
38920,2674.033272945356,1.0001131778503398,60.0
38921,2674.0339673898006,1.0007102259912566,60.0
38922,2674.034661834245,1.0005209521277267,60.0
38923,2674.0353562786895,1.001088104578985,60.0
38924,2674.036050723134,1.00009650023295,60.0
38925,2674.0367451675784,1.0016934788675733,60.0
38926,2674.037439612023,1.0003810049014967,60.0
38927,2674.0381340564672,1.000841716305315,60.0
38928,2674.0388285009117,1.0012649928463067,60.0
38929,2674.039522945356,1.000706492690925,60.0
38930,2674.0402173898005,0.9997665216874401,60.0
38931,2674.040911834245,1.000576335302285,60.0
38932,2674.0416062786894,1.0000523444546667,60.0
38933,2674.042300723134,1.0008265223297301,60.0
38934,2674.0429951675783,1.0008203259620265,60.0
38935,2674.0436896120227,1.0008942350058134,60.0
38936,2674.044384056467,1.0010313269198634,60.0
38937,2674.0450785009116,1.0002411682976966,60.0
38938,2674.045772945356,1.000913696443865,60.0
38939,2674.0464673898005,1.00140183653546,60.0
38940,2674.047161834245,1.0007519326463932,60.0
38941,2674.0478562786893,1.0006413096996898,60.0
38942,2674.0485507231338,1.0008581322284633,60.0
38943,2674.049245167578,1.0007633873867265,60.0
38944,2674.0499396120226,1.0010912566753065,60.0
38945,2674.050634056467,0.99955855755899,60.0
38946,2674.0513285009115,1.0010613941274933,60.0
38947,2674.0520229453564,1.0007470918627466,60.0
38948,2674.052717389801,1.0005205643228365,60.0
38949,2674.0534118342453,0.9993725285866001,60.0
38950,2674.0541062786897,1.0007692681786933,60.0
38951,2674.054800723134,1.0021619326012168,60.0
38952,2674.0554951675786,1.0003702211586534,60.0
38953,2674.056189612023,1.0005079038167801,60.0
38954,2674.0568840564674,1.0007075734521,60.0
38955,2674.057578500912,1.00048221696874,60.0
38956,2674.0582729453563,1.0009831853473734,60.0
38957,2674.0589673898007,1.0002620185441666,60.0
38958,2674.059661834245,1.0017738365560234,60.0
38959,2674.0603562786896,0.9998990170885168,60.0
38960,2674.061050723134,1.0000825068007868,60.0
38961,2674.0617451675785,1.0004291120568267,60.0
38962,2674.062439612023,1.0009430036291131,60.0
38963,2674.0631340564673,1.0012795641099534,60.0
38964,2674.0638285009118,1.0008199838544567,60.0
38965,2674.064522945356,1.0002794998714,60.0
38966,2674.0652173898006,1.0013120150842567,60.0
38967,2674.065911834245,1.0005190705710234,60.0
38968,2674.0666062786895,1.00023068606978,60.0
38969,2674.067300723134,1.0009607709070532,60.0
38970,2674.0679951675784,1.0009870087953665,60.0
38971,2674.068689612023,1.0001545712313231,60.0
38972,2674.0693840564672,1.001056533803035,60.0
38973,2674.0700785009117,1.001043531577433,60.0
38974,2674.070772945356,0.9999275697011433,60.0
38975,2674.0714673898005,1.0012114871982434,60.0
38976,2674.072161834245,0.99930499571893,60.0
38977,2674.0728562786894,0.9997394365105133,60.0
38978,2674.073550723134,1.0013380384922201,60.0
38979,2674.0742451675783,1.0005586578578733,60.0
38980,2674.0749396120227,1.0006330338879834,60.0
38981,2674.075634056467,1.000050147822465,60.0
38982,2674.0763285009116,1.0001392663041366,60.0
38983,2674.077022945356,1.0002742566582234,60.0
38984,2674.0777173898005,1.0007973185559431,60.0
38985,2674.078411834245,1.0004765575563035,60.0
38986,2674.0791062786893,1.0000630630489233,60.0
38987,2674.0798007231338,1.0000363927771032,60.0
38988,2674.080495167578,1.000157752271035,60.0
38989,2674.0811896120226,1.0005614851365667,60.0
38990,2674.0818840564675,1.0001572920840365,60.0
38991,2674.082578500912,1.0003893370260133,60.0
38992,2674.0832729453564,1.0000244623849632,60.0
38993,2674.083967389801,1.00022014323057,60.0
38994,2674.0846618342453,1.0004944375593967,60.0
38995,2674.0853562786897,1.0014111418959135,60.0
38996,2674.086050723134,1.000166431679295,60.0
38997,2674.0867451675786,1.0004773317160034,60.0
38998,2674.087439612023,1.0005460282233598,60.0
38999,2674.0881340564674,1.0006797262285068,60.0
39000,2674.088828500912,0.999235704523545,60.0
39001,2674.0895229453563,1.0016027906359133,60.0
39002,2674.0902173898007,1.0004653734152267,60.0
39003,2674.090911834245,1.0004964151451532,60.0
39004,2674.0916062786896,0.9997342904708301,60.0
39005,2674.092300723134,1.0013806280915667,60.0
39006,2674.0929951675785,1.00076230332779,60.0
39007,2674.093689612023,0.9990518812400501,60.0
39008,2674.0943840564673,0.9999580087155467,60.0
39009,2674.0950785009118,1.0006140033505833,60.0
39010,2674.095772945356,1.0009976625011,60.0
39011,2674.0964673898006,1.001423194143395,60.0
39012,2674.097161834245,1.00174146466643,60.0
39013,2674.0978562786895,0.9997396329557834,60.0
39014,2674.098550723134,1.001005010614,60.0
39015,2674.0992451675784,1.000725849596195,60.0
39016,2674.099939612023,1.0001294920092498,60.0
39017,2674.1006340564672,1.0002897292302,60.0
39018,2674.1013285009117,1.0004499140059468,60.0
39019,2674.102022945356,0.9998710107045566,60.0
39020,2674.1027173898005,1.0008275804723932,60.0
39021,2674.103411834245,1.0004582227083934,60.0
39022,2674.1041062786894,0.9995004422379967,60.0
39023,2674.104800723134,1.0004527987652367,60.0
39024,2674.1054951675783,1.00068479356519,60.0
39025,2674.1061896120227,0.9990525234638566,60.0
39026,2674.106884056467,1.0010210686653231,60.0
39027,2674.1075785009116,1.0009655911212498,60.0
39028,2674.108272945356,0.9995943002122768,60.0
39029,2674.1089673898005,0.9997221508617601,60.0
39030,2674.109661834245,1.0008636251624334,60.0
39031,2674.1103562786893,1.000270849716905,60.0
39032,2674.111050723134,1.0000834454188967,60.0
39033,2674.1117451675786,1.0005514161066467,60.0
39034,2674.112439612023,0.9998928340874566,60.0
39035,2674.1131340564675,0.99995630143146,60.0
39036,2674.113828500912,0.9999644749525233,60.0
39037,2674.1145229453564,0.9987283868036867,60.0
39038,2674.115217389801,1.0006022686770732,60.0
39039,2674.1159118342453,1.0006337317158664,60.0
39040,2674.1166062786897,0.999766780928875,60.0
39041,2674.117300723134,1.0001704985468467,60.0
39042,2674.1179951675786,1.00113628806169,60.0
39043,2674.118689612023,0.9997010849940068,60.0
39044,2674.1193840564674,1.0011943570278101,60.0
39045,2674.120078500912,0.9993817108462433,60.0
39046,2674.1207729453563,1.0001392015774533,60.0
39047,2674.1214673898007,1.0008929961622834,60.0
39048,2674.122161834245,0.9993457398341633,60.0
39049,2674.1228562786896,1.0009185779547567,60.0
39050,2674.123550723134,0.9994587282226534,60.0
39051,2674.1242451675785,0.9999958101785765,60.0
39052,2674.124939612023,1.0001073597514634,60.0
39053,2674.1256340564673,1.0000114553880601,60.0
39054,2674.1263285009118,0.9995099862483433,60.0
39055,2674.127022945356,1.0006976811200232,60.0
39056,2674.1277173898006,0.9999933323276099,60.0
39057,2674.128411834245,1.0008772118772569,60.0
39058,2674.1291062786895,1.000025494317625,60.0
39059,2674.129800723134,1.0004508488470167,60.0
39060,2674.1304951675784,0.9998848233272302,60.0
39061,2674.131189612023,1.0000276492166567,60.0
39062,2674.1318840564672,1.0003778882909833,60.0
39063,2674.1325785009117,1.0001373742735,60.0
39064,2674.133272945356,0.9998311382178268,60.0
39065,2674.1339673898005,0.9998266757867235,60.0
39066,2674.134661834245,1.0001423954220432,60.0
39067,2674.1353562786894,1.001554001500095,60.0
39068,2674.136050723134,0.999573754519165,60.0
39069,2674.1367451675783,0.9998391751100733,60.0
39070,2674.1374396120227,1.0002798325353066,60.0
39071,2674.138134056467,1.0006425382967399,60.0
39072,2674.1388285009116,0.99909778421201,60.0
39073,2674.139522945356,0.99922899950373,60.0
39074,2674.1402173898005,0.999805130867905,60.0
39075,2674.1409118342453,1.0011880145064633,60.0
39076,2674.14160627869,0.9999978999306167,60.0
39077,2674.142300723134,1.0014067370336865,60.0
39078,2674.1429951675786,1.0007249217193934,60.0
39079,2674.143689612023,0.9982131357118601,60.0
39080,2674.1443840564675,0.9989579841813434,60.0
39081,2674.145078500912,0.999333504366085,60.0
39082,2674.1457729453564,1.0010627464976234,60.0
39083,2674.146467389801,1.0001416834461134,60.0
39084,2674.1471618342453,1.000137257185675,60.0
39085,2674.1478562786897,1.0005560342141833,60.0
39086,2674.148550723134,0.9999075136444899,60.0
39087,2674.1492451675786,1.0004368317993033,60.0
39088,2674.149939612023,0.999147291590555,60.0
39089,2674.1506340564674,0.9998404344105566,60.0
39090,2674.151328500912,1.0003917774959368,60.0
39091,2674.1520229453563,0.9996487089463333,60.0
39092,2674.1527173898007,0.9997054269459967,60.0
39093,2674.153411834245,1.0003593110688167,60.0
39094,2674.1541062786896,1.0007716435934633,60.0
39095,2674.154800723134,0.9999872934040733,60.0
39096,2674.1554951675785,0.9995485733133466,60.0
39097,2674.156189612023,0.998164365297595,60.0
39098,2674.1568840564673,0.9996331329456201,60.0
39099,2674.1575785009118,0.99931989392519,60.0
39100,2674.158272945356,0.9995634895207134,60.0
39101,2674.1589673898006,0.9998028938047101,60.0
39102,2674.159661834245,0.9996304509528899,60.0
39103,2674.1603562786895,1.0003844219077034,60.0
39104,2674.161050723134,1.0015762378322866,60.0
39105,2674.1617451675784,1.000194208801865,60.0
39106,2674.162439612023,1.0000012523029167,60.0
39107,2674.1631340564672,1.00093975194289,60.0
39108,2674.1638285009117,1.00062549052596,60.0
39109,2674.164522945356,1.0004338269888733,60.0
39110,2674.1652173898005,1.000202446822443,60.0
39111,2674.165911834245,1.00038201401823,60.0
39112,2674.1666062786894,0.9992288917219634,60.0
39113,2674.167300723134,1.0009278122491168,60.0
39114,2674.1679951675783,1.0004273517323166,60.0
39115,2674.1686896120227,1.0002978432795466,60.0
39116,2674.169384056467,1.0001444076489665,60.0
39117,2674.1700785009116,1.0006051304992367,60.0
39118,2674.1707729453565,0.9999401628328668,60.0
39119,2674.171467389801,0.9995107788611266,60.0
39120,2674.1721618342453,1.0010448357780868,60.0
39121,2674.17285627869,1.000114526490553,60.0
39122,2674.173550723134,1.0006163924588132,60.0
39123,2674.1742451675786,1.0014453214162666,60.0
39124,2674.174939612023,1.0008144749623933,60.0
39125,2674.1756340564675,0.9996019341308365,60.0
39126,2674.176328500912,0.99978626129669,60.0
39127,2674.1770229453564,1.00061869250118,60.0
39128,2674.177717389801,0.9997640336246434,60.0
39129,2674.1784118342453,0.9999466491760267,60.0
39130,2674.1791062786897,1.0009067995010952,60.0
39131,2674.179800723134,1.0000396799921667,60.0
39132,2674.1804951675786,1.0016492413271967,60.0
39133,2674.181189612023,0.99958960200441,60.0
39134,2674.1818840564674,0.9999647814502933,60.0
39135,2674.182578500912,0.9998661211666734,60.0
39136,2674.1832729453563,0.9998370339133568,60.0
39137,2674.1839673898007,1.0003491166672067,60.0
39138,2674.184661834245,1.0000557416341733,60.0
39139,2674.1853562786896,0.9995986727320068,60.0
39140,2674.186050723134,1.000069343357835,60.0
39141,2674.1867451675785,1.0010739426516233,60.0
39142,2674.187439612023,1.0008806043954266,60.0
39143,2674.1881340564673,0.9995556165401,60.0
39144,2674.1888285009118,0.99929374083472,60.0
39145,2674.189522945356,1.0008975794747532,60.0
39146,2674.1902173898006,1.00014843675875,60.0
39147,2674.190911834245,1.00011749819122,60.0
39148,2674.1916062786895,1.00023479844322,60.0
39149,2674.192300723134,0.9997018263700834,60.0
39150,2674.1929951675784,0.9999062258829502,60.0
39151,2674.193689612023,0.9995946547214066,60.0
39152,2674.1943840564672,0.9994051409539266,60.0
39153,2674.1950785009117,1.00031989811927,60.0
39154,2674.195772945356,0.998673075584585,60.0
39155,2674.1964673898005,0.9993594484547966,60.0
39156,2674.197161834245,1.0006908592514934,60.0
39157,2674.1978562786894,1.0005747920814132,60.0
39158,2674.198550723134,1.0008229386829601,60.0
39159,2674.1992451675783,0.9993829294530633,60.0
39160,2674.199939612023,0.9996691910883134,60.0
39161,2674.2006340564676,1.0004479461768,60.0
39162,2674.201328500912,0.9994191019022134,60.0
39163,2674.2020229453565,0.99996001138358,60.0
39164,2674.202717389801,1.0013284077075033,60.0
39165,2674.2034118342453,1.0011047800247868,60.0
39166,2674.20410627869,1.00042834493268,60.0
39167,2674.204800723134,1.0000783345697035,60.0
39168,2674.2054951675786,0.9994709076069199,60.0
39169,2674.206189612023,1.0011333033185235,60.0
39170,2674.2068840564675,1.0002790172360199,60.0
39171,2674.207578500912,1.000459832474485,60.0
39172,2674.2082729453564,1.0003512734407367,60.0
39173,2674.208967389801,0.9998978183814001,60.0
39174,2674.2096618342453,0.9997341734730201,60.0
39175,2674.2103562786897,0.9999671946924599,60.0
39176,2674.211050723134,1.0006749553227101,60.0
39177,2674.2117451675786,1.0014587516153952,60.0
39178,2674.212439612023,0.99987486951091,60.0
39179,2674.2131340564674,0.9999863219017966,60.0
39180,2674.213828500912,1.0004146049386566,60.0
39181,2674.2145229453563,1.0002758989781568,60.0
39182,2674.2152173898007,0.9992549472233933,60.0
39183,2674.215911834245,1.001775635428505,60.0
39184,2674.2166062786896,1.0002514433822565,60.0
39185,2674.217300723134,1.00046271184275,60.0
39186,2674.2179951675785,1.0002558435023632,60.0
39187,2674.218689612023,1.0005684307159433,60.0
39188,2674.2193840564673,1.00039707250222,60.0
39189,2674.2200785009118,1.0002260248693,60.0
39190,2674.220772945356,1.0003195333119468,60.0
39191,2674.2214673898006,1.0002039567028567,60.0
39192,2674.222161834245,1.00000196389687,60.0
39193,2674.2228562786895,1.0007243479161698,60.0
39194,2674.223550723134,1.0011866649594634,60.0
39195,2674.2242451675784,1.0000809042951635,60.0
39196,2674.224939612023,0.99924752318675,60.0
39197,2674.2256340564672,1.00035806119891,60.0
39198,2674.2263285009117,0.9995523099384599,60.0
39199,2674.227022945356,0.999033120748385,60.0
39200,2674.2277173898005,1.0009746048743169,60.0
39201,2674.228411834245,0.9996072165011233,60.0
39202,2674.2291062786894,0.99964673399917,60.0
39203,2674.2298007231343,1.0008285039927067,60.0
39204,2674.2304951675787,1.0001687731433402,60.0
39205,2674.231189612023,0.9997445274221667,60.0
39206,2674.2318840564676,0.9987397044240133,60.0
39207,2674.232578500912,0.9989766647328734,60.0
39208,2674.2332729453565,0.9991848573644134,60.0
39209,2674.233967389801,0.9999085275772535,60.0
39210,2674.2346618342453,0.9999259345958533,60.0
39211,2674.23535627869,1.0003193821894067,60.0
39212,2674.236050723134,1.000860154530563,60.0
39213,2674.2367451675786,1.00004865228408,60.0
39214,2674.237439612023,1.0003929671817566,60.0
39215,2674.2381340564675,0.9997074748047466,60.0
39216,2674.238828500912,1.0006548858047368,60.0
39217,2674.2395229453564,0.99925728276544,60.0
39218,2674.240217389801,0.9994376005115799,60.0
39219,2674.2409118342453,1.000495414591215,60.0
39220,2674.2416062786897,0.9998309588005067,60.0
39221,2674.242300723134,1.0012371276526935,60.0
39222,2674.2429951675786,0.9999473197370033,60.0
39223,2674.243689612023,0.99917926042213,60.0
39224,2674.2443840564674,1.0004005209393767,60.0
39225,2674.245078500912,1.0000614954012133,60.0
39226,2674.2457729453563,1.00082913990858,60.0
39227,2674.2464673898007,1.0001339254588164,60.0
39228,2674.247161834245,1.0002019677461533,60.0
39229,2674.2478562786896,0.9997119329214966,60.0
39230,2674.248550723134,0.9995081664721533,60.0
39231,2674.2492451675785,0.999230024401305,60.0
39232,2674.249939612023,1.00049025745239,60.0
39233,2674.2506340564673,0.9996437549681849,60.0
39234,2674.2513285009118,1.0008537953072398,60.0
39235,2674.252022945356,0.999630594879335,60.0
39236,2674.2527173898006,1.0001297350335132,60.0
39237,2674.253411834245,1.0006071167524033,60.0
39238,2674.2541062786895,0.9991466896693467,60.0
39239,2674.254800723134,0.99951365304481,60.0
39240,2674.2554951675784,0.9998797565091566,60.0
39241,2674.256189612023,0.9994779538562333,60.0
39242,2674.2568840564672,1.0006924083255633,60.0
39243,2674.2575785009117,0.99998186303734,60.0
39244,2674.258272945356,1.0003034597957032,60.0
39245,2674.2589673898005,0.9995352704734266,60.0
39246,2674.2596618342454,0.9998782184057634,60.0
39247,2674.26035627869,1.00020202644504,60.0
39248,2674.2610507231343,1.0002834362113366,60.0
39249,2674.2617451675787,0.9998606290791633,60.0
39250,2674.262439612023,0.9990819082597833,60.0
39251,2674.2631340564676,0.9997784336123167,60.0
39252,2674.263828500912,0.9997390064895367,60.0
39253,2674.2645229453565,0.9990355367790301,60.0
39254,2674.265217389801,0.9994464797702133,60.0
39255,2674.2659118342453,0.99963003640195,60.0
39256,2674.26660627869,0.9991802922152866,60.0
39257,2674.267300723134,0.9997146442809735,60.0
39258,2674.2679951675786,1.00043071547716,60.0
39259,2674.268689612023,0.9992145252514234,60.0
39260,2674.2693840564675,1.0003636752446765,60.0
39261,2674.270078500912,0.9998685649153867,60.0
39262,2674.2707729453564,0.99990146697427,60.0
39263,2674.271467389801,0.9996350369859267,60.0
39264,2674.2721618342453,0.9994880202710533,60.0
39265,2674.2728562786897,1.0002887403777667,60.0
39266,2674.273550723134,1.000158512177,60.0
39267,2674.2742451675786,1.0006056939797034,60.0
39268,2674.274939612023,0.9997021051279332,60.0
39269,2674.2756340564674,0.99956543587462,60.0
39270,2674.276328500912,0.9993519138988667,60.0
39271,2674.2770229453563,1.0008519716965967,60.0
39272,2674.2777173898007,1.00016903845946,60.0
39273,2674.278411834245,1.0004798873897067,60.0
39274,2674.2791062786896,0.9993786558673333,60.0
39275,2674.279800723134,1.0002539171879568,60.0
39276,2674.2804951675785,1.0005871292225799,60.0
39277,2674.281189612023,0.9995467612574167,60.0
39278,2674.2818840564673,1.0005647875893366,60.0
39279,2674.2825785009118,0.9994166578838799,60.0
39280,2674.283272945356,1.00058887321417,60.0
39281,2674.2839673898006,1.0003444048867032,60.0
39282,2674.284661834245,1.0002127620873533,60.0
39283,2674.2853562786895,0.9993302165204767,60.0
39284,2674.286050723134,1.0002302171062132,60.0
39285,2674.2867451675784,1.00005688209703,60.0
39286,2674.287439612023,0.9989679325204733,60.0
39287,2674.2881340564672,1.00042087755656,60.0
39288,2674.288828500912,1.0005709941893002,60.0
39289,2674.2895229453566,0.9993161089986066,60.0
39290,2674.290217389801,1.0015866190513865,60.0
39291,2674.2909118342454,1.0002542844591098,60.0
39292,2674.29160627869,1.0006540006162299,60.0
39293,2674.2923007231343,0.9991758589677199,60.0
39294,2674.2929951675787,1.0006593007896167,60.0
39295,2674.293689612023,1.000552266298903,60.0
39296,2674.2943840564676,0.9993902777707534,60.0
39297,2674.295078500912,0.9997246634139932,60.0
39298,2674.2957729453565,1.00064320856706,60.0
39299,2674.296467389801,1.00091097760388,60.0
39300,2674.2971618342453,1.0001501331185765,60.0
39301,2674.29785627869,1.0006201721779067,60.0
39302,2674.298550723134,1.0001395574404333,60.0
39303,2674.2992451675786,1.0000049705944298,60.0
39304,2674.299939612023,1.00039904344502,60.0
39305,2674.3006340564675,0.9998272669958567,60.0
39306,2674.301328500912,1.0002259146866301,60.0
39307,2674.3020229453564,0.9999399125936601,60.0
39308,2674.302717389801,0.9995370786583434,60.0
39309,2674.3034118342453,0.99969490574134,60.0
39310,2674.3041062786897,0.99910781466426,60.0
39311,2674.304800723134,1.0007467699054333,60.0
39312,2674.3054951675786,0.9999895085008299,60.0
39313,2674.306189612023,0.9998700546088667,60.0
39314,2674.3068840564674,0.9996222625630233,60.0
39315,2674.307578500912,1.00091875891435,60.0
39316,2674.3082729453563,1.00034372166147,60.0
39317,2674.3089673898007,1.0007518983983434,60.0
39318,2674.309661834245,1.0004859914531634,60.0
39319,2674.3103562786896,0.9986044070671333,60.0
39320,2674.311050723134,1.00071289049015,60.0
39321,2674.3117451675785,1.0000673354630736,60.0
39322,2674.312439612023,1.000453328307995,60.0
39323,2674.3131340564673,0.9988489983205351,60.0
39324,2674.3138285009118,0.9997158950330499,60.0
39325,2674.314522945356,0.9997816484022667,60.0
39326,2674.3152173898006,1.0009033864938102,60.0
39327,2674.315911834245,0.9999510934671301,60.0
39328,2674.3166062786895,0.9995723583942334,60.0
39329,2674.317300723134,1.0002594483005849,60.0
39330,2674.3179951675784,0.9995482480906933,60.0
39331,2674.3186896120233,1.0003461282141168,60.0
39332,2674.3193840564677,0.9998197154137934,60.0
39333,2674.320078500912,1.0006994692194466,60.0
39334,2674.3207729453566,0.9999942441964099,60.0
39335,2674.321467389801,1.0005500801588967,60.0
39336,2674.3221618342454,0.9993993196677667,60.0
39337,2674.32285627869,1.000638573185,60.0
39338,2674.3235507231343,1.0001659203792401,60.0
39339,2674.3242451675787,0.9997702999641149,60.0
39340,2674.324939612023,0.9990712083454799,60.0
39341,2674.3256340564676,0.9998159507570833,60.0
39342,2674.326328500912,0.9999344786387466,60.0
39343,2674.3270229453565,1.00063648973702,60.0
39344,2674.327717389801,0.99879896316074,60.0
39345,2674.3284118342453,0.9999643782349699,60.0
39346,2674.32910627869,1.0003733617399366,60.0
39347,2674.329800723134,0.9993738461781567,60.0
39348,2674.3304951675786,1.0003810554849533,60.0
39349,2674.331189612023,0.9999452792369,60.0
39350,2674.3318840564675,1.0012901116839135,60.0
39351,2674.332578500912,0.9995113131912765,60.0
39352,2674.3332729453564,1.00097152136327,60.0
39353,2674.333967389801,1.00100947667262,60.0
39354,2674.3346618342453,0.9997739184177868,60.0
39355,2674.3353562786897,0.9992252705171967,60.0
39356,2674.336050723134,0.9994334885106634,60.0
39357,2674.3367451675786,0.9999311233244468,60.0
39358,2674.337439612023,0.9996505350261365,60.0
39359,2674.3381340564674,0.9992869372711434,60.0
39360,2674.338828500912,0.9996408684759933,60.0
39361,2674.3395229453563,1.0001614358670368,60.0
39362,2674.3402173898007,1.0001431867224333,60.0
39363,2674.340911834245,1.0001528788739167,60.0
39364,2674.3416062786896,1.00017041203989,60.0
39365,2674.342300723134,0.9996764269831999,60.0
39366,2674.3429951675785,0.9998993392827867,60.0
39367,2674.343689612023,0.9990079805224866,60.0
39368,2674.3443840564673,0.9998457836938167,60.0
39369,2674.3450785009118,1.0001233370461833,60.0
39370,2674.345772945356,1.0000310292006767,60.0
39371,2674.3464673898006,1.0001760159978,60.0
39372,2674.347161834245,0.9995557094415499,60.0
39373,2674.3478562786895,1.0001437797466548,60.0
39374,2674.3485507231344,1.0000103501785,60.0
39375,2674.349245167579,1.0002449639830466,60.0
39376,2674.3499396120233,0.99953340656305,60.0
39377,2674.3506340564677,1.0002999603851566,60.0
39378,2674.351328500912,0.9987105759786034,60.0
39379,2674.3520229453566,1.00035664345571,60.0
39380,2674.352717389801,1.0005784495046666,60.0
39381,2674.3534118342454,1.0003856891420801,60.0
39382,2674.35410627869,0.9983975933908934,60.0
39383,2674.3548007231343,0.99995543878375,60.0
39384,2674.3554951675787,0.9991240184239799,60.0
39385,2674.356189612023,1.00014748964734,60.0
39386,2674.3568840564676,1.0002614537478267,60.0
39387,2674.357578500912,1.0003391854918668,60.0
39388,2674.3582729453565,0.99987974035891,60.0
39389,2674.358967389801,0.99977683996453,60.0
39390,2674.3596618342453,0.9999683554525051,60.0
39391,2674.36035627869,0.9999432338585633,60.0
39392,2674.361050723134,0.9996689063783668,60.0
39393,2674.3617451675786,0.9995804955540967,60.0
39394,2674.362439612023,0.9996506448922166,60.0
39395,2674.3631340564675,0.9997502535898734,60.0
39396,2674.363828500912,0.9993458339938099,60.0
39397,2674.3645229453564,0.9994832324752534,60.0
39398,2674.365217389801,0.9999465195714334,60.0
39399,2674.3659118342453,0.9999953117879633,60.0
39400,2674.3666062786897,0.9997884346568199,60.0
39401,2674.367300723134,0.9996436727479233,60.0
39402,2674.3679951675786,1.0005360078533132,60.0
39403,2674.368689612023,0.9993126614172801,60.0
39404,2674.3693840564674,1.0006510032696398,60.0
39405,2674.370078500912,0.9991908518112934,60.0
39406,2674.3707729453563,0.9990533440505568,60.0
39407,2674.3714673898007,0.9987942004666234,60.0
39408,2674.372161834245,0.9994808873765567,60.0
39409,2674.3728562786896,1.0002729219318134,60.0
39410,2674.373550723134,0.99995775292416,60.0
39411,2674.3742451675785,0.9985829010820066,60.0
39412,2674.374939612023,0.99994914073936,60.0
39413,2674.3756340564673,0.9995899591683534,60.0
39414,2674.3763285009118,0.9998966219628233,60.0
39415,2674.377022945356,1.00007994606683,60.0
39416,2674.377717389801,1.0000786149484133,60.0
39417,2674.3784118342455,0.9996630365711533,60.0
39418,2674.37910627869,0.9996777038494233,60.0
39419,2674.3798007231344,0.99967096141249,60.0
39420,2674.380495167579,1.0000253839228168,60.0
39421,2674.3811896120233,0.99998615172378,60.0
39422,2674.3818840564677,0.9990641119842333,60.0
39423,2674.382578500912,1.00016758623193,60.0
39424,2674.3832729453566,0.9996932059307934,60.0
39425,2674.383967389801,0.9986119613107833,60.0
39426,2674.3846618342454,0.9995639335511832,60.0
39427,2674.38535627869,0.99846159220509,60.0
39428,2674.3860507231343,0.9996135713726934,60.0
39429,2674.3867451675787,1.0006451144402366,60.0
39430,2674.387439612023,0.9989659930991434,60.0
39431,2674.3881340564676,0.9992364938666767,60.0
39432,2674.388828500912,1.000796534151725,60.0
39433,2674.3895229453565,0.9996880765525867,60.0
39434,2674.390217389801,0.99942124228801,60.0
39435,2674.3909118342453,0.998629604600425,60.0
39436,2674.39160627869,1.0006695926140967,60.0
39437,2674.392300723134,0.99917118925227,60.0
39438,2674.3929951675786,0.9993535237398433,60.0
39439,2674.393689612023,0.9994115597211565,60.0
39440,2674.3943840564675,1.0005880619748033,60.0
39441,2674.395078500912,1.00013727442471,60.0
39442,2674.3957729453564,0.9993863625646434,60.0
39443,2674.396467389801,0.9993223865900799,60.0
39444,2674.3971618342453,1.0005759149705968,60.0
39445,2674.3978562786897,0.99987265483804,60.0
39446,2674.398550723134,0.9993755439507966,60.0
39447,2674.3992451675786,0.9999614629159366,60.0
39448,2674.399939612023,1.00039263085277,60.0
39449,2674.4006340564674,0.99973198984285,60.0
39450,2674.401328500912,0.9995562458720068,60.0
39451,2674.4020229453563,0.9991733914802934,60.0
39452,2674.4027173898007,1.0004409990747234,60.0
39453,2674.403411834245,1.0000527365833831,60.0
39454,2674.4041062786896,0.99953037849723,60.0
39455,2674.404800723134,1.000603477222985,60.0
39456,2674.4054951675785,1.0000680753611566,60.0
39457,2674.406189612023,0.99882766390072,60.0
39458,2674.4068840564673,1.000216432411115,60.0
39459,2674.407578500912,0.9995892245474834,60.0
39460,2674.4082729453567,1.0005792019684567,60.0
39461,2674.408967389801,0.9996220751509632,60.0
39462,2674.4096618342455,1.0005697570875434,60.0
39463,2674.41035627869,0.9990235872932166,60.0
39464,2674.4110507231344,0.9993063391298067,60.0
39465,2674.411745167579,1.0002283871946367,60.0
39466,2674.4124396120233,0.9991939472323667,60.0
39467,2674.4131340564677,0.9993896321171767,60.0
39468,2674.413828500912,1.0007537662394002,60.0
39469,2674.4145229453566,0.99837114990972,60.0
39470,2674.415217389801,0.9997501097191398,60.0
39471,2674.4159118342454,1.001027268526665,60.0
39472,2674.41660627869,1.000722812345555,60.0
39473,2674.4173007231343,0.9994194387351433,60.0
39474,2674.4179951675787,0.99970257371697,60.0
39475,2674.418689612023,0.99907217393315,60.0
39476,2674.4193840564676,0.9992992120004432,60.0
39477,2674.420078500912,0.9992354468134433,60.0
39478,2674.4207729453565,0.9998046886852167,60.0
39479,2674.421467389801,1.0004384305909566,60.0
39480,2674.4221618342453,1.0002549659831899,60.0
39481,2674.42285627869,1.0005803080606734,60.0
39482,2674.423550723134,0.99983848036826,60.0
39483,2674.4242451675786,0.9988524453548967,60.0
39484,2674.424939612023,0.9996547106413433,60.0
39485,2674.4256340564675,0.9992257408406551,60.0
39486,2674.426328500912,0.9998903177245065,60.0
39487,2674.4270229453564,0.9992907334607434,60.0
39488,2674.427717389801,0.9991162652786599,60.0
39489,2674.4284118342453,0.9990849621843433,60.0
39490,2674.4291062786897,0.9998099783140451,60.0
39491,2674.429800723134,1.00051654364386,60.0
39492,2674.4304951675786,0.9993737656465934,60.0
39493,2674.431189612023,0.99938081458021,60.0
39494,2674.4318840564674,1.0006948658902635,60.0
39495,2674.432578500912,1.0001667396083733,60.0
39496,2674.4332729453563,0.9999456494181699,60.0
39497,2674.4339673898007,0.99869288916762,60.0
39498,2674.434661834245,0.9995057542292832,60.0
39499,2674.4353562786896,0.998989665216645,60.0
39500,2674.436050723134,0.9993657332679867,60.0
39501,2674.4367451675785,0.99857490734531,60.0
39502,2674.4374396120234,0.9997676701311266,60.0
39503,2674.438134056468,1.0001414251714367,60.0
39504,2674.438828500912,0.9990021447328367,60.0
39505,2674.4395229453567,0.9991198849159434,60.0
39506,2674.440217389801,1.00020947541446,60.0
39507,2674.4409118342455,0.99897514368435,60.0
39508,2674.44160627869,0.9996097079560234,60.0
39509,2674.4423007231344,0.99954599689056,60.0
39510,2674.442995167579,0.9993828358526966,60.0
39511,2674.4436896120233,1.00044917192846,60.0
39512,2674.4443840564677,0.9991104024293,60.0
39513,2674.445078500912,1.0006693955101733,60.0
39514,2674.4457729453566,0.9997246444679165,60.0
39515,2674.446467389801,0.9995826188004501,60.0
39516,2674.4471618342454,0.9997096435857301,60.0
39517,2674.44785627869,0.99997413608821,60.0
39518,2674.4485507231343,1.00004154763867,60.0
39519,2674.4492451675787,1.0001967476840534,60.0
39520,2674.449939612023,0.9991059041741034,60.0
39521,2674.4506340564676,0.9988610154690966,60.0
39522,2674.451328500912,1.0000039638533134,60.0
39523,2674.4520229453565,0.9989693588437967,60.0
39524,2674.452717389801,0.9997419382505967,60.0
39525,2674.4534118342453,0.9996675381876733,60.0
39526,2674.45410627869,0.9993961122973767,60.0
39527,2674.454800723134,1.0000190262223898,60.0
39528,2674.4554951675786,1.0001705104666898,60.0
39529,2674.456189612023,0.9991815832308467,60.0
39530,2674.4568840564675,0.9990899886421367,60.0
39531,2674.457578500912,0.9996010635214849,60.0
39532,2674.4582729453564,0.999547776313545,60.0
39533,2674.458967389801,0.9985656561558033,60.0
39534,2674.4596618342453,0.9999796376769701,60.0
39535,2674.4603562786897,1.0005579992638032,60.0
39536,2674.461050723134,0.9999659923889433,60.0
39537,2674.4617451675786,1.0003536612633834,60.0
39538,2674.462439612023,1.00003471023816,60.0
39539,2674.4631340564674,0.9996039919182501,60.0
39540,2674.463828500912,0.9989973621682866,60.0
39541,2674.4645229453563,0.9992392715288366,60.0
39542,2674.4652173898007,0.9994299225353499,60.0
39543,2674.465911834245,1.00005582158893,60.0
39544,2674.46660627869,0.999348637986555,60.0
39545,2674.4673007231345,0.9987749376058167,60.0
39546,2674.467995167579,0.9991280763938901,60.0
39547,2674.4686896120234,0.99922176608698,60.0
39548,2674.469384056468,0.9992203216674751,60.0
39549,2674.470078500912,0.9996738568790399,60.0
39550,2674.4707729453567,0.99921587286736,60.0
39551,2674.471467389801,1.00026092452614,60.0
39552,2674.4721618342455,1.00008912491179,60.0
39553,2674.47285627869,0.9999704384455566,60.0
39554,2674.4735507231344,0.999600625649465,60.0
39555,2674.474245167579,0.9988023090818766,60.0
39556,2674.4749396120233,1.0002319994520665,60.0
39557,2674.4756340564677,0.9993960487268834,60.0
39558,2674.476328500912,0.9993328169656434,60.0
39559,2674.4770229453566,1.00052032372798,60.0
39560,2674.477717389801,0.9995336646171235,60.0
39561,2674.4784118342454,1.00029581568855,60.0
39562,2674.47910627869,0.99938954029904,60.0
39563,2674.4798007231343,0.9991488299360333,60.0
39564,2674.4804951675787,1.000097154485285,60.0
39565,2674.481189612023,0.9980042744876649,60.0
39566,2674.4818840564676,0.99842681915478,60.0
39567,2674.482578500912,1.0000514029040533,60.0
39568,2674.4832729453565,1.0004607739870035,60.0
39569,2674.483967389801,0.9988079760092801,60.0
39570,2674.4846618342453,0.99898048091698,60.0
39571,2674.48535627869,0.9998283450352199,60.0
39572,2674.486050723134,0.9986694416012968,60.0
39573,2674.4867451675786,0.9991345135716201,60.0
39574,2674.487439612023,0.9998117996242133,60.0
39575,2674.4881340564675,0.99850370207265,60.0
39576,2674.488828500912,0.9990188790733366,60.0
39577,2674.4895229453564,0.9995925735247799,60.0
39578,2674.490217389801,0.99869091070781,60.0
39579,2674.4909118342453,0.99870346090677,60.0
39580,2674.4916062786897,1.00031214594808,60.0
39581,2674.492300723134,0.9998901357609068,60.0
39582,2674.4929951675786,0.99910731777302,60.0
39583,2674.493689612023,0.9989625102413099,60.0
39584,2674.4943840564674,0.9996546993312466,60.0
39585,2674.495078500912,1.0003892304906667,60.0
39586,2674.4957729453563,0.99967013619614,60.0
39587,2674.496467389801,0.99948459156609,60.0
39588,2674.4971618342456,0.9997260790097368,60.0
39589,2674.49785627869,0.9999245171219334,60.0
39590,2674.4985507231345,0.9999152300865201,60.0
39591,2674.499245167579,0.999251083458045,60.0
39592,2674.4999396120234,0.9988789623323434,60.0
39593,2674.500634056468,0.9995568846673599,60.0
39594,2674.501328500912,0.9998044020857467,60.0
39595,2674.5020229453567,0.99943587787127,60.0
39596,2674.502717389801,1.0003292900344833,60.0
39597,2674.5034118342455,0.9980024545047067,60.0
39598,2674.50410627869,0.9999595096329701,60.0
39599,2674.5048007231344,0.99929132096274,60.0
39600,2674.505495167579,0.9991002227646767,60.0
39601,2674.5061896120233,0.9992654905568633,60.0
39602,2674.5068840564677,0.9992740093451099,60.0
39603,2674.507578500912,1.0001276929501233,60.0
39604,2674.5082729453566,0.99815185751042,60.0
39605,2674.508967389801,0.9996393748691066,60.0
39606,2674.5096618342454,0.9989149023987633,60.0
39607,2674.51035627869,0.9983786370422866,60.0
39608,2674.5110507231343,0.9993775090947601,60.0
39609,2674.5117451675787,0.9994321990602201,60.0
39610,2674.512439612023,0.9997987106680934,60.0
39611,2674.5131340564676,0.99933215104517,60.0
39612,2674.513828500912,0.9995386800890768,60.0
39613,2674.5145229453565,0.9990173028283565,60.0
39614,2674.515217389801,1.0000790290763735,60.0
39615,2674.5159118342453,1.00016663551817,60.0
39616,2674.51660627869,0.9990245554503466,60.0
39617,2674.517300723134,0.9984686862610767,60.0
39618,2674.5179951675786,0.9984591480863233,60.0
39619,2674.518689612023,0.9991259950255267,60.0
39620,2674.5193840564675,0.99871308849218,60.0
39621,2674.520078500912,0.9996677503853201,60.0
39622,2674.5207729453564,0.9994525176764867,60.0
39623,2674.521467389801,0.99935594467215,60.0
39624,2674.5221618342453,1.0001985467953967,60.0
39625,2674.5228562786897,0.9995874484599766,60.0
39626,2674.523550723134,0.9994503885481549,60.0
39627,2674.5242451675786,0.9998125739451367,60.0
39628,2674.524939612023,0.9998095354886835,60.0
39629,2674.5256340564674,0.9995417139293533,60.0
39630,2674.5263285009123,0.9998641986068133,60.0
39631,2674.5270229453567,0.9993361404737233,60.0
39632,2674.527717389801,0.9985444399789868,60.0
39633,2674.5284118342456,0.9997596178277767,60.0
39634,2674.52910627869,0.99981013281144,60.0
39635,2674.5298007231345,0.9991735157284466,60.0
39636,2674.530495167579,0.9992632144495399,60.0
39637,2674.5311896120234,0.9996942713088067,60.0
39638,2674.531884056468,0.9990694791053967,60.0
39639,2674.532578500912,1.00031255733434,60.0
39640,2674.5332729453567,0.9987820868110067,60.0
39641,2674.533967389801,0.9987323076036666,60.0
39642,2674.5346618342455,0.9983696169104034,60.0
39643,2674.53535627869,1.0000900177374898,60.0
39644,2674.5360507231344,1.0000985545965901,60.0
39645,2674.536745167579,1.00063047579818,60.0
39646,2674.5374396120233,1.000071962655355,60.0
39647,2674.5381340564677,0.9992376594831001,60.0
39648,2674.538828500912,0.9994016567187,60.0
39649,2674.5395229453566,0.9992258119493399,60.0
39650,2674.540217389801,0.9993254121968432,60.0
39651,2674.5409118342454,0.9995839804893034,60.0
39652,2674.54160627869,0.9993718275846301,60.0
39653,2674.5423007231343,0.9992800160584233,60.0
39654,2674.5429951675787,1.0003499072167499,60.0
39655,2674.543689612023,0.9991145587281967,60.0
39656,2674.5443840564676,1.0000591741573466,60.0
39657,2674.545078500912,0.9994782392563833,60.0
39658,2674.5457729453565,1.00023442821149,60.0
39659,2674.546467389801,0.9987441440192499,60.0
39660,2674.5471618342453,0.99930747026493,60.0
39661,2674.54785627869,0.9992749838850233,60.0
39662,2674.548550723134,0.9991447218845099,60.0
39663,2674.5492451675786,0.9995996606566101,60.0
39664,2674.549939612023,0.99925904411881,60.0
39665,2674.5506340564675,0.9991073802545767,60.0
39666,2674.551328500912,0.9992622754471933,60.0
39667,2674.5520229453564,1.00053776025978,60.0
39668,2674.552717389801,0.9991383536216449,60.0
39669,2674.5534118342453,0.9991102740936467,60.0
39670,2674.5541062786897,0.9991224644925599,60.0
39671,2674.554800723134,0.9994171328876633,60.0
39672,2674.555495167579,0.9990288896177767,60.0
39673,2674.5561896120234,0.9986229340526633,60.0
39674,2674.556884056468,0.9995055945856101,60.0
39675,2674.5575785009123,0.9985794807027734,60.0
39676,2674.5582729453567,0.9992308850434434,60.0
39677,2674.558967389801,0.9989805540706067,60.0
39678,2674.5596618342456,0.998935325751585,60.0
39679,2674.56035627869,0.9992944933426133,60.0
39680,2674.5610507231345,0.9989877131011866,60.0
39681,2674.561745167579,0.998504486998955,60.0
39682,2674.5624396120234,0.9983241921753933,60.0
39683,2674.563134056468,0.99833918351236,60.0
39684,2674.563828500912,0.9999062747753366,60.0
39685,2674.5645229453567,0.99924510131974,60.0
39686,2674.565217389801,0.9988473961167266,60.0
39687,2674.5659118342455,0.9985747468829501,60.0
39688,2674.56660627869,0.99783135583894,60.0
39689,2674.5673007231344,0.9989983090393499,60.0
39690,2674.567995167579,0.9994077266738834,60.0
39691,2674.5686896120233,0.9995558911950301,60.0
39692,2674.5693840564677,0.9992966396534433,60.0
39693,2674.570078500912,0.9992091065648899,60.0
39694,2674.5707729453566,0.9985298609326799,60.0
39695,2674.571467389801,0.9986838009337333,60.0
39696,2674.5721618342454,0.99942561811787,60.0
39697,2674.57285627869,0.9990847396881034,60.0
39698,2674.5735507231343,0.9981259314174651,60.0
39699,2674.5742451675787,0.99862356809201,60.0
39700,2674.574939612023,0.9984998742751466,60.0
39701,2674.5756340564676,0.9984565145404299,60.0
39702,2674.576328500912,0.9989248576235267,60.0
39703,2674.5770229453565,0.9992351542736201,60.0
39704,2674.577717389801,0.998663323355625,60.0
39705,2674.5784118342453,0.9996488315647799,60.0
39706,2674.57910627869,0.9982857405483534,60.0
39707,2674.579800723134,0.9996267668736201,60.0
39708,2674.5804951675786,1.00130432475562,60.0
39709,2674.581189612023,0.9991649970597632,60.0
39710,2674.5818840564675,0.9991480504760467,60.0
39711,2674.582578500912,0.9983377064248167,60.0
39712,2674.5832729453564,1.00075789504253,60.0
39713,2674.583967389801,1.0001772980279133,60.0
39714,2674.5846618342453,0.99997788844614,60.0
39715,2674.58535627869,0.9990907952597966,60.0
39716,2674.5860507231346,0.99928536166203,60.0
39717,2674.586745167579,0.9992554448552701,60.0
39718,2674.5874396120234,0.99935742053839,60.0
39719,2674.588134056468,0.9989311901476801,60.0
39720,2674.5888285009123,0.9989079685773333,60.0
39721,2674.5895229453567,0.998616006812325,60.0
39722,2674.590217389801,0.9987656081081933,60.0
39723,2674.5909118342456,0.9997647151531801,60.0
39724,2674.59160627869,0.9997269371747167,60.0
39725,2674.5923007231345,1.0002434371506668,60.0
39726,2674.592995167579,0.9990276639639467,60.0
39727,2674.5936896120234,0.9988036018215266,60.0
39728,2674.594384056468,0.9987229338198232,60.0
39729,2674.595078500912,0.99918495450583,60.0
39730,2674.5957729453567,0.9986144038293334,60.0
39731,2674.596467389801,1.00001746568531,60.0
39732,2674.5971618342455,0.9988204357592032,60.0
39733,2674.59785627869,0.9988042403817033,60.0
39734,2674.5985507231344,0.9990657714629966,60.0
39735,2674.599245167579,0.9982957606580634,60.0
39736,2674.5999396120233,1.0000542200771199,60.0
39737,2674.6006340564677,0.99815624081677,60.0
39738,2674.601328500912,0.999132859782365,60.0
39739,2674.6020229453566,0.99778233032456,60.0
39740,2674.602717389801,0.9998258860979333,60.0
39741,2674.6034118342454,0.99924080284173,60.0
39742,2674.60410627869,0.99974137797079,60.0
39743,2674.6048007231343,0.99895511932025,60.0
39744,2674.6054951675787,0.99919348396805,60.0
39745,2674.606189612023,0.9985019048674068,60.0
39746,2674.6068840564676,0.9998192127750434,60.0
39747,2674.607578500912,0.9987823563195767,60.0
39748,2674.6082729453565,0.9998288942937967,60.0
39749,2674.608967389801,0.9990367363240066,60.0
39750,2674.6096618342453,0.9999953938551233,60.0
39751,2674.61035627869,0.9994716988801633,60.0
39752,2674.611050723134,0.9992587001238565,60.0
39753,2674.6117451675786,0.99891849463885,60.0
39754,2674.612439612023,0.9985805452003501,60.0
39755,2674.6131340564675,1.00017786998923,60.0
39756,2674.613828500912,0.9995661841467434,60.0
39757,2674.6145229453564,0.9974644891335266,60.0
39758,2674.6152173898013,0.9994488852243668,60.0
39759,2674.6159118342457,0.9988900839240967,60.0
39760,2674.61660627869,0.99929709489213,60.0
39761,2674.6173007231346,0.9996057395359434,60.0
39762,2674.617995167579,0.9989978925436965,60.0
39763,2674.6186896120234,0.9980311673144001,60.0
39764,2674.619384056468,0.9991703894362001,60.0
39765,2674.6200785009123,0.9994193644557067,60.0
39766,2674.6207729453567,0.9995363010012567,60.0
39767,2674.621467389801,0.9994045839317435,60.0
39768,2674.6221618342456,0.9997660509655167,60.0
39769,2674.62285627869,1.0000556379232801,60.0
39770,2674.6235507231345,0.99998039761801,60.0
39771,2674.624245167579,0.9987335386297499,60.0
39772,2674.6249396120234,1.0007869164953533,60.0
39773,2674.625634056468,0.9995153223673233,60.0
39774,2674.626328500912,0.9996652574485667,60.0
39775,2674.6270229453567,0.9993268137734633,60.0
39776,2674.627717389801,0.9999611682179367,60.0
39777,2674.6284118342455,0.99957975732394,60.0
39778,2674.62910627869,0.99954413195114,60.0
39779,2674.6298007231344,0.9994549652886834,60.0
39780,2674.630495167579,1.00017515822915,60.0
39781,2674.6311896120233,0.9992780828782201,60.0
39782,2674.6318840564677,0.9991314468452499,60.0
39783,2674.632578500912,0.9998382886415934,60.0
39784,2674.6332729453566,0.9988084005130432,60.0
39785,2674.633967389801,0.9992573862512967,60.0
39786,2674.6346618342454,0.9996456725493034,60.0
39787,2674.63535627869,0.9991912216551132,60.0
39788,2674.6360507231343,0.9996728134188434,60.0
39789,2674.6367451675787,0.9996676695782334,60.0
39790,2674.637439612023,0.9995753325939849,60.0
39791,2674.6381340564676,0.99986707830181,60.0
39792,2674.638828500912,0.9991229020067266,60.0
39793,2674.6395229453565,0.9992410566312899,60.0
39794,2674.640217389801,0.9987109318435499,60.0
39795,2674.6409118342453,0.9990851375455133,60.0
39796,2674.64160627869,0.9990990395987133,60.0
39797,2674.642300723134,0.9993617866750499,60.0
39798,2674.6429951675786,1.0001428853345133,60.0
39799,2674.643689612023,0.9996929133172566,60.0
39800,2674.644384056468,0.9994630201427867,60.0
39801,2674.6450785009124,0.9994858747235934,60.0
39802,2674.645772945357,0.999201862822085,60.0
39803,2674.6464673898013,0.9995051504557333,60.0
39804,2674.6471618342457,0.9985650696482667,60.0
39805,2674.64785627869,0.9983621740940599,60.0
39806,2674.6485507231346,0.9994574021363866,60.0
39807,2674.649245167579,0.9985139744595467,60.0
39808,2674.6499396120234,0.99938010572512,60.0
39809,2674.650634056468,0.9991788244405666,60.0
39810,2674.6513285009123,0.9992205147205633,60.0
39811,2674.6520229453567,0.9992794122631333,60.0
39812,2674.652717389801,0.999767046035475,60.0
39813,2674.6534118342456,0.9998150754597432,60.0
39814,2674.65410627869,0.9997927101196068,60.0
39815,2674.6548007231345,0.9982824329246466,60.0
39816,2674.655495167579,0.9996471408799801,60.0
39817,2674.6561896120234,0.9991214232354334,60.0
39818,2674.656884056468,0.9991360450420167,60.0
39819,2674.657578500912,0.9990649741762501,60.0
39820,2674.6582729453567,1.0001476384707668,60.0
39821,2674.658967389801,0.9995066830462532,60.0
39822,2674.6596618342455,0.99919729900276,60.0
39823,2674.66035627869,0.9991846609450533,60.0
39824,2674.6610507231344,1.0008771481625551,60.0
39825,2674.661745167579,0.9993914626426333,60.0
39826,2674.6624396120233,0.9995982579045535,60.0
39827,2674.6631340564677,1.0004955239427566,60.0
39828,2674.663828500912,0.9993420367722,60.0
39829,2674.6645229453566,0.9997281958538299,60.0
39830,2674.665217389801,0.9994015742136066,60.0
39831,2674.6659118342454,0.9995332892545333,60.0
39832,2674.66660627869,0.9984669350311334,60.0
39833,2674.6673007231343,0.9986896051029199,60.0
39834,2674.6679951675787,0.9995887583836632,60.0
39835,2674.668689612023,0.9989096351350799,60.0
39836,2674.6693840564676,0.9992275694733667,60.0
39837,2674.670078500912,0.9993169505614267,60.0
39838,2674.6707729453565,1.00160570276757,60.0
39839,2674.671467389801,0.9989990929126998,60.0
39840,2674.6721618342453,0.99972934049102,60.0
39841,2674.67285627869,0.9995941724393399,60.0
39842,2674.673550723134,0.999103380327545,60.0
39843,2674.674245167579,0.9998043421752868,60.0
39844,2674.6749396120235,0.99982774061689,60.0
39845,2674.675634056468,1.0001075598881266,60.0
39846,2674.6763285009124,0.99955844149437,60.0
39847,2674.677022945357,0.99996439137986,60.0
39848,2674.6777173898013,0.9995933539415066,60.0
39849,2674.6784118342457,0.9994725745904568,60.0
39850,2674.67910627869,0.9991526696228133,60.0
39851,2674.6798007231346,0.9986435898922533,60.0
39852,2674.680495167579,0.999466526988575,60.0
39853,2674.6811896120234,0.9983051431887399,60.0
39854,2674.681884056468,0.9989568921665866,60.0
39855,2674.6825785009123,0.9987788617788432,60.0
39856,2674.6832729453567,0.99898199857981,60.0
39857,2674.683967389801,1.0000336649835033,60.0
39858,2674.6846618342456,0.9996076116338733,60.0
39859,2674.68535627869,0.9986207546747801,60.0
39860,2674.6860507231345,0.999497534991695,60.0
39861,2674.686745167579,1.00027794638301,60.0
39862,2674.6874396120234,0.9994652172509634,60.0
39863,2674.688134056468,0.9986937065275834,60.0
39864,2674.688828500912,0.9997876525120434,60.0
39865,2674.6895229453567,0.99932609527627,60.0
39866,2674.690217389801,0.9983134190965401,60.0
39867,2674.6909118342455,0.998943136560425,60.0
39868,2674.69160627869,0.9994692403776334,60.0
39869,2674.6923007231344,0.9991761133045434,60.0
39870,2674.692995167579,0.9996041943233266,60.0
39871,2674.6936896120233,0.9994211971827,60.0
39872,2674.6943840564677,0.9999650758322733,60.0
39873,2674.695078500912,0.9995216645266867,60.0
39874,2674.6957729453566,0.9986728961089167,60.0
39875,2674.696467389801,0.99933935600576,60.0
39876,2674.6971618342454,0.99924190419117,60.0
39877,2674.69785627869,0.9989465902741633,60.0
39878,2674.6985507231343,1.00056908611005,60.0
39879,2674.6992451675787,0.9987994293371966,60.0
39880,2674.699939612023,0.9993429348544334,60.0
39881,2674.7006340564676,0.9996345172204933,60.0
39882,2674.701328500912,0.9989452883153933,60.0
39883,2674.7020229453565,1.0000889420387569,60.0
39884,2674.702717389801,0.9989799689998167,60.0
39885,2674.7034118342453,0.9994779288205966,60.0
39886,2674.7041062786902,0.9995414844368167,60.0
39887,2674.7048007231347,0.9985807688337468,60.0
39888,2674.705495167579,0.9988898111285632,60.0
39889,2674.7061896120235,0.9998578554046866,60.0
39890,2674.706884056468,1.0004981075541965,60.0
39891,2674.7075785009124,0.9994568858034233,60.0
39892,2674.708272945357,0.9987109254056433,60.0
39893,2674.7089673898013,1.00032462829113,60.0
39894,2674.7096618342457,0.9992436964516034,60.0
39895,2674.71035627869,0.9992959199925634,60.0
39896,2674.7110507231346,0.9985859230362166,60.0
39897,2674.711745167579,0.99952632447064,60.0
39898,2674.7124396120234,0.9991394509891767,60.0
39899,2674.713134056468,0.9986153513069033,60.0
39900,2674.7138285009123,0.99941124767448,60.0
39901,2674.7145229453567,0.9989682885503367,60.0
39902,2674.715217389801,0.9993390148397833,60.0
39903,2674.7159118342456,0.9997384990597901,60.0
39904,2674.71660627869,0.99883652042355,60.0
39905,2674.7173007231345,1.0001412294007066,60.0
39906,2674.717995167579,0.9991778976237665,60.0
39907,2674.7186896120234,0.9995148216749966,60.0
39908,2674.719384056468,0.9990362807905567,60.0
39909,2674.720078500912,0.9987098306121401,60.0
39910,2674.7207729453567,0.999534196009285,60.0
39911,2674.721467389801,0.9998368485228034,60.0
39912,2674.7221618342455,0.9997521667867634,60.0
39913,2674.72285627869,0.9990067473538633,60.0
39914,2674.7235507231344,0.999421414415025,60.0
39915,2674.724245167579,0.9987799107577334,60.0
39916,2674.7249396120233,0.99889762187883,60.0
39917,2674.7256340564677,0.9985679416626333,60.0
39918,2674.726328500912,0.9997487500753334,60.0
39919,2674.7270229453566,0.99933919056171,60.0
39920,2674.727717389801,0.9991313024941233,60.0
39921,2674.7284118342454,0.9999396364565449,60.0
39922,2674.72910627869,0.9995988255673867,60.0
39923,2674.7298007231343,0.99982589691165,60.0
39924,2674.7304951675787,0.9992449114707367,60.0
39925,2674.731189612023,0.9995936652090934,60.0
39926,2674.7318840564676,1.00021927778587,60.0
39927,2674.732578500912,0.9982194541548065,60.0
39928,2674.733272945357,0.99940259830651,60.0
39929,2674.7339673898014,0.9992928833130367,60.0
39930,2674.734661834246,1.0003659539161565,60.0
39931,2674.7353562786902,0.9992233045975101,60.0
39932,2674.7360507231347,0.9998095354544967,60.0
39933,2674.736745167579,0.9985469415879568,60.0
39934,2674.7374396120235,0.9996282925176533,60.0
39935,2674.738134056468,0.9996929285542467,60.0
39936,2674.7388285009124,0.99880273531205,60.0
39937,2674.739522945357,0.99954468854606,60.0
39938,2674.7402173898013,0.9998973450112366,60.0
39939,2674.7409118342457,0.9983329199756801,60.0
39940,2674.74160627869,0.99901150222335,60.0
39941,2674.7423007231346,0.9995194956701634,60.0
39942,2674.742995167579,0.9991121981386833,60.0
39943,2674.7436896120234,0.99923168260708,60.0
39944,2674.744384056468,1.0001581144518232,60.0
39945,2674.7450785009123,0.9993896406723599,60.0
39946,2674.7457729453567,0.9992308146256067,60.0
39947,2674.746467389801,0.9994368178830068,60.0
39948,2674.7471618342456,0.9990497714263,60.0
39949,2674.74785627869,0.9998546689820434,60.0
39950,2674.7485507231345,0.9988596178310001,60.0
39951,2674.749245167579,0.9996142638677333,60.0
39952,2674.7499396120234,0.9992250630478999,60.0
39953,2674.750634056468,0.9998366295347233,60.0
39954,2674.751328500912,0.9999331812344069,60.0
39955,2674.7520229453567,0.9983265919170666,60.0
39956,2674.752717389801,0.99965038552515,60.0
39957,2674.7534118342455,0.9994486198421666,60.0
39958,2674.75410627869,0.9983164738609034,60.0
39959,2674.7548007231344,0.9986429731944835,60.0
39960,2674.755495167579,0.9989596230421999,60.0
39961,2674.7561896120233,0.9996699150014067,60.0
39962,2674.7568840564677,0.9994068721659767,60.0
39963,2674.757578500912,0.999559900764185,60.0
39964,2674.7582729453566,0.99856863353525,60.0
39965,2674.758967389801,0.9990621650970567,60.0
39966,2674.7596618342454,0.9999925829240199,60.0
39967,2674.76035627869,0.9989981556983732,60.0
39968,2674.7610507231343,0.9998719352393367,60.0
39969,2674.7617451675787,0.9990686698177066,60.0
39970,2674.762439612023,0.9992283887801267,60.0
39971,2674.763134056468,1.0002930601822466,60.0
39972,2674.7638285009125,0.9995812933532866,60.0
39973,2674.764522945357,0.99851679331938,60.0
39974,2674.7652173898014,0.9988076142634199,60.0
39975,2674.765911834246,0.99940460911732,60.0
39976,2674.7666062786902,0.9987266137652734,60.0
39977,2674.7673007231347,0.9983857389605,60.0
39978,2674.767995167579,0.9999848559709666,60.0
39979,2674.7686896120235,0.9992345358458233,60.0
39980,2674.769384056468,0.9998383478001266,60.0
39981,2674.7700785009124,0.9992553634551267,60.0
39982,2674.770772945357,0.9997699761133,60.0
39983,2674.7714673898013,0.9990799050189668,60.0
39984,2674.7721618342457,0.9996221728011068,60.0
39985,2674.77285627869,0.9992598656086734,60.0
39986,2674.7735507231346,0.9992722685923401,60.0
39987,2674.774245167579,0.9985286760248032,60.0
39988,2674.7749396120234,0.998300891375295,60.0
39989,2674.775634056468,0.9998164935052367,60.0
39990,2674.7763285009123,0.9997366097202566,60.0
39991,2674.7770229453567,1.0003095969296352,60.0
39992,2674.777717389801,0.9997635319605332,60.0
39993,2674.7784118342456,0.9983368038638568,60.0
39994,2674.77910627869,0.99966572879334,60.0
39995,2674.7798007231345,0.9997216193854933,60.0
39996,2674.780495167579,0.9988283607060199,60.0
39997,2674.7811896120234,0.9981728138781101,60.0
39998,2674.781884056468,0.9988763749919266,60.0
39999,2674.782578500912,0.9986495124829501,60.0
40000,2674.7832729453567,0.9990567509299234,60.0
40001,2674.783967389801,0.999455779387765,60.0
40002,2674.7846618342455,0.9999090567324732,60.0
40003,2674.78535627869,0.9983536275083266,60.0
40004,2674.7860507231344,0.99935267614519,60.0
40005,2674.786745167579,1.0000588815993268,60.0
40006,2674.7874396120233,0.9985068565732066,60.0
40007,2674.7881340564677,0.9993229287361767,60.0
40008,2674.788828500912,0.99968868814565,60.0
40009,2674.7895229453566,0.9982080285943399,60.0
40010,2674.790217389801,1.0000933428080165,60.0
40011,2674.7909118342454,0.998351148799275,60.0
40012,2674.79160627869,0.9994259524649367,60.0
40013,2674.7923007231343,0.9992062538618933,60.0
40014,2674.792995167579,0.9991805283501835,60.0
40015,2674.7936896120236,1.0001285543468867,60.0
40016,2674.794384056468,0.9987989698833134,60.0
40017,2674.7950785009125,0.99791041442269,60.0
40018,2674.795772945357,0.9994552554537967,60.0
40019,2674.7964673898014,0.9990841596944667,60.0
40020,2674.797161834246,0.99967894674417,60.0
40021,2674.7978562786902,1.0005892990432,60.0
40022,2674.7985507231347,0.9996325995376,60.0
40023,2674.799245167579,0.9986271151950633,60.0
40024,2674.7999396120235,0.9998484718291868,60.0
40025,2674.800634056468,0.99885965912613,60.0
40026,2674.8013285009124,0.998873851791615,60.0
40027,2674.802022945357,0.9996640782104366,60.0
40028,2674.8027173898013,0.9998889326597834,60.0
40029,2674.8034118342457,0.9984603611739665,60.0
40030,2674.80410627869,1.0003976042259934,60.0
40031,2674.8048007231346,0.9994990682301633,60.0
40032,2674.805495167579,0.99935850535267,60.0
40033,2674.8061896120234,0.9996598670572867,60.0
40034,2674.806884056468,0.99943932949253,60.0
40035,2674.8075785009123,0.99841592608305,60.0
40036,2674.8082729453567,0.9990953550662499,60.0
40037,2674.808967389801,0.9997394134583167,60.0
40038,2674.8096618342456,0.9995401856740801,60.0
40039,2674.81035627869,0.999257470035675,60.0
40040,2674.8110507231345,0.99897803004115,60.0
40041,2674.811745167579,1.0006743172815167,60.0
40042,2674.8124396120234,0.9993735182772833,60.0
40043,2674.813134056468,0.9992088199642066,60.0
40044,2674.813828500912,1.00005659509783,60.0
40045,2674.8145229453567,0.9993356552118366,60.0
40046,2674.815217389801,0.9999782313445099,60.0
40047,2674.8159118342455,0.9996589061349299,60.0
40048,2674.81660627869,0.99877431802563,60.0
40049,2674.8173007231344,0.99979563068635,60.0
40050,2674.817995167579,0.9999087989599067,60.0
40051,2674.8186896120233,0.9996055207572749,60.0
40052,2674.8193840564677,0.9997601054788999,60.0
40053,2674.820078500912,0.9985260241289167,60.0
40054,2674.8207729453566,1.0006182655938733,60.0
40055,2674.821467389801,0.9994279147668234,60.0
40056,2674.822161834246,0.9988238313560401,60.0
40057,2674.8228562786903,0.9996444105516966,60.0
40058,2674.8235507231348,0.9982931193913934,60.0
40059,2674.824245167579,0.9988934022137701,60.0
40060,2674.8249396120236,0.9982476001447033,60.0
40061,2674.825634056468,0.999759127503285,60.0
40062,2674.8263285009125,0.9993350303455566,60.0
40063,2674.827022945357,0.99882506564462,60.0
40064,2674.8277173898014,1.0003033621986333,60.0
40065,2674.828411834246,0.9994162689363,60.0
40066,2674.8291062786902,0.9997392863298201,60.0
40067,2674.8298007231347,0.9993891711946067,60.0
40068,2674.830495167579,0.99984029165305,60.0
40069,2674.8311896120235,1.0005849649758667,60.0
40070,2674.831884056468,0.9987133288575999,60.0
40071,2674.8325785009124,0.9994886072028967,60.0
40072,2674.833272945357,0.9994501965599566,60.0
40073,2674.8339673898013,0.9986050970753033,60.0
40074,2674.8346618342457,0.9991128480744851,60.0
40075,2674.83535627869,1.00016650663488,60.0
40076,2674.8360507231346,0.9990577792881666,60.0
40077,2674.836745167579,0.9991631100645932,60.0
40078,2674.8374396120234,0.9998726781657866,60.0
40079,2674.838134056468,0.9999317157486901,60.0
40080,2674.8388285009123,1.0000945328920834,60.0
40081,2674.8395229453567,1.000566845262465,60.0
40082,2674.840217389801,1.0007212364767701,60.0
40083,2674.8409118342456,0.99936485911175,60.0
40084,2674.84160627869,0.9992578408192534,60.0
40085,2674.8423007231345,0.9996040746571799,60.0
40086,2674.842995167579,0.9984475953414867,60.0
40087,2674.8436896120234,0.9984414543621399,60.0
40088,2674.844384056468,0.9997640641435533,60.0
40089,2674.845078500912,0.99955628293812,60.0
40090,2674.8457729453567,0.9991513575472567,60.0
40091,2674.846467389801,0.9992758751304766,60.0
40092,2674.8471618342455,0.9986125013829668,60.0
40093,2674.84785627869,0.99949139214209,60.0
40094,2674.8485507231344,1.0006981095794298,60.0
40095,2674.849245167579,0.99988041436453,60.0
40096,2674.8499396120233,1.0000770358568334,60.0
40097,2674.8506340564677,0.9990508087508067,60.0
40098,2674.851328500912,0.9986179045082433,60.0
40099,2674.852022945357,0.9987461423527466,60.0
40100,2674.8527173898015,1.0002054668262768,60.0
40101,2674.853411834246,0.9993762544274634,60.0
40102,2674.8541062786903,1.0001046093124668,60.0
40103,2674.8548007231348,0.9994916432610733,60.0
40104,2674.855495167579,0.9999855722503299,60.0
40105,2674.8561896120236,1.0001997447722066,60.0
40106,2674.856884056468,1.0000661315963566,60.0
40107,2674.8575785009125,0.99868378709324,60.0
40108,2674.858272945357,0.9987151237707034,60.0
40109,2674.8589673898014,0.9994436276957434,60.0
40110,2674.859661834246,0.9998005852944734,60.0
40111,2674.8603562786902,0.9996219188706666,60.0
40112,2674.8610507231347,0.9982212569496299,60.0
40113,2674.861745167579,1.00025473505528,60.0
40114,2674.8624396120235,1.0000898958645998,60.0
40115,2674.863134056468,0.9995031867170034,60.0
40116,2674.8638285009124,1.0004384905136166,60.0
40117,2674.864522945357,1.0004735437865566,60.0
40118,2674.8652173898013,0.99991138312592,60.0
40119,2674.8659118342457,0.999104130694365,60.0
40120,2674.86660627869,0.9981104124002199,60.0
40121,2674.8673007231346,0.9992907388907533,60.0
40122,2674.867995167579,0.999166214047335,60.0
40123,2674.8686896120234,0.9996172385491899,60.0
40124,2674.869384056468,0.9996324830494833,60.0
40125,2674.8700785009123,1.0002865452451,60.0
40126,2674.8707729453567,1.00001073181424,60.0
40127,2674.871467389801,0.9992109576497032,60.0
40128,2674.8721618342456,0.9995807732798867,60.0
40129,2674.87285627869,0.9987301236387234,60.0
40130,2674.8735507231345,0.9981511746601633,60.0
40131,2674.874245167579,0.9998001980766368,60.0
40132,2674.8749396120234,0.9991655639809133,60.0
40133,2674.875634056468,1.0004464659070065,60.0
40134,2674.876328500912,0.9994419195192666,60.0
40135,2674.8770229453567,0.99859408411827,60.0
40136,2674.877717389801,0.99859458847991,60.0
40137,2674.8784118342455,1.0004040963216267,60.0
40138,2674.87910627869,0.99870814765563,60.0
40139,2674.8798007231344,0.99902846095766,60.0
40140,2674.880495167579,0.99933032878626,60.0
40141,2674.8811896120233,0.99936951741001,60.0
40142,2674.881884056468,0.9998325316881034,60.0
40143,2674.8825785009126,0.9988990307134666,60.0
40144,2674.883272945357,0.9998952470919932,60.0
40145,2674.8839673898015,0.9993751028459267,60.0
40146,2674.884661834246,0.99888629663243,60.0
40147,2674.8853562786903,0.9988492978345233,60.0
40148,2674.8860507231348,0.9998365087572001,60.0
40149,2674.886745167579,0.99936574914376,60.0
40150,2674.8874396120236,1.0007623203287699,60.0
40151,2674.888134056468,0.9994212276236935,60.0
40152,2674.8888285009125,0.99774146285537,60.0
40153,2674.889522945357,0.9992320099811299,60.0
40154,2674.8902173898014,1.0001058890886234,60.0
40155,2674.890911834246,0.9992012929353068,60.0
40156,2674.8916062786902,0.999903805051845,60.0
40157,2674.8923007231347,0.99933769710176,60.0
40158,2674.892995167579,1.000038118147455,60.0
40159,2674.8936896120235,0.9980562015763067,60.0
40160,2674.894384056468,1.0003395058529234,60.0
40161,2674.8950785009124,0.9995376514727067,60.0
40162,2674.895772945357,0.99840822844193,60.0
40163,2674.8964673898013,0.9992010535947232,60.0
40164,2674.8971618342457,0.99963057204282,60.0
40165,2674.89785627869,0.99966657640523,60.0
40166,2674.8985507231346,0.9996829940299033,60.0
40167,2674.899245167579,0.9996185954877134,60.0
40168,2674.8999396120234,1.0001927531146133,60.0
40169,2674.900634056468,0.9993182897578533,60.0
40170,2674.9013285009123,0.99891193408254,60.0
40171,2674.9020229453567,1.0000673523230466,60.0
40172,2674.902717389801,0.9994303357992201,60.0
40173,2674.9034118342456,0.999736055804495,60.0
40174,2674.90410627869,0.9997564139404901,60.0
40175,2674.9048007231345,0.9997501404119333,60.0
40176,2674.905495167579,1.0000808632559934,60.0
40177,2674.9061896120234,0.9997776150390667,60.0
40178,2674.906884056468,0.9990545486124033,60.0
40179,2674.907578500912,0.99847886347688,60.0
40180,2674.9082729453567,0.9997524623509234,60.0
40181,2674.908967389801,1.0009085433562166,60.0
40182,2674.9096618342455,0.9993243190373734,60.0
40183,2674.91035627869,1.0002614154603602,60.0
40184,2674.911050723135,0.99985424157908,60.0
40185,2674.9117451675793,0.9989298083537334,60.0
40186,2674.9124396120237,0.99980682133601,60.0
40187,2674.913134056468,0.999931803883185,60.0
40188,2674.9138285009126,0.9992699608531667,60.0
40189,2674.914522945357,0.9994393577473599,60.0
40190,2674.9152173898015,0.9996550870491734,60.0
40191,2674.915911834246,0.99910297559185,60.0
40192,2674.9166062786903,0.9993517026587101,60.0
40193,2674.9173007231348,1.0001549376006833,60.0
40194,2674.917995167579,0.9988332842183466,60.0
40195,2674.9186896120236,0.9992945105786349,60.0
40196,2674.919384056468,0.99932953080525,60.0
40197,2674.9200785009125,0.99944457207864,60.0
40198,2674.920772945357,0.9993384243928366,60.0
40199,2674.9214673898014,0.9991645682625651,60.0
40200,2674.922161834246,0.9990405590339666,60.0
40201,2674.9228562786902,0.9989409422102934,60.0
40202,2674.9235507231347,1.0002329472917,60.0
40203,2674.924245167579,0.9997839888063601,60.0
40204,2674.9249396120235,0.99986736582274,60.0
40205,2674.925634056468,0.99927820885722,60.0
40206,2674.9263285009124,0.9998916314301933,60.0
40207,2674.927022945357,0.9998327533476933,60.0
40208,2674.9277173898013,0.9999628029076,60.0
40209,2674.9284118342457,0.9990114445503698,60.0
40210,2674.92910627869,1.0004006565599932,60.0
40211,2674.9298007231346,0.99867965408293,60.0
40212,2674.930495167579,1.000236444068,60.0
40213,2674.9311896120234,0.9994304580831166,60.0
40214,2674.931884056468,0.9993708723740634,60.0
40215,2674.9325785009123,0.9999693514049666,60.0
40216,2674.9332729453567,0.9998125090233033,60.0
40217,2674.933967389801,0.9996972371857501,60.0
40218,2674.9346618342456,0.9999346754269999,60.0
40219,2674.93535627869,0.9991206954775033,60.0
40220,2674.9360507231345,0.9986630461681433,60.0
40221,2674.936745167579,0.9986700131126067,60.0
40222,2674.9374396120234,0.9997743742892333,60.0
40223,2674.938134056468,0.9984897928626001,60.0
40224,2674.938828500912,0.9997710273051101,60.0
40225,2674.9395229453567,1.0006439952100035,60.0
40226,2674.940217389801,0.999299423494125,60.0
40227,2674.940911834246,0.9993455626508533,60.0
40228,2674.9416062786904,0.999831192402585,60.0
40229,2674.942300723135,0.9998878893098934,60.0
40230,2674.9429951675793,0.99935356212569,60.0
40231,2674.9436896120237,0.9991057292876467,60.0
40232,2674.944384056468,0.9995518687153032,60.0
40233,2674.9450785009126,0.99963170801828,60.0
40234,2674.945772945357,0.9990978299632299,60.0
40235,2674.9464673898015,0.999157719312295,60.0
40236,2674.947161834246,1.00074960946192,60.0
40237,2674.9478562786903,1.0002253992705934,60.0
40238,2674.9485507231348,0.99925785520252,60.0
40239,2674.949245167579,0.9999106954237865,60.0
40240,2674.9499396120236,0.9995227203165232,60.0
40241,2674.950634056468,0.9994756065527534,60.0
40242,2674.9513285009125,0.9996538935835634,60.0
40243,2674.952022945357,1.0004221730529,60.0
40244,2674.9527173898014,0.9998299390365132,60.0
40245,2674.953411834246,0.9997538522150066,60.0
40246,2674.9541062786902,0.9995056934467467,60.0
40247,2674.9548007231347,0.9991106900146233,60.0
40248,2674.955495167579,0.9999280989174434,60.0
40249,2674.9561896120235,0.99912042622548,60.0
40250,2674.956884056468,0.9995098825392633,60.0
40251,2674.9575785009124,0.9997919923121,60.0
40252,2674.958272945357,1.0001253812948099,60.0
40253,2674.9589673898013,0.999191953905,60.0
40254,2674.9596618342457,1.0001353376753632,60.0
40255,2674.96035627869,0.9995260196534099,60.0
40256,2674.9610507231346,0.9989454341535351,60.0
40257,2674.961745167579,0.9998748590816199,60.0
40258,2674.9624396120234,0.99993733192157,60.0
40259,2674.963134056468,1.0005501493189033,60.0
40260,2674.9638285009123,0.998773538535645,60.0
40261,2674.9645229453567,1.0002111594856966,60.0
40262,2674.965217389801,0.9988600072594966,60.0
40263,2674.9659118342456,0.9987526562794766,60.0
40264,2674.96660627869,0.99953068749802,60.0
40265,2674.9673007231345,0.9997639713053167,60.0
40266,2674.967995167579,1.00027489756706,60.0
40267,2674.9686896120234,0.999039196029,60.0
40268,2674.969384056468,0.9998096564114366,60.0
40269,2674.970078500912,0.9996442865272499,60.0
40270,2674.970772945357,1.0003144059716533,60.0
40271,2674.9714673898015,0.9995948823654333,60.0
40272,2674.972161834246,0.999001611853095,60.0
40273,2674.9728562786904,0.999714378689295,60.0
40274,2674.973550723135,0.9999978107620366,60.0
40275,2674.9742451675793,0.9993431969671066,60.0
40276,2674.9749396120237,0.99934243675724,60.0
40277,2674.975634056468,0.9994827681383534,60.0
40278,2674.9763285009126,0.9995529693119399,60.0
40279,2674.977022945357,1.00008723257406,60.0
40280,2674.9777173898015,1.0004451173235067,60.0
40281,2674.978411834246,1.0005915324448866,60.0
40282,2674.9791062786903,0.9991415007280633,60.0
40283,2674.9798007231348,0.9998345700379968,60.0
40284,2674.980495167579,1.0003062143576098,60.0
40285,2674.9811896120236,0.99959934487547,60.0
40286,2674.981884056468,0.9990457242501766,60.0
40287,2674.9825785009125,0.99950097557954,60.0
40288,2674.983272945357,0.99948648310446,60.0
40289,2674.9839673898014,0.9995083280526867,60.0
40290,2674.984661834246,0.9994861566823466,60.0
40291,2674.9853562786902,0.9999702868540866,60.0
40292,2674.9860507231347,1.0005667552512867,60.0
40293,2674.986745167579,0.9993716567848399,60.0
40294,2674.9874396120235,0.9989938709497466,60.0
40295,2674.988134056468,0.9996993706735333,60.0
40296,2674.9888285009124,0.9996421437529533,60.0
40297,2674.989522945357,0.9998638444302733,60.0
40298,2674.9902173898013,0.99982146477915,60.0
40299,2674.9909118342457,0.9995202259874466,60.0
40300,2674.99160627869,0.9996381507248934,60.0
40301,2674.9923007231346,0.99975176325405,60.0
40302,2674.992995167579,0.9996405095019233,60.0
40303,2674.9936896120234,0.9997753512085032,60.0
40304,2674.994384056468,0.9995217614880749,60.0
40305,2674.9950785009123,0.9998278125000466,60.0
40306,2674.9957729453567,0.9998777538521066,60.0
40307,2674.996467389801,0.9997909714505333,60.0
40308,2674.9971618342456,1.0004613872338466,60.0
40309,2674.99785627869,0.9995867476950767,60.0
40310,2674.9985507231345,1.0006344006687133,60.0
40311,2674.999245167579,0.9990649976681599,60.0
40312,2674.999939612024,1.0001642841196967,60.0
40313,2675.0006340564682,0.99928394471871,60.0
40314,2675.0013285009127,0.9989745462354432,60.0
40315,2675.002022945357,0.9994290113045534,60.0
40316,2675.0027173898015,0.9988511360203733,60.0
40317,2675.003411834246,0.9994019538239566,60.0
40318,2675.0041062786904,1.0005310316178833,60.0
40319,2675.004800723135,1.00002254874671,60.0
40320,2675.0054951675793,0.9995989847830465,60.0
40321,2675.0061896120237,1.0002068187567235,60.0
40322,2675.006884056468,1.0002438830977551,60.0
40323,2675.0075785009126,0.9996366718239766,60.0
40324,2675.008272945357,0.999412789699955,60.0
40325,2675.0089673898015,0.9991521871344533,60.0
40326,2675.009661834246,0.9998734592155466,60.0
40327,2675.0103562786903,0.9997410495508601,60.0
40328,2675.0110507231348,0.9999859989116601,60.0
40329,2675.011745167579,0.9990465237782966,60.0
40330,2675.0124396120236,0.9999220883847201,60.0
40331,2675.013134056468,0.99980389539044,60.0
40332,2675.0138285009125,0.9998918558340533,60.0
40333,2675.014522945357,0.9997856797940133,60.0
40334,2675.0152173898014,0.9996844088976,60.0
40335,2675.015911834246,0.9984027278328401,60.0
40336,2675.0166062786902,1.000757245059835,60.0
40337,2675.0173007231347,0.9998887996527067,60.0
40338,2675.017995167579,1.0003742302109933,60.0
40339,2675.0186896120235,0.9996841726878101,60.0
40340,2675.019384056468,0.9994206041328434,60.0
40341,2675.0200785009124,0.9992639464796232,60.0
40342,2675.020772945357,0.9999758566479033,60.0
40343,2675.0214673898013,1.00024799120291,60.0
40344,2675.0221618342457,0.9995533208634451,60.0
40345,2675.02285627869,0.9993552119589467,60.0
40346,2675.0235507231346,1.0000963588243732,60.0
40347,2675.024245167579,0.9990379416020932,60.0
40348,2675.0249396120234,0.9996639435624733,60.0
40349,2675.025634056468,0.9993873868557133,60.0
40350,2675.0263285009123,0.9996776793586966,60.0
40351,2675.0270229453567,1.0005651451592632,60.0
40352,2675.027717389801,0.9998846245537732,60.0
40353,2675.0284118342456,1.0004580526534967,60.0
40354,2675.02910627869,1.00027101598681,60.0
40355,2675.029800723135,0.99870762361414,60.0
40356,2675.0304951675794,1.00045608984493,60.0
40357,2675.031189612024,0.9997159815593033,60.0
40358,2675.0318840564682,0.9994681233352632,60.0
40359,2675.0325785009127,0.99913646628919,60.0
40360,2675.033272945357,0.9993267350634699,60.0
40361,2675.0339673898015,0.9994889500082067,60.0
40362,2675.034661834246,1.0001593271844902,60.0
40363,2675.0353562786904,0.9995660031432066,60.0
40364,2675.036050723135,0.9996137280657567,60.0
40365,2675.0367451675793,1.0004391632966851,60.0
40366,2675.0374396120237,0.9987663390823934,60.0
40367,2675.038134056468,1.000071131441605,60.0
40368,2675.0388285009126,1.0004456987162333,60.0
40369,2675.039522945357,0.9992986941274133,60.0
40370,2675.0402173898015,0.99994326242394,60.0
40371,2675.040911834246,0.9995806222049534,60.0
40372,2675.0416062786903,1.0005736029575,60.0
40373,2675.0423007231348,0.9982837456109933,60.0
40374,2675.042995167579,1.00004914924415,60.0
40375,2675.0436896120236,1.00004289612707,60.0
40376,2675.044384056468,0.99941664909863,60.0
40377,2675.0450785009125,0.9999479162953667,60.0
40378,2675.045772945357,0.999766290654795,60.0
40379,2675.0464673898014,1.0000485581061134,60.0
40380,2675.047161834246,0.9996535530670266,60.0
40381,2675.0478562786902,0.9995910447316767,60.0
40382,2675.0485507231347,0.9997265005468834,60.0
40383,2675.049245167579,1.00021833650632,60.0
40384,2675.0499396120235,0.9994780728270749,60.0
40385,2675.050634056468,0.999119693127295,60.0
40386,2675.0513285009124,0.9986199221523799,60.0
40387,2675.052022945357,1.0000841964538034,60.0
40388,2675.0527173898013,0.99866436693177,60.0
40389,2675.0534118342457,0.99917167932818,60.0
40390,2675.05410627869,0.9999620470664701,60.0
40391,2675.0548007231346,0.999705335314035,60.0
40392,2675.055495167579,0.9994975973819633,60.0
40393,2675.0561896120234,0.9990748856893132,60.0
40394,2675.056884056468,1.00006971574189,60.0
40395,2675.0575785009123,1.0008761184223034,60.0
40396,2675.0582729453567,0.9996486959333367,60.0
40397,2675.058967389801,0.99951815664923,60.0
40398,2675.059661834246,0.9990612617729866,60.0
40399,2675.0603562786905,0.9997797485024399,60.0
40400,2675.061050723135,1.0002212267275834,60.0
40401,2675.0617451675794,1.0002320878414668,60.0
40402,2675.062439612024,0.9989520040373067,60.0
40403,2675.0631340564682,1.0008904647028967,60.0
40404,2675.0638285009127,0.9993853138234767,60.0
40405,2675.064522945357,0.9996667320253766,60.0
40406,2675.0652173898015,1.000827088258365,60.0
40407,2675.065911834246,0.9989661257337333,60.0
40408,2675.0666062786904,0.9999655405538933,60.0
40409,2675.067300723135,0.99994479013851,60.0
40410,2675.0679951675793,0.9998385977012,60.0
40411,2675.0686896120237,0.9988353283809,60.0
40412,2675.069384056468,0.9997205047870333,60.0
40413,2675.0700785009126,1.0003343995999334,60.0
40414,2675.070772945357,0.9999776537758566,60.0
40415,2675.0714673898015,0.9994244393150667,60.0
40416,2675.072161834246,1.0001296222336666,60.0
40417,2675.0728562786903,0.999718223986795,60.0
40418,2675.0735507231348,0.9990809938980699,60.0
40419,2675.074245167579,1.0002063642922299,60.0
40420,2675.0749396120236,1.0001738152947166,60.0
40421,2675.075634056468,1.0003912108977933,60.0
40422,2675.0763285009125,0.9987294259796434,60.0
40423,2675.077022945357,0.9996214284777399,60.0
40424,2675.0777173898014,1.0006514696814501,60.0
40425,2675.078411834246,1.0008187730555966,60.0
40426,2675.0791062786902,0.99939376805514,60.0
40427,2675.0798007231347,0.999457907292655,60.0
40428,2675.080495167579,0.9996825567028468,60.0
40429,2675.0811896120235,0.9996103269823532,60.0
40430,2675.081884056468,0.9994525541205533,60.0
40431,2675.0825785009124,1.0006133706819933,60.0
40432,2675.083272945357,0.9995399950847098,60.0
40433,2675.0839673898013,0.9988754561271768,60.0
40434,2675.0846618342457,1.0003391174563065,60.0
40435,2675.08535627869,0.9996092539120633,60.0
40436,2675.0860507231346,1.0006397435820666,60.0
40437,2675.086745167579,0.999648624694885,60.0
40438,2675.0874396120234,0.9999454098638365,60.0
40439,2675.088134056468,0.99936448077303,60.0
40440,2675.0888285009128,0.9995997317489866,60.0
40441,2675.089522945357,0.9999392647801367,60.0
40442,2675.0902173898016,0.999760844851455,60.0
40443,2675.090911834246,1.0003449294942934,60.0
40444,2675.0916062786905,1.00012841454352,60.0
40445,2675.092300723135,0.9992835101228533,60.0
40446,2675.0929951675794,1.0002713594952002,60.0
40447,2675.093689612024,1.0002839394783567,60.0
40448,2675.0943840564682,0.9994617121248801,60.0
40449,2675.0950785009127,1.00009352757635,60.0
40450,2675.095772945357,0.99968650108337,60.0
40451,2675.0964673898015,1.0001345540731668,60.0
40452,2675.097161834246,1.0001084887983667,60.0
40453,2675.0978562786904,0.99923264898,60.0
40454,2675.098550723135,1.00040697938293,60.0
40455,2675.0992451675793,1.00004884241536,60.0
40456,2675.0999396120237,1.0007833900659,60.0
40457,2675.100634056468,0.9993387374488333,60.0
40458,2675.1013285009126,1.0002639646688702,60.0
40459,2675.102022945357,1.0003064550882865,60.0
40460,2675.1027173898015,0.9995922814620734,60.0
40461,2675.103411834246,1.0006135068786532,60.0
40462,2675.1041062786903,0.9991847103081534,60.0
40463,2675.1048007231348,0.99847124437315,60.0
40464,2675.105495167579,1.00156971322154,60.0
40465,2675.1061896120236,0.99981971807595,60.0
40466,2675.106884056468,0.9999351668525099,60.0
40467,2675.1075785009125,0.9999292585122067,60.0
40468,2675.108272945357,1.0001956180073932,60.0
40469,2675.1089673898014,0.99874335477464,60.0
40470,2675.109661834246,0.9998939148835166,60.0
40471,2675.1103562786902,0.9999559180799767,60.0
40472,2675.1110507231347,1.0003743081723568,60.0
40473,2675.111745167579,0.9994152055648801,60.0
40474,2675.1124396120235,0.9992382067197401,60.0
40475,2675.113134056468,0.9992993395944649,60.0
40476,2675.1138285009124,1.0000786395125234,60.0
40477,2675.114522945357,1.000339599053775,60.0
40478,2675.1152173898013,1.0012290093450233,60.0
40479,2675.1159118342457,0.9993413914780249,60.0
40480,2675.11660627869,0.9996294398777233,60.0
40481,2675.1173007231346,0.9986086853840167,60.0
40482,2675.117995167579,1.00022945222048,60.0
40483,2675.118689612024,0.9997626823013434,60.0
40484,2675.1193840564683,1.0000042019555666,60.0
40485,2675.1200785009128,0.9991503550186566,60.0
40486,2675.120772945357,0.99891862833814,60.0
40487,2675.1214673898016,1.0001036225733102,60.0
40488,2675.122161834246,0.9993093568562034,60.0
40489,2675.1228562786905,0.9996867031741866,60.0
40490,2675.123550723135,0.9990156739095699,60.0
40491,2675.1242451675794,1.0005149796334298,60.0
40492,2675.124939612024,0.9991899965714298,60.0
40493,2675.1256340564682,0.9992508381702535,60.0
40494,2675.1263285009127,1.0003753721564068,60.0
40495,2675.127022945357,0.9996808652576634,60.0
40496,2675.1277173898015,1.0004368738035667,60.0
40497,2675.128411834246,0.999242966520125,60.0
40498,2675.1291062786904,1.0005250321809733,60.0
40499,2675.129800723135,1.0005329024373433,60.0
40500,2675.1304951675793,0.99977730079643,60.0
40501,2675.1311896120237,0.9997772301684268,60.0
40502,2675.131884056468,1.00013914121675,60.0
40503,2675.1325785009126,0.9999457074539699,60.0
40504,2675.133272945357,0.9994855634881533,60.0
40505,2675.1339673898015,0.9998709418081634,60.0
40506,2675.134661834246,1.0004128811753734,60.0
40507,2675.1353562786903,0.999424282824085,60.0
40508,2675.1360507231348,0.99994777605985,60.0
40509,2675.136745167579,0.99954851141637,60.0
40510,2675.1374396120236,1.0014232727262866,60.0
40511,2675.138134056468,1.0001268210007233,60.0
40512,2675.1388285009125,0.9995151908401066,60.0
40513,2675.139522945357,1.0007012280961,60.0
40514,2675.1402173898014,1.0006190810697901,60.0
40515,2675.140911834246,1.00014211293764,60.0
40516,2675.1416062786902,1.00024945025268,60.0
40517,2675.1423007231347,0.9990375567944599,60.0
40518,2675.142995167579,1.0000002094747769,60.0
40519,2675.1436896120235,0.99898680672803,60.0
40520,2675.144384056468,0.9999347046456034,60.0
40521,2675.1450785009124,0.9993617390328599,60.0
40522,2675.145772945357,0.9995456544365866,60.0
40523,2675.1464673898013,0.9994546689996033,60.0
40524,2675.1471618342457,0.9997583661305701,60.0
40525,2675.14785627869,0.9990951552870033,60.0
40526,2675.148550723135,0.9994349732676366,60.0
40527,2675.1492451675795,0.9988463067264967,60.0
40528,2675.149939612024,0.998979189046495,60.0
40529,2675.1506340564683,1.0008912865362967,60.0
40530,2675.1513285009128,1.0000088592123835,60.0
40531,2675.152022945357,0.9991149141378534,60.0
40532,2675.1527173898016,1.00039570512942,60.0
40533,2675.153411834246,0.9998090152229601,60.0
40534,2675.1541062786905,1.000444571406795,60.0
40535,2675.154800723135,1.0002356831433434,60.0
40536,2675.1554951675794,0.9991886051416033,60.0
40537,2675.156189612024,1.00011282715453,60.0
40538,2675.1568840564682,1.0001698790553133,60.0
40539,2675.1575785009127,1.0002844741049166,60.0
40540,2675.158272945357,1.0001514488435967,60.0
40541,2675.1589673898015,0.99958196972699,60.0
40542,2675.159661834246,1.0000685611614235,60.0
40543,2675.1603562786904,0.9998799599575499,60.0
40544,2675.161050723135,0.99896266353483,60.0
40545,2675.1617451675793,0.99927401025708,60.0
40546,2675.1624396120237,0.9997171280707899,60.0
40547,2675.163134056468,1.0008563756302966,60.0
40548,2675.1638285009126,0.9999364152625966,60.0
40549,2675.164522945357,1.00134882868966,60.0
40550,2675.1652173898015,0.9999943283691399,60.0
40551,2675.165911834246,1.000431944419655,60.0
40552,2675.1666062786903,1.0001756408506368,60.0
40553,2675.1673007231348,1.0000917416100334,60.0
40554,2675.167995167579,0.9989240689703066,60.0
40555,2675.1686896120236,1.0003073197112233,60.0
40556,2675.169384056468,1.0001842463717965,60.0
40557,2675.1700785009125,0.99956989497323,60.0
40558,2675.170772945357,0.99979251390032,60.0
40559,2675.1714673898014,1.0000443680154734,60.0
40560,2675.172161834246,1.0000267871740764,60.0
40561,2675.1728562786902,1.00081091248546,60.0
40562,2675.1735507231347,1.0002386202988098,60.0
40563,2675.174245167579,0.9994294530675901,60.0
40564,2675.1749396120235,0.99926361576192,60.0
40565,2675.175634056468,1.000081826539275,60.0
40566,2675.1763285009124,1.0004218467559032,60.0
40567,2675.177022945357,1.0005617943597198,60.0
40568,2675.1777173898017,1.00054739649276,60.0
40569,2675.178411834246,1.0010065799695333,60.0
40570,2675.1791062786906,1.0006197526472034,60.0
40571,2675.179800723135,1.0006963210210533,60.0
40572,2675.1804951675795,0.9992697555692432,60.0
40573,2675.181189612024,1.00041237139112,60.0
40574,2675.1818840564683,0.9998941578762134,60.0
40575,2675.1825785009128,1.0004894378794733,60.0
40576,2675.183272945357,1.0000283227568934,60.0
40577,2675.1839673898016,0.99976982617273,60.0
40578,2675.184661834246,0.9994033949369433,60.0
40579,2675.1853562786905,0.9998512934383733,60.0
40580,2675.186050723135,1.0002169321763834,60.0
40581,2675.1867451675794,1.00001557124573,60.0
40582,2675.187439612024,0.9995123092887,60.0
40583,2675.1881340564682,0.9993403689100866,60.0
40584,2675.1888285009127,1.0001970280255035,60.0
40585,2675.189522945357,1.0002908695100767,60.0
40586,2675.1902173898015,0.9997894092969567,60.0
40587,2675.190911834246,0.9997424373553766,60.0
40588,2675.1916062786904,1.0000613467241102,60.0
40589,2675.192300723135,0.9996966919194534,60.0
40590,2675.1929951675793,1.00064296950093,60.0
40591,2675.1936896120237,0.9989593652928667,60.0
40592,2675.194384056468,1.0002520558099535,60.0
40593,2675.1950785009126,0.9996008291788933,60.0
40594,2675.195772945357,0.9999614383841567,60.0
40595,2675.1964673898015,1.0004259323262699,60.0
40596,2675.197161834246,0.9993090726002234,60.0
40597,2675.1978562786903,0.99952764788689,60.0
40598,2675.1985507231348,0.9997606957261667,60.0
40599,2675.199245167579,0.9987278199321833,60.0
40600,2675.1999396120236,1.0003045938482467,60.0
40601,2675.200634056468,1.0001369536814133,60.0
40602,2675.2013285009125,0.9999296101557033,60.0
40603,2675.202022945357,1.0007785713820299,60.0
40604,2675.2027173898014,1.0001007011324201,60.0
40605,2675.203411834246,0.99968520690277,60.0
40606,2675.2041062786902,0.9995123178188132,60.0
40607,2675.2048007231347,1.0000566156537434,60.0
40608,2675.205495167579,0.9992666911103033,60.0
40609,2675.2061896120235,0.9991564104892766,60.0
40610,2675.206884056468,0.9997193519159033,60.0
40611,2675.207578500913,1.0002124364527,60.0
40612,2675.2082729453573,1.0013199750332233,60.0
40613,2675.2089673898017,1.0003426307485832,60.0
40614,2675.209661834246,0.99963867572538,60.0
40615,2675.2103562786906,1.0003485087410167,60.0
40616,2675.211050723135,0.99913179901787,60.0
40617,2675.2117451675795,1.00057388428099,60.0
40618,2675.212439612024,0.99951654479721,60.0
40619,2675.2131340564683,0.9990765627540666,60.0
40620,2675.2138285009128,0.9995563250879368,60.0
40621,2675.214522945357,1.00156965382707,60.0
40622,2675.2152173898016,0.9995403865042,60.0
40623,2675.215911834246,1.0000920628634733,60.0
40624,2675.2166062786905,1.0001549911354,60.0
40625,2675.217300723135,1.0003281468145098,60.0
40626,2675.2179951675794,0.99960124237774,60.0
40627,2675.218689612024,0.9993189736181534,60.0
40628,2675.2193840564682,1.0001352149298048,60.0
40629,2675.2200785009127,0.9996650287435166,60.0
40630,2675.220772945357,0.9996928252614566,60.0
40631,2675.2214673898015,0.9995579541441567,60.0
40632,2675.222161834246,0.99983467031401,60.0
40633,2675.2228562786904,0.99985979077343,60.0
40634,2675.223550723135,1.0004956231950601,60.0
40635,2675.2242451675793,1.0002470511920467,60.0
40636,2675.2249396120237,0.9992874758638299,60.0
40637,2675.225634056468,0.999771992579755,60.0
40638,2675.2263285009126,0.9996558048661001,60.0
40639,2675.227022945357,0.9998981623483699,60.0
40640,2675.2277173898015,1.00002149533145,60.0
40641,2675.228411834246,0.9996005981101501,60.0
40642,2675.2291062786903,1.0012149316828933,60.0
40643,2675.2298007231348,0.9999395020023449,60.0
40644,2675.230495167579,1.0004549359652666,60.0
40645,2675.2311896120236,0.9993771021588366,60.0
40646,2675.231884056468,1.0007347370122266,60.0
40647,2675.2325785009125,1.0005263565076634,60.0
40648,2675.233272945357,1.0019268060777067,60.0
40649,2675.2339673898014,0.9994600068276868,60.0
40650,2675.234661834246,1.0004038097673866,60.0
40651,2675.2353562786902,0.9995692945825633,60.0
40652,2675.2360507231347,1.0000660150155651,60.0
40653,2675.236745167579,1.0001608634033734,60.0
40654,2675.237439612024,0.99969283852668,60.0
40655,2675.2381340564684,0.99977333052224,60.0
40656,2675.238828500913,0.99899737325059,60.0
40657,2675.2395229453573,0.99988641405647,60.0
40658,2675.2402173898017,0.9999410423404532,60.0
40659,2675.240911834246,1.00033950774633,60.0
40660,2675.2416062786906,1.0004863974673202,60.0
40661,2675.242300723135,0.9998545883358734,60.0
40662,2675.2429951675795,1.00060030394707,60.0
40663,2675.243689612024,1.0000569931330998,60.0
40664,2675.2443840564683,0.9996567535477667,60.0
40665,2675.2450785009128,0.9989504258168767,60.0
40666,2675.245772945357,0.9987926775524301,60.0
40667,2675.2464673898016,1.00034051116008,60.0
40668,2675.247161834246,0.9995571055929933,60.0
40669,2675.2478562786905,0.9998018729427968,60.0
40670,2675.248550723135,1.0000779626084333,60.0
40671,2675.2492451675794,1.0007520589473102,60.0
40672,2675.249939612024,1.00000415909503,60.0
40673,2675.2506340564682,1.0000414166275848,60.0
40674,2675.2513285009127,0.99879469745457,60.0
40675,2675.252022945357,0.9992942370933267,60.0
40676,2675.2527173898015,1.0004470802142467,60.0
40677,2675.253411834246,1.00024026519548,60.0
40678,2675.2541062786904,0.9998845025185634,60.0
40679,2675.254800723135,0.9993957205411134,60.0
40680,2675.2554951675793,0.9993217289649566,60.0
40681,2675.2561896120237,1.0003809165828066,60.0
40682,2675.256884056468,0.9989007565696166,60.0
40683,2675.2575785009126,0.9987148658927799,60.0
40684,2675.258272945357,1.0001944106621432,60.0
40685,2675.2589673898015,1.00047413007258,60.0
40686,2675.259661834246,0.9994538009907066,60.0
40687,2675.2603562786903,0.9988276412805733,60.0
40688,2675.2610507231348,1.0011844781088033,60.0
40689,2675.261745167579,1.0006699231908864,60.0
40690,2675.2624396120236,1.00053011720575,60.0
40691,2675.263134056468,1.0000251980193,60.0
40692,2675.2638285009125,0.9997381977092034,60.0
40693,2675.264522945357,1.0011243370038334,60.0
40694,2675.2652173898014,1.0004084132282134,60.0
40695,2675.265911834246,0.9993426062468567,60.0
40696,2675.2666062786907,1.0003971785072532,60.0
40697,2675.267300723135,1.0008086863513033,60.0
40698,2675.2679951675796,1.00001651128512,60.0
40699,2675.268689612024,0.9989498106697466,60.0
40700,2675.2693840564684,1.0001472756021166,60.0
40701,2675.270078500913,0.99988070572522,60.0
40702,2675.2707729453573,0.99943791450311,60.0
40703,2675.2714673898017,0.9998473317454467,60.0
40704,2675.272161834246,0.9999391379306832,60.0
40705,2675.2728562786906,0.9986236826916134,60.0
40706,2675.273550723135,0.99888443413318,60.0
40707,2675.2742451675795,0.99928523284478,60.0
40708,2675.274939612024,0.99953394733382,60.0
40709,2675.2756340564683,0.9997166999168234,60.0
40710,2675.2763285009128,0.9998771494648334,60.0
40711,2675.277022945357,0.9993470685858901,60.0
40712,2675.2777173898016,0.9993174624663267,60.0
40713,2675.278411834246,0.9986804162478267,60.0
40714,2675.2791062786905,0.9997560710367001,60.0
40715,2675.279800723135,1.00011976722461,60.0
40716,2675.2804951675794,0.9999259847457633,60.0
40717,2675.281189612024,0.998912043650225,60.0
40718,2675.2818840564682,1.0004045398032433,60.0
40719,2675.2825785009127,0.999228632484055,60.0
40720,2675.283272945357,0.9998259446905267,60.0
40721,2675.2839673898015,0.9999366726702833,60.0
40722,2675.284661834246,0.9992365829393067,60.0
40723,2675.2853562786904,0.99956583294306,60.0
40724,2675.286050723135,0.99961695835036,60.0
40725,2675.2867451675793,0.99909832092631,60.0
40726,2675.2874396120237,1.0004609812054766,60.0
40727,2675.288134056468,1.0001667758695534,60.0
40728,2675.2888285009126,0.9993951061329535,60.0
40729,2675.289522945357,0.9999751982449266,60.0
40730,2675.2902173898015,1.0002461800996334,60.0
40731,2675.290911834246,1.0001738578125934,60.0
40732,2675.2916062786903,1.00043335251072,60.0
40733,2675.2923007231348,1.00078068213199,60.0
40734,2675.292995167579,0.9991071276941367,60.0
40735,2675.2936896120236,0.9994036997743133,60.0
40736,2675.294384056468,0.9994312411828568,60.0
40737,2675.2950785009125,0.9989573553856667,60.0
40738,2675.295772945357,0.9999818701039566,60.0
40739,2675.296467389802,0.9996632610845566,60.0
40740,2675.2971618342463,1.0002579914908034,60.0
40741,2675.2978562786907,1.000035469697197,60.0
40742,2675.298550723135,0.99986732841303,60.0
40743,2675.2992451675796,0.99970563436754,60.0
40744,2675.299939612024,1.0005182821530634,60.0
40745,2675.3006340564684,0.9998729286863299,60.0
40746,2675.301328500913,0.99916539874622,60.0
40747,2675.3020229453573,1.0002650879389468,60.0
40748,2675.3027173898017,1.00008766178981,60.0
40749,2675.303411834246,1.00066745283402,60.0
40750,2675.3041062786906,0.999906155806325,60.0
40751,2675.304800723135,1.00067576607942,60.0
40752,2675.3054951675795,0.9999996142798201,60.0
40753,2675.306189612024,0.9993215593715099,60.0
40754,2675.3068840564683,1.0003769714363233,60.0
40755,2675.3075785009128,0.9994466388843334,60.0
40756,2675.308272945357,0.9994702337633901,60.0
40757,2675.3089673898016,0.998313928723215,60.0
40758,2675.309661834246,0.9996546773849467,60.0
40759,2675.3103562786905,1.00005380296554,60.0
40760,2675.311050723135,1.000197018991805,60.0
40761,2675.3117451675794,0.9991676239131,60.0
40762,2675.312439612024,0.9993931725831433,60.0
40763,2675.3131340564682,1.0002466074178349,60.0
40764,2675.3138285009127,0.9997663099490666,60.0
40765,2675.314522945357,0.9989052333904768,60.0
40766,2675.3152173898015,1.0004441776108166,60.0
40767,2675.315911834246,1.00012420522538,60.0
40768,2675.3166062786904,1.0002508667325167,60.0
40769,2675.317300723135,0.9994712613459934,60.0
40770,2675.3179951675793,0.9988557600589699,60.0
40771,2675.3186896120237,0.99953241143124,60.0
40772,2675.319384056468,0.9997159678851767,60.0
40773,2675.3200785009126,1.000517458840735,60.0
40774,2675.320772945357,1.00034586087026,60.0
40775,2675.3214673898015,1.0006325243917467,60.0
40776,2675.322161834246,0.9999174904097533,60.0
40777,2675.3228562786903,0.9997017838177668,60.0
40778,2675.3235507231348,1.0000265175509033,60.0
40779,2675.324245167579,0.9993726377259899,60.0
40780,2675.3249396120236,0.9996332271152767,60.0
40781,2675.325634056468,0.9991468041515067,60.0
40782,2675.326328500913,1.00016796158554,60.0
40783,2675.3270229453574,0.9999208845551699,60.0
40784,2675.327717389802,0.99978974055837,60.0
40785,2675.3284118342463,0.9994276341254866,60.0
40786,2675.3291062786907,1.0003851542060833,60.0
40787,2675.329800723135,0.9988600238715567,60.0
40788,2675.3304951675796,1.0001685709090866,60.0
40789,2675.331189612024,0.99961358351597,60.0
40790,2675.3318840564684,0.9992325057981732,60.0
40791,2675.332578500913,0.99937028263635,60.0
40792,2675.3332729453573,0.9995848664551567,60.0
40793,2675.3339673898017,0.9994071498041133,60.0
40794,2675.334661834246,0.9992046986904399,60.0
40795,2675.3353562786906,0.9999626086414101,60.0
40796,2675.336050723135,0.999378474233205,60.0
40797,2675.3367451675795,0.9994002849117033,60.0
40798,2675.337439612024,0.9996461778613001,60.0
40799,2675.3381340564683,1.0008602315740267,60.0
40800,2675.3388285009128,1.001103530618215,60.0
40801,2675.339522945357,1.0006428923830668,60.0
40802,2675.3402173898016,1.00163312985946,60.0
40803,2675.340911834246,0.9999418670363666,60.0
40804,2675.3416062786905,1.0008115047125898,60.0
40805,2675.342300723135,1.0003765339191169,60.0
40806,2675.3429951675794,1.0004914597177867,60.0
40807,2675.343689612024,0.9996777870498234,60.0
40808,2675.3443840564682,0.9994126634003767,60.0
40809,2675.3450785009127,1.0001582536071167,60.0
40810,2675.345772945357,1.0007304998924933,60.0
40811,2675.3464673898015,0.9994689107339534,60.0
40812,2675.347161834246,0.9994393480734832,60.0
40813,2675.3478562786904,1.00036366893893,60.0
40814,2675.348550723135,0.9995782303593366,60.0
40815,2675.3492451675793,1.00006526737815,60.0
40816,2675.3499396120237,1.000704103597005,60.0
40817,2675.350634056468,0.99991099464278,60.0
40818,2675.3513285009126,0.9989313325888567,60.0
40819,2675.352022945357,0.9996087806949833,60.0
40820,2675.3527173898015,0.9997826108394067,60.0
40821,2675.353411834246,0.999917892641215,60.0
40822,2675.3541062786903,1.00050910781979,60.0
40823,2675.3548007231348,0.9993059594996799,60.0
40824,2675.3554951675796,1.0005855022178933,60.0
40825,2675.356189612024,1.0001094137561966,60.0
40826,2675.3568840564685,0.9992854145798801,60.0
40827,2675.357578500913,0.999267654539405,60.0
40828,2675.3582729453574,0.9988330059899301,60.0
40829,2675.358967389802,1.0000866430583735,60.0
40830,2675.3596618342463,1.0001503384384034,60.0
40831,2675.3603562786907,1.0004084095926,60.0
40832,2675.361050723135,0.9998566767345167,60.0
40833,2675.3617451675796,0.9999266955059201,60.0
40834,2675.362439612024,1.00069592043706,60.0
40835,2675.3631340564684,0.9994298543840533,60.0
40836,2675.363828500913,0.9999899958624799,60.0
40837,2675.3645229453573,0.9992507939783467,60.0
40838,2675.3652173898017,1.00049001060433,60.0
40839,2675.365911834246,0.99964375215127,60.0
40840,2675.3666062786906,0.9984731783734033,60.0
40841,2675.367300723135,1.0001233003791368,60.0
40842,2675.3679951675795,0.9997675526286635,60.0
40843,2675.368689612024,0.9994966596525567,60.0
40844,2675.3693840564683,0.9998232411522099,60.0
40845,2675.3700785009128,0.9993096458869767,60.0
40846,2675.370772945357,0.999145819178895,60.0
40847,2675.3714673898016,0.9996318463766899,60.0
40848,2675.372161834246,0.9999934930443234,60.0
40849,2675.3728562786905,0.9997406131753067,60.0
40850,2675.373550723135,0.99992465342526,60.0
40851,2675.3742451675794,0.99958222566217,60.0
40852,2675.374939612024,1.0002218705606067,60.0
40853,2675.3756340564682,0.9996995966657267,60.0
40854,2675.3763285009127,1.0002541734045,60.0
40855,2675.377022945357,1.001738935803715,60.0
40856,2675.3777173898015,0.99899834425441,60.0
40857,2675.378411834246,0.9997892917760965,60.0
40858,2675.3791062786904,0.99922027856026,60.0
40859,2675.379800723135,0.9994624791070565,60.0
40860,2675.3804951675793,1.0007882547942,60.0
40861,2675.3811896120237,0.99969075139661,60.0
40862,2675.381884056468,0.9995554913156467,60.0
40863,2675.3825785009126,0.9997858394483767,60.0
40864,2675.383272945357,0.9995342028205033,60.0
40865,2675.3839673898015,1.000006979710035,60.0
40866,2675.384661834246,0.99858620416195,60.0
40867,2675.385356278691,0.9996410816565401,60.0
40868,2675.386050723135,1.0000240931099333,60.0
40869,2675.3867451675796,0.9992971486264767,60.0
40870,2675.387439612024,1.00023647377663,60.0
40871,2675.3881340564685,0.9991980841667649,60.0
40872,2675.388828500913,0.9999954779568867,60.0
40873,2675.3895229453574,0.9997267199791766,60.0
40874,2675.390217389802,0.9996318816040833,60.0
40875,2675.3909118342463,1.00000761113999,60.0
40876,2675.3916062786907,0.9994315711050433,60.0
40877,2675.392300723135,0.9999362771683967,60.0
40878,2675.3929951675796,0.9999752470941333,60.0
40879,2675.393689612024,1.00019163993305,60.0
40880,2675.3943840564684,0.998920092830565,60.0
40881,2675.395078500913,0.99995106203806,60.0
40882,2675.3957729453573,0.9998292579813967,60.0
40883,2675.3964673898017,0.99981259913934,60.0
40884,2675.397161834246,0.9997726827098999,60.0
40885,2675.3978562786906,0.9998075534525599,60.0
40886,2675.398550723135,1.0008955518826934,60.0
40887,2675.3992451675795,0.999248553048085,60.0
40888,2675.399939612024,1.0006267637887267,60.0
40889,2675.4006340564683,0.9999328970197934,60.0
40890,2675.4013285009128,0.9993889878742866,60.0
40891,2675.402022945357,0.9996403126529967,60.0
40892,2675.4027173898016,0.9996269025467099,60.0
40893,2675.403411834246,0.9998034355805266,60.0
40894,2675.4041062786905,1.0007757495578966,60.0
40895,2675.404800723135,0.9992576691704967,60.0
40896,2675.4054951675794,0.9996786487853466,60.0
40897,2675.406189612024,1.0002638070102634,60.0
40898,2675.4068840564682,0.9991243760057267,60.0
40899,2675.4075785009127,0.9994190548926234,60.0
40900,2675.408272945357,1.0001573273122932,60.0
40901,2675.4089673898015,0.99976248804435,60.0
40902,2675.409661834246,1.0009864838723133,60.0
40903,2675.4103562786904,1.00010955865512,60.0
40904,2675.411050723135,0.9999463072123701,60.0
40905,2675.4117451675793,0.999678371341495,60.0
40906,2675.4124396120237,0.9991681341557334,60.0
40907,2675.413134056468,0.99990682174868,60.0
40908,2675.4138285009126,0.9993044917709634,60.0
40909,2675.414522945357,0.9995423924607599,60.0
40910,2675.415217389802,0.9994989586714866,60.0
40911,2675.4159118342463,1.0008064142134965,60.0
40912,2675.416606278691,1.0001043289496467,60.0
40913,2675.417300723135,0.9989419927181701,60.0
40914,2675.4179951675796,0.99940458477807,60.0
40915,2675.418689612024,0.9995327906482633,60.0
40916,2675.4193840564685,0.99959194314594,60.0
40917,2675.420078500913,0.9999608952189932,60.0
40918,2675.4207729453574,0.9994572714078399,60.0
40919,2675.421467389802,1.0003762209241867,60.0
40920,2675.4221618342463,1.0005351881368265,60.0
40921,2675.4228562786907,1.0004131851486966,60.0
40922,2675.423550723135,1.0008596735640567,60.0
40923,2675.4242451675796,1.0001341395082266,60.0
40924,2675.424939612024,0.99970201888067,60.0
40925,2675.4256340564684,0.99934742005758,60.0
40926,2675.426328500913,0.99945470460491,60.0
40927,2675.4270229453573,1.0000588448036067,60.0
40928,2675.4277173898017,0.9999320496203999,60.0
40929,2675.428411834246,1.0008540155798735,60.0
40930,2675.4291062786906,0.999906820572785,60.0
40931,2675.429800723135,0.9992343903264033,60.0
40932,2675.4304951675795,0.9995416223056001,60.0
40933,2675.431189612024,0.99971986630675,60.0
40934,2675.4318840564683,0.9997738946376801,60.0
40935,2675.4325785009128,1.0008418022627366,60.0
40936,2675.433272945357,1.0002130910193268,60.0
40937,2675.4339673898016,0.9995856808947367,60.0
40938,2675.434661834246,0.9988837328233834,60.0
40939,2675.4353562786905,1.0000285934297066,60.0
40940,2675.436050723135,0.99969540362715,60.0
40941,2675.4367451675794,1.00025324489504,60.0
40942,2675.437439612024,0.9986364512902299,60.0
40943,2675.4381340564682,0.9991188273538233,60.0
40944,2675.4388285009127,1.00032617327067,60.0
40945,2675.439522945357,0.9995940817739832,60.0
40946,2675.4402173898015,1.0001024359835033,60.0
40947,2675.440911834246,0.9992547246905833,60.0
40948,2675.4416062786904,1.00061441531528,60.0
40949,2675.442300723135,1.0003531180599934,60.0
40950,2675.4429951675793,1.0000652433553234,60.0
40951,2675.4436896120237,1.001425589518055,60.0
40952,2675.4443840564686,0.9994276450917866,60.0
40953,2675.445078500913,1.0002970559924749,60.0
40954,2675.4457729453575,0.99978777124559,60.0
40955,2675.446467389802,0.99925400801982,60.0
40956,2675.4471618342463,0.9998050075236566,60.0
40957,2675.447856278691,0.9998031363984833,60.0
40958,2675.448550723135,1.00037738570033,60.0
40959,2675.4492451675796,0.999262215808,60.0
40960,2675.449939612024,0.9990053805686899,60.0
40961,2675.4506340564685,0.9995506739094168,60.0
40962,2675.451328500913,0.9997126149493267,60.0
40963,2675.4520229453574,0.9997263924814533,60.0
40964,2675.452717389802,0.9998922787300533,60.0
40965,2675.4534118342463,1.0005529836535567,60.0
40966,2675.4541062786907,0.998839916708895,60.0
40967,2675.454800723135,0.9997078165426267,60.0
40968,2675.4554951675796,1.0008820212517067,60.0
40969,2675.456189612024,0.9997737405765799,60.0
40970,2675.4568840564684,1.0003852469803267,60.0
40971,2675.457578500913,0.9999832346911034,60.0
40972,2675.4582729453573,0.9992894934656432,60.0
40973,2675.4589673898017,0.9999229614937768,60.0
40974,2675.459661834246,1.000518235941065,60.0
40975,2675.4603562786906,0.9990232000778133,60.0
40976,2675.461050723135,1.0006385241133733,60.0
40977,2675.4617451675795,0.99956660583128,60.0
40978,2675.462439612024,1.0000795828195066,60.0
40979,2675.4631340564683,0.9999615476164001,60.0
40980,2675.4638285009128,1.0002786727141768,60.0
40981,2675.464522945357,0.9997759319390734,60.0
40982,2675.4652173898016,1.0001992870179233,60.0
40983,2675.465911834246,0.9992068998525268,60.0
40984,2675.4666062786905,0.99912908780447,60.0
40985,2675.467300723135,0.99931100184737,60.0
40986,2675.4679951675794,0.99910721119867,60.0
40987,2675.468689612024,0.99911333139076,60.0
40988,2675.4693840564682,0.9993010623460866,60.0
40989,2675.4700785009127,0.9998676958528834,60.0
40990,2675.470772945357,1.0002675230580669,60.0
40991,2675.4714673898015,0.9997397126205634,60.0
40992,2675.472161834246,1.0004241000035734,60.0
40993,2675.4728562786904,0.99988102832795,60.0
40994,2675.473550723135,1.00021778903563,60.0
40995,2675.4742451675797,0.9991245612177333,60.0
40996,2675.474939612024,0.9996551254693501,60.0
40997,2675.4756340564686,0.9989663566715034,60.0
40998,2675.476328500913,0.99962622020024,60.0
40999,2675.4770229453575,0.9997461723686732,60.0
41000,2675.477717389802,0.9993238052233799,60.0
41001,2675.4784118342463,0.9993739766170666,60.0
41002,2675.479106278691,0.99994123068089,60.0
41003,2675.479800723135,0.9987754544445634,60.0
41004,2675.4804951675796,0.9996064695013233,60.0
41005,2675.481189612024,1.0000471575367,60.0
41006,2675.4818840564685,0.9997905250984033,60.0
41007,2675.482578500913,0.9989210918222766,60.0
41008,2675.4832729453574,0.9991563012482801,60.0
41009,2675.483967389802,0.9989402151470966,60.0
41010,2675.4846618342463,0.99963304866969,60.0
41011,2675.4853562786907,1.0001951888618799,60.0
41012,2675.486050723135,0.9992911901524834,60.0
41013,2675.4867451675796,0.9993906131009633,60.0
41014,2675.487439612024,0.9998017691544567,60.0
41015,2675.4881340564684,0.99909024145115,60.0
41016,2675.488828500913,0.99987326821343,60.0
41017,2675.4895229453573,0.9987618431290102,60.0
41018,2675.4902173898017,0.9987355916330566,60.0
41019,2675.490911834246,0.9999639611940401,60.0
41020,2675.4916062786906,0.9998913430165833,60.0
41021,2675.492300723135,0.9992513915133966,60.0
41022,2675.4929951675795,0.9990861624255034,60.0
41023,2675.493689612024,1.0000864091973634,60.0
41024,2675.4943840564683,0.9990708986993434,60.0
41025,2675.4950785009128,0.9997768184570767,60.0
41026,2675.495772945357,0.9986519920398234,60.0
41027,2675.4964673898016,0.9989222891503067,60.0
41028,2675.497161834246,1.0001805868584335,60.0
41029,2675.4978562786905,0.9991752942132467,60.0
41030,2675.498550723135,0.9993061665390233,60.0
41031,2675.4992451675794,0.9983307099881432,60.0
41032,2675.499939612024,0.99938818749275,60.0
41033,2675.5006340564682,0.9996122988714466,60.0
41034,2675.5013285009127,1.0003239392639067,60.0
41035,2675.502022945357,0.99823329840891,60.0
41036,2675.5027173898015,0.9991607249919633,60.0
41037,2675.503411834246,0.99959359924206,60.0
41038,2675.504106278691,0.9999761140948499,60.0
41039,2675.5048007231353,0.9997889531326267,60.0
41040,2675.5054951675797,0.9986420356087601,60.0
41041,2675.506189612024,1.0002029985915533,60.0
41042,2675.5068840564686,0.9993778744113667,60.0
41043,2675.507578500913,0.9990693536531134,60.0
41044,2675.5082729453575,0.99972412788913,60.0
41045,2675.508967389802,0.9992246731717267,60.0
41046,2675.5096618342463,0.99972975037905,60.0
41047,2675.510356278691,0.9991974921746533,60.0
41048,2675.511050723135,0.9991069508164133,60.0
41049,2675.5117451675796,0.99925697385531,60.0
41050,2675.512439612024,0.9998282949489866,60.0
41051,2675.5131340564685,0.9995641049087401,60.0
41052,2675.513828500913,0.9992721939165433,60.0
41053,2675.5145229453574,0.9997504328730901,60.0
41054,2675.515217389802,1.0004020796761866,60.0
41055,2675.5159118342463,0.9994706527832501,60.0
41056,2675.5166062786907,0.9991473264322067,60.0
41057,2675.517300723135,1.00014432777553,60.0
41058,2675.5179951675796,0.9994575790246,60.0
41059,2675.518689612024,1.0001443621917534,60.0
41060,2675.5193840564684,0.9995967963269067,60.0
41061,2675.520078500913,0.99978744266201,60.0
41062,2675.5207729453573,0.9995629840701333,60.0
41063,2675.5214673898017,0.9994191871072733,60.0
41064,2675.522161834246,0.9989457861952933,60.0
41065,2675.5228562786906,0.9997119791051267,60.0
41066,2675.523550723135,0.9994925927442333,60.0
41067,2675.5242451675795,0.9989867792517501,60.0
41068,2675.524939612024,0.9995686471225568,60.0
41069,2675.5256340564683,1.0002607950489433,60.0
41070,2675.5263285009128,0.9997353598537533,60.0
41071,2675.527022945357,0.9988875918336033,60.0
41072,2675.5277173898016,0.9993920869919233,60.0
41073,2675.528411834246,0.9998852140697566,60.0
41074,2675.5291062786905,0.9999578636596967,60.0
41075,2675.529800723135,1.0012214445746799,60.0
41076,2675.5304951675794,0.9985603087148333,60.0
41077,2675.531189612024,1.000524495253485,60.0
41078,2675.5318840564682,0.9995069657676333,60.0
41079,2675.5325785009127,0.99921617695192,60.0
41080,2675.5332729453576,1.0003587102168001,60.0
41081,2675.533967389802,0.9993488449194533,60.0
41082,2675.5346618342464,0.99851498324208,60.0
41083,2675.535356278691,0.9991662754469867,60.0
41084,2675.5360507231353,1.001050382185585,60.0
41085,2675.5367451675797,0.9985831630968667,60.0
41086,2675.537439612024,0.9997000513512967,60.0
41087,2675.5381340564686,0.9993949893586501,60.0
41088,2675.538828500913,0.9995192845478001,60.0
41089,2675.5395229453575,0.9998193766100302,60.0
41090,2675.540217389802,0.9995718305642299,60.0
41091,2675.5409118342463,0.9998383147792334,60.0
41092,2675.541606278691,0.99948632449827,60.0
41093,2675.542300723135,0.9994279377909967,60.0
41094,2675.5429951675796,1.0001085930340634,60.0
41095,2675.543689612024,1.00010030489151,60.0
41096,2675.5443840564685,1.00061992201734,60.0
41097,2675.545078500913,1.0011419201628267,60.0
41098,2675.5457729453574,0.9994768372577233,60.0
41099,2675.546467389802,0.9985369588623567,60.0
41100,2675.5471618342463,0.99950604537016,60.0
41101,2675.5478562786907,1.00062778121731,60.0
41102,2675.548550723135,0.9992647439441567,60.0
41103,2675.5492451675796,1.0000262482717102,60.0
41104,2675.549939612024,0.99975667387183,60.0
41105,2675.5506340564684,0.99829586206884,60.0
41106,2675.551328500913,0.9993664417534434,60.0
41107,2675.5520229453573,1.000545732603555,60.0
41108,2675.5527173898017,1.0001299608523766,60.0
41109,2675.553411834246,1.0001035919166565,60.0
41110,2675.5541062786906,0.9997914886443132,60.0
41111,2675.554800723135,1.0007501667828864,60.0
41112,2675.5554951675795,0.9994933635314333,60.0
41113,2675.556189612024,0.9985475779616401,60.0
41114,2675.5568840564683,0.9991457007004634,60.0
41115,2675.5575785009128,0.9996560828342335,60.0
41116,2675.558272945357,1.00032335469535,60.0
41117,2675.5589673898016,0.9986492758240866,60.0
41118,2675.559661834246,1.00008250353664,60.0
41119,2675.5603562786905,0.9992622291397901,60.0
41120,2675.561050723135,0.99981413682216,60.0
41121,2675.5617451675794,0.9995147709658833,60.0
41122,2675.562439612024,0.9991564160739933,60.0
41123,2675.5631340564687,0.99908012218029,60.0
41124,2675.563828500913,0.99896560576285,60.0
41125,2675.5645229453576,0.9983690184927333,60.0
41126,2675.565217389802,1.000462936901653,60.0
41127,2675.5659118342464,1.0003880343358067,60.0
41128,2675.566606278691,0.9995503035762633,60.0
41129,2675.5673007231353,0.9995608406932833,60.0
41130,2675.5679951675797,0.9990304917831301,60.0
41131,2675.568689612024,0.9995078419705467,60.0
41132,2675.5693840564686,0.9992850320920833,60.0
41133,2675.570078500913,0.9994568919669199,60.0
41134,2675.5707729453575,0.9990477372750167,60.0
41135,2675.571467389802,0.99983300765058,60.0
41136,2675.5721618342463,0.99993227080426,60.0
41137,2675.572856278691,0.9987856741372066,60.0
41138,2675.573550723135,0.99866095626194,60.0
41139,2675.5742451675796,0.9991331423957933,60.0
41140,2675.574939612024,1.0001598280651331,60.0
41141,2675.5756340564685,0.9990142113860233,60.0
41142,2675.576328500913,0.9999296713827434,60.0
41143,2675.5770229453574,0.9992043569641034,60.0
41144,2675.577717389802,0.99982879066832,60.0
41145,2675.5784118342463,1.000352443613625,60.0
41146,2675.5791062786907,0.9994512442837701,60.0
41147,2675.579800723135,1.00052355284177,60.0
41148,2675.5804951675796,0.9993458524489167,60.0
41149,2675.581189612024,0.9987896590754167,60.0
41150,2675.5818840564684,0.99938112951736,60.0
41151,2675.582578500913,0.9994945252976299,60.0
41152,2675.5832729453573,0.9995246932237233,60.0
41153,2675.5839673898017,1.000018291641695,60.0
41154,2675.584661834246,0.9984465287231533,60.0
41155,2675.5853562786906,0.99803935643796,60.0
41156,2675.586050723135,0.9998401687626034,60.0
41157,2675.5867451675795,0.9999863585691866,60.0
41158,2675.587439612024,0.9994039934123733,60.0
41159,2675.5881340564683,0.9992023116655799,60.0
41160,2675.5888285009128,0.99942246820382,60.0
41161,2675.589522945357,0.9994658031062249,60.0
41162,2675.5902173898016,0.9994300995247,60.0
41163,2675.590911834246,0.9985106561523366,60.0
41164,2675.5916062786905,0.9985920185782033,60.0
41165,2675.592300723135,0.99981450933534,60.0
41166,2675.59299516758,1.0002908516497533,60.0
41167,2675.5936896120243,0.9994087143494399,60.0
41168,2675.5943840564687,0.9998706993893633,60.0
41169,2675.595078500913,0.9991251826638167,60.0
41170,2675.5957729453576,0.9994659144608934,60.0
41171,2675.596467389802,0.9987301205418332,60.0
41172,2675.5971618342464,0.999181238338685,60.0
41173,2675.597856278691,0.99888190374475,60.0
41174,2675.5985507231353,0.99912867637895,60.0
41175,2675.5992451675797,1.00013136467307,60.0
41176,2675.599939612024,0.9993406492004867,60.0
41177,2675.6006340564686,0.9989858046320533,60.0
41178,2675.601328500913,0.9995797785928899,60.0
41179,2675.6020229453575,0.99894463933568,60.0
41180,2675.602717389802,0.9987011765600101,60.0
41181,2675.6034118342463,0.9991007659934601,60.0
41182,2675.604106278691,0.99973935909007,60.0
41183,2675.604800723135,0.99920860079073,60.0
41184,2675.6054951675796,0.9990094824593934,60.0
41185,2675.606189612024,0.9995905062444733,60.0
41186,2675.6068840564685,0.9996094816553733,60.0
41187,2675.607578500913,0.9988793697644001,60.0
41188,2675.6082729453574,0.9986375106895499,60.0
41189,2675.608967389802,0.99900023322945,60.0
41190,2675.6096618342463,0.999857473709305,60.0
41191,2675.6103562786907,0.9996991327632833,60.0
41192,2675.611050723135,0.9998410941638951,60.0
41193,2675.6117451675796,0.9992516033947934,60.0
41194,2675.612439612024,0.99995469253876,60.0
41195,2675.6131340564684,0.9995339677215433,60.0
41196,2675.613828500913,0.9992651258635601,60.0
41197,2675.6145229453573,0.99870767002766,60.0
41198,2675.6152173898017,0.9984744203461867,60.0
41199,2675.615911834246,0.99989724221914,60.0
41200,2675.6166062786906,0.9996031317348034,60.0
41201,2675.617300723135,0.997804216284395,60.0
41202,2675.6179951675795,0.9987305147261867,60.0
41203,2675.618689612024,0.9994748542001366,60.0
41204,2675.6193840564683,0.9990498829416533,60.0
41205,2675.6200785009128,0.9985982620836366,60.0
41206,2675.620772945357,0.9993140393950167,60.0
41207,2675.6214673898016,0.9995189788072399,60.0
41208,2675.6221618342465,0.9989231047918,60.0
41209,2675.622856278691,0.99942812040261,60.0
41210,2675.6235507231354,0.998571015515085,60.0
41211,2675.62424516758,0.99835992975085,60.0
41212,2675.6249396120243,0.9993104207122435,60.0
41213,2675.6256340564687,0.9991101170733567,60.0
41214,2675.626328500913,0.999120338797745,60.0
41215,2675.6270229453576,0.9998834233837767,60.0
41216,2675.627717389802,0.9993278045626134,60.0
41217,2675.6284118342464,0.9991439262940234,60.0
41218,2675.629106278691,0.9986300003457934,60.0
41219,2675.6298007231353,0.9989175430168666,60.0
41220,2675.6304951675797,0.9987695043209334,60.0
41221,2675.631189612024,0.9981705040667767,60.0
41222,2675.6318840564686,0.99914985541723,60.0
41223,2675.632578500913,0.9985432734096533,60.0
41224,2675.6332729453575,0.9980061117589534,60.0
41225,2675.633967389802,0.9978056507585032,60.0
41226,2675.6346618342463,0.9975431689225666,60.0
41227,2675.635356278691,0.9986951158929734,60.0
41228,2675.636050723135,0.99833245289367,60.0
41229,2675.6367451675796,0.99802423957492,60.0
41230,2675.637439612024,0.9983053421149067,60.0
41231,2675.6381340564685,0.9974100807109832,60.0
41232,2675.638828500913,0.9998002649289234,60.0
41233,2675.6395229453574,0.99960856967579,60.0
41234,2675.640217389802,0.9979454601594967,60.0
41235,2675.6409118342463,0.9985049273928367,60.0
41236,2675.6416062786907,0.9987713414266199,60.0
41237,2675.642300723135,0.9981508251422267,60.0
41238,2675.6429951675796,0.997461576760195,60.0
41239,2675.643689612024,0.99836208660445,60.0
41240,2675.6443840564684,0.9974949704717767,60.0
41241,2675.645078500913,0.9984152401209766,60.0
41242,2675.6457729453573,0.9978543629699934,60.0
41243,2675.6464673898017,0.9980815629456034,60.0
41244,2675.647161834246,0.9986496904183234,60.0
41245,2675.6478562786906,0.99816899902049,60.0
41246,2675.648550723135,0.9976775162975132,60.0
41247,2675.6492451675795,0.99909839570558,60.0
41248,2675.649939612024,0.9984452469196899,60.0
41249,2675.6506340564683,0.9982454283468766,60.0
41250,2675.6513285009128,0.9976644740915334,60.0
41251,2675.6520229453577,0.9984414671741298,60.0
41252,2675.652717389802,0.9987319600444033,60.0
41253,2675.6534118342465,0.9985269698364699,60.0
41254,2675.654106278691,0.9984154705115733,60.0
41255,2675.6548007231354,0.9976363909287334,60.0
41256,2675.65549516758,0.9983703632960933,60.0
41257,2675.6561896120243,0.9986043951787233,60.0
41258,2675.6568840564687,0.9967502868539699,60.0
41259,2675.657578500913,0.9978446163196834,60.0
41260,2675.6582729453576,0.9975113749989166,60.0
41261,2675.658967389802,0.998758381863625,60.0
41262,2675.6596618342464,0.9973509474686333,60.0
41263,2675.660356278691,0.9981799907452834,60.0
41264,2675.6610507231353,0.9963199088058333,60.0
41265,2675.6617451675797,0.9981726610388799,60.0
41266,2675.662439612024,0.9980386790501933,60.0
41267,2675.6631340564686,0.9973711372906866,60.0
41268,2675.663828500913,0.99764020349383,60.0
41269,2675.6645229453575,0.9981841675200633,60.0
41270,2675.665217389802,0.9990224688025432,60.0
41271,2675.6659118342463,0.9971276083606101,60.0
41272,2675.666606278691,0.99723511932476,60.0
41273,2675.667300723135,0.9974373422131068,60.0
41274,2675.6679951675796,0.99701028635676,60.0
41275,2675.668689612024,0.9976372538753733,60.0
41276,2675.6693840564685,0.9980341572218501,60.0
41277,2675.670078500913,0.9979559586300333,60.0
41278,2675.6707729453574,0.9979935457866866,60.0
41279,2675.671467389802,0.99791503337465,60.0
41280,2675.6721618342463,0.99723917958537,60.0
41281,2675.6728562786907,0.9975314736023299,60.0
41282,2675.673550723135,0.99886576629373,60.0
41283,2675.6742451675796,0.9982931583399967,60.0
41284,2675.674939612024,0.99830847027988,60.0
41285,2675.6756340564684,0.9987658787167266,60.0
41286,2675.676328500913,0.9974823936051666,60.0
41287,2675.6770229453573,0.9974072754016268,60.0
41288,2675.6777173898017,0.9968868575335167,60.0
41289,2675.678411834246,0.99726027782592,60.0
41290,2675.6791062786906,0.9980262140341066,60.0
41291,2675.679800723135,0.9959425794314933,60.0
41292,2675.6804951675795,0.9979856811306934,60.0
41293,2675.681189612024,0.9990049018938266,60.0
41294,2675.681884056469,0.9979802561905032,60.0
41295,2675.682578500913,0.9976755396812833,60.0
41296,2675.6832729453577,0.99770581525729,60.0
41297,2675.683967389802,0.9990044135725901,60.0
41298,2675.6846618342465,0.9976150065797768,60.0
41299,2675.685356278691,0.9975596651576234,60.0
41300,2675.6860507231354,0.9977765304140865,60.0
41301,2675.68674516758,0.99801510502172,60.0
41302,2675.6874396120243,0.9969797861117633,60.0
41303,2675.6881340564687,0.9979696124274233,60.0
41304,2675.688828500913,0.9981382307436832,60.0
41305,2675.6895229453576,0.9985621225875067,60.0
41306,2675.690217389802,0.99814527306585,60.0
41307,2675.6909118342464,0.9973060601585733,60.0
41308,2675.691606278691,0.9977077974380033,60.0
41309,2675.6923007231353,0.99888030287669,60.0
41310,2675.6929951675797,0.9980252507452834,60.0
41311,2675.693689612024,0.9979725631347299,60.0
41312,2675.6943840564686,0.9982981173565734,60.0
41313,2675.695078500913,0.99650337150207,60.0
41314,2675.6957729453575,0.9976226321536666,60.0
41315,2675.696467389802,0.9985514295857533,60.0
41316,2675.6971618342463,0.99777781385749,60.0
41317,2675.697856278691,0.9976285044620434,60.0
41318,2675.698550723135,0.997813346061315,60.0
41319,2675.6992451675796,0.9977299788177699,60.0
41320,2675.699939612024,0.9978441119377134,60.0
41321,2675.7006340564685,0.9973144166120167,60.0
41322,2675.701328500913,0.9973311738104833,60.0
41323,2675.7020229453574,0.9968815583367366,60.0
41324,2675.702717389802,0.9968560101692132,60.0
41325,2675.7034118342463,0.99652691408786,60.0
41326,2675.7041062786907,0.9976147058622532,60.0
41327,2675.704800723135,0.99853015797748,60.0
41328,2675.7054951675796,0.9969405300681049,60.0
41329,2675.706189612024,0.99633361563299,60.0
41330,2675.7068840564684,0.9970367880980167,60.0
41331,2675.707578500913,0.9986434198800067,60.0
41332,2675.7082729453573,0.9967118644420866,60.0
41333,2675.7089673898017,0.99759132673405,60.0
41334,2675.709661834246,0.997148455003925,60.0
41335,2675.7103562786906,0.9966637454466101,60.0
41336,2675.7110507231355,0.9978803718530599,60.0
41337,2675.71174516758,0.9963838853193749,60.0
41338,2675.7124396120244,0.99733944883736,60.0
41339,2675.713134056469,0.9968092340629067,60.0
41340,2675.713828500913,0.9981440222235799,60.0
41341,2675.7145229453577,0.9965256195032767,60.0
41342,2675.715217389802,0.9972984233091067,60.0
41343,2675.7159118342465,0.9972260111083666,60.0
41344,2675.716606278691,0.9978135524835133,60.0
41345,2675.7173007231354,0.9976305586232633,60.0
41346,2675.71799516758,0.9973932245823467,60.0
41347,2675.7186896120243,0.9985225901864901,60.0
41348,2675.7193840564687,0.99742199124494,60.0
41349,2675.720078500913,0.997150632948795,60.0
41350,2675.7207729453576,0.9974698694390766,60.0
41351,2675.721467389802,0.9970576158287466,60.0
41352,2675.7221618342464,0.9977067484462867,60.0
41353,2675.722856278691,0.9974865317145066,60.0
41354,2675.7235507231353,0.9974328529913067,60.0
41355,2675.7242451675797,0.99660965665641,60.0
41356,2675.724939612024,0.9972664375574034,60.0
41357,2675.7256340564686,0.9974734056451267,60.0
41358,2675.726328500913,0.9977889444272866,60.0
41359,2675.7270229453575,0.9963350097673332,60.0
41360,2675.727717389802,0.99826028922855,60.0
41361,2675.7284118342463,0.9974429220905333,60.0
41362,2675.729106278691,0.99670752342666,60.0
41363,2675.729800723135,0.99731391986177,60.0
41364,2675.7304951675796,0.9970596675674533,60.0
41365,2675.731189612024,0.9969372954305366,60.0
41366,2675.7318840564685,0.99709387565192,60.0
41367,2675.732578500913,0.99816723247675,60.0
41368,2675.7332729453574,0.9962151975939566,60.0
41369,2675.733967389802,0.9977043302039332,60.0
41370,2675.7346618342463,0.9977500496806533,60.0
41371,2675.7353562786907,0.99701577207657,60.0
41372,2675.736050723135,0.9975423009582034,60.0
41373,2675.7367451675796,0.9973358475083399,60.0
41374,2675.737439612024,0.9971765172928233,60.0
41375,2675.7381340564684,0.9958826541465634,60.0
41376,2675.738828500913,0.9972523823631366,60.0
41377,2675.7395229453573,0.9979128936358966,60.0
41378,2675.7402173898017,0.9972930438340466,60.0
41379,2675.7409118342466,0.9977350192464067,60.0
41380,2675.741606278691,0.99772588925492,60.0
41381,2675.7423007231355,0.9968509241507132,60.0
41382,2675.74299516758,0.9977361420875833,60.0
41383,2675.7436896120244,0.9985805925082767,60.0
41384,2675.744384056469,0.99860619958634,60.0
41385,2675.745078500913,0.9978395390882401,60.0
41386,2675.7457729453577,0.99810178424598,60.0
41387,2675.746467389802,0.9971905542103366,60.0
41388,2675.7471618342465,0.9969459881555167,60.0
41389,2675.747856278691,0.99679476017245,60.0
41390,2675.7485507231354,0.9979555460118567,60.0
41391,2675.74924516758,0.9978136280054333,60.0
41392,2675.7499396120243,0.9982634648248201,60.0
41393,2675.7506340564687,0.9976088381468267,60.0
41394,2675.751328500913,0.9980005802838168,60.0
41395,2675.7520229453576,0.9970384569131467,60.0
41396,2675.752717389802,0.9970434861116533,60.0
41397,2675.7534118342464,0.99767491809442,60.0
41398,2675.754106278691,0.9964683088253032,60.0
41399,2675.7548007231353,0.9973840018425534,60.0
41400,2675.7554951675797,0.9971978984684368,60.0
41401,2675.756189612024,0.9981673188029534,60.0
41402,2675.7568840564686,0.9981889326316167,60.0
41403,2675.757578500913,0.9975875152241049,60.0
41404,2675.7582729453575,0.9977549492475166,60.0
41405,2675.758967389802,0.9976714549757132,60.0
41406,2675.7596618342463,0.9979379423640333,60.0
41407,2675.760356278691,0.997644089795825,60.0
41408,2675.761050723135,0.9987182337961533,60.0
41409,2675.7617451675796,0.9985940920520701,60.0
41410,2675.762439612024,0.9978147840121334,60.0
41411,2675.7631340564685,0.99734456575389,60.0
41412,2675.763828500913,0.9980208222644666,60.0
41413,2675.7645229453574,0.99786738044075,60.0
41414,2675.765217389802,0.99823705533968,60.0
41415,2675.7659118342463,0.99828009338774,60.0
41416,2675.7666062786907,0.9982089272269534,60.0
41417,2675.767300723135,0.9981650582426201,60.0
41418,2675.7679951675796,0.9992527708730167,60.0
41419,2675.768689612024,0.9985240499023599,60.0
41420,2675.7693840564684,0.9993127861001933,60.0
41421,2675.770078500913,0.9980428242097533,60.0
41422,2675.7707729453577,0.9975952234064566,60.0
41423,2675.771467389802,0.99798725357334,60.0
41424,2675.7721618342466,0.99859767166124,60.0
41425,2675.772856278691,0.9981932707108566,60.0
41426,2675.7735507231355,0.9978459310945533,60.0
41427,2675.77424516758,0.99735562771592,60.0
41428,2675.7749396120244,0.99805656728986,60.0
41429,2675.775634056469,0.9972213705011366,60.0
41430,2675.776328500913,0.999126100104085,60.0
41431,2675.7770229453577,0.99779508606156,60.0
41432,2675.777717389802,0.9981190928702967,60.0
41433,2675.7784118342465,0.9982140927389733,60.0
41434,2675.779106278691,0.9997426389399168,60.0
41435,2675.7798007231354,0.997625187024695,60.0
41436,2675.78049516758,0.998761754640075,60.0
41437,2675.7811896120243,0.99788951998107,60.0
41438,2675.7818840564687,0.9969008314551365,60.0
41439,2675.782578500913,0.9980664360593366,60.0
41440,2675.7832729453576,0.9980079856811334,60.0
41441,2675.783967389802,0.9977988797156033,60.0
41442,2675.7846618342464,0.9983621913364934,60.0
41443,2675.785356278691,0.99907119137362,60.0
41444,2675.7860507231353,0.9981874838358499,60.0
41445,2675.7867451675797,0.9978866366335165,60.0
41446,2675.787439612024,0.9976547684431534,60.0
41447,2675.7881340564686,0.9993517879468268,60.0
41448,2675.788828500913,0.9976308170552866,60.0
41449,2675.7895229453575,0.99804785761013,60.0
41450,2675.790217389802,0.9992046107876934,60.0
41451,2675.7909118342463,0.9985720469468333,60.0
41452,2675.791606278691,0.99621721895451,60.0
41453,2675.792300723135,0.9977641422163267,60.0
41454,2675.7929951675796,0.9976870833211201,60.0
41455,2675.793689612024,0.99796694305657,60.0
41456,2675.7943840564685,0.9990285422065467,60.0
41457,2675.795078500913,0.9986394910758133,60.0
41458,2675.7957729453574,0.9991502249244633,60.0
41459,2675.796467389802,0.99780667272725,60.0
41460,2675.7971618342463,0.99764084017134,60.0
41461,2675.7978562786907,0.9976009738134866,60.0
41462,2675.798550723135,0.9985928230345934,60.0
41463,2675.7992451675796,0.9989006754754933,60.0
41464,2675.7999396120244,0.9973745007277867,60.0
41465,2675.800634056469,0.9985875332791467,60.0
41466,2675.8013285009133,0.9988079147290666,60.0
41467,2675.8020229453577,0.99898378801321,60.0
41468,2675.802717389802,0.9978017859547768,60.0
41469,2675.8034118342466,0.9985804858637032,60.0
41470,2675.804106278691,0.9972859644390234,60.0
41471,2675.8048007231355,0.9972581643366266,60.0
41472,2675.80549516758,0.9974281596863667,60.0
41473,2675.8061896120244,0.9975997344457633,60.0
41474,2675.806884056469,0.9974675406127668,60.0
41475,2675.807578500913,0.9974319263462967,60.0
41476,2675.8082729453577,0.9976904526588,60.0
41477,2675.808967389802,0.9972392497300401,60.0
41478,2675.8096618342465,0.9980685210017933,60.0
41479,2675.810356278691,0.9979036137741351,60.0
41480,2675.8110507231354,0.9970780566380366,60.0
41481,2675.81174516758,0.9983140090458201,60.0
41482,2675.8124396120243,0.9972958761992966,60.0
41483,2675.8131340564687,0.9991052264311033,60.0
41484,2675.813828500913,0.9976081431330867,60.0
41485,2675.8145229453576,0.9975180072020066,60.0
41486,2675.815217389802,0.9978431208464499,60.0
41487,2675.8159118342464,0.9982911587518933,60.0
41488,2675.816606278691,0.9976404206600199,60.0
41489,2675.8173007231353,0.9975054060315266,60.0
41490,2675.8179951675797,0.99726105266493,60.0
41491,2675.818689612024,0.9979176266575234,60.0
41492,2675.8193840564686,0.99825500995218,60.0
41493,2675.820078500913,0.9988510575521949,60.0
41494,2675.8207729453575,0.9977240975731433,60.0
41495,2675.821467389802,0.9971076188108033,60.0
41496,2675.8221618342463,0.998795915715745,60.0
41497,2675.822856278691,0.99753099347121,60.0
41498,2675.823550723135,0.9977197690557533,60.0
41499,2675.8242451675796,0.99729389403016,60.0
41500,2675.824939612024,0.99778445558737,60.0
41501,2675.8256340564685,0.9988798577380068,60.0
41502,2675.826328500913,0.99661307370513,60.0
41503,2675.8270229453574,0.9981683081251532,60.0
41504,2675.827717389802,0.9982153750686601,60.0
41505,2675.8284118342463,0.9978098202656199,60.0
41506,2675.8291062786907,0.9970225920830534,60.0
41507,2675.8298007231356,0.9980454601229632,60.0
41508,2675.83049516758,0.99737134342763,60.0
41509,2675.8311896120244,0.9968419062165467,60.0
41510,2675.831884056469,0.9987900772310766,60.0
41511,2675.8325785009133,0.9980373822120566,60.0
41512,2675.8332729453577,0.9981794976265567,60.0
41513,2675.833967389802,0.9975351364338266,60.0
41514,2675.8346618342466,0.9965240841035667,60.0
41515,2675.835356278691,0.9989089650493866,60.0
41516,2675.8360507231355,0.9976430876815566,60.0
41517,2675.83674516758,0.9973235082009367,60.0
41518,2675.8374396120244,0.9978414957474167,60.0
41519,2675.838134056469,0.9970554244956701,60.0
41520,2675.838828500913,0.99754735224319,60.0
41521,2675.8395229453577,0.99734426119224,60.0
41522,2675.840217389802,0.9974111123290567,60.0
41523,2675.8409118342465,0.9988324950897766,60.0
41524,2675.841606278691,0.9976016930527649,60.0
41525,2675.8423007231354,0.9971632211701501,60.0
41526,2675.84299516758,0.9975927714490865,60.0
41527,2675.8436896120243,0.9977156153518649,60.0
41528,2675.8443840564687,0.9978537754897133,60.0
41529,2675.845078500913,0.9982881276066132,60.0
41530,2675.8457729453576,0.9975517216619734,60.0
41531,2675.846467389802,0.9977856271397,60.0
41532,2675.8471618342464,0.9970344966937167,60.0
41533,2675.847856278691,0.9977955374032167,60.0
41534,2675.8485507231353,0.9972379775540666,60.0
41535,2675.8492451675797,0.9976781979964751,60.0
41536,2675.849939612024,0.9973682423759467,60.0
41537,2675.8506340564686,0.9975712640615451,60.0
41538,2675.851328500913,0.9976062038983766,60.0
41539,2675.8520229453575,0.99656558129937,60.0
41540,2675.852717389802,0.9964903550818699,60.0
41541,2675.8534118342463,0.9971985764203399,60.0
41542,2675.854106278691,0.99630255158138,60.0
41543,2675.854800723135,0.99766101321067,60.0
41544,2675.8554951675796,0.9981690431740367,60.0
41545,2675.856189612024,0.9967839594629634,60.0
41546,2675.8568840564685,0.9987162270615233,60.0
41547,2675.857578500913,0.9975385647006366,60.0
41548,2675.8582729453574,0.9978744338500266,60.0
41549,2675.858967389802,0.99751059533109,60.0
41550,2675.8596618342467,0.99810063080084,60.0
41551,2675.860356278691,0.99615087434558,60.0
41552,2675.8610507231356,0.997588088466835,60.0
41553,2675.86174516758,0.9968171791487733,60.0
41554,2675.8624396120244,0.9973716192549565,60.0
41555,2675.863134056469,0.9980187241308934,60.0
41556,2675.8638285009133,0.9980767864503101,60.0
41557,2675.8645229453577,0.9984145360993834,60.0
41558,2675.865217389802,0.99734808964599,60.0
41559,2675.8659118342466,0.9985584704650766,60.0
41560,2675.866606278691,0.9977913777237933,60.0
41561,2675.8673007231355,0.99809084962302,60.0
41562,2675.86799516758,0.9970943147314899,60.0
41563,2675.8686896120244,0.99797578990591,60.0
41564,2675.869384056469,0.9968289931659967,60.0
41565,2675.870078500913,0.99732241013624,60.0
41566,2675.8707729453577,0.9978300602486735,60.0
41567,2675.871467389802,0.9972992390625667,60.0
41568,2675.8721618342465,0.9972188249606934,60.0
41569,2675.872856278691,0.9979181931747633,60.0
41570,2675.8735507231354,0.9965527857603433,60.0
41571,2675.87424516758,0.9972976933440499,60.0
41572,2675.8749396120243,0.9970993853457767,60.0
41573,2675.8756340564687,0.9966909197470567,60.0
41574,2675.876328500913,0.9970903155868865,60.0
41575,2675.8770229453576,0.9970510240494567,60.0
41576,2675.877717389802,0.997294266763975,60.0
41577,2675.8784118342464,0.9971504867049433,60.0
41578,2675.879106278691,0.9962400832171099,60.0
41579,2675.8798007231353,0.9965436654519199,60.0
41580,2675.8804951675797,0.9966027279667568,60.0
41581,2675.881189612024,0.9966426672853034,60.0
41582,2675.8818840564686,0.99707084524184,60.0
41583,2675.882578500913,0.9959094235679166,60.0
41584,2675.8832729453575,0.9967791902805533,60.0
41585,2675.883967389802,0.9959467473667966,60.0
41586,2675.8846618342463,0.9959757497558567,60.0
41587,2675.885356278691,0.99586473572947,60.0
41588,2675.886050723135,0.99561120983312,60.0
41589,2675.8867451675796,0.9969266832328533,60.0
41590,2675.887439612024,0.99625024740786,60.0
41591,2675.8881340564685,0.9958734869939333,60.0
41592,2675.8888285009134,0.9964623472315967,60.0
41593,2675.889522945358,0.99617653915409,60.0
41594,2675.8902173898023,0.9958636975765467,60.0
41595,2675.8909118342467,0.9962711127579,60.0
41596,2675.891606278691,0.9958470263072433,60.0
41597,2675.8923007231356,0.995780195919005,60.0
41598,2675.89299516758,0.9958736848657433,60.0
41599,2675.8936896120244,0.9953523370870966,60.0
41600,2675.894384056469,0.99605822130066,60.0
41601,2675.8950785009133,0.99585231143746,60.0
41602,2675.8957729453577,0.99634393512215,60.0
41603,2675.896467389802,0.9966669792841367,60.0
41604,2675.8971618342466,0.99630173849941,60.0
41605,2675.897856278691,0.9960528619647199,60.0
41606,2675.8985507231355,0.99674212465299,60.0
41607,2675.89924516758,0.9953492112396699,60.0
41608,2675.8999396120244,0.99537609628331,60.0
41609,2675.900634056469,0.9955773597800635,60.0
41610,2675.901328500913,0.9951081771571766,60.0
41611,2675.9020229453577,0.9962376235493035,60.0
41612,2675.902717389802,0.996794245801405,60.0
41613,2675.9034118342465,0.9955878327828267,60.0
41614,2675.904106278691,0.99528752671945,60.0
41615,2675.9048007231354,0.9957214443237801,60.0
41616,2675.90549516758,0.9959817287896799,60.0
41617,2675.9061896120243,0.9954631066032366,60.0
41618,2675.9068840564687,0.99595684620853,60.0
41619,2675.907578500913,0.9968039602207535,60.0
41620,2675.9082729453576,0.99634226453073,60.0
41621,2675.908967389802,0.9966984859244934,60.0
41622,2675.9096618342464,0.9957034248229566,60.0
41623,2675.910356278691,0.99684789584654,60.0
41624,2675.9110507231353,0.9952989520719634,60.0
41625,2675.9117451675797,0.9956859737483633,60.0
41626,2675.912439612024,0.9958778146958199,60.0
41627,2675.9131340564686,0.9965073827750968,60.0
41628,2675.913828500913,0.9960289571797799,60.0
41629,2675.9145229453575,0.9950941610580467,60.0
41630,2675.915217389802,0.9946234848687701,60.0
41631,2675.9159118342463,0.9952925313091067,60.0
41632,2675.916606278691,0.99497339373517,60.0
41633,2675.917300723135,0.9942913255818233,60.0
41634,2675.9179951675796,0.99575219648632,60.0
41635,2675.9186896120245,0.99537656840403,60.0
41636,2675.919384056469,0.9958416808867367,60.0
41637,2675.9200785009134,0.9956224079000466,60.0
41638,2675.920772945358,0.99511310096484,60.0
41639,2675.9214673898023,0.9948143597616665,60.0
41640,2675.9221618342467,0.995636313038935,60.0
41641,2675.922856278691,0.99446381873862,60.0
41642,2675.9235507231356,0.9952813993236433,60.0
41643,2675.92424516758,0.99598872025531,60.0
41644,2675.9249396120244,0.99649974218146,60.0
41645,2675.925634056469,0.99526090470557,60.0
41646,2675.9263285009133,0.9954814819582634,60.0
41647,2675.9270229453577,0.9956121827716466,60.0
41648,2675.927717389802,0.9958424295616467,60.0
41649,2675.9284118342466,0.9959143694399567,60.0
41650,2675.929106278691,0.9962974927607701,60.0
41651,2675.9298007231355,0.9942249592343767,60.0
41652,2675.93049516758,0.9953683020624166,60.0
41653,2675.9311896120244,0.9948269707434899,60.0
41654,2675.931884056469,0.9961418263602699,60.0
41655,2675.932578500913,0.9956623701920767,60.0
41656,2675.9332729453577,0.99495360669055,60.0
41657,2675.933967389802,0.9952952906888367,60.0
41658,2675.9346618342465,0.994840753245685,60.0
41659,2675.935356278691,0.9958221790525199,60.0
41660,2675.9360507231354,0.9956582442858166,60.0
41661,2675.93674516758,0.995530414883175,60.0
41662,2675.9374396120243,0.9947914135741233,60.0
41663,2675.9381340564687,0.9957095730333766,60.0
41664,2675.938828500913,0.9950731851544733,60.0
41665,2675.9395229453576,0.9945009733886367,60.0
41666,2675.940217389802,0.996383816829605,60.0
41667,2675.9409118342464,0.9950739755230998,60.0
41668,2675.941606278691,0.9956294949549834,60.0
41669,2675.9423007231353,0.9948965816520801,60.0
41670,2675.9429951675797,0.9951782155450134,60.0
41671,2675.943689612024,0.9960178540582466,60.0
41672,2675.9443840564686,0.9939944838380567,60.0
41673,2675.945078500913,0.9946584439950668,60.0
41674,2675.9457729453575,0.9944756816838968,60.0
41675,2675.946467389802,0.9955303988257768,60.0
41676,2675.9471618342463,0.9950704980134066,60.0
41677,2675.947856278691,0.994659293901615,60.0
41678,2675.9485507231357,0.9955963763915633,60.0
41679,2675.94924516758,0.99492798894024,60.0
41680,2675.9499396120245,0.9958833461126,60.0
41681,2675.950634056469,0.9952684375011968,60.0
41682,2675.9513285009134,0.9954850670830466,60.0
41683,2675.952022945358,0.9949759513024433,60.0
41684,2675.9527173898023,0.9960041657563466,60.0
41685,2675.9534118342467,0.99466575978199,60.0
41686,2675.954106278691,0.99599914213253,60.0
41687,2675.9548007231356,0.9953617639291433,60.0
41688,2675.95549516758,0.9949865991782866,60.0
41689,2675.9561896120244,0.9947210909976066,60.0
41690,2675.956884056469,0.995445939636395,60.0
41691,2675.9575785009133,0.99491045267869,60.0
41692,2675.9582729453577,0.9950259346373267,60.0
41693,2675.958967389802,0.9957250975896966,60.0
41694,2675.9596618342466,0.9947791811554834,60.0
41695,2675.960356278691,0.99402209313509,60.0
41696,2675.9610507231355,0.9951256250406634,60.0
41697,2675.96174516758,0.995105270973365,60.0
41698,2675.9624396120244,0.9935969970601768,60.0
41699,2675.963134056469,0.9948282722099799,60.0
41700,2675.963828500913,0.9950828983899833,60.0
41701,2675.9645229453577,0.99341613601308,60.0
41702,2675.965217389802,0.99559946169847,60.0
41703,2675.9659118342465,0.995331713743805,60.0
41704,2675.966606278691,0.99531807156578,60.0
41705,2675.9673007231354,0.994370949506285,60.0
41706,2675.96799516758,0.99500961679586,60.0
41707,2675.9686896120243,0.9955291217662099,60.0
41708,2675.9693840564687,0.9949407825821467,60.0
41709,2675.970078500913,0.9946397498968533,60.0
41710,2675.9707729453576,0.9953036744012267,60.0
41711,2675.971467389802,0.9952171707036034,60.0
41712,2675.9721618342464,0.99593208295103,60.0
41713,2675.972856278691,0.994826287071685,60.0
41714,2675.9735507231353,0.9952402017816534,60.0
41715,2675.9742451675797,0.9948245345714151,60.0
41716,2675.974939612024,0.9944602540934566,60.0
41717,2675.9756340564686,0.9949656104715433,60.0
41718,2675.976328500913,0.9947591336490934,60.0
41719,2675.9770229453575,0.995094942331155,60.0
41720,2675.9777173898024,0.9955599729798132,60.0
41721,2675.978411834247,0.9958624300828166,60.0
41722,2675.9791062786912,0.9951693157870066,60.0
41723,2675.9798007231357,0.9958746047252299,60.0
41724,2675.98049516758,0.99528841502859,60.0
41725,2675.9811896120245,0.99542183864327,60.0
41726,2675.981884056469,0.9947512210302699,60.0
41727,2675.9825785009134,0.9951214696524134,60.0
41728,2675.983272945358,0.9948269911213199,60.0
41729,2675.9839673898023,0.9953107138770502,60.0
41730,2675.9846618342467,0.9967576281064233,60.0
41731,2675.985356278691,0.9947467725361401,60.0
41732,2675.9860507231356,0.9948827400569801,60.0
41733,2675.98674516758,0.99504693064743,60.0
41734,2675.9874396120244,0.99555132577524,60.0
41735,2675.988134056469,0.9954625458415001,60.0
41736,2675.9888285009133,0.995700663842945,60.0
41737,2675.9895229453577,0.9961805219742267,60.0
41738,2675.990217389802,0.9963345383800766,60.0
41739,2675.9909118342466,0.9967525879270799,60.0
41740,2675.991606278691,0.9963372347182133,60.0
41741,2675.9923007231355,0.99611836118283,60.0
41742,2675.99299516758,0.9961075239471834,60.0
41743,2675.9936896120244,0.9952826370084867,60.0
41744,2675.994384056469,0.9960356407100667,60.0
41745,2675.995078500913,0.9966237069582866,60.0
41746,2675.9957729453577,0.99586275809936,60.0
41747,2675.996467389802,0.9960716485499234,60.0
41748,2675.9971618342465,0.9966313270233002,60.0
41749,2675.997856278691,0.9965332083418267,60.0
41750,2675.9985507231354,0.9968655984774166,60.0
41751,2675.99924516758,0.9971949202526401,60.0
41752,2675.9999396120243,0.9969104648745567,60.0
41753,2676.0006340564687,0.9950552173554668,60.0
41754,2676.001328500913,0.9962331606859868,60.0
41755,2676.0020229453576,0.9966966757937467,60.0
41756,2676.002717389802,0.99668464331355,60.0
41757,2676.0034118342464,0.9956038547684433,60.0
41758,2676.004106278691,0.996364986423675,60.0
41759,2676.0048007231353,0.9955150847898931,60.0
41760,2676.0054951675797,0.9971315717523833,60.0
41761,2676.006189612024,0.9962354551558666,60.0
41762,2676.0068840564686,0.99582667748956,60.0
41763,2676.0075785009135,0.9954076479410068,60.0
41764,2676.008272945358,0.995603961931095,60.0
41765,2676.0089673898024,0.9961920635066001,60.0
41766,2676.009661834247,0.9964118954307833,60.0
41767,2676.0103562786912,0.9965306914987067,60.0
41768,2676.0110507231357,0.9958746089117033,60.0
41769,2676.01174516758,0.99593313927536,60.0
41770,2676.0124396120245,0.99544461194863,60.0
41771,2676.013134056469,0.9960595160606066,60.0
41772,2676.0138285009134,0.9960392506577701,60.0
41773,2676.014522945358,0.99625911848541,60.0
41774,2676.0152173898023,0.9960489796062867,60.0
41775,2676.0159118342467,0.9968711500969599,60.0
41776,2676.016606278691,0.9964114758855099,60.0
41777,2676.0173007231356,0.9958629867265033,60.0
41778,2676.01799516758,0.9957310265116767,60.0
41779,2676.0186896120244,0.99550823787826,60.0
41780,2676.019384056469,0.9952733804328799,60.0
41781,2676.0200785009133,0.9962449544700199,60.0
41782,2676.0207729453577,0.9956716266330701,60.0
41783,2676.021467389802,0.9960092592697866,60.0
41784,2676.0221618342466,0.995474072996845,60.0
41785,2676.022856278691,0.9959971418820933,60.0
41786,2676.0235507231355,0.9962204357121202,60.0
41787,2676.02424516758,0.9953998294986732,60.0
41788,2676.0249396120244,0.9958753198198766,60.0
41789,2676.025634056469,0.99493466866071,60.0
41790,2676.026328500913,0.9961321029927866,60.0
41791,2676.0270229453577,0.9963567069899967,60.0
41792,2676.027717389802,0.9959417523271367,60.0
41793,2676.0284118342465,0.9959836131527035,60.0
41794,2676.029106278691,0.9960115657657932,60.0
41795,2676.0298007231354,0.99612090093368,60.0
41796,2676.03049516758,0.9956476816900199,60.0
41797,2676.0311896120243,0.99501605102863,60.0
41798,2676.0318840564687,0.99625659779541,60.0
41799,2676.032578500913,0.9963712985246366,60.0
41800,2676.0332729453576,0.99706131137296,60.0
41801,2676.033967389802,0.9955264414163135,60.0
41802,2676.0346618342464,0.9958258764294867,60.0
41803,2676.035356278691,0.9966855637750299,60.0
41804,2676.0360507231353,0.99628082711761,60.0
41805,2676.0367451675797,0.99590020111539,60.0
41806,2676.0374396120246,0.9962439403596767,60.0
41807,2676.038134056469,0.9963157227030867,60.0
41808,2676.0388285009135,0.9957395334206467,60.0
41809,2676.039522945358,0.9957369808454833,60.0
41810,2676.0402173898024,0.99584297846648,60.0
41811,2676.040911834247,0.9961294503315267,60.0
41812,2676.0416062786912,0.9947002482766201,60.0
41813,2676.0423007231357,0.9973415661616833,60.0
41814,2676.04299516758,0.99640031791368,60.0
41815,2676.0436896120245,0.993401362529295,60.0
41816,2676.044384056469,0.9955010090957433,60.0
41817,2676.0450785009134,0.9958209953272134,60.0
41818,2676.045772945358,0.99691329259411,60.0
41819,2676.0464673898023,0.9969459747874935,60.0
41820,2676.0471618342467,0.9957023689974234,60.0
41821,2676.047856278691,0.9960716247421099,60.0
41822,2676.0485507231356,0.9955983257164234,60.0
41823,2676.04924516758,0.99609665586164,60.0
41824,2676.0499396120244,0.99613780240408,60.0
41825,2676.050634056469,0.9946832987221467,60.0
41826,2676.0513285009133,0.9958197627081967,60.0
41827,2676.0520229453577,0.9959189554376834,60.0
41828,2676.052717389802,0.9953132460605066,60.0
41829,2676.0534118342466,0.9957449367098666,60.0
41830,2676.054106278691,0.9955635208069366,60.0
41831,2676.0548007231355,0.9949958993355333,60.0
41832,2676.05549516758,0.99461586017533,60.0
41833,2676.0561896120244,0.9953855525405567,60.0
41834,2676.056884056469,0.9951150219449433,60.0
41835,2676.057578500913,0.996682984817335,60.0
41836,2676.0582729453577,0.995405560214345,60.0
41837,2676.058967389802,0.9957042894720467,60.0
41838,2676.0596618342465,0.9959353533495899,60.0
41839,2676.060356278691,0.9971798093335867,60.0
41840,2676.0610507231354,0.99530321718573,60.0
41841,2676.06174516758,0.99623030438201,60.0
41842,2676.0624396120243,0.9962541322861266,60.0
41843,2676.0631340564687,0.9960362095653367,60.0
41844,2676.063828500913,0.9956785819208567,60.0
41845,2676.0645229453576,0.9955545019813034,60.0
41846,2676.065217389802,0.99575071416348,60.0
41847,2676.0659118342464,0.9959730405027832,60.0
41848,2676.0666062786913,0.99401591421972,60.0
41849,2676.0673007231358,0.9957695565119967,60.0
41850,2676.06799516758,0.99545155618111,60.0
41851,2676.0686896120246,0.9966049452597433,60.0
41852,2676.069384056469,0.9956125657756066,60.0
41853,2676.0700785009135,0.9968854435491,60.0
41854,2676.070772945358,0.9957588997392968,60.0
41855,2676.0714673898024,0.99621355991251,60.0
41856,2676.072161834247,0.9960553083896168,60.0
41857,2676.0728562786912,0.9950535874413067,60.0
41858,2676.0735507231357,0.9949295600086466,60.0
41859,2676.07424516758,0.9953659218945633,60.0
41860,2676.0749396120245,0.9952709853054266,60.0
41861,2676.075634056469,0.99538280643186,60.0
41862,2676.0763285009134,0.9950841321315766,60.0
41863,2676.077022945358,0.9949318296951933,60.0
41864,2676.0777173898023,0.9946743321910266,60.0
41865,2676.0784118342467,0.99524424770282,60.0
41866,2676.079106278691,0.9960756354143099,60.0
41867,2676.0798007231356,0.9958915909468199,60.0
41868,2676.08049516758,0.9945892556157899,60.0
41869,2676.0811896120244,0.995600225900275,60.0
41870,2676.081884056469,0.9952342803365566,60.0
41871,2676.0825785009133,0.9952038341400566,60.0
41872,2676.0832729453577,0.99593182159224,60.0
41873,2676.083967389802,0.9947917588773999,60.0
41874,2676.0846618342466,0.995456585330885,60.0
41875,2676.085356278691,0.9954527935399633,60.0
41876,2676.0860507231355,0.99465595403762,60.0
41877,2676.08674516758,0.9962457648776866,60.0
41878,2676.0874396120244,0.9944276220444667,60.0
41879,2676.088134056469,0.9957442150640267,60.0
41880,2676.088828500913,0.9945881094915167,60.0
41881,2676.0895229453577,0.99504171818175,60.0
41882,2676.090217389802,0.9957542621822667,60.0
41883,2676.0909118342465,0.9956002798703,60.0
41884,2676.091606278691,0.99409811450146,60.0
41885,2676.0923007231354,0.9959821300609301,60.0
41886,2676.09299516758,0.9952709346343868,60.0
41887,2676.0936896120243,0.9953175831869568,60.0
41888,2676.0943840564687,0.9950718223636,60.0
41889,2676.095078500913,0.9946000387599733,60.0
41890,2676.0957729453576,0.9958335756956466,60.0
41891,2676.0964673898025,0.995389468597505,60.0
41892,2676.097161834247,0.9953660616799832,60.0
41893,2676.0978562786913,0.995673935290945,60.0
41894,2676.0985507231358,0.9954596436232034,60.0
41895,2676.09924516758,0.99525777448843,60.0
41896,2676.0999396120246,0.9943462339158767,60.0
41897,2676.100634056469,0.99538739645517,60.0
41898,2676.1013285009135,0.9943354480531367,60.0
41899,2676.102022945358,0.99592495321707,60.0
41900,2676.1027173898024,0.9951943109532934,60.0
41901,2676.103411834247,0.9956666346060966,60.0
41902,2676.1041062786912,0.9955800470832333,60.0
41903,2676.1048007231357,0.9952530609988868,60.0
41904,2676.10549516758,0.9956177379941734,60.0
41905,2676.1061896120245,0.995308685167535,60.0
41906,2676.106884056469,0.9942952011150267,60.0
41907,2676.1075785009134,0.9948336735042833,60.0
41908,2676.108272945358,0.996290789887315,60.0
41909,2676.1089673898023,0.9946879260351533,60.0
41910,2676.1096618342467,0.9950873275335067,60.0
41911,2676.110356278691,0.9951549095983233,60.0
41912,2676.1110507231356,0.99465370130197,60.0
41913,2676.11174516758,0.995072771526375,60.0
41914,2676.1124396120244,0.9945636488291233,60.0
41915,2676.113134056469,0.9950380098215668,60.0
41916,2676.1138285009133,0.99610045623165,60.0
41917,2676.1145229453577,0.9947723506920333,60.0
41918,2676.115217389802,0.9949240636161333,60.0
41919,2676.1159118342466,0.9950959246978334,60.0
41920,2676.116606278691,0.9956128923256967,60.0
41921,2676.1173007231355,0.99421351709205,60.0
41922,2676.11799516758,0.9946816832966201,60.0
41923,2676.1186896120244,0.9943382670350666,60.0
41924,2676.119384056469,0.9946859705818767,60.0
41925,2676.120078500913,0.9952701527736867,60.0
41926,2676.1207729453577,0.99488242143403,60.0
41927,2676.121467389802,0.9953205433663833,60.0
41928,2676.1221618342465,0.9949471907143966,60.0
41929,2676.122856278691,0.995010272659115,60.0
41930,2676.1235507231354,0.9956352600246667,60.0
41931,2676.12424516758,0.9943957624101434,60.0
41932,2676.1249396120243,0.99517850440733,60.0
41933,2676.1256340564687,0.9942127811913034,60.0
41934,2676.1263285009136,0.9942346321363867,60.0
41935,2676.127022945358,0.99484354559232,60.0
41936,2676.1277173898025,0.9951677672222333,60.0
41937,2676.128411834247,0.99441152452717,60.0
41938,2676.1291062786913,0.99556028955165,60.0
41939,2676.1298007231358,0.9939260660289166,60.0
41940,2676.13049516758,0.9946860179953266,60.0
41941,2676.1311896120246,0.9955321219595833,60.0
41942,2676.131884056469,0.99435652650617,60.0
41943,2676.1325785009135,0.9945975943974666,60.0
41944,2676.133272945358,0.9961673034294733,60.0
41945,2676.1339673898024,0.99378198231092,60.0
41946,2676.134661834247,0.9953247969253166,60.0
41947,2676.1353562786912,0.9945378751889901,60.0
41948,2676.1360507231357,0.99499150614432,60.0
41949,2676.13674516758,0.99468384984953,60.0
41950,2676.1374396120245,0.9948576959693766,60.0
41951,2676.138134056469,0.9955539696216851,60.0
41952,2676.1388285009134,0.99434337408133,60.0
41953,2676.139522945358,0.9945698275827567,60.0
41954,2676.1402173898023,0.9949506579742465,60.0
41955,2676.1409118342467,0.9955311767535434,60.0
41956,2676.141606278691,0.9956690386799699,60.0
41957,2676.1423007231356,0.9933963299054533,60.0
41958,2676.14299516758,0.99561002918307,60.0
41959,2676.1436896120244,0.9944632183107535,60.0
41960,2676.144384056469,0.9940038345222467,60.0
41961,2676.1450785009133,0.9939265812677801,60.0
41962,2676.1457729453577,0.99479247297563,60.0
41963,2676.146467389802,0.9942582028719666,60.0
41964,2676.1471618342466,0.99345870277791,60.0
41965,2676.147856278691,0.9941749701939634,60.0
41966,2676.1485507231355,0.9953739167625234,60.0
41967,2676.14924516758,0.9936512179604566,60.0
41968,2676.1499396120244,0.9947141112913332,60.0
41969,2676.150634056469,0.9943158264378399,60.0
41970,2676.151328500913,0.99340641418555,60.0
41971,2676.1520229453577,0.9946101949394267,60.0
41972,2676.152717389802,0.9943261244394467,60.0
41973,2676.1534118342465,0.9941421001126534,60.0
41974,2676.154106278691,0.9953096589028799,60.0
41975,2676.1548007231354,0.9949298603204534,60.0
41976,2676.1554951675803,0.9950387743781534,60.0
41977,2676.1561896120247,0.9950298549001766,60.0
41978,2676.156884056469,0.99452856396412,60.0
41979,2676.1575785009136,0.99440386730148,60.0
41980,2676.158272945358,0.9944555677765949,60.0
41981,2676.1589673898025,0.9942565226091099,60.0
41982,2676.159661834247,0.9940771257173301,60.0
41983,2676.1603562786913,0.9937147281642401,60.0
41984,2676.1610507231358,0.9943393440223199,60.0
41985,2676.16174516758,0.9945484843420266,60.0
41986,2676.1624396120246,0.9930921447805634,60.0
41987,2676.163134056469,0.99488542741419,60.0
41988,2676.1638285009135,0.9939525074208134,60.0
41989,2676.164522945358,0.993409751536095,60.0
41990,2676.1652173898024,0.9941938979484134,60.0
41991,2676.165911834247,0.9938160150321633,60.0
41992,2676.1666062786912,0.99422973144082,60.0
41993,2676.1673007231357,0.9949414325340967,60.0
41994,2676.16799516758,0.9937571457165499,60.0
41995,2676.1686896120245,0.9940281960099832,60.0
41996,2676.169384056469,0.9939251845041667,60.0
41997,2676.1700785009134,0.99508531075709,60.0
41998,2676.170772945358,0.9934692356974133,60.0
41999,2676.1714673898023,0.9950744190879801,60.0
42000,2676.1721618342467,0.9943519692206401,60.0
42001,2676.172856278691,0.9954121640799333,60.0
42002,2676.1735507231356,0.9937749834885801,60.0
42003,2676.17424516758,0.99361466556487,60.0
42004,2676.1749396120244,0.99544198869448,60.0
42005,2676.175634056469,0.9942281751956568,60.0
42006,2676.1763285009133,0.99411702077568,60.0
42007,2676.1770229453577,0.9937591722183267,60.0
42008,2676.177717389802,0.9930438020910133,60.0
42009,2676.1784118342466,0.9943404231810465,60.0
42010,2676.179106278691,0.99479854400469,60.0
42011,2676.1798007231355,0.9934141960790399,60.0
42012,2676.18049516758,0.99370777309419,60.0
42013,2676.1811896120244,0.9945816130640432,60.0
42014,2676.181884056469,0.9943395512629166,60.0
42015,2676.182578500913,0.99479092193648,60.0
42016,2676.1832729453577,0.9945978992730199,60.0
42017,2676.183967389802,0.9942358354333467,60.0
42018,2676.1846618342465,0.99512248782269,60.0
42019,2676.1853562786914,0.9936517104741066,60.0
42020,2676.186050723136,0.99387170249675,60.0
42021,2676.1867451675803,0.9935966334915367,60.0
42022,2676.1874396120247,0.9941732679021967,60.0
42023,2676.188134056469,0.99365350224231,60.0
42024,2676.1888285009136,0.99331643832714,60.0
42025,2676.189522945358,0.9939726544842401,60.0
42026,2676.1902173898025,0.9934491789399665,60.0
42027,2676.190911834247,0.9938283091703101,60.0
42028,2676.1916062786913,0.9939458063187799,60.0
42029,2676.1923007231358,0.9943498148775967,60.0
42030,2676.19299516758,0.9945185576172401,60.0
42031,2676.1936896120246,0.9925551370662634,60.0
42032,2676.194384056469,0.9939158258058768,60.0
42033,2676.1950785009135,0.9940596172099867,60.0
42034,2676.195772945358,0.9941747949830301,60.0
42035,2676.1964673898024,0.99401436262698,60.0
42036,2676.197161834247,0.9944091549548734,60.0
42037,2676.1978562786912,0.9949294447403401,60.0
42038,2676.1985507231357,0.9943745968158165,60.0
42039,2676.19924516758,0.9942526622656166,60.0
42040,2676.1999396120245,0.99377680674277,60.0
42041,2676.200634056469,0.9934884872075034,60.0
42042,2676.2013285009134,0.9947822405724699,60.0
42043,2676.202022945358,0.99364162887767,60.0
42044,2676.2027173898023,0.9943688304426767,60.0
42045,2676.2034118342467,0.99361346369463,60.0
42046,2676.204106278691,0.9929588740685634,60.0
42047,2676.2048007231356,0.9931995068823,60.0
42048,2676.20549516758,0.9933572388595134,60.0
42049,2676.2061896120244,0.9940663174361634,60.0
42050,2676.206884056469,0.9926017609016533,60.0
42051,2676.2075785009133,0.99378692175239,60.0
42052,2676.2082729453577,0.9935188380763167,60.0
42053,2676.208967389802,0.9930939337304,60.0
42054,2676.2096618342466,0.9931335835906534,60.0
42055,2676.210356278691,0.9935091322895601,60.0
42056,2676.2110507231355,0.9947456815963633,60.0
42057,2676.21174516758,0.9941391374248267,60.0
42058,2676.2124396120244,0.9942856847442267,60.0
42059,2676.213134056469,0.9938667999845266,60.0
42060,2676.213828500913,0.993921986997215,60.0
42061,2676.2145229453577,0.9937190446858567,60.0
42062,2676.2152173898025,0.9931798618496467,60.0
42063,2676.215911834247,0.9937646909852766,60.0
42064,2676.2166062786914,0.994627479941715,60.0
42065,2676.217300723136,0.9938583509566133,60.0
42066,2676.2179951675803,0.9934387054645066,60.0
42067,2676.2186896120247,0.9945660365227766,60.0
42068,2676.219384056469,0.9932977834020068,60.0
42069,2676.2200785009136,0.994125583697475,60.0
42070,2676.220772945358,0.9933650954766134,60.0
42071,2676.2214673898025,0.9939956675242767,60.0
42072,2676.222161834247,0.9944055601797501,60.0
42073,2676.2228562786913,0.99348962976388,60.0
42074,2676.2235507231358,0.9929149543168833,60.0
42075,2676.22424516758,0.99300909283272,60.0
42076,2676.2249396120246,0.9944495564196867,60.0
42077,2676.225634056469,0.9942144135097267,60.0
42078,2676.2263285009135,0.9938169689802266,60.0
42079,2676.227022945358,0.9942472873943434,60.0
42080,2676.2277173898024,0.9935205498378901,60.0
42081,2676.228411834247,0.9945995188618867,60.0
42082,2676.2291062786912,0.993397267293095,60.0
42083,2676.2298007231357,0.9937658569388067,60.0
42084,2676.23049516758,0.9932127071479799,60.0
42085,2676.2311896120245,0.9937370167667033,60.0
42086,2676.231884056469,0.9934429326973334,60.0
42087,2676.2325785009134,0.9940587447349932,60.0
42088,2676.233272945358,0.9931476818900834,60.0
42089,2676.2339673898023,0.9923724367203866,60.0
42090,2676.2346618342467,0.9924849586365334,60.0
42091,2676.235356278691,0.99383358847621,60.0
42092,2676.2360507231356,0.993950275181315,60.0
42093,2676.23674516758,0.9935861112586201,60.0
42094,2676.2374396120244,0.99360494319324,60.0
42095,2676.238134056469,0.9933506715683099,60.0
42096,2676.2388285009133,0.99391757940522,60.0
42097,2676.2395229453577,0.9932722893881533,60.0
42098,2676.240217389802,0.9935704989539067,60.0
42099,2676.2409118342466,0.9929731896785566,60.0
42100,2676.241606278691,0.99288896064147,60.0
42101,2676.2423007231355,0.9939488464336367,60.0
42102,2676.24299516758,0.9935059327571967,60.0
42103,2676.2436896120244,0.99320143607534,60.0
42104,2676.2443840564692,0.9934480146626467,60.0
42105,2676.2450785009137,0.9944754072741899,60.0
42106,2676.245772945358,0.99444623927713,60.0
42107,2676.2464673898025,0.99353927808356,60.0
42108,2676.247161834247,0.9933478311400267,60.0
42109,2676.2478562786914,0.99368195056869,60.0
42110,2676.248550723136,0.9927910816042567,60.0
42111,2676.2492451675803,0.9930586508716667,60.0
42112,2676.2499396120247,0.99289564917298,60.0
42113,2676.250634056469,0.9935510784102867,60.0
42114,2676.2513285009136,0.9937999361054266,60.0
42115,2676.252022945358,0.9938387138261366,60.0
42116,2676.2527173898025,0.9941814132873633,60.0
42117,2676.253411834247,0.9933082479245434,60.0
42118,2676.2541062786913,0.9928779094617199,60.0
42119,2676.2548007231358,0.992792538419515,60.0
42120,2676.25549516758,0.9940173274887568,60.0
42121,2676.2561896120246,0.99266991305293,60.0
42122,2676.256884056469,0.9921126872506499,60.0
42123,2676.2575785009135,0.9939539334521434,60.0
42124,2676.258272945358,0.9938219514156733,60.0
42125,2676.2589673898024,0.9926677649371566,60.0
42126,2676.259661834247,0.9928814325551301,60.0
42127,2676.2603562786912,0.9927344208863099,60.0
42128,2676.2610507231357,0.992210241319285,60.0
42129,2676.26174516758,0.9929428035453066,60.0
42130,2676.2624396120245,0.9931893441183733,60.0
42131,2676.263134056469,0.9925235692602067,60.0
42132,2676.2638285009134,0.99309402951844,60.0
42133,2676.264522945358,0.9926247922199933,60.0
42134,2676.2652173898023,0.9935778248302666,60.0
42135,2676.2659118342467,0.9925300200075267,60.0
42136,2676.266606278691,0.9924341603116833,60.0
42137,2676.2673007231356,0.9929407435571034,60.0
42138,2676.26799516758,0.9937608875684301,60.0
42139,2676.2686896120244,0.9926853496706199,60.0
42140,2676.269384056469,0.9928253951349499,60.0
42141,2676.2700785009133,0.9941035828993267,60.0
42142,2676.2707729453577,0.9924496143168268,60.0
42143,2676.271467389802,0.99305528221175,60.0
42144,2676.2721618342466,0.9932016020863333,60.0
42145,2676.272856278691,0.9924936810584933,60.0
42146,2676.2735507231355,0.992595060069155,60.0
42147,2676.2742451675804,0.9929100428992234,60.0
42148,2676.274939612025,0.9923763801886,60.0
42149,2676.2756340564692,0.9940631358767401,60.0
42150,2676.2763285009137,0.99316300964356,60.0
42151,2676.277022945358,0.9919834006261933,60.0
42152,2676.2777173898025,0.9920212908160367,60.0
42153,2676.278411834247,0.9929183808744767,60.0
42154,2676.2791062786914,0.9927766459492967,60.0
42155,2676.279800723136,0.9921591423921168,60.0
42156,2676.2804951675803,0.9923241649703699,60.0
42157,2676.2811896120247,0.9929752462609968,60.0
42158,2676.281884056469,0.9924848957217134,60.0
42159,2676.2825785009136,0.99343783077934,60.0
42160,2676.283272945358,0.9935643082427866,60.0
42161,2676.2839673898025,0.9919254155372332,60.0
42162,2676.284661834247,0.9923960141255533,60.0
42163,2676.2853562786913,0.9929266288871901,60.0
42164,2676.2860507231358,0.9937986737542966,60.0
42165,2676.28674516758,0.99217675272866,60.0
42166,2676.2874396120246,0.9936005411688233,60.0
42167,2676.288134056469,0.9923655840902533,60.0
42168,2676.2888285009135,0.993404830027245,60.0
42169,2676.289522945358,0.99414935288734,60.0
42170,2676.2902173898024,0.9931504432697834,60.0
42171,2676.290911834247,0.99177425582012,60.0
42172,2676.2916062786912,0.99237948939576,60.0
42173,2676.2923007231357,0.99200001681132,60.0
42174,2676.29299516758,0.99321252338935,60.0
42175,2676.2936896120245,0.9925729020513065,60.0
42176,2676.294384056469,0.9928010998535334,60.0
42177,2676.2950785009134,0.9920657903413299,60.0
42178,2676.295772945358,0.9924128902231066,60.0
42179,2676.2964673898023,0.9928674667948835,60.0
42180,2676.2971618342467,0.99325070658712,60.0
42181,2676.297856278691,0.9925627659400534,60.0
42182,2676.2985507231356,0.99325973879708,60.0
42183,2676.29924516758,0.9929076919565499,60.0
42184,2676.2999396120244,0.9931247673782567,60.0
42185,2676.300634056469,0.9929296055444533,60.0
42186,2676.3013285009133,0.9925070622541634,60.0
42187,2676.3020229453577,0.9930082950666633,60.0
42188,2676.302717389802,0.99241770864526,60.0
42189,2676.3034118342466,0.99163109506562,60.0
42190,2676.3041062786915,0.9929302278881034,60.0
42191,2676.304800723136,0.9933006864246701,60.0
42192,2676.3054951675804,0.99294468178599,60.0
42193,2676.306189612025,0.9921020043506399,60.0
42194,2676.3068840564692,0.99324704437206,60.0
42195,2676.3075785009137,0.9922225093929334,60.0
42196,2676.308272945358,0.9928647031257668,60.0
42197,2676.3089673898025,0.9924537111546666,60.0
42198,2676.309661834247,0.9931305905497766,60.0
42199,2676.3103562786914,0.9920317690231067,60.0
42200,2676.311050723136,0.9931436634337301,60.0
42201,2676.3117451675803,0.9934417841929334,60.0
42202,2676.3124396120247,0.9927109653993599,60.0
42203,2676.313134056469,0.99329475146644,60.0
42204,2676.3138285009136,0.9925288347471201,60.0
42205,2676.314522945358,0.9926974434396066,60.0
42206,2676.3152173898025,0.9926446327668099,60.0
42207,2676.315911834247,0.9929165347806567,60.0
42208,2676.3166062786913,0.9926924507715467,60.0
42209,2676.3173007231358,0.9931662361385301,60.0
42210,2676.31799516758,0.9912979492631232,60.0
42211,2676.3186896120246,0.992686299993595,60.0
42212,2676.319384056469,0.9926537496741666,60.0
42213,2676.3200785009135,0.9921424749867667,60.0
42214,2676.320772945358,0.9934663048327167,60.0
42215,2676.3214673898024,0.9923166839916666,60.0
42216,2676.322161834247,0.99214892158744,60.0
42217,2676.3228562786912,0.9920799128523766,60.0
42218,2676.3235507231357,0.9928324157638667,60.0
42219,2676.32424516758,0.9919128887521232,60.0
42220,2676.3249396120245,0.9920057674273334,60.0
42221,2676.325634056469,0.9937102879841867,60.0
42222,2676.3263285009134,0.9931826590624834,60.0
42223,2676.327022945358,0.9930921170075268,60.0
42224,2676.3277173898023,0.9921323049214233,60.0
42225,2676.3284118342467,0.99312283843148,60.0
42226,2676.329106278691,0.9920415917255766,60.0
42227,2676.3298007231356,0.9924086211629599,60.0
42228,2676.33049516758,0.9923672175701467,60.0
42229,2676.3311896120244,0.99319166194579,60.0
42230,2676.331884056469,0.9922533093361334,60.0
42231,2676.3325785009133,0.99206057729789,60.0
42232,2676.333272945358,0.9922172508680567,60.0
42233,2676.3339673898026,0.9925617582473634,60.0
42234,2676.334661834247,0.9918716173739833,60.0
42235,2676.3353562786915,0.99283121431273,60.0
42236,2676.336050723136,0.99273696408526,60.0
42237,2676.3367451675804,0.9923288621756168,60.0
42238,2676.337439612025,0.9916197986997634,60.0
42239,2676.3381340564692,0.9925347464791034,60.0
42240,2676.3388285009137,0.9925026681638401,60.0
42241,2676.339522945358,0.99217458343507,60.0
42242,2676.3402173898025,0.99227403422904,60.0
42243,2676.340911834247,0.9926036337465067,60.0
42244,2676.3416062786914,0.99202124181831,60.0
42245,2676.342300723136,0.99221158119424,60.0
42246,2676.3429951675803,0.9911243359102366,60.0
42247,2676.3436896120247,0.9925968267470867,60.0
42248,2676.344384056469,0.99217981872066,60.0
42249,2676.3450785009136,0.9915749322197699,60.0
42250,2676.345772945358,0.9919235284929234,60.0
42251,2676.3464673898025,0.9926867087314534,60.0
42252,2676.347161834247,0.9914300267630933,60.0
42253,2676.3478562786913,0.9917439378041967,60.0
42254,2676.3485507231358,0.9912248482916866,60.0
42255,2676.34924516758,0.9919331925747567,60.0
42256,2676.3499396120246,0.99164135831067,60.0
42257,2676.350634056469,0.9912672692217067,60.0
42258,2676.3513285009135,0.99190199069522,60.0
42259,2676.352022945358,0.9925770743917067,60.0
42260,2676.3527173898024,0.9921163982321567,60.0
42261,2676.353411834247,0.99221006599065,60.0
42262,2676.3541062786912,0.9922775117126168,60.0
42263,2676.3548007231357,0.9922009268370099,60.0
42264,2676.35549516758,0.9908997056539134,60.0
42265,2676.3561896120245,0.9915395778466932,60.0
42266,2676.356884056469,0.9917168715152833,60.0
42267,2676.3575785009134,0.9923275249201867,60.0
42268,2676.358272945358,0.9924693566885834,60.0
42269,2676.3589673898023,0.99226023051443,60.0
42270,2676.3596618342467,0.9922529508708933,60.0
42271,2676.360356278691,0.9913671968664967,60.0
42272,2676.3610507231356,0.9922685479865168,60.0
42273,2676.36174516758,0.9916289179926201,60.0
42274,2676.3624396120244,0.99219290742024,60.0
42275,2676.3631340564693,0.9917913989463449,60.0
42276,2676.3638285009138,0.9917619535173333,60.0
42277,2676.364522945358,0.9926203681954299,60.0
42278,2676.3652173898026,0.9929877257860565,60.0
42279,2676.365911834247,0.9910533021452733,60.0
42280,2676.3666062786915,0.9914528659947334,60.0
42281,2676.367300723136,0.9918956460598167,60.0
42282,2676.3679951675804,0.9917642021174834,60.0
42283,2676.368689612025,0.9906486021236501,60.0
42284,2676.3693840564692,0.9919631885734734,60.0
42285,2676.3700785009137,0.9912332908656735,60.0
42286,2676.370772945358,0.9910332369202867,60.0
42287,2676.3714673898025,0.9919713029177434,60.0
42288,2676.372161834247,0.99243076401482,60.0
42289,2676.3728562786914,0.9915750112126633,60.0
42290,2676.373550723136,0.9920440938973766,60.0
42291,2676.3742451675803,0.9919797686500867,60.0
42292,2676.3749396120247,0.9915544529558066,60.0
42293,2676.375634056469,0.9927312747528401,60.0
42294,2676.3763285009136,0.9913539565393467,60.0
42295,2676.377022945358,0.9914757276048133,60.0
42296,2676.3777173898025,0.9924771287437567,60.0
42297,2676.378411834247,0.99192385031997,60.0
42298,2676.3791062786913,0.99172717556264,60.0
42299,2676.3798007231358,0.9914124624470401,60.0
42300,2676.38049516758,0.99190456836723,60.0
42301,2676.3811896120246,0.9925359825789001,60.0
42302,2676.381884056469,0.9909450112767767,60.0
42303,2676.3825785009135,0.9908290696090667,60.0
42304,2676.383272945358,0.99125836523871,60.0
42305,2676.3839673898024,0.99181718242567,60.0
42306,2676.384661834247,0.9914115687940767,60.0
42307,2676.3853562786912,0.99199848852842,60.0
42308,2676.3860507231357,0.9921280781339467,60.0
42309,2676.38674516758,0.9919879403784333,60.0
42310,2676.3874396120245,0.99164330862089,60.0
42311,2676.388134056469,0.99143394216164,60.0
42312,2676.3888285009134,0.9908291424865934,60.0
42313,2676.389522945358,0.9908121825085533,60.0
42314,2676.3902173898023,0.9919637933011899,60.0
42315,2676.3909118342467,0.99166548824405,60.0
42316,2676.391606278691,0.99136801593027,60.0
42317,2676.3923007231356,0.9915602213770134,60.0
42318,2676.3929951675805,0.9916504777097966,60.0
42319,2676.393689612025,0.99121089694576,60.0
42320,2676.3943840564693,0.9917480752380867,60.0
42321,2676.3950785009138,0.9905567711220833,60.0
42322,2676.395772945358,0.9919615795398032,60.0
42323,2676.3964673898026,0.9915527161931966,60.0
42324,2676.397161834247,0.9917626873218034,60.0
42325,2676.3978562786915,0.9906070762223399,60.0
42326,2676.398550723136,0.9906653385316032,60.0
42327,2676.3992451675804,0.9914654221093068,60.0
42328,2676.399939612025,0.9919015341016699,60.0
42329,2676.4006340564692,0.9917030113494066,60.0
42330,2676.4013285009137,0.9923694362320533,60.0
42331,2676.402022945358,0.9912583571581299,60.0
42332,2676.4027173898025,0.9910259376156935,60.0
42333,2676.403411834247,0.9906303368044599,60.0
42334,2676.4041062786914,0.9915759528720001,60.0
42335,2676.404800723136,0.9916656421093933,60.0
42336,2676.4054951675803,0.9912074038231733,60.0
42337,2676.4061896120247,0.9917255866828233,60.0
42338,2676.406884056469,0.9914125835078367,60.0
42339,2676.4075785009136,0.991797585057415,60.0
42340,2676.408272945358,0.9928450491650366,60.0
42341,2676.4089673898025,0.9909724381465166,60.0
42342,2676.409661834247,0.9907343920937933,60.0
42343,2676.4103562786913,0.9914865361064433,60.0
42344,2676.4110507231358,0.9918114030337933,60.0
42345,2676.41174516758,0.9908852890622099,60.0
42346,2676.4124396120246,0.9904098352407601,60.0
42347,2676.413134056469,0.9913050258616201,60.0
42348,2676.4138285009135,0.9914380286202299,60.0
42349,2676.414522945358,0.9916309245678666,60.0
42350,2676.4152173898024,0.9914513244032968,60.0
42351,2676.415911834247,0.990893893106805,60.0
42352,2676.4166062786912,0.992936822636615,60.0
42353,2676.4173007231357,0.99063819059223,60.0
42354,2676.41799516758,0.9912556098684234,60.0
42355,2676.4186896120245,0.99169470888511,60.0
42356,2676.419384056469,0.9916821163888466,60.0
42357,2676.4200785009134,0.99154598273822,60.0
42358,2676.420772945358,0.99122539895296,60.0
42359,2676.4214673898023,0.9910638037016167,60.0
42360,2676.422161834247,0.99072332590058,60.0
42361,2676.4228562786916,0.9912650393770099,60.0
42362,2676.423550723136,0.9905768697048233,60.0
42363,2676.4242451675805,0.9911613488071499,60.0
42364,2676.424939612025,0.9914662096693166,60.0
42365,2676.4256340564693,0.9908615665148233,60.0
42366,2676.4263285009138,0.9917411231409333,60.0
42367,2676.427022945358,0.9916749062849934,60.0
42368,2676.4277173898026,0.9910578177020467,60.0
42369,2676.428411834247,0.9909222498156834,60.0
42370,2676.4291062786915,0.9904786671007466,60.0
42371,2676.429800723136,0.9917846814222733,60.0
42372,2676.4304951675804,0.9914223692936632,60.0
42373,2676.431189612025,0.99088741680292,60.0
42374,2676.4318840564692,0.9910503250143701,60.0
42375,2676.4325785009137,0.9906959138521834,60.0
42376,2676.433272945358,0.99103315376639,60.0
42377,2676.4339673898025,0.98979991069303,60.0
42378,2676.434661834247,0.9904917181870699,60.0
42379,2676.4353562786914,0.9916702480602234,60.0
42380,2676.436050723136,0.99153623062621,60.0
42381,2676.4367451675803,0.9912057915275234,60.0
42382,2676.4374396120247,0.99107173791442,60.0
42383,2676.438134056469,0.9911777104843399,60.0
42384,2676.4388285009136,0.99024068013867,60.0
42385,2676.439522945358,0.9905531949826734,60.0
42386,2676.4402173898025,0.9910284285651133,60.0
42387,2676.440911834247,0.9913148091171666,60.0
42388,2676.4416062786913,0.9904046160901899,60.0
42389,2676.4423007231358,0.9903806086968867,60.0
42390,2676.44299516758,0.99020405390539,60.0
42391,2676.4436896120246,0.9912494835095734,60.0
42392,2676.444384056469,0.9905328318874167,60.0
42393,2676.4450785009135,0.9913560314787033,60.0
42394,2676.445772945358,0.9917328501104633,60.0
42395,2676.4464673898024,0.9892865177175466,60.0
42396,2676.447161834247,0.9907183405593566,60.0
42397,2676.4478562786912,0.9915101779972634,60.0
42398,2676.4485507231357,0.9920642708228534,60.0
42399,2676.44924516758,0.9910557742505567,60.0
42400,2676.4499396120245,0.99144807478815,60.0
42401,2676.450634056469,0.9908842959708534,60.0
42402,2676.4513285009134,0.99159739445482,60.0
42403,2676.4520229453583,0.9898861920491967,60.0
42404,2676.4527173898027,0.9907032538654733,60.0
42405,2676.453411834247,0.9905655555988067,60.0
42406,2676.4541062786916,0.99058883083659,60.0
42407,2676.454800723136,0.9905286738919333,60.0
42408,2676.4554951675805,0.990397666829285,60.0
42409,2676.456189612025,0.9916361495151033,60.0
42410,2676.4568840564693,0.9919865032090766,60.0
42411,2676.4575785009138,0.9908986354763067,60.0
42412,2676.458272945358,0.9911613708501333,60.0
42413,2676.4589673898026,0.9901293021674666,60.0
42414,2676.459661834247,0.9905395389934767,60.0
42415,2676.4603562786915,0.9906420728405401,60.0
42416,2676.461050723136,0.9901934823530333,60.0
42417,2676.4617451675804,0.9910571440597667,60.0
42418,2676.462439612025,0.9901711526996401,60.0
42419,2676.4631340564692,0.9902005571827099,60.0
42420,2676.4638285009137,0.9904880934068734,60.0
42421,2676.464522945358,0.9898590594995301,60.0
42422,2676.4652173898025,0.9903312807890067,60.0
42423,2676.465911834247,0.9910511561556268,60.0
42424,2676.4666062786914,0.9904107079116433,60.0
42425,2676.467300723136,0.9919586565487,60.0
42426,2676.4679951675803,0.9910206044741999,60.0
42427,2676.4686896120247,0.9904822494202233,60.0
42428,2676.469384056469,0.99052087448897,60.0
42429,2676.4700785009136,0.98989578491451,60.0
42430,2676.470772945358,0.9913390630174067,60.0
42431,2676.4714673898025,0.990582107113095,60.0
42432,2676.472161834247,0.9914619772337834,60.0
42433,2676.4728562786913,0.9908195368479267,60.0
42434,2676.4735507231358,0.9907470941643334,60.0
42435,2676.47424516758,0.9906618024300867,60.0
42436,2676.4749396120246,0.9903035933189699,60.0
42437,2676.475634056469,0.9914449131784867,60.0
42438,2676.4763285009135,0.9901206924284134,60.0
42439,2676.477022945358,0.9902766254745133,60.0
42440,2676.4777173898024,0.9906873940543867,60.0
42441,2676.478411834247,0.9907549431755399,60.0
42442,2676.4791062786912,0.9907769014831,60.0
42443,2676.4798007231357,0.99018656932466,60.0
42444,2676.48049516758,0.99086530863895,60.0
42445,2676.4811896120245,0.9913064552641666,60.0
42446,2676.4818840564694,0.9893905408925633,60.0
42447,2676.482578500914,0.9904036421132366,60.0
42448,2676.4832729453583,0.9905447312870034,60.0
42449,2676.4839673898027,0.9900388141803133,60.0
42450,2676.484661834247,0.9908705148474534,60.0
42451,2676.4853562786916,0.9907869878298268,60.0
42452,2676.486050723136,0.99075924787276,60.0
42453,2676.4867451675805,0.99010091597883,60.0
42454,2676.487439612025,0.9901460170022732,60.0
42455,2676.4881340564693,0.9901812018550601,60.0
42456,2676.4888285009138,0.9903065554492466,60.0
42457,2676.489522945358,0.9898795711397333,60.0
42458,2676.4902173898026,0.9901670310844,60.0
42459,2676.490911834247,0.99107009679618,60.0
42460,2676.4916062786915,0.9903263458129533,60.0
42461,2676.492300723136,0.9897065990476367,60.0
42462,2676.4929951675804,0.9905373631856101,60.0
42463,2676.493689612025,0.9898379791280233,60.0
42464,2676.4943840564692,0.9904770066228301,60.0
42465,2676.4950785009137,0.99052057353679,60.0
42466,2676.495772945358,0.9904025931045567,60.0
42467,2676.4964673898025,0.9902013252049334,60.0
42468,2676.497161834247,0.9905113363617867,60.0
42469,2676.4978562786914,0.99054015751013,60.0
42470,2676.498550723136,0.9915328477968467,60.0
42471,2676.4992451675803,0.9900248590693232,60.0
42472,2676.4999396120247,0.99084387850171,60.0
42473,2676.500634056469,0.99042016447783,60.0
42474,2676.5013285009136,0.991006229767845,60.0
42475,2676.502022945358,0.9900635455504799,60.0
42476,2676.5027173898025,0.9907191363703932,60.0
42477,2676.503411834247,0.99015473048096,60.0
42478,2676.5041062786913,0.9901030798882567,60.0
42479,2676.5048007231358,0.9905097794057601,60.0
42480,2676.50549516758,0.9902532510726201,60.0
42481,2676.5061896120246,0.9901448337223933,60.0
42482,2676.506884056469,0.9919725528554834,60.0
42483,2676.5075785009135,0.99102410477861,60.0
42484,2676.508272945358,0.9903448257858534,60.0
42485,2676.5089673898024,0.98998380046338,60.0
42486,2676.509661834247,0.9908634679249465,60.0
42487,2676.5103562786912,0.99099291154198,60.0
42488,2676.511050723136,0.9907109282399666,60.0
42489,2676.5117451675806,0.98972201801261,60.0
42490,2676.512439612025,0.9892509548925633,60.0
42491,2676.5131340564694,0.98946879273378,60.0
42492,2676.513828500914,0.9904301015090867,60.0
42493,2676.5145229453583,0.99046892752124,60.0
42494,2676.5152173898027,0.9916084033939501,60.0
42495,2676.515911834247,0.9888801781408,60.0
42496,2676.5166062786916,0.9900698717260367,60.0
42497,2676.517300723136,0.9898012176651633,60.0
42498,2676.5179951675805,0.9901762589675868,60.0
42499,2676.518689612025,0.99091919889034,60.0
42500,2676.5193840564693,0.9910307722417401,60.0
42501,2676.5200785009138,0.9900336776409899,60.0
42502,2676.520772945358,0.9912095862126951,60.0
42503,2676.5214673898026,0.989348677704255,60.0
42504,2676.522161834247,0.9893567170698168,60.0
42505,2676.5228562786915,0.991169073410295,60.0
42506,2676.523550723136,0.9900923628306467,60.0
42507,2676.5242451675804,0.9890672141455701,60.0
42508,2676.524939612025,0.9907324774390999,60.0
42509,2676.5256340564692,0.9897752392972601,60.0
42510,2676.5263285009137,0.9888798597384834,60.0
42511,2676.527022945358,0.9887991077164701,60.0
42512,2676.5277173898025,0.9903049555013199,60.0
42513,2676.528411834247,0.9904684514307466,60.0
42514,2676.5291062786914,0.9903499764567749,60.0
42515,2676.529800723136,0.98952958319704,60.0
42516,2676.5304951675803,0.98974661862461,60.0
42517,2676.5311896120247,0.9902065070355567,60.0
42518,2676.531884056469,0.9898725999348299,60.0
42519,2676.5325785009136,0.9905914320549067,60.0
42520,2676.533272945358,0.9907148378382834,60.0
42521,2676.5339673898025,0.9914141950416634,60.0
42522,2676.534661834247,0.9904959317833365,60.0
42523,2676.5353562786913,0.98989585185883,60.0
42524,2676.5360507231358,0.9894985395610467,60.0
42525,2676.53674516758,0.99002901711401,60.0
42526,2676.5374396120246,0.9904316070936849,60.0
42527,2676.538134056469,0.99056965777473,60.0
42528,2676.5388285009135,0.9907610686783034,60.0
42529,2676.539522945358,0.9910284863313933,60.0
42530,2676.5402173898024,0.9899301921444099,60.0
42531,2676.5409118342473,0.9892191104364132,60.0
42532,2676.5416062786917,0.98988577988808,60.0
42533,2676.542300723136,0.9896342159409367,60.0
42534,2676.5429951675806,0.9910379727394933,60.0
42535,2676.543689612025,0.9893056565544267,60.0
42536,2676.5443840564694,0.9898015732540134,60.0
42537,2676.545078500914,0.99073694026003,60.0
42538,2676.5457729453583,0.9899071528123167,60.0
42539,2676.5464673898027,0.9892509531011751,60.0
42540,2676.547161834247,0.9907933500175901,60.0
42541,2676.5478562786916,0.9902817344541801,60.0
42542,2676.548550723136,0.9892955562070034,60.0
42543,2676.5492451675805,0.98960498360355,60.0
42544,2676.549939612025,0.9896196624425233,60.0
42545,2676.5506340564693,0.9909062231093233,60.0
42546,2676.5513285009138,0.9894971766365499,60.0
42547,2676.552022945358,0.9903442315291201,60.0
42548,2676.5527173898026,0.9901173032706033,60.0
42549,2676.553411834247,0.9908464133018651,60.0
42550,2676.5541062786915,0.9904167615968,60.0
42551,2676.554800723136,0.99033907898755,60.0
42552,2676.5554951675804,0.9900329724827434,60.0
42553,2676.556189612025,0.99002421547651,60.0
42554,2676.5568840564692,0.9892903869650501,60.0
42555,2676.5575785009137,0.9898654728589967,60.0
42556,2676.558272945358,0.9909365210078832,60.0
42557,2676.5589673898025,0.9889764458437966,60.0
42558,2676.559661834247,0.9898565508682567,60.0
42559,2676.5603562786914,0.9881966435955866,60.0
42560,2676.561050723136,0.99024355512395,60.0
42561,2676.5617451675803,0.9893410722293834,60.0
42562,2676.5624396120247,0.98941531935916,60.0
42563,2676.563134056469,0.9898368975190034,60.0
42564,2676.5638285009136,0.99076704227276,60.0
42565,2676.564522945358,0.988788896934125,60.0
42566,2676.5652173898025,0.9894067379414134,60.0
42567,2676.565911834247,0.9898010110905333,60.0
42568,2676.5666062786913,0.98914282533354,60.0
42569,2676.5673007231358,0.991632393813265,60.0
42570,2676.56799516758,0.99033120978061,60.0
42571,2676.5686896120246,0.9896775278573834,60.0
42572,2676.569384056469,0.9888494698244766,60.0
42573,2676.5700785009135,0.9892726450703034,60.0
42574,2676.5707729453584,0.9899423585438933,60.0
42575,2676.571467389803,0.9899599703210601,60.0
42576,2676.5721618342473,0.9895589757776132,60.0
42577,2676.5728562786917,0.98931946404816,60.0
42578,2676.573550723136,0.9902066049734932,60.0
42579,2676.5742451675806,0.9904907688187367,60.0
42580,2676.574939612025,0.9897870445776551,60.0
42581,2676.5756340564694,0.9900829401486168,60.0
42582,2676.576328500914,0.9890097115551466,60.0
42583,2676.5770229453583,0.9902439594840834,60.0
42584,2676.5777173898027,0.9902309110380033,60.0
42585,2676.578411834247,0.9893943738294667,60.0
42586,2676.5791062786916,0.9900226695559601,60.0
42587,2676.579800723136,0.9895778915328233,60.0
42588,2676.5804951675805,0.9893055308902333,60.0
42589,2676.581189612025,0.9893412817953967,60.0
42590,2676.5818840564693,0.9903550477678067,60.0
42591,2676.5825785009138,0.99008987121737,60.0
42592,2676.583272945358,0.9908728800075867,60.0
42593,2676.5839673898026,0.9899335383641633,60.0
42594,2676.584661834247,0.9898298923146801,60.0
42595,2676.5853562786915,0.98968289716588,60.0
42596,2676.586050723136,0.9885870069319532,60.0
42597,2676.5867451675804,0.99009826080594,60.0
42598,2676.587439612025,0.9895121755143199,60.0
42599,2676.5881340564692,0.9891092551252832,60.0
42600,2676.5888285009137,0.9896235095968601,60.0
42601,2676.589522945358,0.9894001638284,60.0
42602,2676.5902173898025,0.9895769683753599,60.0
42603,2676.590911834247,0.99073649782054,60.0
42604,2676.5916062786914,0.9900257596681,60.0
42605,2676.592300723136,0.9897086329111601,60.0
42606,2676.5929951675803,0.98955385905612,60.0
42607,2676.5936896120247,0.9892378249611467,60.0
42608,2676.594384056469,0.9896387721933833,60.0
42609,2676.5950785009136,0.9895751387123201,60.0
42610,2676.595772945358,0.98939355884499,60.0
42611,2676.5964673898025,0.990482897283285,60.0
42612,2676.597161834247,0.9896708942764301,60.0
42613,2676.5978562786913,0.98878627362771,60.0
42614,2676.5985507231358,0.98938830579994,60.0
42615,2676.59924516758,0.9890880697153267,60.0
42616,2676.599939612025,0.9889220019373633,60.0
42617,2676.6006340564695,0.9894388812953566,60.0
42618,2676.601328500914,0.9898128617937267,60.0
42619,2676.6020229453584,0.9899077369543333,60.0
42620,2676.602717389803,0.99062400818012,60.0
42621,2676.6034118342473,0.9892630468934033,60.0
42622,2676.6041062786917,0.9899704261136367,60.0
42623,2676.604800723136,0.9894755869985167,60.0
42624,2676.6054951675806,0.9884763941285967,60.0
42625,2676.606189612025,0.989202719626075,60.0
42626,2676.6068840564694,0.9894193150490467,60.0
42627,2676.607578500914,0.98814263045605,60.0
42628,2676.6082729453583,0.9904809309474301,60.0
42629,2676.6089673898027,0.98857650141349,60.0
42630,2676.609661834247,0.9891192550683466,60.0
42631,2676.6103562786916,0.9886771691851632,60.0
42632,2676.611050723136,0.989289509060165,60.0
42633,2676.6117451675805,0.9885321896311368,60.0
42634,2676.612439612025,0.9884208663788067,60.0
42635,2676.6131340564693,0.9889397059525132,60.0
42636,2676.6138285009138,0.9898057503120533,60.0
42637,2676.614522945358,0.9898610740093433,60.0
42638,2676.6152173898026,0.9897205090686201,60.0
42639,2676.615911834247,0.9885092711008366,60.0
42640,2676.6166062786915,0.9896050502402968,60.0
42641,2676.617300723136,0.9892706549366367,60.0
42642,2676.6179951675804,0.9889063780772401,60.0
42643,2676.618689612025,0.9895690380029599,60.0
42644,2676.6193840564692,0.988925963080195,60.0
42645,2676.6200785009137,0.9891041996275334,60.0
42646,2676.620772945358,0.99005315964431,60.0
42647,2676.6214673898025,0.98852046175024,60.0
42648,2676.622161834247,0.9890720741638367,60.0
42649,2676.6228562786914,0.9888593386113033,60.0
42650,2676.623550723136,0.9892424562609566,60.0
42651,2676.6242451675803,0.98854434212314,60.0
42652,2676.6249396120247,0.9888227970540101,60.0
42653,2676.625634056469,0.9890802256539967,60.0
42654,2676.6263285009136,0.9895140261545601,60.0
42655,2676.627022945358,0.98826796841478,60.0
42656,2676.6277173898025,0.9905261638460999,60.0
42657,2676.628411834247,0.9887205748459701,60.0
42658,2676.6291062786913,0.9883790668072834,60.0
42659,2676.629800723136,0.9888986033044667,60.0
42660,2676.6304951675806,0.9891573508325466,60.0
42661,2676.631189612025,0.9895689326917401,60.0
42662,2676.6318840564695,0.9888719093565034,60.0
42663,2676.632578500914,0.98965881211326,60.0
42664,2676.6332729453584,0.98935330626487,60.0
42665,2676.633967389803,0.98879938827219,60.0
42666,2676.6346618342473,0.98913269530191,60.0
42667,2676.6353562786917,0.9882049291769933,60.0
42668,2676.636050723136,0.9902638287954034,60.0
42669,2676.6367451675806,0.9881991975717267,60.0
42670,2676.637439612025,0.9888967682352634,60.0
42671,2676.6381340564694,0.988505616238355,60.0
42672,2676.638828500914,0.98881924639251,60.0
42673,2676.6395229453583,0.9886388298636399,60.0
42674,2676.6402173898027,0.98924733842353,60.0
42675,2676.640911834247,0.990018969940035,60.0
42676,2676.6416062786916,0.9896661954597867,60.0
42677,2676.642300723136,0.9891628444707533,60.0
42678,2676.6429951675805,0.9885563996467868,60.0
42679,2676.643689612025,0.98944809889047,60.0
42680,2676.6443840564693,0.98816358503831,60.0
42681,2676.6450785009138,0.98894939430074,60.0
42682,2676.645772945358,0.98878952451596,60.0
42683,2676.6464673898026,0.9890649835816,60.0
42684,2676.647161834247,0.9897941072528799,60.0
42685,2676.6478562786915,0.9895586137017934,60.0
42686,2676.648550723136,0.98787288542382,60.0
42687,2676.6492451675804,0.98972032262615,60.0
42688,2676.649939612025,0.9887461943221934,60.0
42689,2676.6506340564692,0.98994431775076,60.0
42690,2676.6513285009137,0.9889041394652133,60.0
42691,2676.652022945358,0.9892690503024166,60.0
42692,2676.6527173898025,0.9891663313254133,60.0
42693,2676.653411834247,0.98754426091548,60.0
42694,2676.6541062786914,0.98933755814233,60.0
42695,2676.654800723136,0.9900689199123832,60.0
42696,2676.6554951675803,0.9884975137771467,60.0
42697,2676.6561896120247,0.9889224967777733,60.0
42698,2676.656884056469,0.9893275606827,60.0
42699,2676.6575785009136,0.9890776000770334,60.0
42700,2676.658272945358,0.99057718774734,60.0
42701,2676.6589673898025,0.9884930351516833,60.0
42702,2676.6596618342473,0.98901231381789,60.0
42703,2676.660356278692,0.9889155925312033,60.0
42704,2676.661050723136,0.98917804457983,60.0
42705,2676.6617451675806,0.98908228458843,60.0
42706,2676.662439612025,0.9892203846931099,60.0
42707,2676.6631340564695,0.9883832191522534,60.0
42708,2676.663828500914,0.9892855543143101,60.0
42709,2676.6645229453584,0.989352510773535,60.0
42710,2676.665217389803,0.98837235222648,60.0
42711,2676.6659118342473,0.9890358238571033,60.0
42712,2676.6666062786917,0.9883122087417767,60.0
42713,2676.667300723136,0.98909730569715,60.0
42714,2676.6679951675806,0.9886416944447399,60.0
42715,2676.668689612025,0.9876123162000999,60.0
42716,2676.6693840564694,0.98787385476678,60.0
42717,2676.670078500914,0.98868750037705,60.0
42718,2676.6707729453583,0.98920141497661,60.0
42719,2676.6714673898027,0.98856920809168,60.0
42720,2676.672161834247,0.9879909528964333,60.0
42721,2676.6728562786916,0.9887929140713067,60.0
42722,2676.673550723136,0.9888038735439467,60.0
42723,2676.6742451675805,0.9890952600808333,60.0
42724,2676.674939612025,0.9885359170187199,60.0
42725,2676.6756340564693,0.989703335392915,60.0
42726,2676.6763285009138,0.9898160547560066,60.0
42727,2676.677022945358,0.98809009019838,60.0
42728,2676.6777173898026,0.9888957901165799,60.0
42729,2676.678411834247,0.9888292854032499,60.0
42730,2676.6791062786915,0.9882222064659034,60.0
42731,2676.679800723136,0.9896137905972067,60.0
42732,2676.6804951675804,0.9885222467068666,60.0
42733,2676.681189612025,0.9884441187544167,60.0
42734,2676.6818840564692,0.9889457440960401,60.0
42735,2676.6825785009137,0.9889416842221633,60.0
42736,2676.683272945358,0.9879003098428033,60.0
42737,2676.6839673898025,0.9885420965799466,60.0
42738,2676.684661834247,0.9886064489266667,60.0
42739,2676.6853562786914,0.9882943145580866,60.0
42740,2676.686050723136,0.9877669660934401,60.0
42741,2676.6867451675803,0.98906394016415,60.0
42742,2676.6874396120247,0.9887602523237833,60.0
42743,2676.688134056469,0.9889917685638333,60.0
42744,2676.688828500914,0.98943859530625,60.0
42745,2676.6895229453585,0.9891957080165267,60.0
42746,2676.690217389803,0.9887463339444301,60.0
42747,2676.6909118342473,0.9885125779518201,60.0
42748,2676.691606278692,0.989449148268025,60.0
42749,2676.692300723136,0.9896054401889667,60.0
42750,2676.6929951675806,0.9884084296264932,60.0
42751,2676.693689612025,0.98903124295385,60.0
42752,2676.6943840564695,0.98864411245983,60.0
42753,2676.695078500914,0.98770625091159,60.0
42754,2676.6957729453584,0.98887720341135,60.0
42755,2676.696467389803,0.98818340832376,60.0
42756,2676.6971618342473,0.989177866023065,60.0
42757,2676.6978562786917,0.98885295640915,60.0
42758,2676.698550723136,0.987842142092465,60.0
42759,2676.6992451675806,0.9884986678899667,60.0
42760,2676.699939612025,0.9885642786251133,60.0
42761,2676.7006340564694,0.9881725016410466,60.0
42762,2676.701328500914,0.9887943427546267,60.0
42763,2676.7020229453583,0.9879570527940235,60.0
42764,2676.7027173898027,0.9881479310153599,60.0
42765,2676.703411834247,0.9887624951283334,60.0
42766,2676.7041062786916,0.98864078555461,60.0
42767,2676.704800723136,0.989864890831545,60.0
42768,2676.7054951675805,0.98837367608433,60.0
42769,2676.706189612025,0.9896637124900766,60.0
42770,2676.7068840564693,0.9883285777533634,60.0
42771,2676.7075785009138,0.9876916918071833,60.0
42772,2676.708272945358,0.9884358491428866,60.0
42773,2676.7089673898026,0.9887516408306101,60.0
42774,2676.709661834247,0.987050042597,60.0
42775,2676.7103562786915,0.9880557536568499,60.0
42776,2676.711050723136,0.9893120945486701,60.0
42777,2676.7117451675804,0.9876902895419667,60.0
42778,2676.712439612025,0.9886377509441232,60.0
42779,2676.7131340564692,0.98918227983988,60.0
42780,2676.7138285009137,0.9895920038920134,60.0
42781,2676.714522945358,0.9880395498410199,60.0
42782,2676.7152173898025,0.987914113563005,60.0
42783,2676.715911834247,0.9891390305480899,60.0
42784,2676.7166062786914,0.98800093035227,60.0
42785,2676.717300723136,0.98766552857967,60.0
42786,2676.7179951675803,0.9880920599938366,60.0
42787,2676.718689612025,0.9889981496608132,60.0
42788,2676.7193840564696,0.98779988532914,60.0
42789,2676.720078500914,0.9884721135084001,60.0
42790,2676.7207729453585,0.9884717708859401,60.0
42791,2676.721467389803,0.98953561601261,60.0
42792,2676.7221618342473,0.9882874438715833,60.0
42793,2676.722856278692,0.9881337000969367,60.0
42794,2676.723550723136,0.9885727657567966,60.0
42795,2676.7242451675806,0.9875371601560533,60.0
42796,2676.724939612025,0.9877302650101134,60.0
42797,2676.7256340564695,0.9879766312013599,60.0
42798,2676.726328500914,0.9884850675122301,60.0
42799,2676.7270229453584,0.9873376074520567,60.0
42800,2676.727717389803,0.9886315048938433,60.0
42801,2676.7284118342473,0.98904759598371,60.0
42802,2676.7291062786917,0.9876913210941899,60.0
42803,2676.729800723136,0.9872930997167034,60.0
42804,2676.7304951675806,0.98842204558895,60.0
42805,2676.731189612025,0.9876398521372334,60.0
42806,2676.7318840564694,0.9883702620322233,60.0
42807,2676.732578500914,0.9879851694293699,60.0
42808,2676.7332729453583,0.9887926633344534,60.0
42809,2676.7339673898027,0.9887145277861533,60.0
42810,2676.734661834247,0.9892310967689,60.0
42811,2676.7353562786916,0.9881964212902501,60.0
42812,2676.736050723136,0.98835780206446,60.0
42813,2676.7367451675805,0.9881371635255249,60.0
42814,2676.737439612025,0.9885306595836566,60.0
42815,2676.7381340564693,0.9875722851796267,60.0
42816,2676.7388285009138,0.9874442052447566,60.0
42817,2676.739522945358,0.98891737112687,60.0
42818,2676.7402173898026,0.9883680649232568,60.0
42819,2676.740911834247,0.9884697555265466,60.0
42820,2676.7416062786915,0.9879133235342733,60.0
42821,2676.742300723136,0.9874954440957467,60.0
42822,2676.7429951675804,0.9874085747370099,60.0
42823,2676.743689612025,0.98835299883786,60.0
42824,2676.7443840564692,0.9881219672687868,60.0
42825,2676.7450785009137,0.9886648572230233,60.0
42826,2676.745772945358,0.9884807103647167,60.0
42827,2676.7464673898025,0.9876216222489466,60.0
42828,2676.747161834247,0.9877526343836801,60.0
42829,2676.7478562786914,0.98790411657902,60.0
42830,2676.7485507231363,0.98757553576091,60.0
42831,2676.7492451675807,0.988719202819335,60.0
42832,2676.749939612025,0.9890632450164666,60.0
42833,2676.7506340564696,0.98769311042617,60.0
42834,2676.751328500914,0.98756837055259,60.0
42835,2676.7520229453585,0.98885773761245,60.0
42836,2676.752717389803,0.9881819767523033,60.0
42837,2676.7534118342473,0.9879364776090034,60.0
42838,2676.754106278692,0.9885635539505001,60.0
42839,2676.754800723136,0.989047540997325,60.0
42840,2676.7554951675806,0.9877499936288032,60.0
42841,2676.756189612025,0.987097858216545,60.0
42842,2676.7568840564695,0.98807299953369,60.0
42843,2676.757578500914,0.9885055442085501,60.0
42844,2676.7582729453584,0.9889526599142933,60.0
42845,2676.758967389803,0.9879393881078501,60.0
42846,2676.7596618342473,0.9881318523785834,60.0
42847,2676.7603562786917,0.9878226590470766,60.0
42848,2676.761050723136,0.9887133258300733,60.0
42849,2676.7617451675806,0.9873867432636366,60.0
42850,2676.762439612025,0.9876679135024851,60.0
42851,2676.7631340564694,0.9881872407197899,60.0
42852,2676.763828500914,0.98711937566406,60.0
42853,2676.7645229453583,0.9888828190151501,60.0
42854,2676.7652173898027,0.9880415358151501,60.0
42855,2676.765911834247,0.9878557940948466,60.0
42856,2676.7666062786916,0.9872994615195166,60.0
42857,2676.767300723136,0.9887270358391733,60.0
42858,2676.7679951675805,0.9879567342187,60.0
42859,2676.768689612025,0.9876954923233033,60.0
42860,2676.7693840564693,0.9885360220053268,60.0
42861,2676.7700785009138,0.9870643867710468,60.0
42862,2676.770772945358,0.98807898347952,60.0
42863,2676.7714673898026,0.98764865186681,60.0
42864,2676.772161834247,0.9877543784220734,60.0
42865,2676.7728562786915,0.9888379511017199,60.0
42866,2676.773550723136,0.9886154002793001,60.0
42867,2676.7742451675804,0.98769116688019,60.0
42868,2676.774939612025,0.9879111945257367,60.0
42869,2676.7756340564692,0.9879755574529501,60.0
42870,2676.7763285009137,0.98757413374548,60.0
42871,2676.777022945358,0.9871665951049566,60.0
42872,2676.777717389803,0.98723217584166,60.0
42873,2676.7784118342474,0.9874517684947633,60.0
42874,2676.779106278692,0.9881510647055199,60.0
42875,2676.7798007231363,0.987804180955,60.0
42876,2676.7804951675807,0.9878826673041633,60.0
42877,2676.781189612025,0.9884326160845449,60.0
42878,2676.7818840564696,0.9877119153307833,60.0
42879,2676.782578500914,0.9880541643836733,60.0
42880,2676.7832729453585,0.98795548458576,60.0
42881,2676.783967389803,0.98805791963103,60.0
42882,2676.7846618342473,0.9878681569109967,60.0
42883,2676.785356278692,0.9877332788859468,60.0
42884,2676.786050723136,0.9879153837470699,60.0
42885,2676.7867451675806,0.9879690101109734,60.0
42886,2676.787439612025,0.9880858193409935,60.0
42887,2676.7881340564695,0.9881902255229132,60.0
42888,2676.788828500914,0.98832043999242,60.0
42889,2676.7895229453584,0.9870035118684467,60.0
42890,2676.790217389803,0.9880737603984033,60.0
42891,2676.7909118342473,0.9885911034829901,60.0
42892,2676.7916062786917,0.98685008077249,60.0
42893,2676.792300723136,0.9869882467072933,60.0
42894,2676.7929951675806,0.98821229286286,60.0
42895,2676.793689612025,0.9875838863519967,60.0
42896,2676.7943840564694,0.98886670236734,60.0
42897,2676.795078500914,0.9876818322393034,60.0
42898,2676.7957729453583,0.9878952874102632,60.0
42899,2676.7964673898027,0.988670662672555,60.0
42900,2676.797161834247,0.9869779695536033,60.0
42901,2676.7978562786916,0.9868707843310801,60.0
42902,2676.798550723136,0.9867405298908634,60.0
42903,2676.7992451675805,0.9867433700085,60.0
42904,2676.799939612025,0.9882961502222366,60.0
42905,2676.8006340564693,0.98781964448202,60.0
42906,2676.8013285009138,0.9876765245861033,60.0
42907,2676.802022945358,0.9874359908244467,60.0
42908,2676.8027173898026,0.9872508554216767,60.0
42909,2676.803411834247,0.987394035377145,60.0
42910,2676.8041062786915,0.9868600110797767,60.0
42911,2676.804800723136,0.98776087250756,60.0
42912,2676.8054951675804,0.9884674127957367,60.0
42913,2676.806189612025,0.9873200261297767,60.0
42914,2676.8068840564692,0.9881307538844933,60.0
42915,2676.807578500914,0.9866474922067533,60.0
42916,2676.8082729453586,0.9878724853040733,60.0
42917,2676.808967389803,0.98694435703601,60.0
42918,2676.8096618342474,0.98780025119911,60.0
42919,2676.810356278692,0.9880411681695334,60.0
42920,2676.8110507231363,0.987844471590985,60.0
42921,2676.8117451675807,0.9876940728012834,60.0
42922,2676.812439612025,0.9875810775805799,60.0
42923,2676.8131340564696,0.9878340125870351,60.0
42924,2676.813828500914,0.9887098304869767,60.0
42925,2676.8145229453585,0.986953251280865,60.0
42926,2676.815217389803,0.987742208784125,60.0
42927,2676.8159118342473,0.9876243913553333,60.0
42928,2676.816606278692,0.9870374284951766,60.0
42929,2676.817300723136,0.9873695083123533,60.0
42930,2676.8179951675806,0.98751816324363,60.0
42931,2676.818689612025,0.987731162168365,60.0
42932,2676.8193840564695,0.98658964515871,60.0
42933,2676.820078500914,0.9868187444237699,60.0
42934,2676.8207729453584,0.9868185843627351,60.0
42935,2676.821467389803,0.9861589515534668,60.0
42936,2676.8221618342473,0.9877198796322366,60.0
42937,2676.8228562786917,0.986350882482085,60.0
42938,2676.823550723136,0.9864648064456967,60.0
42939,2676.8242451675806,0.9866617296573835,60.0
42940,2676.824939612025,0.988393631110455,60.0
42941,2676.8256340564694,0.988540847695285,60.0
42942,2676.826328500914,0.9875847384319534,60.0
42943,2676.8270229453583,0.9881439036038501,60.0
42944,2676.8277173898027,0.9867604405984133,60.0
42945,2676.828411834247,0.9866182369371,60.0
42946,2676.8291062786916,0.9886781960414334,60.0
42947,2676.829800723136,0.98671129816158,60.0
42948,2676.8304951675805,0.98634770700665,60.0
42949,2676.831189612025,0.987563213812355,60.0
42950,2676.8318840564693,0.9880552332018334,60.0
42951,2676.8325785009138,0.9872622312404701,60.0
42952,2676.833272945358,0.9869251762816633,60.0
42953,2676.8339673898026,0.9875526762642967,60.0
42954,2676.834661834247,0.98729309433986,60.0
42955,2676.8353562786915,0.9882137860616999,60.0
42956,2676.836050723136,0.9867218289818199,60.0
42957,2676.8367451675804,0.9875751541428567,60.0
42958,2676.8374396120253,0.9879773891266467,60.0
42959,2676.8381340564697,0.98691819366542,60.0
42960,2676.838828500914,0.9861297464819266,60.0
42961,2676.8395229453586,0.9876069987873234,60.0
42962,2676.840217389803,0.9884066424338599,60.0
42963,2676.8409118342474,0.9863673660409934,60.0
42964,2676.841606278692,0.9868475438022033,60.0
42965,2676.8423007231363,0.987241225781305,60.0
42966,2676.8429951675807,0.9875759570463233,60.0
42967,2676.843689612025,0.98835823087653,60.0
42968,2676.8443840564696,0.9874155425304867,60.0
42969,2676.845078500914,0.98604160498016,60.0
42970,2676.8457729453585,0.9873561226171433,60.0
42971,2676.846467389803,0.9865190819133699,60.0
42972,2676.8471618342473,0.9874542715150967,60.0
42973,2676.847856278692,0.98732050376397,60.0
42974,2676.848550723136,0.9876152239917867,60.0
42975,2676.8492451675806,0.9866451839552933,60.0
42976,2676.849939612025,0.98666992787251,60.0
42977,2676.8506340564695,0.9874273473759967,60.0
42978,2676.851328500914,0.9874506025776366,60.0
42979,2676.8520229453584,0.9872002374581701,60.0
42980,2676.852717389803,0.9873508170651867,60.0
42981,2676.8534118342473,0.9876356599724133,60.0
42982,2676.8541062786917,0.9880274609559067,60.0
42983,2676.854800723136,0.986970471719415,60.0
42984,2676.8554951675806,0.98737395272021,60.0
42985,2676.856189612025,0.9868027450991333,60.0
42986,2676.8568840564694,0.9873255576562934,60.0
42987,2676.857578500914,0.9871482909616599,60.0
42988,2676.8582729453583,0.98730446080208,60.0
42989,2676.8589673898027,0.9864990926774665,60.0
42990,2676.859661834247,0.9874339510557933,60.0
42991,2676.8603562786916,0.98843248121277,60.0
42992,2676.861050723136,0.9874901630279349,60.0
42993,2676.8617451675805,0.9875239501147567,60.0
42994,2676.862439612025,0.9868381997855266,60.0
42995,2676.8631340564693,0.9874125691511,60.0
42996,2676.8638285009138,0.9882282437423099,60.0
42997,2676.864522945358,0.9873646387796468,60.0
42998,2676.8652173898026,0.9871768427960568,60.0
42999,2676.865911834247,0.9869256249502599,60.0
43000,2676.866606278692,0.9876584792653267,60.0
43001,2676.8673007231364,0.987538018261295,60.0
43002,2676.867995167581,0.9868279890702766,60.0
43003,2676.8686896120253,0.9876405575542799,60.0
43004,2676.8693840564697,0.98717244416042,60.0
43005,2676.870078500914,0.9871047647518832,60.0
43006,2676.8707729453586,0.9869867480661334,60.0
43007,2676.871467389803,0.986046999922,60.0
43008,2676.8721618342474,0.9869182413006934,60.0
43009,2676.872856278692,0.98607433800081,60.0
43010,2676.8735507231363,0.985918983225715,60.0
43011,2676.8742451675807,0.9872382184786966,60.0
43012,2676.874939612025,0.9866417047254966,60.0
43013,2676.8756340564696,0.9882563405449568,60.0
43014,2676.876328500914,0.9879087033176001,60.0
43015,2676.8770229453585,0.9878455068607367,60.0
43016,2676.877717389803,0.98623974337848,60.0
43017,2676.8784118342473,0.9869343350239866,60.0
43018,2676.879106278692,0.9870600520042032,60.0
43019,2676.879800723136,0.9867983891482667,60.0
43020,2676.8804951675806,0.9878514472798,60.0
43021,2676.881189612025,0.9866344321584167,60.0
43022,2676.8818840564695,0.9867908328074133,60.0
43023,2676.882578500914,0.9870056200019833,60.0
43024,2676.8832729453584,0.9869686096760234,60.0
43025,2676.883967389803,0.9870636164508166,60.0
43026,2676.8846618342473,0.987259156323955,60.0
43027,2676.8853562786917,0.9871931904707966,60.0
43028,2676.886050723136,0.988325382168,60.0
43029,2676.8867451675806,0.9867694987195567,60.0
43030,2676.887439612025,0.9871879452511267,60.0
43031,2676.8881340564694,0.9864724058530866,60.0
43032,2676.888828500914,0.9861385012191867,60.0
43033,2676.8895229453583,0.98745792017794,60.0
43034,2676.8902173898027,0.9879323157381433,60.0
43035,2676.890911834247,0.9868477497560634,60.0
43036,2676.8916062786916,0.98742239246501,60.0
43037,2676.892300723136,0.987134150268815,60.0
43038,2676.8929951675805,0.9869679804629,60.0
43039,2676.893689612025,0.9870022294998634,60.0
43040,2676.8943840564693,0.9871283018511,60.0
43041,2676.8950785009138,0.9868388364012567,60.0
43042,2676.895772945358,0.98667354775815,60.0
43043,2676.896467389803,0.986336544229055,60.0
43044,2676.8971618342475,0.9871492385703651,60.0
43045,2676.897856278692,0.9874924086323267,60.0
43046,2676.8985507231364,0.9865962972351401,60.0
43047,2676.899245167581,0.9863556463709267,60.0
43048,2676.8999396120253,0.9867638503059734,60.0
43049,2676.9006340564697,0.9863946635289967,60.0
43050,2676.901328500914,0.9867228625130333,60.0
43051,2676.9020229453586,0.9863731568112799,60.0
43052,2676.902717389803,0.98657378634581,60.0
43053,2676.9034118342474,0.9866306232429801,60.0
43054,2676.904106278692,0.9870633655941433,60.0
43055,2676.9048007231363,0.98697566836781,60.0
43056,2676.9054951675807,0.9862966919902366,60.0
43057,2676.906189612025,0.9876557384877467,60.0
43058,2676.9068840564696,0.9869251548078634,60.0
43059,2676.907578500914,0.9865441298598899,60.0
43060,2676.9082729453585,0.986867209948165,60.0
43061,2676.908967389803,0.9874028286143434,60.0
43062,2676.9096618342473,0.9855642765167932,60.0
43063,2676.910356278692,0.9865461925258799,60.0
43064,2676.911050723136,0.9873227356764533,60.0
43065,2676.9117451675806,0.9867458295110932,60.0
43066,2676.912439612025,0.9864854853981434,60.0
43067,2676.9131340564695,0.98640261565356,60.0
43068,2676.913828500914,0.9870155522037134,60.0
43069,2676.9145229453584,0.986496277724705,60.0
43070,2676.915217389803,0.9869777352941034,60.0
43071,2676.9159118342473,0.9862260983535167,60.0
43072,2676.9166062786917,0.9860977815247965,60.0
43073,2676.917300723136,0.9876246370887934,60.0
43074,2676.9179951675806,0.9853707205641067,60.0
43075,2676.918689612025,0.9859233143603466,60.0
43076,2676.9193840564694,0.9881716627831434,60.0
43077,2676.920078500914,0.986458543430415,60.0
43078,2676.9207729453583,0.9864697467582667,60.0
43079,2676.9214673898027,0.98662206725194,60.0
43080,2676.922161834247,0.98574007840137,60.0
43081,2676.9228562786916,0.9861800679108335,60.0
43082,2676.923550723136,0.9871587936819367,60.0
43083,2676.9242451675805,0.9869403594332801,60.0
43084,2676.924939612025,0.98731276981502,60.0
43085,2676.9256340564693,0.9874671313077332,60.0
43086,2676.926328500914,0.985953820931675,60.0
43087,2676.9270229453587,0.9873391595527433,60.0
43088,2676.927717389803,0.9869258537356868,60.0
43089,2676.9284118342475,0.9855993402003533,60.0
43090,2676.929106278692,0.9866126480679434,60.0
43091,2676.9298007231364,0.9863411613380734,60.0
43092,2676.930495167581,0.98662129918152,60.0
43093,2676.9311896120253,0.9874463647099466,60.0
43094,2676.9318840564697,0.9877153452503933,60.0
43095,2676.932578500914,0.9875055370711401,60.0
43096,2676.9332729453586,0.9871379754104866,60.0
43097,2676.933967389803,0.9876055013549667,60.0
43098,2676.9346618342474,0.9867837293578766,60.0
43099,2676.935356278692,0.9867373855284433,60.0
43100,2676.9360507231363,0.98517939533076,60.0
43101,2676.9367451675807,0.9851816542904867,60.0
43102,2676.937439612025,0.9860701081506532,60.0
43103,2676.9381340564696,0.9865315987271099,60.0
43104,2676.938828500914,0.9863382438085232,60.0
43105,2676.9395229453585,0.9869725161585968,60.0
43106,2676.940217389803,0.9864722724587566,60.0
43107,2676.9409118342473,0.9858725782339066,60.0
43108,2676.941606278692,0.9860561643440867,60.0
43109,2676.942300723136,0.9860408882525467,60.0
43110,2676.9429951675806,0.9869657385300833,60.0
43111,2676.943689612025,0.98650106982845,60.0
43112,2676.9443840564695,0.9871072697220132,60.0
43113,2676.945078500914,0.98584964879513,60.0
43114,2676.9457729453584,0.9862969925067534,60.0
43115,2676.946467389803,0.98607620162166,60.0
43116,2676.9471618342473,0.9870653586264165,60.0
43117,2676.9478562786917,0.9870329954549434,60.0
43118,2676.948550723136,0.9861838048420001,60.0
43119,2676.9492451675806,0.98623220017201,60.0
43120,2676.949939612025,0.9868296302212668,60.0
43121,2676.9506340564694,0.9873767649551434,60.0
43122,2676.951328500914,0.9857030797473533,60.0
43123,2676.9520229453583,0.98578398902528,60.0
43124,2676.9527173898027,0.9863658294962666,60.0
43125,2676.953411834247,0.9869110785335367,60.0
43126,2676.9541062786916,0.9862156224717032,60.0
43127,2676.954800723136,0.9858596115923199,60.0
43128,2676.955495167581,0.9862205442287366,60.0
43129,2676.9561896120254,0.98672177013197,60.0
43130,2676.95688405647,0.9863183410263366,60.0
43131,2676.957578500914,0.9866769079648666,60.0
43132,2676.9582729453587,0.9865951426453634,60.0
43133,2676.958967389803,0.9861455851853002,60.0
43134,2676.9596618342475,0.988360992731635,60.0
43135,2676.960356278692,0.9860437744061766,60.0
43136,2676.9610507231364,0.9862574114777166,60.0
43137,2676.961745167581,0.9863539192476701,60.0
43138,2676.9624396120253,0.98550662209407,60.0
43139,2676.9631340564697,0.98493947556964,60.0
43140,2676.963828500914,0.9868407339697433,60.0
43141,2676.9645229453586,0.98639299793257,60.0
43142,2676.965217389803,0.9854725407240733,60.0
43143,2676.9659118342474,0.9858230937464767,60.0
43144,2676.966606278692,0.9859040142606866,60.0
43145,2676.9673007231363,0.98594087101786,60.0
43146,2676.9679951675807,0.987215885292985,60.0
43147,2676.968689612025,0.9867388679612,60.0
43148,2676.9693840564696,0.9863389942671934,60.0
43149,2676.970078500914,0.9869903780788567,60.0
43150,2676.9707729453585,0.9861427842461801,60.0
43151,2676.971467389803,0.9861541852103833,60.0
43152,2676.9721618342473,0.9861012204613234,60.0
43153,2676.972856278692,0.9868530948652167,60.0
43154,2676.973550723136,0.9869410768050266,60.0
43155,2676.9742451675806,0.9853147317907034,60.0
43156,2676.974939612025,0.98571298974875,60.0
43157,2676.9756340564695,0.9867967837481832,60.0
43158,2676.976328500914,0.986420533830495,60.0
43159,2676.9770229453584,0.9855241560825934,60.0
43160,2676.977717389803,0.9875800323738567,60.0
43161,2676.9784118342473,0.9871199478007234,60.0
43162,2676.9791062786917,0.98528667447464,60.0
43163,2676.979800723136,0.9865915793186232,60.0
43164,2676.9804951675806,0.9859651245814733,60.0
43165,2676.981189612025,0.98508720150759,60.0
43166,2676.9818840564694,0.9870159724675066,60.0
43167,2676.982578500914,0.9856247941942734,60.0
43168,2676.9832729453583,0.9860423900469399,60.0
43169,2676.9839673898027,0.9864910516446767,60.0
43170,2676.984661834247,0.9857563948754201,60.0
43171,2676.985356278692,0.9866432424762266,60.0
43172,2676.9860507231365,0.98653186944331,60.0
43173,2676.986745167581,0.9858932640769532,60.0
43174,2676.9874396120254,0.98545549921259,60.0
43175,2676.98813405647,0.9863232066906049,60.0
43176,2676.988828500914,0.9857876847659667,60.0
43177,2676.9895229453587,0.98803111076157,60.0
43178,2676.990217389803,0.9860269717909333,60.0
43179,2676.9909118342475,0.9863699005909,60.0
43180,2676.991606278692,0.9865589532152267,60.0
43181,2676.9923007231364,0.9864467112071433,60.0
43182,2676.992995167581,0.9858512586353934,60.0
43183,2676.9936896120253,0.985627930926085,60.0
43184,2676.9943840564697,0.9859612030911867,60.0
43185,2676.995078500914,0.9867656682059899,60.0
43186,2676.9957729453586,0.9868352122651767,60.0
43187,2676.996467389803,0.9854149306890166,60.0
43188,2676.9971618342474,0.98629118082217,60.0
43189,2676.997856278692,0.9858030185629666,60.0
43190,2676.9985507231363,0.9860359904945933,60.0
43191,2676.9992451675807,0.9866573948028033,60.0
43192,2676.999939612025,0.9866980433096167,60.0
43193,2677.0006340564696,0.9871673795925733,60.0
43194,2677.001328500914,0.98619229628859,60.0
43195,2677.0020229453585,0.9857264630877101,60.0
43196,2677.002717389803,0.9865655240704166,60.0
43197,2677.0034118342473,0.985787143732975,60.0
43198,2677.004106278692,0.986322118326435,60.0
43199,2677.004800723136,0.9862111751573801,60.0
43200,2677.0054951675806,0.98625419098792,60.0
43201,2677.006189612025,0.9862581944466133,60.0
43202,2677.0068840564695,0.98673124587497,60.0
43203,2677.007578500914,0.9860448945913,60.0
43204,2677.0082729453584,0.9861300424047666,60.0
43205,2677.008967389803,0.9867630847496001,60.0
43206,2677.0096618342473,0.98521507973806,60.0
43207,2677.0103562786917,0.9870046165667633,60.0
43208,2677.011050723136,0.98543491698676,60.0
43209,2677.0117451675806,0.9864699129318967,60.0
43210,2677.012439612025,0.9866738275538967,60.0
43211,2677.0131340564694,0.9858147278907866,60.0
43212,2677.013828500914,0.9861874285048199,60.0
43213,2677.0145229453583,0.9859478130915432,60.0
43214,2677.015217389803,0.9860384758008266,60.0
43215,2677.0159118342476,0.9852805424328098,60.0
43216,2677.016606278692,0.98696971356455,60.0
43217,2677.0173007231365,0.98518863640524,60.0
43218,2677.017995167581,0.9864843100960933,60.0
43219,2677.0186896120254,0.9853939256164533,60.0
43220,2677.01938405647,0.986398361952495,60.0
43221,2677.020078500914,0.98797176035561,60.0
43222,2677.0207729453587,0.9849812399875466,60.0
43223,2677.021467389803,0.9864269029653201,60.0
43224,2677.0221618342475,0.9865777301577966,60.0
43225,2677.022856278692,0.9853149977950899,60.0
43226,2677.0235507231364,0.98494395591605,60.0
43227,2677.024245167581,0.9858592578075932,60.0
43228,2677.0249396120253,0.9854276414862734,60.0
43229,2677.0256340564697,0.9866600852721367,60.0
43230,2677.026328500914,0.9853895239772532,60.0
43231,2677.0270229453586,0.98667338891113,60.0
43232,2677.027717389803,0.98654418265329,60.0
43233,2677.0284118342474,0.9858346988575066,60.0
43234,2677.029106278692,0.9867161439974667,60.0
43235,2677.0298007231363,0.98569707951277,60.0
43236,2677.0304951675807,0.984634967353575,60.0
43237,2677.031189612025,0.9863852548037834,60.0
43238,2677.0318840564696,0.98601838252286,60.0
43239,2677.032578500914,0.9861079660681767,60.0
43240,2677.0332729453585,0.9847252484903167,60.0
43241,2677.033967389803,0.98644030472563,60.0
43242,2677.0346618342473,0.9863460035476167,60.0
43243,2677.035356278692,0.9854135780007901,60.0
43244,2677.036050723136,0.9859516065376734,60.0
43245,2677.0367451675806,0.9860868849918033,60.0
43246,2677.037439612025,0.9856444283144299,60.0
43247,2677.0381340564695,0.9868390082409433,60.0
43248,2677.038828500914,0.9842647833216233,60.0
43249,2677.0395229453584,0.9864905663320767,60.0
43250,2677.040217389803,0.98524115373068,60.0
43251,2677.0409118342473,0.9869887817325766,60.0
43252,2677.0416062786917,0.9861433342812466,60.0
43253,2677.042300723136,0.9859067282716,60.0
43254,2677.0429951675806,0.9858120934721301,60.0
43255,2677.043689612025,0.9869601944714267,60.0
43256,2677.04438405647,0.9856628485105867,60.0
43257,2677.0450785009143,0.9860759418312967,60.0
43258,2677.0457729453587,0.98514303836262,60.0
43259,2677.046467389803,0.9854118681354566,60.0
43260,2677.0471618342476,0.9859109368928234,60.0
43261,2677.047856278692,0.9859756931790798,60.0
43262,2677.0485507231365,0.9855074298691234,60.0
43263,2677.049245167581,0.9866081866966067,60.0
43264,2677.0499396120254,0.9856473338726567,60.0
43265,2677.05063405647,0.9863132191917233,60.0
43266,2677.051328500914,0.9859414638018666,60.0
43267,2677.0520229453587,0.9854311071696751,60.0
43268,2677.052717389803,0.9861863466571901,60.0
43269,2677.0534118342475,0.9860779539620067,60.0
43270,2677.054106278692,0.9856059251278833,60.0
43271,2677.0548007231364,0.98525577436799,60.0
43272,2677.055495167581,0.9855481475810866,60.0
43273,2677.0561896120253,0.9860511504345166,60.0
43274,2677.0568840564697,0.9869744716166199,60.0
43275,2677.057578500914,0.9855426020776733,60.0
43276,2677.0582729453586,0.9851686601990001,60.0
43277,2677.058967389803,0.9864664989372366,60.0
43278,2677.0596618342474,0.9856892273999334,60.0
43279,2677.060356278692,0.9848886790228367,60.0
43280,2677.0610507231363,0.9863223180328934,60.0
43281,2677.0617451675807,0.986065550336545,60.0
43282,2677.062439612025,0.9863624315796798,60.0
43283,2677.0631340564696,0.9853954911180733,60.0
43284,2677.063828500914,0.9855802810013833,60.0
43285,2677.0645229453585,0.9863985672925034,60.0
43286,2677.065217389803,0.986342909331285,60.0
43287,2677.0659118342473,0.9861094818012367,60.0
43288,2677.066606278692,0.9863455774652934,60.0
43289,2677.067300723136,0.98610689949385,60.0
43290,2677.0679951675806,0.9865780947855933,60.0
43291,2677.068689612025,0.9864836331234299,60.0
43292,2677.0693840564695,0.9862212951909299,60.0
43293,2677.070078500914,0.9857249499871132,60.0
43294,2677.0707729453584,0.9861595369868433,60.0
43295,2677.071467389803,0.9844839040077,60.0
43296,2677.0721618342473,0.98525461907085,60.0
43297,2677.0728562786917,0.9851981294926401,60.0
43298,2677.073550723136,0.9864784965620634,60.0
43299,2677.074245167581,0.9851256841874401,60.0
43300,2677.0749396120254,0.9861118842784733,60.0
43301,2677.07563405647,0.9849219901006266,60.0
43302,2677.0763285009143,0.9851781901609734,60.0
43303,2677.0770229453587,0.9856892949836067,60.0
43304,2677.077717389803,0.9846799382762933,60.0
43305,2677.0784118342476,0.98631917879303,60.0
43306,2677.079106278692,0.9857076542363601,60.0
43307,2677.0798007231365,0.98680602539363,60.0
43308,2677.080495167581,0.98640389496647,60.0
43309,2677.0811896120254,0.98601286691479,60.0
43310,2677.08188405647,0.9859082144428166,60.0
43311,2677.082578500914,0.9852894536726899,60.0
43312,2677.0832729453587,0.98575635996939,60.0
43313,2677.083967389803,0.98537270890657,60.0
43314,2677.0846618342475,0.9857261538632267,60.0
43315,2677.085356278692,0.9848872437588333,60.0
43316,2677.0860507231364,0.9860055071592498,60.0
43317,2677.086745167581,0.9854845635002066,60.0
43318,2677.0874396120253,0.98540646933128,60.0
43319,2677.0881340564697,0.9856335330977334,60.0
43320,2677.088828500914,0.9849076474010667,60.0
43321,2677.0895229453586,0.98527585818771,60.0
43322,2677.090217389803,0.98621273012746,60.0
43323,2677.0909118342474,0.9859793047455501,60.0
43324,2677.091606278692,0.98562354782822,60.0
43325,2677.0923007231363,0.9859493634703966,60.0
43326,2677.0929951675807,0.9852884248983367,60.0
43327,2677.093689612025,0.98608604022062,60.0
43328,2677.0943840564696,0.98698260687725,60.0
43329,2677.095078500914,0.9866063245192965,60.0
43330,2677.0957729453585,0.98493905452341,60.0
43331,2677.096467389803,0.9859835672582867,60.0
43332,2677.0971618342473,0.9861165987200801,60.0
43333,2677.097856278692,0.9859284306681366,60.0
43334,2677.098550723136,0.9854201917736566,60.0
43335,2677.0992451675806,0.9858247475411099,60.0
43336,2677.099939612025,0.9853874120555534,60.0
43337,2677.1006340564695,0.9853728770901168,60.0
43338,2677.101328500914,0.9864578938298366,60.0
43339,2677.1020229453584,0.9849289014947201,60.0
43340,2677.102717389803,0.9846092790013934,60.0
43341,2677.1034118342473,0.9851658643781099,60.0
43342,2677.104106278692,0.9854825150737767,60.0
43343,2677.1048007231366,0.9845642686602001,60.0
43344,2677.105495167581,0.9859445765935367,60.0
43345,2677.1061896120254,0.9843425083157333,60.0
43346,2677.10688405647,0.98427324379731,60.0
43347,2677.1075785009143,0.98530815814941,60.0
43348,2677.1082729453587,0.9846723662086466,60.0
43349,2677.108967389803,0.9853560409240966,60.0
43350,2677.1096618342476,0.9864362584656234,60.0
43351,2677.110356278692,0.9847851151808267,60.0
43352,2677.1110507231365,0.9854077830664867,60.0
43353,2677.111745167581,0.9850579038128666,60.0
43354,2677.1124396120254,0.98417407293088,60.0
43355,2677.11313405647,0.98534886063037,60.0
43356,2677.113828500914,0.9861170733332066,60.0
43357,2677.1145229453587,0.98544850950565,60.0
43358,2677.115217389803,0.985957447347455,60.0
43359,2677.1159118342475,0.9847026986816099,60.0
43360,2677.116606278692,0.9851808894999666,60.0
43361,2677.1173007231364,0.9861025073578235,60.0
43362,2677.117995167581,0.9846766027521267,60.0
43363,2677.1186896120253,0.98488559601947,60.0
43364,2677.1193840564697,0.98529160385919,60.0
43365,2677.120078500914,0.984504555506875,60.0
43366,2677.1207729453586,0.9844959321126133,60.0
43367,2677.121467389803,0.9850690842499134,60.0
43368,2677.1221618342474,0.984847999708615,60.0
43369,2677.122856278692,0.9855543352282,60.0
43370,2677.1235507231363,0.9850112296902567,60.0
43371,2677.1242451675807,0.98457261030899,60.0
43372,2677.124939612025,0.9859790780231465,60.0
43373,2677.1256340564696,0.9843797201305468,60.0
43374,2677.126328500914,0.9852170407859567,60.0
43375,2677.1270229453585,0.9854111082420149,60.0
43376,2677.127717389803,0.9849838211508066,60.0
43377,2677.1284118342473,0.9850542181585232,60.0
43378,2677.129106278692,0.9849539106541699,60.0
43379,2677.129800723136,0.9863881616896399,60.0
43380,2677.1304951675806,0.9850596890186368,60.0
43381,2677.131189612025,0.9846934500902466,60.0
43382,2677.1318840564695,0.98537380661806,60.0
43383,2677.132578500914,0.9848472645674667,60.0
43384,2677.133272945359,0.98410965616684,60.0
43385,2677.1339673898033,0.98556144079764,60.0
43386,2677.1346618342477,0.98614299652334,60.0
43387,2677.135356278692,0.9849140434655633,60.0
43388,2677.1360507231366,0.9854725541662134,60.0
43389,2677.136745167581,0.9847604506755849,60.0
43390,2677.1374396120254,0.98465899077878,60.0
43391,2677.13813405647,0.9858026643471066,60.0
43392,2677.1388285009143,0.9848722295631149,60.0
43393,2677.1395229453587,0.9842201002622734,60.0
43394,2677.140217389803,0.9852921888568332,60.0
43395,2677.1409118342476,0.9848851590087134,60.0
43396,2677.141606278692,0.98529792049955,60.0
43397,2677.1423007231365,0.9843020802399134,60.0
43398,2677.142995167581,0.98514586485768,60.0
43399,2677.1436896120254,0.9861528562437101,60.0
43400,2677.14438405647,0.985871618286985,60.0
43401,2677.145078500914,0.98480127321124,60.0
43402,2677.1457729453587,0.9844058052246433,60.0
43403,2677.146467389803,0.98512537923648,60.0
43404,2677.1471618342475,0.9854377298356201,60.0
43405,2677.147856278692,0.9852254028060967,60.0
43406,2677.1485507231364,0.9844558741748167,60.0
43407,2677.149245167581,0.9855352497584833,60.0
43408,2677.1499396120253,0.9847044891227766,60.0
43409,2677.1506340564697,0.9856992871354433,60.0
43410,2677.151328500914,0.9845317545301001,60.0
43411,2677.1520229453586,0.9850636551727733,60.0
43412,2677.152717389803,0.98489177288125,60.0
43413,2677.1534118342474,0.98580297945804,60.0
43414,2677.154106278692,0.985337374442945,60.0
43415,2677.1548007231363,0.985518252943295,60.0
43416,2677.1554951675807,0.9853821334949967,60.0
43417,2677.156189612025,0.9848387221378566,60.0
43418,2677.1568840564696,0.98496945661927,60.0
43419,2677.157578500914,0.9849987736737335,60.0
43420,2677.1582729453585,0.9857718914357833,60.0
43421,2677.158967389803,0.9859583844320867,60.0
43422,2677.1596618342473,0.985943498113805,60.0
43423,2677.160356278692,0.9855556899829649,60.0
43424,2677.161050723136,0.9843258735423367,60.0
43425,2677.1617451675806,0.9856464764917466,60.0
43426,2677.162439612025,0.9852830005849299,60.0
43427,2677.16313405647,0.98513062196356,60.0
43428,2677.1638285009144,0.986055498879435,60.0
43429,2677.164522945359,0.98460484045619,60.0
43430,2677.1652173898033,0.9847549637102534,60.0
43431,2677.1659118342477,0.9846249794559,60.0
43432,2677.166606278692,0.9850103680687368,60.0
43433,2677.1673007231366,0.9852497701845367,60.0
43434,2677.167995167581,0.9851257795151568,60.0
43435,2677.1686896120254,0.984022179042725,60.0
43436,2677.16938405647,0.98553692923185,60.0
43437,2677.1700785009143,0.9853108464939767,60.0
43438,2677.1707729453587,0.9851667290060034,60.0
43439,2677.171467389803,0.9840360672919634,60.0
43440,2677.1721618342476,0.985261767582165,60.0
43441,2677.172856278692,0.9845820181261068,60.0
43442,2677.1735507231365,0.98573406829296,60.0
43443,2677.174245167581,0.9849972919707034,60.0
43444,2677.1749396120254,0.98704446930987,60.0
43445,2677.17563405647,0.9846219565378966,60.0
43446,2677.176328500914,0.98544216834894,60.0
43447,2677.1770229453587,0.9857663967482234,60.0
43448,2677.177717389803,0.9857307484152766,60.0
43449,2677.1784118342475,0.9849293759066834,60.0
43450,2677.179106278692,0.9848665797348032,60.0
43451,2677.1798007231364,0.9851521385724701,60.0
43452,2677.180495167581,0.98513723363029,60.0
43453,2677.1811896120253,0.98488461188691,60.0
43454,2677.1818840564697,0.9853746359679849,60.0
43455,2677.182578500914,0.98483751341741,60.0
43456,2677.1832729453586,0.98474890896389,60.0
43457,2677.183967389803,0.9845750136631933,60.0
43458,2677.1846618342474,0.9851619677560232,60.0
43459,2677.185356278692,0.9859770505075149,60.0
43460,2677.1860507231363,0.98525418122881,60.0
43461,2677.1867451675807,0.9857790554902767,60.0
43462,2677.187439612025,0.98534680613555,60.0
43463,2677.1881340564696,0.98485636064223,60.0
43464,2677.188828500914,0.98498906446632,60.0
43465,2677.1895229453585,0.9851861474537368,60.0
43466,2677.190217389803,0.985064162080555,60.0
43467,2677.1909118342473,0.9849040437915151,60.0
43468,2677.191606278692,0.98425487373792,60.0
43469,2677.192300723136,0.9858206245107101,60.0
43470,2677.192995167581,0.98507055934649,60.0
43471,2677.1936896120255,0.98643591150873,60.0
43472,2677.19438405647,0.98479750945383,60.0
43473,2677.1950785009144,0.98399197838223,60.0
43474,2677.195772945359,0.98461764538532,60.0
43475,2677.1964673898033,0.9850827149842599,60.0
43476,2677.1971618342477,0.9874696103636166,60.0
43477,2677.197856278692,0.9859447966241034,60.0
43478,2677.1985507231366,0.9852945885413199,60.0
43479,2677.199245167581,0.98479718660128,60.0
43480,2677.1999396120254,0.9850207310371767,60.0
43481,2677.20063405647,0.9849196233429133,60.0
43482,2677.2013285009143,0.9847449718208067,60.0
43483,2677.2020229453587,0.9852477755767467,60.0
43484,2677.202717389803,0.9852821502854834,60.0
43485,2677.2034118342476,0.98368601940918,60.0
43486,2677.204106278692,0.9851861936570799,60.0
43487,2677.2048007231365,0.98501965537417,60.0
43488,2677.205495167581,0.9846557369674267,60.0
43489,2677.2061896120254,0.9833329785121566,60.0
43490,2677.20688405647,0.984547571722955,60.0
43491,2677.207578500914,0.9851884508472933,60.0
43492,2677.2082729453587,0.9851764977277501,60.0
43493,2677.208967389803,0.9846023695862499,60.0
43494,2677.2096618342475,0.98529757689092,60.0
43495,2677.210356278692,0.9855595814120767,60.0
43496,2677.2110507231364,0.9850562894786501,60.0
43497,2677.211745167581,0.9847825871516066,60.0
43498,2677.2124396120253,0.98603629179842,60.0
43499,2677.2131340564697,0.9858612302970133,60.0
43500,2677.213828500914,0.98552162015251,60.0
43501,2677.2145229453586,0.9849449628267534,60.0
43502,2677.215217389803,0.98558700250846,60.0
43503,2677.2159118342474,0.9854519596939401,60.0
43504,2677.216606278692,0.9845746390458601,60.0
43505,2677.2173007231363,0.9854728690211699,60.0
43506,2677.2179951675807,0.9850826887991767,60.0
43507,2677.218689612025,0.9847357306509467,60.0
43508,2677.2193840564696,0.98516212815797,60.0
43509,2677.220078500914,0.9848473317592367,60.0
43510,2677.2207729453585,0.9856848600425,60.0
43511,2677.221467389803,0.9860181878447967,60.0
43512,2677.222161834248,0.9862449623736368,60.0
43513,2677.2228562786922,0.9851330058207965,60.0
43514,2677.2235507231367,0.98557019710694,60.0
43515,2677.224245167581,0.9847001098837168,60.0
43516,2677.2249396120255,0.9860691979101199,60.0
43517,2677.22563405647,0.98427901195816,60.0
43518,2677.2263285009144,0.98535631077471,60.0
43519,2677.227022945359,0.9845980860133267,60.0
43520,2677.2277173898033,0.98479777450589,60.0
43521,2677.2284118342477,0.9851192981139967,60.0
43522,2677.229106278692,0.9851369943142734,60.0
43523,2677.2298007231366,0.9843123821475933,60.0
43524,2677.230495167581,0.9850685031330567,60.0
43525,2677.2311896120254,0.9856624996658,60.0
43526,2677.23188405647,0.9846489842288534,60.0
43527,2677.2325785009143,0.9850757789441,60.0
43528,2677.2332729453587,0.9855887791027933,60.0
43529,2677.233967389803,0.9848665389517833,60.0
43530,2677.2346618342476,0.9856819751667866,60.0
43531,2677.235356278692,0.985134225238895,60.0
43532,2677.2360507231365,0.9848521651937933,60.0
43533,2677.236745167581,0.9843871318049467,60.0
43534,2677.2374396120254,0.9850589602233635,60.0
43535,2677.23813405647,0.9844073578027434,60.0
43536,2677.238828500914,0.9853373308614567,60.0
43537,2677.2395229453587,0.98520910191035,60.0
43538,2677.240217389803,0.9850460900607733,60.0
43539,2677.2409118342475,0.9848747322332999,60.0
43540,2677.241606278692,0.9850076379042534,60.0
43541,2677.2423007231364,0.98617605392255,60.0
43542,2677.242995167581,0.9857639487246,60.0
43543,2677.2436896120253,0.9855404780306868,60.0
43544,2677.2443840564697,0.9856210874183068,60.0
43545,2677.245078500914,0.9862715774553833,60.0
43546,2677.2457729453586,0.984327025565725,60.0
43547,2677.246467389803,0.98590413384395,60.0
43548,2677.2471618342474,0.9840604462441466,60.0
43549,2677.247856278692,0.985552729435935,60.0
43550,2677.2485507231363,0.9854918882621234,60.0
43551,2677.2492451675807,0.9853507850602301,60.0
43552,2677.249939612025,0.98406946363865,60.0
43553,2677.2506340564696,0.9854213741782499,60.0
43554,2677.251328500914,0.9847265525893367,60.0
43555,2677.252022945359,0.9847662443696734,60.0
43556,2677.2527173898034,0.98577468360465,60.0
43557,2677.253411834248,0.98434584093008,60.0
43558,2677.2541062786922,0.98555419650808,60.0
43559,2677.2548007231367,0.9847792437604533,60.0
43560,2677.255495167581,0.984801551706625,60.0
43561,2677.2561896120255,0.9854048098468066,60.0
43562,2677.25688405647,0.9840471220696901,60.0
43563,2677.2575785009144,0.9846749307850433,60.0
43564,2677.258272945359,0.9836683665625099,60.0
43565,2677.2589673898033,0.98482790838737,60.0
43566,2677.2596618342477,0.9846713106689434,60.0
43567,2677.260356278692,0.984491757671455,60.0
43568,2677.2610507231366,0.9852483066126334,60.0
43569,2677.261745167581,0.9851681747981167,60.0
43570,2677.2624396120254,0.9847097297098134,60.0
43571,2677.26313405647,0.98535751309138,60.0
43572,2677.2638285009143,0.9852198808458233,60.0
43573,2677.2645229453587,0.9836828485106,60.0
43574,2677.265217389803,0.9846478911354833,60.0
43575,2677.2659118342476,0.9854772464514768,60.0
43576,2677.266606278692,0.9833903170564401,60.0
43577,2677.2673007231365,0.98531977110793,60.0
43578,2677.267995167581,0.9849355937558867,60.0
43579,2677.2686896120254,0.9843043029846666,60.0
43580,2677.26938405647,0.9853230695749134,60.0
43581,2677.270078500914,0.9847259686117734,60.0
43582,2677.2707729453587,0.9842004161234134,60.0
43583,2677.271467389803,0.9844488817081034,60.0
43584,2677.2721618342475,0.9849588491042534,60.0
43585,2677.272856278692,0.9856401520030168,60.0
43586,2677.2735507231364,0.98452877632212,60.0
43587,2677.274245167581,0.9855692637226099,60.0
43588,2677.2749396120253,0.98524047808875,60.0
43589,2677.2756340564697,0.9843467213824632,60.0
43590,2677.276328500914,0.98467181272907,60.0
43591,2677.2770229453586,0.9851277875713166,60.0
43592,2677.277717389803,0.9856624749424068,60.0
43593,2677.2784118342474,0.9850438752273067,60.0
43594,2677.279106278692,0.9844369061316233,60.0
43595,2677.2798007231363,0.9850811135965866,60.0
43596,2677.2804951675807,0.98436938117312,60.0
43597,2677.281189612025,0.9837758724887299,60.0
43598,2677.28188405647,0.985208063868945,60.0
43599,2677.2825785009145,0.9843363525585035,60.0
43600,2677.283272945359,0.9839760501327968,60.0
43601,2677.2839673898034,0.9845845488572467,60.0
43602,2677.284661834248,0.9849901575998666,60.0
43603,2677.2853562786922,0.9850055966129734,60.0
43604,2677.2860507231367,0.9849153329089234,60.0
43605,2677.286745167581,0.9844242384194967,60.0
43606,2677.2874396120255,0.9842148333814666,60.0
43607,2677.28813405647,0.98474094895423,60.0
43608,2677.2888285009144,0.98485004485261,60.0
43609,2677.289522945359,0.9842073877088199,60.0
43610,2677.2902173898033,0.98566956224052,60.0
43611,2677.2909118342477,0.9852539308111533,60.0
43612,2677.291606278692,0.98534250826269,60.0
43613,2677.2923007231366,0.9838201104416301,60.0
43614,2677.292995167581,0.9851725602145534,60.0
43615,2677.2936896120254,0.9852898505887332,60.0
43616,2677.29438405647,0.9846516423098635,60.0
43617,2677.2950785009143,0.9843331348410432,60.0
43618,2677.2957729453587,0.9844471047748135,60.0
43619,2677.296467389803,0.9849737253379267,60.0
43620,2677.2971618342476,0.9849751119084966,60.0
43621,2677.297856278692,0.9847235509750633,60.0
43622,2677.2985507231365,0.98436581865918,60.0
43623,2677.299245167581,0.9839140502402367,60.0
43624,2677.2999396120254,0.9848919543913267,60.0
43625,2677.30063405647,0.9850616154150833,60.0
43626,2677.301328500914,0.9855622247779333,60.0
43627,2677.3020229453587,0.98483685348629,60.0
43628,2677.302717389803,0.98482096996102,60.0
43629,2677.3034118342475,0.98586803904189,60.0
43630,2677.304106278692,0.9832572520741399,60.0
43631,2677.3048007231364,0.98564505941253,60.0
43632,2677.305495167581,0.9849127414949833,60.0
43633,2677.3061896120253,0.9850664041403433,60.0
43634,2677.3068840564697,0.9846753438551,60.0
43635,2677.307578500914,0.985557051241545,60.0
43636,2677.3082729453586,0.9849814693846133,60.0
43637,2677.308967389803,0.9838788078908266,60.0
43638,2677.3096618342474,0.98488836941983,60.0
43639,2677.310356278692,0.9848435492827399,60.0
43640,2677.3110507231368,0.98500718430323,60.0
43641,2677.311745167581,0.9845312942126899,60.0
43642,2677.3124396120256,0.9849567430238634,60.0
43643,2677.31313405647,0.9848160628265666,60.0
43644,2677.3138285009145,0.9838212210482501,60.0
43645,2677.314522945359,0.9829522181102434,60.0
43646,2677.3152173898034,0.9856319112816166,60.0
43647,2677.315911834248,0.9847014800026334,60.0
43648,2677.3166062786922,0.9846308537892366,60.0
43649,2677.3173007231367,0.9844632914849001,60.0
43650,2677.317995167581,0.9841529170105033,60.0
43651,2677.3186896120255,0.9838715108841,60.0
43652,2677.31938405647,0.9852054574431767,60.0
43653,2677.3200785009144,0.9846730120594501,60.0
43654,2677.320772945359,0.98432716817808,60.0
43655,2677.3214673898033,0.9846648300632433,60.0
43656,2677.3221618342477,0.98490439928701,60.0
43657,2677.322856278692,0.9845241258573835,60.0
43658,2677.3235507231366,0.9851356858157766,60.0
43659,2677.324245167581,0.9851804786280965,60.0
43660,2677.3249396120254,0.984842587009765,60.0
43661,2677.32563405647,0.9849441420351099,60.0
43662,2677.3263285009143,0.98430113959937,60.0
43663,2677.3270229453587,0.9853338213603466,60.0
43664,2677.327717389803,0.9854582520311367,60.0
43665,2677.3284118342476,0.9842233979819034,60.0
43666,2677.329106278692,0.9854189511905966,60.0
43667,2677.3298007231365,0.9850869424290835,60.0
43668,2677.330495167581,0.98480977918283,60.0
43669,2677.3311896120254,0.9843540828045733,60.0
43670,2677.33188405647,0.9833895596395,60.0
43671,2677.332578500914,0.9843137722444867,60.0
43672,2677.3332729453587,0.9851454446505232,60.0
43673,2677.333967389803,0.9850746084862201,60.0
43674,2677.3346618342475,0.9856192394058766,60.0
43675,2677.335356278692,0.9845850112318901,60.0
43676,2677.3360507231364,0.9856087757772034,60.0
43677,2677.336745167581,0.9843461905098799,60.0
43678,2677.3374396120253,0.9854677888206601,60.0
43679,2677.3381340564697,0.9851608818407933,60.0
43680,2677.338828500914,0.9841957981224133,60.0
43681,2677.3395229453586,0.9844017659986134,60.0
43682,2677.340217389803,0.9843952937513,60.0
43683,2677.340911834248,0.98445383827224,60.0
43684,2677.3416062786923,0.98464589015279,60.0
43685,2677.3423007231368,0.9844760387411333,60.0
43686,2677.342995167581,0.9849383993323667,60.0
43687,2677.3436896120256,0.98556815071127,60.0
43688,2677.34438405647,0.98534835457906,60.0
43689,2677.3450785009145,0.9848164294195649,60.0
43690,2677.345772945359,0.98554760793496,60.0
43691,2677.3464673898034,0.98475108869185,60.0
43692,2677.347161834248,0.9851812969878567,60.0
43693,2677.3478562786922,0.9849791770482333,60.0
43694,2677.3485507231367,0.9844297773693267,60.0
43695,2677.349245167581,0.9844718138902268,60.0
43696,2677.3499396120255,0.98495634968145,60.0
43697,2677.35063405647,0.9854423853265466,60.0
43698,2677.3513285009144,0.98508565122389,60.0
43699,2677.352022945359,0.984989793774945,60.0
43700,2677.3527173898033,0.9840494529942833,60.0
43701,2677.3534118342477,0.9843260446418349,60.0
43702,2677.354106278692,0.9847688066283,60.0
43703,2677.3548007231366,0.98509468260721,60.0
43704,2677.355495167581,0.9840439988112867,60.0
43705,2677.3561896120254,0.9844013339366467,60.0
43706,2677.35688405647,0.9845419444123166,60.0
43707,2677.3575785009143,0.9846117678155633,60.0
43708,2677.3582729453587,0.986261179103795,60.0
43709,2677.358967389803,0.9855451747708432,60.0
43710,2677.3596618342476,0.9847391962566633,60.0
43711,2677.360356278692,0.9847189665143501,60.0
43712,2677.3610507231365,0.98466751741696,60.0
43713,2677.361745167581,0.9849572470842666,60.0
43714,2677.3624396120254,0.9845669382481601,60.0
43715,2677.36313405647,0.9849046960847866,60.0
43716,2677.363828500914,0.985492199537805,60.0
43717,2677.3645229453587,0.98547287054341,60.0
43718,2677.365217389803,0.98488411765856,60.0
43719,2677.3659118342475,0.9846525806053267,60.0
43720,2677.366606278692,0.9845214592932566,60.0
43721,2677.3673007231364,0.9854815121865501,60.0
43722,2677.367995167581,0.9858445745870733,60.0
43723,2677.3686896120253,0.98517654120774,60.0
43724,2677.3693840564697,0.9849949020597201,60.0
43725,2677.370078500914,0.9843931000121667,60.0
43726,2677.370772945359,0.9844477219060099,60.0
43727,2677.3714673898035,0.98574440293256,60.0
43728,2677.372161834248,0.9851110637243566,60.0
43729,2677.3728562786923,0.9857527765228365,60.0
43730,2677.3735507231368,0.98454709861113,60.0
43731,2677.374245167581,0.9842989223875267,60.0
43732,2677.3749396120256,0.98539227168531,60.0
43733,2677.37563405647,0.98408955175663,60.0
43734,2677.3763285009145,0.9852476251452534,60.0
43735,2677.377022945359,0.9850606457906667,60.0
43736,2677.3777173898034,0.98608388821242,60.0
43737,2677.378411834248,0.9846641897963666,60.0
43738,2677.3791062786922,0.98510331556245,60.0
43739,2677.3798007231367,0.9849767579052267,60.0
43740,2677.380495167581,0.9847342283686368,60.0
43741,2677.3811896120255,0.9852419281906899,60.0
43742,2677.38188405647,0.9850352084068233,60.0
43743,2677.3825785009144,0.9851139683945567,60.0
43744,2677.383272945359,0.9856255410463151,60.0
43745,2677.3839673898033,0.9848945953595635,60.0
43746,2677.3846618342477,0.98519236159469,60.0
43747,2677.385356278692,0.98516615764313,60.0
43748,2677.3860507231366,0.9846188095142433,60.0
43749,2677.386745167581,0.9843770519661934,60.0
43750,2677.3874396120254,0.9851755761128501,60.0
43751,2677.38813405647,0.98491293495595,60.0
43752,2677.3888285009143,0.9848531151770133,60.0
43753,2677.3895229453587,0.9858699386836,60.0
43754,2677.390217389803,0.9851587990356734,60.0
43755,2677.3909118342476,0.9848729915650566,60.0
43756,2677.391606278692,0.9840937123027667,60.0
43757,2677.3923007231365,0.9833744015248134,60.0
43758,2677.392995167581,0.9844465218429966,60.0
43759,2677.3936896120254,0.9849784175513333,60.0
43760,2677.39438405647,0.98572645701528,60.0
43761,2677.395078500914,0.9847345204810832,60.0
43762,2677.3957729453587,0.9840294404738067,60.0
43763,2677.396467389803,0.98417609319488,60.0
43764,2677.3971618342475,0.9845693292717833,60.0
43765,2677.397856278692,0.9849798660012766,60.0
43766,2677.3985507231364,0.9846159511017399,60.0
43767,2677.399245167581,0.9851646239391549,60.0
43768,2677.3999396120257,0.98443043665132,60.0
43769,2677.40063405647,0.9841503320538966,60.0
43770,2677.4013285009146,0.9847711417722099,60.0
43771,2677.402022945359,0.984527957770985,60.0
43772,2677.4027173898035,0.9848030340588333,60.0
43773,2677.403411834248,0.9837733972332501,60.0
43774,2677.4041062786923,0.9860584920931367,60.0
43775,2677.4048007231368,0.9859436515592166,60.0
43776,2677.405495167581,0.9853465361019333,60.0
43777,2677.4061896120256,0.98581777695184,60.0
43778,2677.40688405647,0.9847160020463867,60.0
43779,2677.4075785009145,0.9859913512882299,60.0
43780,2677.408272945359,0.9844103488474433,60.0
43781,2677.4089673898034,0.9847503923027134,60.0
43782,2677.409661834248,0.9840680747285032,60.0
43783,2677.4103562786922,0.9848897236584967,60.0
43784,2677.4110507231367,0.9851526167421301,60.0
43785,2677.411745167581,0.9843540516681198,60.0
43786,2677.4124396120255,0.98455818998897,60.0
43787,2677.41313405647,0.9855456454145067,60.0
43788,2677.4138285009144,0.9844713273664101,60.0
43789,2677.414522945359,0.9854231500827301,60.0
43790,2677.4152173898033,0.984503789944545,60.0
43791,2677.4159118342477,0.9842618273995366,60.0
43792,2677.416606278692,0.9840032340128451,60.0
43793,2677.4173007231366,0.9840988861541468,60.0
43794,2677.417995167581,0.9844526350290401,60.0
43795,2677.4186896120254,0.98458177436366,60.0
43796,2677.41938405647,0.9847689726179567,60.0
43797,2677.4200785009143,0.9852051592709167,60.0
43798,2677.421467389803,0.9851078925094935,60.0
43799,2677.4221618342476,0.98530976955405,60.0
43800,2677.422856278692,0.9845209639614866,60.0
43801,2677.4235507231365,0.98432881403979,60.0
43802,2677.424245167581,0.98511667431366,60.0
43803,2677.4249396120254,0.98470509017875,60.0
43804,2677.42563405647,0.9844048544460033,60.0
43805,2677.426328500914,0.9847640318460966,60.0
43806,2677.4270229453587,0.9847439121184633,60.0
43807,2677.427717389803,0.9840105694396434,60.0
43808,2677.4284118342475,0.985240438686395,60.0
43809,2677.429106278692,0.9847960495271367,60.0
43810,2677.429800723137,0.9843143020688,60.0
43811,2677.4304951675813,0.9851136832533767,60.0
43812,2677.4311896120257,0.98449267678851,60.0
43813,2677.43188405647,0.9849176331372401,60.0
43814,2677.4325785009146,0.9841611066389834,60.0
43815,2677.433272945359,0.98577551240394,60.0
43816,2677.4339673898035,0.9846639396988967,60.0
43817,2677.434661834248,0.98439768137873,60.0
43818,2677.4353562786923,0.98431279909396,60.0
43819,2677.4360507231368,0.985258233516255,60.0
43820,2677.436745167581,0.98482870066266,60.0
43821,2677.4374396120256,0.985267231664035,60.0
43822,2677.43813405647,0.9843254103433067,60.0
43823,2677.4388285009145,0.9849310595901768,60.0
43824,2677.439522945359,0.98556772119605,60.0
43825,2677.4402173898034,0.9845709866573901,60.0
43826,2677.440911834248,0.9846496439783033,60.0
43827,2677.4416062786922,0.9845399399143767,60.0
43828,2677.4423007231367,0.98448729017229,60.0
43829,2677.442995167581,0.985882911595345,60.0
43830,2677.4436896120255,0.9845882191883032,60.0
43831,2677.44438405647,0.984702152591005,60.0
43832,2677.4450785009144,0.9841295201629633,60.0
43833,2677.445772945359,0.9842215421876634,60.0
43834,2677.4464673898033,0.98516677231088,60.0
43835,2677.4471618342477,0.9857579602516533,60.0
43836,2677.447856278692,0.9846123629075967,60.0
43837,2677.4485507231366,0.9849897501137767,60.0
43838,2677.449245167581,0.9849525660187534,60.0
43839,2677.4499396120254,0.9841399115493633,60.0
43840,2677.45063405647,0.9857362300027966,60.0
43841,2677.4513285009143,0.98536407514404,60.0
43842,2677.4520229453587,0.98508720647118,60.0
43843,2677.452717389803,0.9851158449362666,60.0
43844,2677.4534118342476,0.9845456417286034,60.0
43845,2677.454106278692,0.9852080204400767,60.0
43846,2677.4548007231365,0.9853582273550033,60.0
43847,2677.455495167581,0.9850554850510599,60.0
43848,2677.4561896120254,0.9851920979750531,60.0
43849,2677.45688405647,0.9849925590339333,60.0
43850,2677.457578500914,0.9843415430688434,60.0
43851,2677.4582729453587,0.9847301775164867,60.0
43852,2677.458967389803,0.9834369605329166,60.0
43853,2677.459661834248,0.9845759093345734,60.0
43854,2677.4603562786924,0.9843681987368066,60.0
43855,2677.461050723137,0.98553604063603,60.0
43856,2677.4617451675813,0.9847362614699934,60.0
43857,2677.4624396120257,0.98558345926142,60.0
43858,2677.46313405647,0.9855946253267366,60.0
43859,2677.4638285009146,0.98568812312328,60.0
43860,2677.464522945359,0.9848332163503933,60.0
43861,2677.4652173898035,0.9850713354757633,60.0
43862,2677.465911834248,0.9848893190703,60.0
43863,2677.4666062786923,0.984750870525195,60.0
43864,2677.4673007231368,0.98429587096547,60.0
43865,2677.467995167581,0.984947972975735,60.0
43866,2677.4686896120256,0.98495118655456,60.0
43867,2677.46938405647,0.9853949881348033,60.0
43868,2677.4700785009145,0.9844829361509001,60.0
43869,2677.470772945359,0.9847532763711401,60.0
43870,2677.4714673898034,0.9840841441570466,60.0
43871,2677.472161834248,0.98552919282338,60.0
43872,2677.4728562786922,0.9846353128462834,60.0
43873,2677.4735507231367,0.9844991956722001,60.0
43874,2677.474245167581,0.9856069006888001,60.0
43875,2677.4749396120255,0.98471774289674,60.0
43876,2677.47563405647,0.98426157374392,60.0
43877,2677.4763285009144,0.985651835952315,60.0
43878,2677.477022945359,0.9851392259074534,60.0
43879,2677.4777173898033,0.9847804366088834,60.0
43880,2677.4784118342477,0.98475072697423,60.0
43881,2677.479106278692,0.9841263865785933,60.0
43882,2677.4798007231366,0.98537084896177,60.0
43883,2677.480495167581,0.9851979625030532,60.0
43884,2677.4811896120254,0.98535303777349,60.0
43885,2677.48188405647,0.9850578641382567,60.0
43886,2677.4825785009143,0.9844519380783767,60.0
43887,2677.4832729453587,0.98538840781973,60.0
43888,2677.483967389803,0.9851333521721166,60.0
43889,2677.4846618342476,0.9854924807352933,60.0
43890,2677.485356278692,0.9851097419331732,60.0
43891,2677.4860507231365,0.9864498198978534,60.0
43892,2677.486745167581,0.9835785779983534,60.0
43893,2677.4874396120254,0.9850664533169766,60.0
43894,2677.48813405647,0.9843423128837534,60.0
43895,2677.4888285009147,0.985381814341865,60.0
43896,2677.489522945359,0.9848890282525601,60.0
43897,2677.4902173898035,0.9845023086997733,60.0
43898,2677.490911834248,0.9844691952903534,60.0
43899,2677.4916062786924,0.98353420176054,60.0
43900,2677.492300723137,0.9855165679798067,60.0
43901,2677.4929951675813,0.9857047565790565,60.0
43902,2677.4936896120257,0.9839657659399833,60.0
43903,2677.49438405647,0.9852031844852932,60.0
43904,2677.4950785009146,0.9851327682896,60.0
43905,2677.495772945359,0.9844863244198234,60.0
43906,2677.4964673898035,0.98460877730488,60.0
43907,2677.497161834248,0.9852443919493901,60.0
43908,2677.4978562786923,0.9845721831267499,60.0
43909,2677.4985507231368,0.9847070097195934,60.0
43910,2677.499245167581,0.9848581495070801,60.0
43911,2677.4999396120256,0.98435316000093,60.0
43912,2677.50063405647,0.98376225472493,60.0
43913,2677.5013285009145,0.9843444706250133,60.0
43914,2677.502022945359,0.9844804856708701,60.0
43915,2677.5027173898034,0.9850904274965533,60.0
43916,2677.503411834248,0.9851932375365666,60.0
43917,2677.5041062786922,0.9839691782995734,60.0
43918,2677.5048007231367,0.9846918401062333,60.0
43919,2677.505495167581,0.9851402443350333,60.0
43920,2677.5061896120255,0.9844793256821833,60.0
43921,2677.50688405647,0.9849443605972933,60.0
43922,2677.5075785009144,0.9852370061583934,60.0
43923,2677.508272945359,0.98496623089886,60.0
43924,2677.5089673898033,0.9847153517794001,60.0
43925,2677.5096618342477,0.9853383156727767,60.0
43926,2677.510356278692,0.98450743850102,60.0
43927,2677.5110507231366,0.9849678958088633,60.0
43928,2677.511745167581,0.9848786242764301,60.0
43929,2677.5124396120254,0.9844692666830567,60.0
43930,2677.51313405647,0.985281848837,60.0
43931,2677.5138285009143,0.9855313026607733,60.0
43932,2677.5145229453587,0.9857171533064001,60.0
43933,2677.515217389803,0.9843806853100667,60.0
43934,2677.5159118342476,0.9856899013626768,60.0
43935,2677.516606278692,0.9847752904596834,60.0
43936,2677.5173007231365,0.9844219863197999,60.0
43937,2677.517995167581,0.9851194772103167,60.0
43938,2677.518689612026,0.985418903712235,60.0
43939,2677.5193840564702,0.98545307119804,60.0
43940,2677.5200785009147,0.984014581905245,60.0
43941,2677.520772945359,0.9848282300358934,60.0
43942,2677.5214673898035,0.9848242588803434,60.0
43943,2677.522161834248,0.9846907549373801,60.0
43944,2677.5228562786924,0.9838545746714633,60.0
43945,2677.523550723137,0.98419741627584,60.0
43946,2677.5242451675813,0.985229122088335,60.0
43947,2677.5249396120257,0.9854404826400699,60.0
43948,2677.52563405647,0.9846191444033799,60.0
43949,2677.5263285009146,0.9858660482149899,60.0
43950,2677.527022945359,0.9852299662177,60.0
43951,2677.5277173898035,0.98431126497975,60.0
43952,2677.528411834248,0.9848795217692966,60.0
43953,2677.5291062786923,0.9850694192941466,60.0
43954,2677.5298007231368,0.98484181867865,60.0
43955,2677.530495167581,0.9856694751761766,60.0
43956,2677.5311896120256,0.98450949210426,60.0
43957,2677.53188405647,0.98526396070198,60.0
43958,2677.5325785009145,0.9848089730239633,60.0
43959,2677.533272945359,0.9841690723144567,60.0
43960,2677.5339673898034,0.98465562876128,60.0
43961,2677.534661834248,0.98418243332906,60.0
43962,2677.5353562786922,0.9851589486231034,60.0
43963,2677.5360507231367,0.9853103251785433,60.0
43964,2677.536745167581,0.9855479386811967,60.0
43965,2677.5374396120255,0.9850036089263733,60.0
43966,2677.53813405647,0.9850292155819133,60.0
43967,2677.5388285009144,0.9845170231613434,60.0
43968,2677.539522945359,0.9853572079893368,60.0
43969,2677.5402173898033,0.9854784461694467,60.0
43970,2677.5409118342477,0.9848629032639233,60.0
43971,2677.541606278692,0.9857259463659801,60.0
43972,2677.5423007231366,0.98549640351886,60.0
43973,2677.542995167581,0.9841037230962567,60.0
43974,2677.5436896120254,0.9853595744299567,60.0
43975,2677.54438405647,0.9849837744082134,60.0
43976,2677.5450785009143,0.9853135213372067,60.0
43977,2677.5457729453587,0.98485810550287,60.0
43978,2677.546467389803,0.9853468141435634,60.0
43979,2677.5471618342476,0.9853378833906135,60.0
43980,2677.547856278692,0.9853910277453201,60.0
43981,2677.548550723137,0.9850745834960066,60.0
43982,2677.5492451675814,0.9847424770527068,60.0
43983,2677.549939612026,0.9849788939027068,60.0
43984,2677.5506340564702,0.9845002389888267,60.0
43985,2677.5513285009147,0.98472300116255,60.0
43986,2677.552022945359,0.9838387304156401,60.0
43987,2677.5527173898035,0.9852297121451666,60.0
43988,2677.553411834248,0.9843148596801401,60.0
43989,2677.5541062786924,0.9849829665835435,60.0
43990,2677.554800723137,0.9853520784504733,60.0
43991,2677.5554951675813,0.9847544446174666,60.0
43992,2677.5561896120257,0.9846465772681566,60.0
43993,2677.55688405647,0.985005291655985,60.0
43994,2677.5575785009146,0.98425164287903,60.0
43995,2677.558272945359,0.9848948298065,60.0
43996,2677.5589673898035,0.9849038258060966,60.0
43997,2677.559661834248,0.9846725823780034,60.0
43998,2677.5603562786923,0.9854115914124,60.0
43999,2677.5610507231368,0.9853125150306367,60.0
44000,2677.561745167581,0.9848924831140534,60.0
44001,2677.5624396120256,0.9841646597220267,60.0
44002,2677.56313405647,0.9857430150078433,60.0
44003,2677.5638285009145,0.9840939044842366,60.0
44004,2677.564522945359,0.98536182917889,60.0
44005,2677.5652173898034,0.9842250779823968,60.0
44006,2677.565911834248,0.9842577851104033,60.0
44007,2677.5666062786922,0.98513130850672,60.0
44008,2677.5673007231367,0.98495239326936,60.0
44009,2677.567995167581,0.9848781274779234,60.0
44010,2677.5686896120255,0.98442256775337,60.0
44011,2677.56938405647,0.9843953139041433,60.0
44012,2677.5700785009144,0.98397428460179,60.0
44013,2677.570772945359,0.984176900907265,60.0
44014,2677.5714673898033,0.9848507045906466,60.0
44015,2677.5721618342477,0.9856369550904501,60.0
44016,2677.572856278692,0.9841321151804766,60.0
44017,2677.5735507231366,0.9852744499771934,60.0
44018,2677.574245167581,0.9861147389949968,60.0
44019,2677.5749396120254,0.98533709959109,60.0
44020,2677.57563405647,0.9838933151145167,60.0
44021,2677.5763285009143,0.98509419653581,60.0
44022,2677.5770229453587,0.9854181296016934,60.0
44023,2677.5777173898036,0.98539394397302,60.0
44024,2677.578411834248,0.9862536616725933,60.0
44025,2677.5791062786925,0.9844999134588267,60.0
44026,2677.579800723137,0.98536631933899,60.0
44027,2677.5804951675814,0.9845169518003566,60.0
44028,2677.581189612026,0.9847535330004732,60.0
44029,2677.5818840564702,0.98617299798312,60.0
44030,2677.5825785009147,0.9847823072297367,60.0
44031,2677.583272945359,0.9843597613909033,60.0
44032,2677.5839673898035,0.98563528945846,60.0
44033,2677.584661834248,0.984291152638325,60.0
44034,2677.5853562786924,0.9861429511401499,60.0
44035,2677.586050723137,0.9843693340046101,60.0
44036,2677.5867451675813,0.9855094335983267,60.0
44037,2677.5874396120257,0.9853907019987401,60.0
44038,2677.58813405647,0.9849511861227368,60.0
44039,2677.5888285009146,0.9850870438235866,60.0
44040,2677.589522945359,0.98507503744422,60.0
44041,2677.5902173898035,0.98423914870754,60.0
44042,2677.590911834248,0.9846672586482766,60.0
44043,2677.5916062786923,0.98453041748106,60.0
44044,2677.5923007231368,0.9844146959810334,60.0
44045,2677.592995167581,0.9841260185938167,60.0
44046,2677.5936896120256,0.9844003189996834,60.0
44047,2677.59438405647,0.9834680304266766,60.0
44048,2677.5950785009145,0.9853351374223734,60.0
44049,2677.595772945359,0.98591607693653,60.0
44050,2677.5964673898034,0.9846430476705833,60.0
44051,2677.597161834248,0.985272343997065,60.0
44052,2677.5978562786922,0.9847217990301665,60.0
44053,2677.5985507231367,0.9853117037619666,60.0
44054,2677.599245167581,0.9850408572024167,60.0
44055,2677.5999396120255,0.98543354261716,60.0
44056,2677.60063405647,0.98466681442687,60.0
44057,2677.6013285009144,0.9857906658163967,60.0
44058,2677.602022945359,0.98509871008828,60.0
44059,2677.6027173898033,0.9856777887532634,60.0
44060,2677.6034118342477,0.9870102040940366,60.0
44061,2677.604106278692,0.98504470914737,60.0
44062,2677.6048007231366,0.9850821904181267,60.0
44063,2677.605495167581,0.9847030989237701,60.0
44064,2677.6061896120254,0.98513383137842,60.0
44065,2677.60688405647,0.9857103794993499,60.0
44066,2677.6075785009148,0.9845207768987367,60.0
44067,2677.608272945359,0.9843090237029033,60.0
44068,2677.6089673898036,0.98590439655366,60.0
44069,2677.609661834248,0.98484345009147,60.0
44070,2677.6103562786925,0.98530294468968,60.0
44071,2677.611050723137,0.9845713164235866,60.0
44072,2677.6117451675814,0.9851894301915634,60.0
44073,2677.612439612026,0.9852816042640032,60.0
44074,2677.6131340564702,0.98580825097941,60.0
44075,2677.6138285009147,0.9846231579109134,60.0
44076,2677.614522945359,0.9848397380609933,60.0
44077,2677.6152173898035,0.9851483313973833,60.0
44078,2677.615911834248,0.9854857364425033,60.0
44079,2677.6166062786924,0.9845960041394233,60.0
44080,2677.617300723137,0.9846847191047466,60.0
44081,2677.6179951675813,0.985181232242095,60.0
44082,2677.6186896120257,0.985541828417215,60.0
44083,2677.61938405647,0.9858266381601667,60.0
44084,2677.6200785009146,0.98583268225515,60.0
44085,2677.620772945359,0.9857947360202833,60.0
44086,2677.6214673898035,0.9857600929570567,60.0
44087,2677.622161834248,0.9849407667128768,60.0
44088,2677.6228562786923,0.9843759777968066,60.0
44089,2677.6235507231368,0.9854206213350066,60.0
44090,2677.624245167581,0.98581779194891,60.0
44091,2677.6249396120256,0.98546727614649,60.0
44092,2677.62563405647,0.984886418672245,60.0
44093,2677.6263285009145,0.9837068341877165,60.0
44094,2677.627022945359,0.984297508250455,60.0
44095,2677.6277173898034,0.9848288506563933,60.0
44096,2677.628411834248,0.9848678376945433,60.0
44097,2677.6291062786922,0.9846158446550634,60.0
44098,2677.6298007231367,0.984699959469785,60.0
44099,2677.630495167581,0.9847222933383533,60.0
44100,2677.6311896120255,0.98604762363632,60.0
44101,2677.63188405647,0.9850121696431,60.0
44102,2677.6325785009144,0.9855253052513566,60.0
44103,2677.633272945359,0.9850712380742733,60.0
44104,2677.6339673898033,0.9851308010299666,60.0
44105,2677.6346618342477,0.9853909077570101,60.0
44106,2677.635356278692,0.98518497559485,60.0
44107,2677.6360507231366,0.9860196469158332,60.0
44108,2677.636745167581,0.9851029305982334,60.0
44109,2677.637439612026,0.9852926323729734,60.0
44110,2677.6381340564703,0.9851896680932266,60.0
44111,2677.6388285009148,0.98474216461245,60.0
44112,2677.639522945359,0.9847109470931734,60.0
44113,2677.6402173898036,0.9844520081253133,60.0
44114,2677.640911834248,0.9854895930020734,60.0
44115,2677.6416062786925,0.9860899566590433,60.0
44116,2677.642300723137,0.9849741557872401,60.0
44117,2677.6429951675814,0.9858988153238933,60.0
44118,2677.643689612026,0.98530031970903,60.0
44119,2677.6443840564702,0.98444077880391,60.0
44120,2677.6450785009147,0.9853170958957067,60.0
44121,2677.645772945359,0.9864957393406399,60.0
44122,2677.6464673898035,0.9844691142777634,60.0
44123,2677.647161834248,0.9854109636559,60.0
44124,2677.6478562786924,0.9872993911204699,60.0
44125,2677.648550723137,0.9866082346328966,60.0
44126,2677.6492451675813,0.9846241717603733,60.0
44127,2677.6499396120257,0.9844150098840633,60.0
44128,2677.65063405647,0.9857252782920933,60.0
44129,2677.6513285009146,0.9849176058132567,60.0
44130,2677.652022945359,0.985504302737095,60.0
44131,2677.6527173898035,0.9851815722891467,60.0
44132,2677.653411834248,0.9842960041728,60.0
44133,2677.6541062786923,0.9863265198104666,60.0
44134,2677.6548007231368,0.9863133387331934,60.0
44135,2677.655495167581,0.9856861208880333,60.0
44136,2677.6561896120256,0.98548485492354,60.0
44137,2677.65688405647,0.98553794563736,60.0
44138,2677.6575785009145,0.9856607137146499,60.0
44139,2677.658272945359,0.9859762261817101,60.0
44140,2677.6589673898034,0.9856099265326134,60.0
44141,2677.659661834248,0.9855617844109433,60.0
44142,2677.6603562786922,0.9853897726690098,60.0
44143,2677.6610507231367,0.9853031990093667,60.0
44144,2677.661745167581,0.9856623759420468,60.0
44145,2677.6624396120255,0.9856404337327467,60.0
44146,2677.66313405647,0.9854731368262666,60.0
44147,2677.6638285009144,0.9843474498920967,60.0
44148,2677.664522945359,0.9847561423364167,60.0
44149,2677.6652173898033,0.984852081283325,60.0
44150,2677.6659118342477,0.9849759343476067,60.0
44151,2677.6666062786926,0.9859668151980633,60.0
44152,2677.667300723137,0.9849968857197834,60.0
44153,2677.6679951675815,0.9851590249157768,60.0
44154,2677.668689612026,0.985740874375355,60.0
44155,2677.6693840564703,0.9861089209920332,60.0
44156,2677.6700785009148,0.9859996181247266,60.0
44157,2677.670772945359,0.9856998693799867,60.0
44158,2677.6714673898036,0.9861274503667867,60.0
44159,2677.672161834248,0.9846403916209701,60.0
44160,2677.6728562786925,0.98541189150023,60.0
44161,2677.673550723137,0.9856038143395566,60.0
44162,2677.6742451675814,0.984409253510705,60.0
44163,2677.674939612026,0.98538054875408,60.0
44164,2677.6756340564702,0.98561796802577,60.0
44165,2677.6763285009147,0.9856704083511666,60.0
44166,2677.677022945359,0.9861698702591633,60.0
44167,2677.6777173898035,0.98510495621245,60.0
44168,2677.678411834248,0.985719105022675,60.0
44169,2677.6791062786924,0.98544384270591,60.0
44170,2677.679800723137,0.9860631557687166,60.0
44171,2677.6804951675813,0.9851985636874767,60.0
44172,2677.6811896120257,0.98572232557727,60.0
44173,2677.68188405647,0.9848628271732666,60.0
44174,2677.6825785009146,0.98607480152517,60.0
44175,2677.683272945359,0.98599926378974,60.0
44176,2677.6839673898035,0.9861212786663166,60.0
44177,2677.684661834248,0.9860710453112768,60.0
44178,2677.6853562786923,0.9858850304492534,60.0
44179,2677.6860507231368,0.9857786506193301,60.0
44180,2677.686745167581,0.9860314073230168,60.0
44181,2677.6874396120256,0.9853237968904933,60.0
44182,2677.68813405647,0.9857715316983201,60.0
44183,2677.6888285009145,0.9855924401410533,60.0
44184,2677.689522945359,0.9865116020059034,60.0
44185,2677.6902173898034,0.9859218455152966,60.0
44186,2677.690911834248,0.9862938750666368,60.0
44187,2677.6916062786922,0.9859922800080634,60.0
44188,2677.6923007231367,0.98551342831859,60.0
44189,2677.692995167581,0.9857279548343533,60.0
44190,2677.6936896120255,0.9857596492269433,60.0
44191,2677.69438405647,0.9858518285079967,60.0
44192,2677.6950785009144,0.9853490807099167,60.0
44193,2677.695772945359,0.9860662191114399,60.0
44194,2677.6964673898037,0.9852642641025766,60.0
44195,2677.697161834248,0.9856485789670201,60.0
44196,2677.6978562786926,0.9860191316557599,60.0
44197,2677.698550723137,0.98562459597353,60.0
44198,2677.6992451675815,0.9853374561893951,60.0
44199,2677.699939612026,0.98522402765836,60.0
44200,2677.7006340564703,0.9868093174782265,60.0
44201,2677.7013285009148,0.98552723820492,60.0
44202,2677.702022945359,0.9853557665543599,60.0
44203,2677.7027173898036,0.9861548127002834,60.0
44204,2677.703411834248,0.9850315195616134,60.0
44205,2677.7041062786925,0.98553507998121,60.0
44206,2677.704800723137,0.9856582978642366,60.0
44207,2677.7054951675814,0.9860950773732032,60.0
44208,2677.706189612026,0.9847294088429733,60.0
44209,2677.7068840564702,0.98566319279346,60.0
44210,2677.7075785009147,0.985815606799525,60.0
44211,2677.708272945359,0.98518962929347,60.0
44212,2677.7089673898035,0.98552682371442,60.0
44213,2677.709661834248,0.98541450418652,60.0
44214,2677.7103562786924,0.9856739997952134,60.0
44215,2677.711050723137,0.98544898345164,60.0
44216,2677.7117451675813,0.9858559644236866,60.0
44217,2677.7124396120257,0.984674473454625,60.0
44218,2677.71313405647,0.9855030099063068,60.0
44219,2677.7138285009146,0.98679800574224,60.0
44220,2677.714522945359,0.9865097839226767,60.0
44221,2677.7152173898035,0.98566030224997,60.0
44222,2677.715911834248,0.9854326511914767,60.0
44223,2677.7166062786923,0.9862920701579949,60.0
44224,2677.7173007231368,0.9851145913248067,60.0
44225,2677.717995167581,0.9855497678342501,60.0
44226,2677.7186896120256,0.9862802005474034,60.0
44227,2677.71938405647,0.9863270407893766,60.0
44228,2677.7200785009145,0.9847409955366967,60.0
44229,2677.720772945359,0.9858184010780899,60.0
44230,2677.7214673898034,0.9861385070685267,60.0
44231,2677.722161834248,0.9853174991033266,60.0
44232,2677.7228562786922,0.98562832261373,60.0
44233,2677.7235507231367,0.98529211921179,60.0
44234,2677.724245167581,0.9857603140782266,60.0
44235,2677.7249396120255,0.9857529672142767,60.0
44236,2677.72563405647,0.98482324285084,60.0
44237,2677.726328500915,0.984176698549575,60.0
44238,2677.7270229453593,0.9856477406606899,60.0
44239,2677.7277173898037,0.98549933004404,60.0
44240,2677.728411834248,0.9855691788305633,60.0
44241,2677.7291062786926,0.9864058676494999,60.0
44242,2677.729800723137,0.98532244136097,60.0
44243,2677.7304951675815,0.986187246611355,60.0
44244,2677.731189612026,0.9854422227427734,60.0
44245,2677.7318840564703,0.9861777108570133,60.0
44246,2677.7325785009148,0.9850975527340499,60.0
44247,2677.733272945359,0.9861689842993,60.0
44248,2677.7339673898036,0.9859550629628234,60.0
44249,2677.734661834248,0.9852899265394468,60.0
44250,2677.7353562786925,0.9860333208096334,60.0
44251,2677.736050723137,0.98644750303166,60.0
44252,2677.7367451675814,0.98588875493093,60.0
44253,2677.737439612026,0.9863094165560601,60.0
44254,2677.7381340564702,0.9866324220043333,60.0
44255,2677.7388285009147,0.9861577959428768,60.0
44256,2677.739522945359,0.98556906626562,60.0
44257,2677.7402173898035,0.9873716277299501,60.0
44258,2677.740911834248,0.9853686001940832,60.0
44259,2677.7416062786924,0.9870651503390332,60.0
44260,2677.742300723137,0.9852469365177633,60.0
44261,2677.7429951675813,0.9865321072899901,60.0
44262,2677.7436896120257,0.9853834198317735,60.0
44263,2677.74438405647,0.98542922857805,60.0
44264,2677.7450785009146,0.9854620949653867,60.0
44265,2677.745772945359,0.98581395631413,60.0
44266,2677.7464673898035,0.9852735570656433,60.0
44267,2677.747161834248,0.9859653164100234,60.0
44268,2677.7478562786923,0.9863308224359167,60.0
44269,2677.7485507231368,0.9857679243470767,60.0
44270,2677.749245167581,0.98636371588103,60.0
44271,2677.7499396120256,0.9855369713028267,60.0
44272,2677.75063405647,0.98596081543537,60.0
44273,2677.7513285009145,0.9863148374595366,60.0
44274,2677.752022945359,0.985197069876085,60.0
44275,2677.7527173898034,0.9867011707619332,60.0
44276,2677.753411834248,0.98531212960257,60.0
44277,2677.7541062786922,0.98620957256234,60.0
44278,2677.7548007231367,0.98583186673156,60.0
44279,2677.7554951675816,0.9852899388671634,60.0
44280,2677.756189612026,0.9865737463993101,60.0
44281,2677.7568840564704,0.9864132445582267,60.0
44282,2677.757578500915,0.986829366715015,60.0
44283,2677.7582729453593,0.98632816661533,60.0
44284,2677.7589673898037,0.9851929685883934,60.0
44285,2677.759661834248,0.98681180731382,60.0
44286,2677.7603562786926,0.9851156507147433,60.0
44287,2677.761050723137,0.9861188497177333,60.0
44288,2677.7617451675815,0.98589665863872,60.0
44289,2677.762439612026,0.98563142942373,60.0
44290,2677.7631340564703,0.987563283452755,60.0
44291,2677.7638285009148,0.98574531201697,60.0
44292,2677.764522945359,0.9859134563743733,60.0
44293,2677.7652173898036,0.98605951285518,60.0
44294,2677.765911834248,0.9857266849031268,60.0
44295,2677.7666062786925,0.98582405442111,60.0
44296,2677.767300723137,0.98586855132213,60.0
44297,2677.7679951675814,0.9859136568998034,60.0
44298,2677.768689612026,0.9864909227465999,60.0
44299,2677.7693840564702,0.9860710436819135,60.0
44300,2677.7700785009147,0.9867858895282265,60.0
44301,2677.770772945359,0.9856620681355199,60.0
44302,2677.7714673898035,0.9873783847666767,60.0
44303,2677.772161834248,0.9863176289667434,60.0
44304,2677.7728562786924,0.9866086835025167,60.0
44305,2677.773550723137,0.9854772189093399,60.0
44306,2677.7742451675813,0.9863458424671566,60.0
44307,2677.7749396120257,0.9860138525533834,60.0
44308,2677.77563405647,0.98694551372938,60.0
44309,2677.7763285009146,0.9869397968277434,60.0
44310,2677.777022945359,0.9865148971788334,60.0
44311,2677.7777173898035,0.98598023198106,60.0
44312,2677.778411834248,0.9858657726156467,60.0
44313,2677.7791062786923,0.98492599077582,60.0
44314,2677.7798007231368,0.98675904876744,60.0
44315,2677.780495167581,0.98676935421132,60.0
44316,2677.7811896120256,0.98666955711129,60.0
44317,2677.78188405647,0.9865848052337967,60.0
44318,2677.7825785009145,0.9856492359047833,60.0
44319,2677.783272945359,0.9860483240473267,60.0
44320,2677.7839673898034,0.9864070635245633,60.0
44321,2677.784661834248,0.98557892440203,60.0
44322,2677.7853562786927,0.98744370034274,60.0
44323,2677.786050723137,0.9864911501832867,60.0
44324,2677.7867451675816,0.98550289252576,60.0
44325,2677.787439612026,0.9855561005830067,60.0
44326,2677.7881340564704,0.9870986362184467,60.0
44327,2677.788828500915,0.98719183257884,60.0
44328,2677.7895229453593,0.98710124915364,60.0
44329,2677.7902173898037,0.9867338782704033,60.0
44330,2677.790911834248,0.98690080111332,60.0
44331,2677.7916062786926,0.9867185613773399,60.0
44332,2677.792300723137,0.9864127647671767,60.0
44333,2677.7929951675815,0.98631175291686,60.0
44334,2677.793689612026,0.9860460108907367,60.0
44335,2677.7943840564703,0.9865110365012066,60.0
44336,2677.7950785009148,0.9861649464519933,60.0
44337,2677.795772945359,0.9859430688585701,60.0
44338,2677.7964673898036,0.9863579325453701,60.0
44339,2677.797161834248,0.98570356598412,60.0
44340,2677.7978562786925,0.98659792003167,60.0
44341,2677.798550723137,0.9849642637742234,60.0
44342,2677.7992451675814,0.9858777781693067,60.0
44343,2677.799939612026,0.98654701614426,60.0
44344,2677.8006340564702,0.9853047439126467,60.0
44345,2677.8013285009147,0.98630541335557,60.0
44346,2677.802022945359,0.9864378145670134,60.0
44347,2677.8027173898035,0.98639461572555,60.0
44348,2677.803411834248,0.98641917042773,60.0
44349,2677.8041062786924,0.9877297184630467,60.0
44350,2677.804800723137,0.987639149283565,60.0
44351,2677.8054951675813,0.9862033786097201,60.0
44352,2677.8061896120257,0.9870511808689599,60.0
44353,2677.80688405647,0.9859993760928966,60.0
44354,2677.8075785009146,0.9868370464610767,60.0
44355,2677.808272945359,0.9870954101938367,60.0
44356,2677.8089673898035,0.9858384140809333,60.0
44357,2677.809661834248,0.9865424554333234,60.0
44358,2677.8103562786923,0.98698167935344,60.0
44359,2677.8110507231368,0.9867161797061034,60.0
44360,2677.811745167581,0.98717125937036,60.0
44361,2677.8124396120256,0.986412125523785,60.0
44362,2677.81313405647,0.9869458640507135,60.0
44363,2677.8138285009145,0.98652708704239,60.0
44364,2677.814522945359,0.9852041008687767,60.0
44365,2677.815217389804,0.98694917604285,60.0
44366,2677.8159118342483,0.98680308583837,60.0
44367,2677.8166062786927,0.9871271393766333,60.0
44368,2677.817300723137,0.9857592660486533,60.0
44369,2677.8179951675816,0.9869664887207333,60.0
44370,2677.818689612026,0.9861521762353433,60.0
44371,2677.8193840564704,0.9862205893107766,60.0
44372,2677.820078500915,0.9863767169567033,60.0
44373,2677.8207729453593,0.98688869018515,60.0
44374,2677.8214673898037,0.9865929358767099,60.0
44375,2677.822161834248,0.98593123122091,60.0
44376,2677.8228562786926,0.98697131069242,60.0
44377,2677.823550723137,0.9855051801484233,60.0
44378,2677.8242451675815,0.9872508810589801,60.0
44379,2677.824939612026,0.98685461048355,60.0
44380,2677.8256340564703,0.98611132123991,60.0
44381,2677.8263285009148,0.98612474383157,60.0
44382,2677.827022945359,0.9863166694097166,60.0
44383,2677.8277173898036,0.9871881318451633,60.0
44384,2677.828411834248,0.9867646300888065,60.0
44385,2677.8291062786925,0.9870224057417301,60.0
44386,2677.829800723137,0.9879011756308701,60.0
44387,2677.8304951675814,0.9876181508155032,60.0
44388,2677.831189612026,0.9864245253301399,60.0
44389,2677.8318840564702,0.9868132558431633,60.0
44390,2677.8325785009147,0.9870955398663067,60.0
44391,2677.833272945359,0.9862742234545033,60.0
44392,2677.8339673898035,0.9869701487768667,60.0
44393,2677.834661834248,0.9858682964391366,60.0
44394,2677.8353562786924,0.9861530183771166,60.0
44395,2677.836050723137,0.9868772124751266,60.0
44396,2677.8367451675813,0.9881576752552066,60.0
44397,2677.8374396120257,0.9864822754328534,60.0
44398,2677.83813405647,0.9865569974515167,60.0
44399,2677.8388285009146,0.9867290791794066,60.0
44400,2677.839522945359,0.9873551142088566,60.0
44401,2677.8402173898035,0.9867350174268233,60.0
44402,2677.840911834248,0.9868271213435099,60.0
44403,2677.8416062786923,0.98593483773922,60.0
44404,2677.8423007231368,0.986864427718285,60.0
44405,2677.842995167581,0.9865236317306749,60.0
44406,2677.8436896120256,0.9872242386822334,60.0
44407,2677.8443840564705,0.98588010078575,60.0
44408,2677.845078500915,0.9863254704970567,60.0
44409,2677.8457729453594,0.9872969401171199,60.0
44410,2677.846467389804,0.9865653187812633,60.0
44411,2677.8471618342483,0.9877309212221533,60.0
44412,2677.8478562786927,0.98615172846578,60.0
44413,2677.848550723137,0.9875364826839966,60.0
44414,2677.8492451675816,0.9867816709458266,60.0
44415,2677.849939612026,0.9870613003138401,60.0
44416,2677.8506340564704,0.9868991400614466,60.0
44417,2677.851328500915,0.9866392741648733,60.0
44418,2677.8520229453593,0.9871848877154666,60.0
44419,2677.8527173898037,0.9864127357477767,60.0
44420,2677.853411834248,0.9870824106838401,60.0
44421,2677.8541062786926,0.9873704956984067,60.0
44422,2677.854800723137,0.9873853405760699,60.0
44423,2677.8554951675815,0.9862535476826934,60.0
44424,2677.856189612026,0.9874980846047565,60.0
44425,2677.8568840564703,0.986087831415705,60.0
44426,2677.8575785009148,0.9867081743738934,60.0
44427,2677.858272945359,0.9873713950030701,60.0
44428,2677.8589673898036,0.9861775586488599,60.0
44429,2677.859661834248,0.9875855814834567,60.0
44430,2677.8603562786925,0.98697755200044,60.0
44431,2677.861050723137,0.9868757457032501,60.0
44432,2677.8617451675814,0.9879666154086199,60.0
44433,2677.862439612026,0.9875542198234634,60.0
44434,2677.8631340564702,0.9875320748827466,60.0
44435,2677.8638285009147,0.9860760339222366,60.0
44436,2677.864522945359,0.9867472657590767,60.0
44437,2677.8652173898035,0.98723831378993,60.0
44438,2677.865911834248,0.98709718348285,60.0
44439,2677.8666062786924,0.9873397581303266,60.0
44440,2677.867300723137,0.9871249304598932,60.0
44441,2677.8679951675813,0.9867915385660501,60.0
44442,2677.8686896120257,0.987580779626245,60.0
44443,2677.86938405647,0.987222806289335,60.0
44444,2677.8700785009146,0.9874409535706,60.0
44445,2677.870772945359,0.9882340260391501,60.0
44446,2677.8714673898035,0.9857001117017568,60.0
44447,2677.872161834248,0.9872656709638866,60.0
44448,2677.8728562786923,0.9875274203006367,60.0
44449,2677.8735507231368,0.986957218755685,60.0
44450,2677.8742451675816,0.9869098174265835,60.0
44451,2677.874939612026,0.9869056018802768,60.0
44452,2677.8756340564705,0.9879961752351549,60.0
44453,2677.876328500915,0.987318381151935,60.0
44454,2677.8770229453594,0.9881510447465299,60.0
44455,2677.877717389804,0.9871416276085233,60.0
44456,2677.8784118342483,0.9870799777341833,60.0
44457,2677.8791062786927,0.98690370556575,60.0
44458,2677.879800723137,0.9873022750329934,60.0
44459,2677.8804951675816,0.9871387565673233,60.0
44460,2677.881189612026,0.9867443368584801,60.0
44461,2677.8818840564704,0.9875242095130733,60.0
44462,2677.882578500915,0.9869617354349766,60.0
44463,2677.8832729453593,0.9872847988553634,60.0
44464,2677.8839673898037,0.9869881510062366,60.0
44465,2677.884661834248,0.9860501891496299,60.0
44466,2677.8853562786926,0.98688947094251,60.0
44467,2677.886050723137,0.9872532739298867,60.0
44468,2677.8867451675815,0.9881411140539734,60.0
44469,2677.887439612026,0.9872810380104733,60.0
44470,2677.8881340564703,0.9871819654356567,60.0
44471,2677.8888285009148,0.9870406356638233,60.0
44472,2677.889522945359,0.98755412174271,60.0
44473,2677.8902173898036,0.9874164359309168,60.0
44474,2677.890911834248,0.987432581810475,60.0
44475,2677.8916062786925,0.9874497207624767,60.0
44476,2677.892300723137,0.98687522082434,60.0
44477,2677.8929951675814,0.9876281877271033,60.0
44478,2677.893689612026,0.98699616417965,60.0
44479,2677.8943840564702,0.98678515103136,60.0
44480,2677.8950785009147,0.9872668476475868,60.0
44481,2677.895772945359,0.9871038242056699,60.0
44482,2677.8964673898035,0.98788050031482,60.0
44483,2677.897161834248,0.9871423414830701,60.0
44484,2677.8978562786924,0.9867853228732133,60.0
44485,2677.898550723137,0.98712202083844,60.0
44486,2677.8992451675813,0.9871689488627751,60.0
44487,2677.8999396120257,0.9863707507579751,60.0
44488,2677.90063405647,0.9871104840351567,60.0
44489,2677.9013285009146,0.9868155784495967,60.0
44490,2677.902022945359,0.9871508667484933,60.0
44491,2677.9027173898035,0.98735806079744,60.0
44492,2677.903411834248,0.9865957234823967,60.0
44493,2677.904106278693,0.9871761527482533,60.0
44494,2677.904800723137,0.9878877275238933,60.0
44495,2677.9054951675816,0.9875145810483533,60.0
44496,2677.906189612026,0.9865078229688667,60.0
44497,2677.9068840564705,0.98796473998216,60.0
44498,2677.907578500915,0.9873683511372651,60.0
44499,2677.9082729453594,0.9865035635044367,60.0
44500,2677.908967389804,0.98752932031273,60.0
44501,2677.9096618342483,0.9879585337934467,60.0
44502,2677.9103562786927,0.9877305275024534,60.0
44503,2677.911050723137,0.9881342296358167,60.0
44504,2677.9117451675816,0.9867942553248134,60.0
44505,2677.912439612026,0.9875162334570001,60.0
44506,2677.9131340564704,0.9877752555930767,60.0
44507,2677.913828500915,0.9875128465706767,60.0
44508,2677.9145229453593,0.9866552586422433,60.0
44509,2677.9152173898037,0.98813088267098,60.0
44510,2677.915911834248,0.98669779084854,60.0
44511,2677.9166062786926,0.98788414986565,60.0
44512,2677.917300723137,0.9875330592663434,60.0
44513,2677.9179951675815,0.9888191643032199,60.0
44514,2677.918689612026,0.9882372076939466,60.0
44515,2677.9193840564703,0.98723844773665,60.0
44516,2677.9200785009148,0.9867767854361033,60.0
44517,2677.920772945359,0.9872458284777501,60.0
44518,2677.9214673898036,0.98733286738324,60.0
44519,2677.922161834248,0.98723755911454,60.0
44520,2677.9228562786925,0.98793923187065,60.0
44521,2677.923550723137,0.9864809159289534,60.0
44522,2677.9242451675814,0.9879530511217333,60.0
44523,2677.924939612026,0.9876514487942966,60.0
44524,2677.9256340564702,0.9878520275121433,60.0
44525,2677.9263285009147,0.9869757834434334,60.0
44526,2677.927022945359,0.9881513409922467,60.0
44527,2677.9277173898035,0.9883450852188034,60.0
44528,2677.928411834248,0.98790643289199,60.0
44529,2677.9291062786924,0.9874050854760767,60.0
44530,2677.929800723137,0.9868235727475033,60.0
44531,2677.9304951675813,0.9886499292281933,60.0
44532,2677.9311896120257,0.9877457375546134,60.0
44533,2677.93188405647,0.988061069948845,60.0
44534,2677.9325785009146,0.9875598665629467,60.0
44535,2677.9332729453595,0.98774297977001,60.0
44536,2677.933967389804,0.9881408524678434,60.0
44537,2677.9346618342483,0.9881126132941366,60.0
44538,2677.935356278693,0.987394821148835,60.0
44539,2677.936050723137,0.9873997913787234,60.0
44540,2677.9367451675816,0.98737126205129,60.0
44541,2677.937439612026,0.98814635679535,60.0
44542,2677.9381340564705,0.9890861873498866,60.0
44543,2677.938828500915,0.9880111967584,60.0
44544,2677.9395229453594,0.9889280313600266,60.0
44545,2677.940217389804,0.9874518577815966,60.0
44546,2677.9409118342483,0.98846273529987,60.0
44547,2677.9416062786927,0.9867686341022234,60.0
44548,2677.942300723137,0.9863803592072666,60.0
44549,2677.9429951675816,0.988422579899245,60.0
44550,2677.943689612026,0.9868811948884567,60.0
44551,2677.9443840564704,0.98761743645175,60.0
44552,2677.945078500915,0.9884433875564533,60.0
44553,2677.9457729453593,0.9881770934298933,60.0
44554,2677.9464673898037,0.9877462740654833,60.0
44555,2677.947161834248,0.98796164338023,60.0
44556,2677.9478562786926,0.9879888830203233,60.0
44557,2677.948550723137,0.9869767456907733,60.0
44558,2677.9492451675815,0.98739607014761,60.0
44559,2677.949939612026,0.9870225785085966,60.0
44560,2677.9506340564703,0.98708533432363,60.0
44561,2677.9513285009148,0.98801556569163,60.0
44562,2677.952022945359,0.98763265017551,60.0
44563,2677.9527173898036,0.98918804296106,60.0
44564,2677.953411834248,0.9879657666590951,60.0
44565,2677.9541062786925,0.98815251082985,60.0
44566,2677.954800723137,0.9886797366548333,60.0
44567,2677.9554951675814,0.9886048425517368,60.0
44568,2677.956189612026,0.9877562965229201,60.0
44569,2677.9568840564702,0.9886627992742549,60.0
44570,2677.9575785009147,0.9876627159186301,60.0
44571,2677.958272945359,0.9879354364652068,60.0
44572,2677.9589673898035,0.9874280512032566,60.0
44573,2677.959661834248,0.9882787308874966,60.0
44574,2677.9603562786924,0.98766059984497,60.0
44575,2677.961050723137,0.9881025608145267,60.0
44576,2677.9617451675813,0.9881396917002133,60.0
44577,2677.9624396120257,0.98829395192023,60.0
44578,2677.9631340564706,0.9880034148952799,60.0
44579,2677.963828500915,0.9886204595989333,60.0
44580,2677.9645229453595,0.98792744588715,60.0
44581,2677.965217389804,0.9884016032680534,60.0
44582,2677.9659118342483,0.987376940754875,60.0
44583,2677.966606278693,0.9872308296690234,60.0
44584,2677.967300723137,0.9881575460342766,60.0
44585,2677.9679951675816,0.9879145210358966,60.0
44586,2677.968689612026,0.9879515020231633,60.0
44587,2677.9693840564705,0.9876648665506066,60.0
44588,2677.970078500915,0.9890106287634167,60.0
44589,2677.9707729453594,0.9886372560061766,60.0
44590,2677.971467389804,0.9882695856290233,60.0
44591,2677.9721618342483,0.9867500210720833,60.0
44592,2677.9728562786927,0.9885272095227432,60.0
44593,2677.973550723137,0.9878102711391433,60.0
44594,2677.9742451675816,0.9879988063653733,60.0
44595,2677.974939612026,0.9877028898824133,60.0
44596,2677.9756340564704,0.9888789735717399,60.0
44597,2677.976328500915,0.98880770385195,60.0
44598,2677.9770229453593,0.98823396923963,60.0
44599,2677.9777173898037,0.9877765944630666,60.0
44600,2677.978411834248,0.98860671117946,60.0
44601,2677.9791062786926,0.9885706688042734,60.0
44602,2677.979800723137,0.987542476787655,60.0
44603,2677.9804951675815,0.9880237207846067,60.0
44604,2677.981189612026,0.9895325588053501,60.0
44605,2677.9818840564703,0.9886666996382734,60.0
44606,2677.9825785009148,0.9887293213392033,60.0
44607,2677.983272945359,0.9883509667203634,60.0
44608,2677.9839673898036,0.9880661911217133,60.0
44609,2677.984661834248,0.9885997961944467,60.0
44610,2677.9853562786925,0.98764014815328,60.0
44611,2677.986050723137,0.9882275626245699,60.0
44612,2677.9867451675814,0.9888896404441767,60.0
44613,2677.987439612026,0.9884854048515733,60.0
44614,2677.9881340564702,0.9877497317395667,60.0
44615,2677.9888285009147,0.9876487385974366,60.0
44616,2677.989522945359,0.9881325749630534,60.0
44617,2677.9902173898035,0.98832598278132,60.0
44618,2677.990911834248,0.9887484855402633,60.0
44619,2677.9916062786924,0.989858972154895,60.0
44620,2677.992300723137,0.9881027325827767,60.0
44621,2677.9929951675817,0.9890970821418866,60.0
44622,2677.993689612026,0.9881515372579067,60.0
44623,2677.9943840564706,0.9887947203949466,60.0
44624,2677.995078500915,0.98815761614635,60.0
44625,2677.9957729453595,0.98864975494168,60.0
44626,2677.996467389804,0.9875907217202368,60.0
44627,2677.9971618342483,0.9876596981548067,60.0
44628,2677.997856278693,0.9888331832424498,60.0
44629,2677.998550723137,0.989344952084685,60.0
44630,2677.9992451675816,0.9910460087391634,60.0
44631,2677.999939612026,0.988759545552795,60.0
44632,2678.0006340564705,0.9886342765974033,60.0
44633,2678.001328500915,0.9891002385303866,60.0
44634,2678.0020229453594,0.98953867630531,60.0
44635,2678.002717389804,0.9890866177361367,60.0
44636,2678.0034118342483,0.98792963928441,60.0
44637,2678.0041062786927,0.9885162359106201,60.0
44638,2678.004800723137,0.9884738147986933,60.0
44639,2678.0054951675816,0.9886715936424834,60.0
44640,2678.006189612026,0.9887747213001067,60.0
44641,2678.0068840564704,0.9884935324277566,60.0
44642,2678.007578500915,0.9893424083571732,60.0
44643,2678.0082729453593,0.9884460662761834,60.0
44644,2678.0089673898037,0.9881869225654466,60.0
44645,2678.009661834248,0.9886340799582533,60.0
44646,2678.0103562786926,0.9892819251851633,60.0
44647,2678.011050723137,0.9884414251666899,60.0
44648,2678.0117451675815,0.9888596488911766,60.0
44649,2678.012439612026,0.9882735560408901,60.0
44650,2678.0131340564703,0.9882200696224833,60.0
44651,2678.0138285009148,0.9889884643111734,60.0
44652,2678.014522945359,0.9881837297716,60.0
44653,2678.0152173898036,0.98805829305401,60.0
44654,2678.015911834248,0.9882823768348068,60.0
44655,2678.0166062786925,0.9883098478989899,60.0
44656,2678.017300723137,0.9891668888023467,60.0
44657,2678.0179951675814,0.9888035965874532,60.0
44658,2678.018689612026,0.9889184178104133,60.0
44659,2678.0193840564702,0.9877182663891201,60.0
44660,2678.0200785009147,0.9880508898491267,60.0
44661,2678.020772945359,0.98925221702441,60.0
44662,2678.0214673898035,0.98737629418674,60.0
44663,2678.0221618342484,0.9887908020939967,60.0
44664,2678.022856278693,0.9881258312814301,60.0
44665,2678.0235507231373,0.9881548442592066,60.0
44666,2678.0242451675817,0.9894255740790466,60.0
44667,2678.024939612026,0.9883877414994701,60.0
44668,2678.0256340564706,0.9881088576678033,60.0
44669,2678.026328500915,0.9890021750603868,60.0
44670,2678.0270229453595,0.98923124792877,60.0
44671,2678.027717389804,0.98928106838878,60.0
44672,2678.0284118342483,0.98865154548654,60.0
44673,2678.029106278693,0.98950339363078,60.0
44674,2678.029800723137,0.988338500150445,60.0
44675,2678.0304951675816,0.989940169831055,60.0
44676,2678.031189612026,0.98891033153163,60.0
44677,2678.0318840564705,0.9885940592764833,60.0
44678,2678.032578500915,0.9894441957404867,60.0
44679,2678.0332729453594,0.9885441951555833,60.0
44680,2678.033967389804,0.98839207141596,60.0
44681,2678.0346618342483,0.9901672610700567,60.0
44682,2678.0353562786927,0.9888058622262266,60.0
44683,2678.036050723137,0.9891809183078198,60.0
44684,2678.0367451675816,0.98940203315537,60.0
44685,2678.037439612026,0.98966459439987,60.0
44686,2678.0381340564704,0.98832001077333,60.0
44687,2678.038828500915,0.9896958771149699,60.0
44688,2678.0395229453593,0.9895161470735833,60.0
44689,2678.0402173898037,0.98717892849609,60.0
44690,2678.040911834248,0.98935552904435,60.0
44691,2678.0416062786926,0.9901733664210233,60.0
44692,2678.042300723137,0.98890534876244,60.0
44693,2678.0429951675815,0.9881140473118534,60.0
44694,2678.043689612026,0.9893610827037566,60.0
44695,2678.0443840564703,0.9896142737778834,60.0
44696,2678.0450785009148,0.9894786787965234,60.0
44697,2678.045772945359,0.9879061790842734,60.0
44698,2678.0464673898036,0.9882402206071034,60.0
44699,2678.047161834248,0.9891384176713266,60.0
44700,2678.0478562786925,0.9886807953636699,60.0
44701,2678.048550723137,0.9890307522219466,60.0
44702,2678.0492451675814,0.9885653203043699,60.0
44703,2678.049939612026,0.9889403638638701,60.0
44704,2678.0506340564702,0.9895603376862466,60.0
44705,2678.0513285009147,0.9894541879908401,60.0
44706,2678.0520229453596,0.9892592475994265,60.0
44707,2678.052717389804,0.9889787353188666,60.0
44708,2678.0534118342484,0.99035516972925,60.0
44709,2678.054106278693,0.9887193702223033,60.0
44710,2678.0548007231373,0.9891819196755233,60.0
44711,2678.0554951675817,0.9898546378860534,60.0
44712,2678.056189612026,0.98940097276144,60.0
44713,2678.0568840564706,0.9889723131144367,60.0
44714,2678.057578500915,0.98998193865914,60.0
44715,2678.0582729453595,0.9891444233212834,60.0
44716,2678.058967389804,0.9909601838391651,60.0
44717,2678.0596618342483,0.98990979883747,60.0
44718,2678.060356278693,0.9893718762144167,60.0
44719,2678.061050723137,0.9892816559497133,60.0
44720,2678.0617451675816,0.98955176442399,60.0
44721,2678.062439612026,0.9892564071500201,60.0
44722,2678.0631340564705,0.98934552434798,60.0
44723,2678.063828500915,0.98881880188883,60.0
44724,2678.0645229453594,0.9903896142410068,60.0
44725,2678.065217389804,0.9902835848520101,60.0
44726,2678.0659118342483,0.9894560410572666,60.0
44727,2678.0666062786927,0.9896242173589999,60.0
44728,2678.067300723137,0.9903583509025501,60.0
44729,2678.0679951675816,0.989678899215855,60.0
44730,2678.068689612026,0.99070406859794,60.0
44731,2678.0693840564704,0.99204475198572,60.0
44732,2678.070078500915,0.9899545361359734,60.0
44733,2678.0707729453593,0.99072165788768,60.0
44734,2678.0714673898037,0.98969285221107,60.0
44735,2678.072161834248,0.99007796032323,60.0
44736,2678.0728562786926,0.9886334382755,60.0
44737,2678.073550723137,0.9903876663230567,60.0
44738,2678.0742451675815,0.9904448560640334,60.0
44739,2678.074939612026,0.98930320561076,60.0
44740,2678.0756340564703,0.9898485264705833,60.0
44741,2678.0763285009148,0.98960997965692,60.0
44742,2678.077022945359,0.9900247830201301,60.0
44743,2678.0777173898036,0.99012628454176,60.0
44744,2678.078411834248,0.98984169732087,60.0
44745,2678.0791062786925,0.9898330111157666,60.0
44746,2678.079800723137,0.9892376098361034,60.0
44747,2678.0804951675814,0.9897989904749002,60.0
44748,2678.081189612026,0.9900293370786367,60.0
44749,2678.0818840564707,0.9901915416526066,60.0
44750,2678.082578500915,0.9902741808056499,60.0
44751,2678.0832729453596,0.9893726455306133,60.0
44752,2678.083967389804,0.9900155374218166,60.0
44753,2678.0846618342484,0.9900989834832465,60.0
44754,2678.085356278693,0.9894112007487234,60.0
44755,2678.0860507231373,0.9903160006984567,60.0
44756,2678.0867451675817,0.9897645442241166,60.0
44757,2678.087439612026,0.9900860074968634,60.0
44758,2678.0881340564706,0.9896969315809301,60.0
44759,2678.088828500915,0.9910521309627965,60.0
44760,2678.0895229453595,0.9905393167515534,60.0
44761,2678.090217389804,0.9902045591871333,60.0
44762,2678.0909118342483,0.9898408256688733,60.0
44763,2678.091606278693,0.9897683812104067,60.0
44764,2678.092300723137,0.9904279547800366,60.0
44765,2678.0929951675816,0.9897207613807634,60.0
44766,2678.093689612026,0.9897658202307,60.0
44767,2678.0943840564705,0.9899684975094001,60.0
44768,2678.095078500915,0.9901786029534168,60.0
44769,2678.0957729453594,0.9892893778536833,60.0
44770,2678.096467389804,0.9905168848876967,60.0
44771,2678.0971618342483,0.9899509331413949,60.0
44772,2678.0978562786927,0.98988686226722,60.0
44773,2678.098550723137,0.9895537331964567,60.0
44774,2678.0992451675816,0.99060917429962,60.0
44775,2678.099939612026,0.9900358147889367,60.0
44776,2678.1006340564704,0.99023151132992,60.0
44777,2678.101328500915,0.9900688265228399,60.0
44778,2678.1020229453593,0.9887880955354634,60.0
44779,2678.1027173898037,0.9910475513992667,60.0
44780,2678.103411834248,0.9908902760945301,60.0
44781,2678.1041062786926,0.9900474552674933,60.0
44782,2678.104800723137,0.99052191189752,60.0
44783,2678.1054951675815,0.99089449505733,60.0
44784,2678.106189612026,0.9905408864172399,60.0
44785,2678.1068840564703,0.9904233806256467,60.0
44786,2678.1075785009148,0.9901797462771035,60.0
44787,2678.108272945359,0.9906111760376434,60.0
44788,2678.1089673898036,0.98941234192076,60.0
44789,2678.109661834248,0.9906754393659366,60.0
44790,2678.1103562786925,0.9915221530352799,60.0
44791,2678.1110507231374,0.9898632510971467,60.0
44792,2678.111745167582,0.9891594183056099,60.0
44793,2678.1124396120263,0.9898263432454466,60.0
44794,2678.1131340564707,0.9913022499578567,60.0
44795,2678.113828500915,0.98992576178221,60.0
44796,2678.1145229453596,0.9911034112163734,60.0
44797,2678.115217389804,0.99063779716032,60.0
44798,2678.1159118342484,0.9906012897251233,60.0
44799,2678.116606278693,0.99090751193097,60.0
44800,2678.1173007231373,0.9894658700794366,60.0
44801,2678.1179951675817,0.9904968331987,60.0
44802,2678.118689612026,0.9902451243281302,60.0
44803,2678.1193840564706,0.9893310015897466,60.0
44804,2678.120078500915,0.9901388516183333,60.0
44805,2678.1207729453595,0.9894665217085167,60.0
44806,2678.121467389804,0.9891226563422251,60.0
44807,2678.1221618342483,0.9904724288300867,60.0
44808,2678.122856278693,0.9902294213334399,60.0
44809,2678.123550723137,0.989395616777655,60.0
44810,2678.1242451675816,0.9906756038680933,60.0
44811,2678.124939612026,0.99166874943985,60.0
44812,2678.1256340564705,0.9905377018571334,60.0
44813,2678.126328500915,0.99054352076692,60.0
44814,2678.1270229453594,0.9903261223699634,60.0
44815,2678.127717389804,0.99053391031228,60.0
44816,2678.1284118342483,0.99157567006331,60.0
44817,2678.1291062786927,0.9898428910255067,60.0
44818,2678.129800723137,0.9899979653993167,60.0
44819,2678.1304951675816,0.99006134877686,60.0
44820,2678.131189612026,0.9898756513745499,60.0
44821,2678.1318840564704,0.99011037069118,60.0
44822,2678.132578500915,0.9916931548786735,60.0
44823,2678.1332729453593,0.98985554019873,60.0
44824,2678.1339673898037,0.9908351064193534,60.0
44825,2678.134661834248,0.98982462262618,60.0
44826,2678.1353562786926,0.9909858357228766,60.0
44827,2678.136050723137,0.9899289713103033,60.0
44828,2678.1367451675815,0.9913039749824266,60.0
44829,2678.137439612026,0.9895701353364134,60.0
44830,2678.1381340564703,0.9916548753141433,60.0
44831,2678.1388285009148,0.9914120913612167,60.0
44832,2678.139522945359,0.98924149564609,60.0
44833,2678.1402173898036,0.9889808656160733,60.0
44834,2678.1409118342485,0.9907606990760568,60.0
44835,2678.141606278693,0.9903596675334935,60.0
44836,2678.1423007231374,0.99134049309563,60.0
44837,2678.142995167582,0.9911956837149433,60.0
44838,2678.1436896120263,0.9912080596520766,60.0
44839,2678.1443840564707,0.9907461187392467,60.0
44840,2678.145078500915,0.9916353033458466,60.0
44841,2678.1457729453596,0.99092138176771,60.0
44842,2678.146467389804,0.9912143152344234,60.0
44843,2678.1471618342484,0.9903757590686599,60.0
44844,2678.147856278693,0.9903822816422699,60.0
44845,2678.1485507231373,0.9911876219035801,60.0
44846,2678.1492451675817,0.9908669998148466,60.0
44847,2678.149939612026,0.9913120944059867,60.0
44848,2678.1506340564706,0.9908083369046468,60.0
44849,2678.151328500915,0.99080803702519,60.0
44850,2678.1520229453595,0.9902286106454766,60.0
44851,2678.152717389804,0.9913473478747133,60.0
44852,2678.1534118342483,0.9902533634663366,60.0
44853,2678.154106278693,0.9908674877442,60.0
44854,2678.154800723137,0.99061759784713,60.0
44855,2678.1554951675816,0.9910513703722733,60.0
44856,2678.156189612026,0.9902875225019733,60.0
44857,2678.1568840564705,0.9912136968686266,60.0
44858,2678.157578500915,0.9900251553909799,60.0
44859,2678.1582729453594,0.9916470996017,60.0
44860,2678.158967389804,0.99069048497295,60.0
44861,2678.1596618342483,0.98984260057002,60.0
44862,2678.1603562786927,0.9918438010110351,60.0
44863,2678.161050723137,0.9905266895994633,60.0
44864,2678.1617451675816,0.9915130991906101,60.0
44865,2678.162439612026,0.9902326266753866,60.0
44866,2678.1631340564704,0.9909677210300534,60.0
44867,2678.163828500915,0.9898583388301967,60.0
44868,2678.1645229453593,0.99092204961591,60.0
44869,2678.1652173898037,0.9916824478279033,60.0
44870,2678.165911834248,0.9900810828205401,60.0
44871,2678.1666062786926,0.9906324336657066,60.0
44872,2678.167300723137,0.991811047329525,60.0
44873,2678.1679951675815,0.99058658700666,60.0
44874,2678.168689612026,0.9901849204707034,60.0
44875,2678.1693840564703,0.9907527311808167,60.0
44876,2678.1700785009148,0.99252978604913,60.0
44877,2678.1707729453597,0.9898837563907833,60.0
44878,2678.171467389804,0.9909332818040667,60.0
44879,2678.1721618342485,0.9905040310967334,60.0
44880,2678.172856278693,0.9907769477248234,60.0
44881,2678.1735507231374,0.9908620767428568,60.0
44882,2678.174245167582,0.9922787918125233,60.0
44883,2678.1749396120263,0.9909362713437767,60.0
44884,2678.1756340564707,0.9920178176527766,60.0
44885,2678.176328500915,0.9920913396474532,60.0
44886,2678.1770229453596,0.9919244256788167,60.0
44887,2678.177717389804,0.9912924504320934,60.0
44888,2678.1784118342484,0.991307738092905,60.0
44889,2678.179106278693,0.9911563543247867,60.0
44890,2678.1798007231373,0.9912464569299232,60.0
44891,2678.1804951675817,0.9920160871651299,60.0
44892,2678.181189612026,0.9904964984790966,60.0
44893,2678.1818840564706,0.9911501795755933,60.0
44894,2678.182578500915,0.9916205603325734,60.0
44895,2678.1832729453595,0.9914280502696767,60.0
44896,2678.183967389804,0.9914567325107434,60.0
44897,2678.1846618342483,0.9920344089819467,60.0
44898,2678.185356278693,0.9916950696818301,60.0
44899,2678.186050723137,0.99263856356978,60.0
44900,2678.1867451675816,0.9922900577837765,60.0
44901,2678.187439612026,0.9911612415315566,60.0
44902,2678.1881340564705,0.9917684813487266,60.0
44903,2678.188828500915,0.9929181567992966,60.0
44904,2678.1895229453594,0.99166129624126,60.0
44905,2678.190217389804,0.9914686474399833,60.0
44906,2678.1909118342483,0.9913139626920399,60.0
44907,2678.1916062786927,0.9918247689849368,60.0
44908,2678.192300723137,0.9912855266659151,60.0
44909,2678.1929951675816,0.9914172767989267,60.0
44910,2678.193689612026,0.99152441411958,60.0
44911,2678.1943840564704,0.9901795709149566,60.0
44912,2678.195078500915,0.99117002288598,60.0
44913,2678.1957729453593,0.9923661691097833,60.0
44914,2678.1964673898037,0.991280253689625,60.0
44915,2678.197161834248,0.9921697966707366,60.0
44916,2678.1978562786926,0.9916227531316967,60.0
44917,2678.198550723137,0.9917893760353533,60.0
44918,2678.1992451675815,0.99167807758562,60.0
44919,2678.1999396120264,0.99109127440742,60.0
44920,2678.200634056471,0.9923902637213899,60.0
44921,2678.201328500915,0.9919597876447434,60.0
44922,2678.2020229453597,0.9921725896778734,60.0
44923,2678.202717389804,0.9917949781505551,60.0
44924,2678.2034118342485,0.9908271365375401,60.0
44925,2678.204106278693,0.9925518120455666,60.0
44926,2678.2048007231374,0.9919915471508499,60.0
44927,2678.205495167582,0.9908118464330699,60.0
44928,2678.2061896120263,0.99238713441427,60.0
44929,2678.2068840564707,0.99169897278107,60.0
44930,2678.207578500915,0.99198333591745,60.0
44931,2678.2082729453596,0.99263271835111,60.0
44932,2678.208967389804,0.99209607046011,60.0
44933,2678.2096618342484,0.9925164228497967,60.0
44934,2678.210356278693,0.9910943978451967,60.0
44935,2678.2110507231373,0.9917086453188166,60.0
44936,2678.2117451675817,0.9916921487166768,60.0
44937,2678.212439612026,0.9924675054746833,60.0
44938,2678.2131340564706,0.99143391056908,60.0
44939,2678.213828500915,0.99190206140852,60.0
44940,2678.2145229453595,0.9911825736694366,60.0
44941,2678.215217389804,0.9926653352982767,60.0
44942,2678.2159118342483,0.99197603429944,60.0
44943,2678.216606278693,0.9919569621676567,60.0
44944,2678.217300723137,0.9927581396244249,60.0
44945,2678.2179951675816,0.9935626111007533,60.0
44946,2678.218689612026,0.9921704693709966,60.0
44947,2678.2193840564705,0.9912216488233666,60.0
44948,2678.220078500915,0.9920663009690833,60.0
44949,2678.2207729453594,0.9923553946819533,60.0
44950,2678.221467389804,0.9925124043982566,60.0
44951,2678.2221618342483,0.99062752305105,60.0
44952,2678.2228562786927,0.9925232066634034,60.0
44953,2678.223550723137,0.9925713586795534,60.0
44954,2678.2242451675816,0.991809499238185,60.0
44955,2678.224939612026,0.9931823146120533,60.0
44956,2678.2256340564704,0.99268740901789,60.0
44957,2678.226328500915,0.9932742226938833,60.0
44958,2678.2270229453593,0.9922704179622167,60.0
44959,2678.2277173898037,0.9928625714842201,60.0
44960,2678.228411834248,0.9925440020203866,60.0
44961,2678.2291062786926,0.9923149041681233,60.0
44962,2678.2298007231375,0.9924453189633867,60.0
44963,2678.230495167582,0.9917528728326133,60.0
44964,2678.2311896120264,0.9922671011697299,60.0
44965,2678.231884056471,0.9924104570812666,60.0
44966,2678.232578500915,0.99281365375208,60.0
44967,2678.2332729453597,0.9926261937986967,60.0
44968,2678.233967389804,0.9912699891380367,60.0
44969,2678.2346618342485,0.9918897561676766,60.0
44970,2678.235356278693,0.99193386950339,60.0
44971,2678.2360507231374,0.9923717015974433,60.0
44972,2678.236745167582,0.9927581791019334,60.0
44973,2678.2374396120263,0.992814369402825,60.0
44974,2678.2381340564707,0.9919310457392067,60.0
44975,2678.238828500915,0.99251578030283,60.0
44976,2678.2395229453596,0.9926275395385534,60.0
44977,2678.240217389804,0.9922827390349966,60.0
44978,2678.2409118342484,0.9927315416083733,60.0
44979,2678.241606278693,0.9922872651987467,60.0
44980,2678.2423007231373,0.99338455823634,60.0
44981,2678.2429951675817,0.9918330151239566,60.0
44982,2678.243689612026,0.9927511555330967,60.0
44983,2678.2443840564706,0.9926733321038267,60.0
44984,2678.245078500915,0.9921844975131,60.0
44985,2678.2457729453595,0.9927661171188134,60.0
44986,2678.246467389804,0.9924206323520933,60.0
44987,2678.2471618342483,0.9931397876762299,60.0
44988,2678.247856278693,0.9927461847946767,60.0
44989,2678.248550723137,0.99190877721321,60.0
44990,2678.2492451675816,0.99266358551314,60.0
44991,2678.249939612026,0.9932863923171733,60.0
44992,2678.2506340564705,0.9922006436402534,60.0
44993,2678.251328500915,0.99314596549742,60.0
44994,2678.2520229453594,0.9935545171540601,60.0
44995,2678.252717389804,0.9922562975590935,60.0
44996,2678.2534118342483,0.9926723030514433,60.0
44997,2678.2541062786927,0.9924702603737868,60.0
44998,2678.254800723137,0.9928751390449366,60.0
44999,2678.2554951675816,0.99327979883838,60.0
45000,2678.256189612026,0.9912186843219333,60.0
45001,2678.2568840564704,0.9940220759962399,60.0
45002,2678.257578500915,0.9934825852408067,60.0
45003,2678.2582729453593,0.9933811016476165,60.0
45004,2678.2589673898037,0.9928197378317233,60.0
45005,2678.2596618342486,0.99331848298279,60.0
45006,2678.260356278693,0.9923020504427367,60.0
45007,2678.2610507231375,0.99338002565855,60.0
45008,2678.261745167582,0.992453687942165,60.0
45009,2678.2624396120264,0.9929228617425166,60.0
45010,2678.263134056471,0.9938852730615599,60.0
45011,2678.263828500915,0.9926876666107832,60.0
45012,2678.2645229453597,0.99287351527483,60.0
45013,2678.265217389804,0.99229895490881,60.0
45014,2678.2659118342485,0.9931734647203599,60.0
45015,2678.266606278693,0.9927882927292666,60.0
45016,2678.2673007231374,0.99365522613372,60.0
45017,2678.267995167582,0.9935179251734733,60.0
45018,2678.2686896120263,0.9937989761765568,60.0
45019,2678.2693840564707,0.9926378906093634,60.0
45020,2678.270078500915,0.994744355131635,60.0
45021,2678.2707729453596,0.9929374626842368,60.0
45022,2678.271467389804,0.9933174054040333,60.0
45023,2678.2721618342484,0.99296407339741,60.0
45024,2678.272856278693,0.9922165339730634,60.0
45025,2678.2735507231373,0.99268678192833,60.0
45026,2678.2742451675817,0.9920440444309934,60.0
45027,2678.274939612026,0.99374781953681,60.0
45028,2678.2756340564706,0.9944305010518599,60.0
45029,2678.276328500915,0.9931708936778567,60.0
45030,2678.2770229453595,0.9934636415382899,60.0
45031,2678.277717389804,0.993390452208905,60.0
45032,2678.2784118342483,0.9940031888725,60.0
45033,2678.279106278693,0.9936351326060334,60.0
45034,2678.279800723137,0.9941130499713232,60.0
45035,2678.2804951675816,0.9931925190287433,60.0
45036,2678.281189612026,0.9925054271463467,60.0
45037,2678.2818840564705,0.9925596733770733,60.0
45038,2678.282578500915,0.9944284673695001,60.0
45039,2678.2832729453594,0.9938203218044467,60.0
45040,2678.283967389804,0.9939758792157667,60.0
45041,2678.2846618342483,0.9928380440580135,60.0
45042,2678.2853562786927,0.99310854239799,60.0
45043,2678.286050723137,0.9937457054082833,60.0
45044,2678.2867451675816,0.99369583212646,60.0
45045,2678.287439612026,0.9928389527863399,60.0
45046,2678.2881340564704,0.9935363534721999,60.0
45047,2678.2888285009153,0.9925220796848665,60.0
45048,2678.2895229453597,0.9927564012169067,60.0
45049,2678.290217389804,0.9938415306450133,60.0
45050,2678.2909118342486,0.992987264201375,60.0
45051,2678.291606278693,0.99357865910676,60.0
45052,2678.2923007231375,0.9929056113963132,60.0
45053,2678.292995167582,0.9932394078793899,60.0
45054,2678.2936896120264,0.9934031831537168,60.0
45055,2678.294384056471,0.9933187456274033,60.0
45056,2678.295078500915,0.99339421640342,60.0
45057,2678.2957729453597,0.9938823890122533,60.0
45058,2678.296467389804,0.99384433510505,60.0
45059,2678.2971618342485,0.99271614032971,60.0
45060,2678.297856278693,0.9923434037492966,60.0
45061,2678.2985507231374,0.9931536755858633,60.0
45062,2678.299245167582,0.99377913077095,60.0
45063,2678.2999396120263,0.9942891295638866,60.0
45064,2678.3006340564707,0.9929983445591767,60.0
45065,2678.301328500915,0.9941752328226366,60.0
45066,2678.3020229453596,0.9932884416140034,60.0
45067,2678.302717389804,0.9932424883979533,60.0
45068,2678.3034118342484,0.992912745127345,60.0
45069,2678.304106278693,0.99311305650416,60.0
45070,2678.3048007231373,0.9940902730676533,60.0
45071,2678.3054951675817,0.9938384803735801,60.0
45072,2678.306189612026,0.9948390484247699,60.0
45073,2678.3068840564706,0.9937135465741468,60.0
45074,2678.307578500915,0.9934696244906199,60.0
45075,2678.3082729453595,0.9940113465263901,60.0
45076,2678.308967389804,0.9936370723183233,60.0
45077,2678.3096618342483,0.99311693957549,60.0
45078,2678.310356278693,0.9943854354343801,60.0
45079,2678.311050723137,0.9934107778775068,60.0
45080,2678.3117451675816,0.9933404608203333,60.0
45081,2678.312439612026,0.99481176455745,60.0
45082,2678.3131340564705,0.9939253880661549,60.0
45083,2678.313828500915,0.99293242970846,60.0
45084,2678.3145229453594,0.99338343097108,60.0
45085,2678.315217389804,0.9941308651972833,60.0
45086,2678.3159118342483,0.9941181589544467,60.0
45087,2678.3166062786927,0.9942837330894001,60.0
45088,2678.317300723137,0.9937855580582466,60.0
45089,2678.3179951675816,0.9931763999337401,60.0
45090,2678.3186896120264,0.9941798493791266,60.0
45091,2678.319384056471,0.9938570980594267,60.0
45092,2678.3200785009153,0.9941769120513134,60.0
45093,2678.3207729453597,0.9938898466169733,60.0
45094,2678.321467389804,0.9939383957329033,60.0
45095,2678.3221618342486,0.9939243904764634,60.0
45096,2678.322856278693,0.9938603807077334,60.0
45097,2678.3235507231375,0.99359395683711,60.0
45098,2678.324245167582,0.9935631885218633,60.0
45099,2678.3249396120264,0.9937863606294634,60.0
45100,2678.325634056471,0.9949995861103532,60.0
45101,2678.326328500915,0.9936135876664567,60.0
45102,2678.3270229453597,0.99423773895689,60.0
45103,2678.327717389804,0.9940799178129766,60.0
45104,2678.3284118342485,0.9934434376745601,60.0
45105,2678.329106278693,0.9946059593347867,60.0
45106,2678.3298007231374,0.9939237344352833,60.0
45107,2678.330495167582,0.99367390089604,60.0
45108,2678.3311896120263,0.9945385912435167,60.0
45109,2678.3318840564707,0.9938892833633067,60.0
45110,2678.332578500915,0.9931220941297966,60.0
45111,2678.3332729453596,0.9939527749544367,60.0
45112,2678.333967389804,0.99405154809103,60.0
45113,2678.3346618342484,0.9945024276079732,60.0
45114,2678.335356278693,0.9939072120371999,60.0
45115,2678.3360507231373,0.9933654309497033,60.0
45116,2678.3367451675817,0.99474446856579,60.0
45117,2678.337439612026,0.9937750756198634,60.0
45118,2678.3381340564706,0.9941698338502301,60.0
45119,2678.338828500915,0.9949312709252767,60.0
45120,2678.3395229453595,0.9944292243118967,60.0
45121,2678.340217389804,0.99447690413643,60.0
45122,2678.3409118342483,0.9943866095472934,60.0
45123,2678.341606278693,0.9939697658005734,60.0
45124,2678.342300723137,0.9949216772966967,60.0
45125,2678.3429951675816,0.9941217636492233,60.0
45126,2678.343689612026,0.9943431367215766,60.0
45127,2678.3443840564705,0.99434175662801,60.0
45128,2678.345078500915,0.9945108799199001,60.0
45129,2678.3457729453594,0.9937049898394,60.0
45130,2678.346467389804,0.99310563762798,60.0
45131,2678.3471618342483,0.99362772946128,60.0
45132,2678.3478562786927,0.9938085421212833,60.0
45133,2678.3485507231376,0.99473611557632,60.0
45134,2678.349245167582,0.9941979816545367,60.0
45135,2678.3499396120264,0.9937372335917299,60.0
45136,2678.350634056471,0.9934671780331533,60.0
45137,2678.3513285009153,0.9941442190199133,60.0
45138,2678.3520229453597,0.9951161245932066,60.0
45139,2678.352717389804,0.99490101801037,60.0
45140,2678.3534118342486,0.99382599333844,60.0
45141,2678.354106278693,0.994693988885885,60.0
45142,2678.3548007231375,0.9949227016658666,60.0
45143,2678.355495167582,0.9946064765265,60.0
45144,2678.3561896120264,0.9951892115459966,60.0
45145,2678.356884056471,0.9942389791657867,60.0
45146,2678.357578500915,0.9954257398247099,60.0
45147,2678.3582729453597,0.9958260106138868,60.0
45148,2678.358967389804,0.9949310388154533,60.0
45149,2678.3596618342485,0.995568050488435,60.0
45150,2678.360356278693,0.99392853100421,60.0
45151,2678.3610507231374,0.9954034115506234,60.0
45152,2678.361745167582,0.9943468380277133,60.0
45153,2678.3624396120263,0.9942593856897401,60.0
45154,2678.3631340564707,0.994060336186585,60.0
45155,2678.363828500915,0.9944931550967934,60.0
45156,2678.3645229453596,0.9949465358355667,60.0
45157,2678.365217389804,0.9958043899533666,60.0
45158,2678.3659118342484,0.9953117907974334,60.0
45159,2678.366606278693,0.9951943251235199,60.0
45160,2678.3673007231373,0.9944629724010534,60.0
45161,2678.3679951675817,0.99438674093032,60.0
45162,2678.368689612026,0.9945894551231168,60.0
45163,2678.3693840564706,0.9956012897341,60.0
45164,2678.370078500915,0.9937884050722067,60.0
45165,2678.3707729453595,0.9939154338790699,60.0
45166,2678.371467389804,0.9948108020670766,60.0
45167,2678.3721618342483,0.9944801361298,60.0
45168,2678.372856278693,0.9952634398448333,60.0
45169,2678.373550723137,0.9949675269219167,60.0
45170,2678.3742451675816,0.9954879475558167,60.0
45171,2678.374939612026,0.99480238682007,60.0
45172,2678.3756340564705,0.9943221388695934,60.0
45173,2678.376328500915,0.9939333347659632,60.0
45174,2678.3770229453594,0.9950235747816066,60.0
45175,2678.3777173898043,0.99383161241082,60.0
45176,2678.3784118342487,0.9944715251911633,60.0
45177,2678.379106278693,0.9944513021658367,60.0
45178,2678.3798007231376,0.9953930197019433,60.0
45179,2678.380495167582,0.9952885258184834,60.0
45180,2678.3811896120264,0.9949818472045899,60.0
45181,2678.381884056471,0.9947422417850866,60.0
45182,2678.3825785009153,0.9954249357605149,60.0
45183,2678.3832729453597,0.994646393188355,60.0
45184,2678.383967389804,0.9942512161481701,60.0
45185,2678.3846618342486,0.9958001151105,60.0
45186,2678.385356278693,0.9959728092170099,60.0
45187,2678.3860507231375,0.9944338118488433,60.0
45188,2678.386745167582,0.99603084319468,60.0
45189,2678.3874396120264,0.9947849222915833,60.0
45190,2678.388134056471,0.99522093920793,60.0
45191,2678.388828500915,0.9948890891241867,60.0
45192,2678.3895229453597,0.99395243315141,60.0
45193,2678.390217389804,0.9960340070195699,60.0
45194,2678.3909118342485,0.9957221409833567,60.0
45195,2678.391606278693,0.9958105438198434,60.0
45196,2678.3923007231374,0.99481078763869,60.0
45197,2678.392995167582,0.995401308204525,60.0
45198,2678.3936896120263,0.9953139013815767,60.0
45199,2678.3943840564707,0.9942685555094967,60.0
45200,2678.395078500915,0.9950810916952499,60.0
45201,2678.3957729453596,0.9954785012786567,60.0
45202,2678.396467389804,0.9956295716511034,60.0
45203,2678.3971618342484,0.9960571954987,60.0
45204,2678.397856278693,0.9962610490017499,60.0
45205,2678.3985507231373,0.9951723158474399,60.0
45206,2678.3992451675817,0.9956134726707667,60.0
45207,2678.399939612026,0.9946277018210767,60.0
45208,2678.4006340564706,0.9953221016393901,60.0
45209,2678.401328500915,0.9956107102673201,60.0
45210,2678.4020229453595,0.9954120751690801,60.0
45211,2678.402717389804,0.9944007640141134,60.0
45212,2678.4034118342483,0.9952189416353666,60.0
45213,2678.404106278693,0.99643195742016,60.0
45214,2678.404800723137,0.9954309171914266,60.0
45215,2678.4054951675816,0.99600854352477,60.0
45216,2678.406189612026,0.9963517735792035,60.0
45217,2678.4068840564705,0.994904632887945,60.0
45218,2684.6298007231426,0.99782057325823,60.0
45219,2684.630495167587,0.9974323040368,60.0
45220,2684.6311896120314,0.99499389187972,60.0
45221,2684.631884056476,0.994530096371665,60.0
45222,2684.6325785009203,0.9939552007936433,60.0
45223,2684.6332729453648,0.9937376585352499,60.0
45224,2684.633967389809,0.9933622855091766,60.0
45225,2684.6346618342536,0.9918278340220367,60.0
45226,2684.635356278698,0.9913711328119267,60.0
45227,2684.6360507231425,0.9913096459089833,60.0
45228,2684.636745167587,0.9908755002733433,60.0
45229,2684.6374396120314,0.9898896652119701,60.0
45230,2684.638134056476,0.9901051560390667,60.0
45231,2684.63882850092,0.9903252602792666,60.0
45232,2684.6395229453647,0.9880071106988466,60.0
45233,2684.640217389809,0.9897263191712199,60.0
45234,2684.6409118342535,0.9887791255485867,60.0
45235,2684.641606278698,0.9893312876636234,60.0
45236,2684.6423007231424,0.98775663444587,60.0
45237,2684.642995167587,0.98860213387914,60.0
45238,2684.6436896120313,0.9877828062922167,60.0
45239,2684.6443840564757,0.9873750043915334,60.0
45240,2684.64507850092,0.98723183058299,60.0
45241,2684.6457729453646,0.9880668708299966,60.0
45242,2684.646467389809,0.98731318380614,60.0
45243,2684.6471618342534,0.98785710115143,60.0
45244,2684.647856278698,0.9868418371124199,60.0
45245,2684.6485507231423,0.9859074264662366,60.0
45246,2684.6492451675867,0.9865215007339666,60.0
45247,2684.649939612031,0.98649852130305,60.0
45248,2684.6506340564756,0.9863038279810032,60.0
45249,2684.65132850092,0.9872196166239434,60.0
45250,2684.6520229453645,0.9862957021847567,60.0
45251,2684.652717389809,0.9881730462987833,60.0
45252,2684.6534118342533,0.98731589838423,60.0
45253,2684.654106278698,0.9875884313537866,60.0
45254,2684.654800723142,0.9861745329364533,60.0
45255,2684.6554951675867,0.9861596863281533,60.0
45256,2684.656189612031,0.9868245128114067,60.0
45257,2684.6568840564755,0.9872199539219699,60.0
45258,2684.65757850092,0.9860581462391167,60.0
45259,2684.6582729453644,0.9861490835838899,60.0
45260,2684.658967389809,0.9857875644633066,60.0
45261,2684.6596618342537,0.986381354344785,60.0
45262,2684.660356278698,0.9855396347371134,60.0
45263,2684.6610507231426,0.9864443097629735,60.0
45264,2684.661745167587,0.9871687342700434,60.0
45265,2684.6624396120314,0.9865297304466933,60.0
45266,2684.663134056476,0.9868153213731,60.0
45267,2684.6638285009203,0.9853448719431167,60.0
45268,2684.6645229453648,0.9866618245527167,60.0
45269,2684.665217389809,0.98733069824026,60.0
45270,2684.6659118342536,0.9862714951589368,60.0
45271,2684.666606278698,0.9864896042597667,60.0
45272,2684.6673007231425,0.98797964754166,60.0
45273,2684.667995167587,0.9867792694176835,60.0
45274,2684.6686896120314,0.9861964820074466,60.0
45275,2684.669384056476,0.9896157915313766,60.0
45276,2684.67007850092,0.9874272163147101,60.0
45277,2684.6707729453647,0.9865158526531568,60.0
45278,2684.671467389809,0.98741629071188,60.0
45279,2684.6721618342535,0.9872250529251433,60.0
45280,2684.672856278698,0.98786634626939,60.0
45281,2684.6735507231424,0.9869590769892866,60.0
45282,2684.674245167587,0.9866804235554333,60.0
45283,2684.6749396120313,0.9873409803155168,60.0
45284,2684.6756340564757,0.9866627321824367,60.0
45285,2684.67632850092,0.9875220267093301,60.0
45286,2684.6770229453646,0.9863550473302801,60.0
45287,2684.677717389809,0.9871182739542768,60.0
45288,2684.6784118342534,0.98650801036576,60.0
45289,2684.679106278698,0.9867483648542134,60.0
45290,2684.6798007231423,0.98702580228619,60.0
45291,2684.6804951675867,0.9867804265192666,60.0
45292,2684.681189612031,0.9871175499104033,60.0
45293,2684.6818840564756,0.9879833069689233,60.0
45294,2684.68257850092,0.98736198403369,60.0
45295,2684.6832729453645,0.9868489967553566,60.0
45296,2684.683967389809,0.9871360662559834,60.0
45297,2684.6846618342533,0.988105001574,60.0
45298,2684.685356278698,0.9876120829923933,60.0
45299,2684.686050723142,0.98623485856322,60.0
45300,2684.6867451675867,0.98750303812808,60.0
45301,2684.687439612031,0.9879818447891451,60.0
45302,2684.6881340564755,0.9870805630581101,60.0
45303,2684.6888285009204,0.98716321546787,60.0
45304,2684.689522945365,0.9868721067463766,60.0
45305,2684.6902173898093,0.9864740922713899,60.0
45306,2684.6909118342537,0.98785205378022,60.0
45307,2684.691606278698,0.9866228928015833,60.0
45308,2684.6923007231426,0.9871146301318766,60.0
45309,2684.692995167587,0.98713100080458,60.0
45310,2684.6936896120314,0.98798299466187,60.0
45311,2684.694384056476,0.9861236894359651,60.0
45312,2684.6950785009203,0.9865852969926899,60.0
45313,2684.6957729453648,0.986250638897625,60.0
45314,2684.696467389809,0.9867942546060234,60.0
45315,2684.6971618342536,0.98719475783015,60.0
45316,2684.697856278698,0.9869180913145666,60.0
45317,2684.6985507231425,0.9861405429048551,60.0
45318,2684.699245167587,0.9876846252880934,60.0
45319,2684.6999396120314,0.9877047600607233,60.0
45320,2684.700634056476,0.98777683591531,60.0
45321,2684.70132850092,0.9868941859840666,60.0
45322,2684.7020229453647,0.98713707207484,60.0
45323,2684.702717389809,0.9881784489929067,60.0
45324,2684.7034118342535,0.9871207531900766,60.0
45325,2684.704106278698,0.9866358712448234,60.0
45326,2684.7048007231424,0.9873226251644566,60.0
45327,2684.705495167587,0.9877529902946766,60.0
45328,2684.7061896120313,0.9870583910050833,60.0
45329,2684.7068840564757,0.9873176328995733,60.0
45330,2684.70757850092,0.9871718161698134,60.0
45331,2684.7082729453646,0.9871518823743767,60.0
45332,2684.708967389809,0.98832129893069,60.0
45333,2684.7096618342534,0.98708278962405,60.0
45334,2684.710356278698,0.9887868187070433,60.0
45335,2684.7110507231423,0.9875444169986033,60.0
45336,2684.7117451675867,0.9870818220080068,60.0
45337,2684.712439612031,0.9877682444517233,60.0
45338,2684.7131340564756,0.9865281693927134,60.0
45339,2684.71382850092,0.9886252704753766,60.0
45340,2684.7145229453645,0.98739249046529,60.0
45341,2684.715217389809,0.98814350922636,60.0
45342,2684.7159118342533,0.9878894128328867,60.0
45343,2684.716606278698,0.98684840478519,60.0
45344,2684.717300723142,0.98688185901702,60.0
45345,2684.7179951675867,0.9878538351550633,60.0
45346,2684.7186896120315,0.9886595824906733,60.0
45347,2684.719384056476,0.9880401472900234,60.0
45348,2684.7200785009204,0.98884974041316,60.0
45349,2684.720772945365,0.9877751458507267,60.0
45350,2684.7214673898093,0.9885098973579,60.0
45351,2684.7221618342537,0.98807864280483,60.0
45352,2684.722856278698,0.9877936532482,60.0
45353,2684.7235507231426,0.9879557288692533,60.0
45354,2684.724245167587,0.9878977815960267,60.0
45355,2684.7249396120314,0.98760936330318,60.0
45356,2684.725634056476,0.9874836616163701,60.0
45357,2684.7263285009203,0.9882580909921033,60.0
45358,2684.7270229453648,0.9883613582575234,60.0
45359,2684.727717389809,0.9881537295514068,60.0
45360,2684.7284118342536,0.98800039457071,60.0
45361,2684.729106278698,0.9879744623179233,60.0
45362,2684.7298007231425,0.9883116888576465,60.0
45363,2684.730495167587,0.9869543554005866,60.0
45364,2684.7311896120314,0.9873581670244701,60.0
45365,2684.731884056476,0.987111596439145,60.0
45366,2684.73257850092,0.9879665627762133,60.0
45367,2684.7332729453647,0.9880700299012067,60.0
45368,2684.733967389809,0.98661034317455,60.0
45369,2684.7346618342535,0.98717749893417,60.0
45370,2684.735356278698,0.98807864228792,60.0
45371,2684.7360507231424,0.9879678343569332,60.0
45372,2684.736745167587,0.9878112054871334,60.0
45373,2684.7374396120313,0.9881905318361534,60.0
45374,2684.7381340564757,0.9878441272067834,60.0
45375,2684.73882850092,0.9873699314917866,60.0
45376,2684.7395229453646,0.9873012043330349,60.0
45377,2684.740217389809,0.9863813723484066,60.0
45378,2684.7409118342534,0.9872333428200467,60.0
45379,2684.741606278698,0.9862482721212634,60.0
45380,2684.7423007231423,0.98738959539056,60.0
45381,2684.7429951675867,0.9872228731475466,60.0
45382,2684.743689612031,0.9879732522345267,60.0
45383,2684.7443840564756,0.98821873458561,60.0
45384,2684.74507850092,0.9866014119973899,60.0
45385,2684.7457729453645,0.9866921436033765,60.0
45386,2684.746467389809,0.9882800720794332,60.0
45387,2684.7471618342533,0.98771272230512,60.0
45388,2684.747856278698,0.987123055004575,60.0
45389,2684.7485507231427,0.9859748183931633,60.0
45390,2684.749245167587,0.986586292461315,60.0
45391,2684.7499396120315,0.9867283157301433,60.0
45392,2684.750634056476,0.98675631538967,60.0
45393,2684.7513285009204,0.9869360832713902,60.0
45394,2684.752022945365,0.9862208963444067,60.0
45395,2684.7527173898093,0.98638682630955,60.0
45396,2684.7534118342537,0.985691074346955,60.0
45397,2684.754106278698,0.9853558034047367,60.0
45398,2684.7548007231426,0.9868614277682067,60.0
45399,2684.755495167587,0.9860469554733999,60.0
45400,2684.7561896120314,0.9869621532897767,60.0
45401,2684.756884056476,0.9867303700801,60.0
45402,2684.7575785009203,0.9867536319501967,60.0
45403,2684.7582729453648,0.9861952155939133,60.0
45404,2684.758967389809,0.9865645946285667,60.0
45405,2684.7596618342536,0.98680624938017,60.0
45406,2684.760356278698,0.9859520569102868,60.0
45407,2684.7610507231425,0.9859452451589034,60.0
45408,2684.761745167587,0.9863067857375567,60.0
45409,2684.7624396120314,0.98779513210132,60.0
45410,2684.763134056476,0.9876880793004034,60.0
45411,2684.76382850092,0.9867456068091333,60.0
45412,2684.7645229453647,0.9867978344162266,60.0
45413,2684.765217389809,0.9860821507266699,60.0
45414,2684.7659118342535,0.9866872149695634,60.0
45415,2684.766606278698,0.9863037242989033,60.0
45416,2684.7673007231424,0.9861592966147166,60.0
45417,2684.767995167587,0.9861814150760067,60.0
45418,2684.7686896120313,0.9862063648111766,60.0
45419,2684.7693840564757,0.9869809440273833,60.0
45420,2684.77007850092,0.9869999723221067,60.0
45421,2684.7707729453646,0.98640961933752,60.0
45422,2684.771467389809,0.987398518587695,60.0
45423,2684.7721618342534,0.9866896438201701,60.0
45424,2684.772856278698,0.98699956412419,60.0
45425,2684.7735507231423,0.9857843808976332,60.0
45426,2684.7742451675867,0.986544256661795,60.0
45427,2684.774939612031,0.9864442749536133,60.0
45428,2684.7756340564756,0.9862012020518701,60.0
45429,2684.77632850092,0.9863370945438267,60.0
45430,2684.7770229453645,0.9871746164286633,60.0
45431,2684.7777173898094,0.9857461529070233,60.0
45432,2684.778411834254,0.98586494552019,60.0
45433,2684.7791062786982,0.9869157457333201,60.0
45434,2684.7798007231427,0.9853664535440899,60.0
45435,2684.780495167587,0.9863502058134367,60.0
45436,2684.7811896120315,0.9853079203571133,60.0
45437,2684.781884056476,0.985275303587385,60.0
45438,2684.7825785009204,0.9858772993192734,60.0
45439,2684.783272945365,0.9858736692892233,60.0
45440,2684.7839673898093,0.9845008037546367,60.0
45441,2684.7846618342537,0.9869997417918966,60.0
45442,2684.785356278698,0.98638724592542,60.0
45443,2684.7860507231426,0.98651001550731,60.0
45444,2684.786745167587,0.98652196391004,60.0
45445,2684.7874396120314,0.98536296667347,60.0
45446,2684.788134056476,0.9866815944685,60.0
45447,2684.7888285009203,0.9855522992616299,60.0
45448,2684.7895229453648,0.9859681927909868,60.0
45449,2684.790217389809,0.98674774832751,60.0
45450,2684.7909118342536,0.9869538297811951,60.0
45451,2684.791606278698,0.9861964182529567,60.0
45452,2684.7923007231425,0.9853304174548168,60.0
45453,2684.792995167587,0.98599515685742,60.0
45454,2684.7936896120314,0.9866449142069667,60.0
45455,2684.794384056476,0.9855522333689333,60.0
45456,2684.79507850092,0.9852880984301233,60.0
45457,2684.7957729453647,0.9864810374653067,60.0
45458,2684.796467389809,0.9854858484908032,60.0
45459,2684.7971618342535,0.9863760657915933,60.0
45460,2684.797856278698,0.9870708745423166,60.0
45461,2684.7985507231424,0.9872534676126,60.0
45462,2684.799245167587,0.985732152327305,60.0
45463,2684.7999396120313,0.985731253657895,60.0
45464,2684.8006340564757,0.9856223066983834,60.0
45465,2684.80132850092,0.9854504262245567,60.0
45466,2684.8020229453646,0.9861357615577099,60.0
45467,2684.802717389809,0.9858040096082966,60.0
45468,2684.8034118342534,0.98665568320558,60.0
45469,2684.804106278698,0.9862040200147333,60.0
45470,2684.8048007231423,0.9844946049012067,60.0
45471,2684.8054951675867,0.9848547422670834,60.0
45472,2684.806189612031,0.98680154322095,60.0
45473,2684.8068840564756,0.9858289585158967,60.0
45474,2684.8075785009205,0.9854753036464167,60.0
45475,2684.808272945365,0.9862353683653501,60.0
45476,2684.8089673898094,0.9853466878727298,60.0
45477,2684.809661834254,0.98612853923779,60.0
45478,2684.8103562786982,0.9865387773413766,60.0
45479,2684.8110507231427,0.9861996295264767,60.0
45480,2684.811745167587,0.9853721574832566,60.0
45481,2684.8124396120315,0.98754251272501,60.0
45482,2684.813134056476,0.98687885100024,60.0
45483,2684.8138285009204,0.9859487854830234,60.0
45484,2684.814522945365,0.9852045676439533,60.0
45485,2684.8152173898093,0.9857804189608966,60.0
45486,2684.8159118342537,0.9862832539877834,60.0
45487,2684.816606278698,0.987278509419535,60.0
45488,2684.8173007231426,0.98522222025173,60.0
45489,2684.817995167587,0.98673965480073,60.0
45490,2684.8186896120314,0.9851545437702033,60.0
45491,2684.819384056476,0.98552848141906,60.0
45492,2684.8200785009203,0.98558150633294,60.0
45493,2684.8207729453648,0.9879369735499167,60.0
45494,2684.821467389809,0.98661667446684,60.0
45495,2684.8221618342536,0.98574581985222,60.0
45496,2684.822856278698,0.98595092878166,60.0
45497,2684.8235507231425,0.9861356519420866,60.0
45498,2684.824245167587,0.98628357914333,60.0
45499,2684.8249396120314,0.9850676533112966,60.0
45500,2684.825634056476,0.9859388912654733,60.0
45501,2684.82632850092,0.9867186005067433,60.0
45502,2684.8270229453647,0.9858820353056866,60.0
45503,2684.827717389809,0.9865514218485499,60.0
45504,2684.8284118342535,0.9866827837493134,60.0
45505,2684.829106278698,0.9876818690662267,60.0
45506,2684.8298007231424,0.9869944577604134,60.0
45507,2684.830495167587,0.9864548407874767,60.0
45508,2684.8311896120313,0.986897842077375,60.0
45509,2684.8318840564757,0.9868168154389066,60.0
45510,2684.83257850092,0.9863715133849967,60.0
45511,2684.8332729453646,0.9879208581405301,60.0
45512,2684.833967389809,0.98538253043268,60.0
45513,2684.8346618342534,0.9875030852383199,60.0
45514,2684.835356278698,0.9867740617442035,60.0
45515,2684.8360507231423,0.9880706447146567,60.0
45516,2684.8367451675867,0.9878123569278201,60.0
45517,2684.8374396120316,0.9857243403528165,60.0
45518,2684.838134056476,0.985943236561455,60.0
45519,2684.8388285009205,0.98619142531019,60.0
45520,2684.839522945365,0.9865350589740135,60.0
45521,2684.8402173898094,0.9865281435589166,60.0
45522,2684.840911834254,0.9868156254807502,60.0
45523,2684.8416062786982,0.9872275284964049,60.0
45524,2684.8423007231427,0.98563213681816,60.0
45525,2684.842995167587,0.9862611983522034,60.0
45526,2684.8436896120315,0.985660699710085,60.0
45527,2684.844384056476,0.9863552267844233,60.0
45528,2684.8450785009204,0.9867610941743933,60.0
45529,2684.845772945365,0.9871656904453966,60.0
45530,2684.8464673898093,0.9856312712144634,60.0
45531,2684.8471618342537,0.98693054528378,60.0
45532,2684.847856278698,0.9862139085481134,60.0
45533,2684.8485507231426,0.98705939322235,60.0
45534,2684.849245167587,0.985335755400125,60.0
45535,2684.8499396120314,0.9861094273958434,60.0
45536,2684.850634056476,0.9859394949121735,60.0
45537,2684.8513285009203,0.9879855258543601,60.0
45538,2684.8520229453648,0.9867353496482366,60.0
45539,2684.852717389809,0.9860973562852866,60.0
45540,2684.8534118342536,0.9858439003753467,60.0
45541,2684.854106278698,0.9850436983238633,60.0
45542,2684.8548007231425,0.986172829597825,60.0
45543,2684.855495167587,0.98641439540901,60.0
45544,2684.8561896120314,0.9857012022579132,60.0
45545,2684.856884056476,0.9858430619267534,60.0
45546,2684.85757850092,0.9865769235771651,60.0
45547,2684.8582729453647,0.9859953404378899,60.0
45548,2684.858967389809,0.9859854192125267,60.0
45549,2684.8596618342535,0.9857078921303567,60.0
45550,2684.860356278698,0.9871876960831267,60.0
45551,2684.8610507231424,0.9860113611896599,60.0
45552,2684.861745167587,0.9863438609798968,60.0
45553,2684.8624396120313,0.9854740501002399,60.0
45554,2684.8631340564757,0.9875548631826666,60.0
45555,2684.86382850092,0.9860943156254667,60.0
45556,2684.8645229453646,0.9864534886812234,60.0
45557,2684.865217389809,0.98626167372044,60.0
45558,2684.8659118342534,0.9847500726847549,60.0
45559,2684.8666062786983,0.98558590686288,60.0
45560,2684.8673007231428,0.9857823261642035,60.0
45561,2684.867995167587,0.9856407989434567,60.0
45562,2684.8686896120316,0.9869743546536666,60.0
45563,2684.869384056476,0.9860063805860267,60.0
45564,2684.8700785009205,0.9857716549800534,60.0
45565,2684.870772945365,0.98629051492972,60.0
45566,2684.8714673898094,0.98682326654389,60.0
45567,2684.872161834254,0.9852479172263866,60.0
45568,2684.8728562786982,0.9858867255924834,60.0
45569,2684.8735507231427,0.98570861792033,60.0
45570,2684.874245167587,0.9865880127051799,60.0
45571,2684.8749396120315,0.9864966908985933,60.0
45572,2684.875634056476,0.9854896360049367,60.0
45573,2684.8763285009204,0.9859798991705967,60.0
45574,2684.877022945365,0.9867310955125334,60.0
45575,2684.8777173898093,0.9869756745058801,60.0
45576,2684.8784118342537,0.9857003646562233,60.0
45577,2684.879106278698,0.9847803623743601,60.0
45578,2684.8798007231426,0.98604035921708,60.0
45579,2684.880495167587,0.9864900850834667,60.0
45580,2684.8811896120314,0.9864222909422068,60.0
45581,2684.881884056476,0.98603802279262,60.0
45582,2684.8825785009203,0.986812032374535,60.0
45583,2684.8832729453648,0.9857540834468267,60.0
45584,2684.883967389809,0.98523507650874,60.0
45585,2684.8846618342536,0.98610630362717,60.0
45586,2684.885356278698,0.9858926516209333,60.0
45587,2684.8860507231425,0.98626921557947,60.0
45588,2684.886745167587,0.987151636652585,60.0
45589,2684.8874396120314,0.9856620626603201,60.0
45590,2684.888134056476,0.98604296367218,60.0
45591,2684.88882850092,0.98618246113309,60.0
45592,2684.8895229453647,0.9867193765391233,60.0
45593,2684.890217389809,0.9864622185052867,60.0
45594,2684.8909118342535,0.98535924207928,60.0
45595,2684.891606278698,0.9854940309952299,60.0
45596,2684.8923007231424,0.98632625261866,60.0
45597,2684.892995167587,0.98660541487442,60.0
45598,2684.8936896120313,0.9862280777963566,60.0
45599,2684.8943840564757,0.9854099955741201,60.0
45600,2684.89507850092,0.9870819191807333,60.0
45601,2684.8957729453646,0.98691726864001,60.0
45602,2684.8964673898095,0.9866751830132899,60.0
45603,2684.897161834254,0.9846577456482833,60.0
45604,2684.8978562786983,0.98630625329127,60.0
45605,2684.8985507231428,0.9866545738868434,60.0
45606,2684.899245167587,0.9863172055587267,60.0
45607,2684.8999396120316,0.98593728753545,60.0
45608,2684.900634056476,0.9861723983020699,60.0
45609,2684.9013285009205,0.9865843259415299,60.0
45610,2684.902022945365,0.98606774814581,60.0
45611,2684.9027173898094,0.9873997617267399,60.0
45612,2684.903411834254,0.98691451922963,60.0
45613,2684.9041062786982,0.9861826671755901,60.0
45614,2684.9048007231427,0.9867206158743501,60.0
45615,2684.905495167587,0.9858960130216232,60.0
45616,2684.9061896120315,0.98609467600936,60.0
45617,2684.906884056476,0.9858693275582467,60.0
45618,2684.9075785009204,0.98589261953131,60.0
45619,2684.908272945365,0.9869309645130033,60.0
45620,2684.9089673898093,0.9868222895492601,60.0
45621,2684.9096618342537,0.98675700621608,60.0
45622,2684.910356278698,0.9869839701241533,60.0
45623,2684.9110507231426,0.9865013684526,60.0
45624,2684.911745167587,0.9864409594623966,60.0
45625,2684.9124396120314,0.9869894815732599,60.0
45626,2684.913134056476,0.98620466314444,60.0
45627,2684.9138285009203,0.9872032053058567,60.0
45628,2684.9145229453648,0.9876264395381801,60.0
45629,2684.915217389809,0.987167964084265,60.0
45630,2684.9159118342536,0.9877723242841799,60.0
45631,2684.916606278698,0.9869774650747001,60.0
45632,2684.9173007231425,0.98541034587856,60.0
45633,2684.917995167587,0.9862519917288767,60.0
45634,2684.9186896120314,0.9867049087721732,60.0
45635,2684.919384056476,0.9867426316490667,60.0
45636,2684.92007850092,0.9865883923625968,60.0
45637,2684.9207729453647,0.9867166365579502,60.0
45638,2684.921467389809,0.9868658917019767,60.0
45639,2684.9221618342535,0.986771704339155,60.0
45640,2684.922856278698,0.9866178568710351,60.0
45641,2684.9235507231424,0.9863165624392001,60.0
45642,2684.924245167587,0.98577451736122,60.0
45643,2684.9249396120313,0.9866392635706734,60.0
45644,2684.9256340564757,0.9866035332388368,60.0
45645,2684.9263285009206,0.9866049175193533,60.0
45646,2684.927022945365,0.98745978502471,60.0
45647,2684.9277173898095,0.9862384726520134,60.0
45648,2684.928411834254,0.98679017248722,60.0
45649,2684.9291062786983,0.9865186975851267,60.0
45650,2684.9298007231428,0.986718700838745,60.0
45651,2684.930495167587,0.9862334398995034,60.0
45652,2684.9311896120316,0.98627571001729,60.0
45653,2684.931884056476,0.9863651023335699,60.0
45654,2684.9325785009205,0.9879190669356933,60.0
45655,2684.933272945365,0.9874226575001467,60.0
45656,2684.9339673898094,0.9881239074928133,60.0
45657,2684.934661834254,0.9871447017277867,60.0
45658,2684.9353562786982,0.98653230145139,60.0
45659,2684.9360507231427,0.986846097165,60.0
45660,2684.936745167587,0.9874666322483133,60.0
45661,2684.9374396120315,0.9859905384458633,60.0
45662,2684.938134056476,0.9855484521490833,60.0
45663,2684.9388285009204,0.9864282634256033,60.0
45664,2684.939522945365,0.9855700988428433,60.0
45665,2684.9402173898093,0.9861060383087,60.0
45666,2684.9409118342537,0.98526844342135,60.0
45667,2684.941606278698,0.98546399556959,60.0
45668,2684.9423007231426,0.98602963796549,60.0
45669,2684.942995167587,0.9864772399701834,60.0
45670,2684.9436896120314,0.9859011629173468,60.0
45671,2684.944384056476,0.9851512255042599,60.0
45672,2684.9450785009203,0.98730565493016,60.0
45673,2684.9457729453648,0.986378819968835,60.0
45674,2684.946467389809,0.985027099302805,60.0
45675,2684.9471618342536,0.9859058414489601,60.0
45676,2684.947856278698,0.98806418904833,60.0
45677,2684.9485507231425,0.9857156090301166,60.0
45678,2684.949245167587,0.9849264127811334,60.0
45679,2684.9499396120314,0.9856913867387767,60.0
45680,2684.950634056476,0.9845234381869,60.0
45681,2684.95132850092,0.9862518306063333,60.0
45682,2684.9520229453647,0.986230789692495,60.0
45683,2684.952717389809,0.9855297799728667,60.0
45684,2684.9534118342535,0.9858225214678766,60.0
45685,2684.954106278698,0.9854561717943134,60.0
45686,2684.9548007231424,0.985753478941735,60.0
45687,2684.9554951675873,0.98601315223241,60.0
45688,2684.9561896120317,0.9849832029170332,60.0
45689,2684.956884056476,0.9847903967563566,60.0
45690,2684.9575785009206,0.9861086268242301,60.0
45691,2684.958272945365,0.98616913207237,60.0
45692,2684.9589673898095,0.9857208999177649,60.0
45693,2684.959661834254,0.9854913106584,60.0
45694,2684.9603562786983,0.98563302523808,60.0
45695,2684.9610507231428,0.9861155738843667,60.0
45696,2684.961745167587,0.9857493604217566,60.0
45697,2684.9624396120316,0.98562543041779,60.0
45698,2684.963134056476,0.98572084465266,60.0
45699,2684.9638285009205,0.9863650903259132,60.0
45700,2684.964522945365,0.9856360276446267,60.0
45701,2684.9652173898094,0.9859899486463733,60.0
45702,2684.965911834254,0.9850322645978133,60.0
45703,2684.9666062786982,0.98497453271722,60.0
45704,2684.9673007231427,0.9858518936104067,60.0
45705,2684.967995167587,0.9860348093128467,60.0
45706,2684.9686896120315,0.98500690333737,60.0
45707,2684.969384056476,0.9863000806654133,60.0
45708,2684.9700785009204,0.9857592050228,60.0
45709,2684.970772945365,0.9855327786344668,60.0
45710,2684.9714673898093,0.98679431269078,60.0
45711,2684.9721618342537,0.9857550698139333,60.0
45712,2684.972856278698,0.9849011587087334,60.0
45713,2684.9735507231426,0.9858397280448168,60.0
45714,2684.974245167587,0.98536795243011,60.0
45715,2684.9749396120314,0.9868225854082201,60.0
45716,2684.975634056476,0.9853064843059633,60.0
45717,2684.9763285009203,0.9856299958070966,60.0
45718,2684.9770229453648,0.985983521770885,60.0
45719,2684.977717389809,0.9868096329792534,60.0
45720,2684.9784118342536,0.9852186198034,60.0
45721,2684.979106278698,0.9866823092609366,60.0
45722,2684.9798007231425,0.9857850880760566,60.0
45723,2684.980495167587,0.9852997391731334,60.0
45724,2684.9811896120314,0.9847291831092733,60.0
45725,2684.981884056476,0.9849305977387299,60.0
45726,2684.98257850092,0.9865389920657767,60.0
45727,2684.9832729453647,0.9855703742677767,60.0
45728,2684.983967389809,0.98531896030159,60.0
45729,2684.9846618342535,0.9852850181635033,60.0
45730,2684.9853562786984,0.9859537312945467,60.0
45731,2684.986050723143,0.9851680115510032,60.0
45732,2684.9867451675873,0.9843602684146365,60.0
45733,2684.9874396120317,0.98490150229549,60.0
45734,2684.988134056476,0.9856194603532167,60.0
45735,2684.9888285009206,0.9856420482103949,60.0
45736,2684.989522945365,0.9853546286536466,60.0
45737,2684.9902173898095,0.9853106656592866,60.0
45738,2684.990911834254,0.9856704081086199,60.0
45739,2684.9916062786983,0.9854665209059167,60.0
45740,2684.9923007231428,0.9865815223653166,60.0
45741,2684.992995167587,0.98529861979826,60.0
45742,2684.9936896120316,0.98474203082137,60.0
45743,2684.994384056476,0.9861623724490934,60.0
45744,2684.9950785009205,0.9861457953247,60.0
45745,2684.995772945365,0.9860247424620301,60.0
45746,2684.9964673898094,0.9855919765540766,60.0
45747,2684.997161834254,0.98679890255892,60.0
45748,2684.9978562786982,0.9850942393485367,60.0
45749,2684.9985507231427,0.9856879787381166,60.0
45750,2684.999245167587,0.9863741754354635,60.0
45751,2684.9999396120315,0.9866078243138899,60.0
45752,2685.000634056476,0.9850314460896333,60.0
45753,2685.0013285009204,0.9865552612240033,60.0
45754,2685.002022945365,0.9852817633321399,60.0
45755,2685.0027173898093,0.9856685929767233,60.0
45756,2685.0034118342537,0.9857763749157867,60.0
45757,2685.004106278698,0.9855349407535999,60.0
45758,2685.0048007231426,0.98532514117361,60.0
45759,2685.005495167587,0.9867983238853134,60.0
45760,2685.0061896120314,0.98539624977432,60.0
45761,2685.006884056476,0.9861699108454868,60.0
45762,2685.0075785009203,0.9859323575183866,60.0
45763,2685.0082729453648,0.9852001176733066,60.0
45764,2685.008967389809,0.9863115020862834,60.0
45765,2685.0096618342536,0.98499164357695,60.0
45766,2685.010356278698,0.98591060839344,60.0
45767,2685.0110507231425,0.9848738866102233,60.0
45768,2685.011745167587,0.98546567541863,60.0
45769,2685.0124396120314,0.9851003767707533,60.0
45770,2685.013134056476,0.9845407536753433,60.0
45771,2685.01382850092,0.9862905342036666,60.0
45772,2685.0145229453647,0.98660794217239,60.0
45773,2685.0152173898095,0.9857653618753567,60.0
45774,2685.015911834254,0.9866182081829867,60.0
45775,2685.0166062786984,0.98590317914354,60.0
45776,2685.017300723143,0.9867896136814734,60.0
45777,2685.0179951675873,0.9863718143062034,60.0
45778,2685.0186896120317,0.9852912826885533,60.0
45779,2685.019384056476,0.9854884184539033,60.0
45780,2685.0200785009206,0.9849037510839134,60.0
45781,2685.020772945365,0.9860749267653434,60.0
45782,2685.0214673898095,0.9865550014479867,60.0
45783,2685.022161834254,0.9852075780160767,60.0
45784,2685.0228562786983,0.9859474666363433,60.0
45785,2685.0235507231428,0.9859010074950967,60.0
45786,2685.024245167587,0.9862533898778633,60.0
45787,2685.0249396120316,0.9863933731513601,60.0
45788,2685.025634056476,0.9849384864675734,60.0
45789,2685.0263285009205,0.9856917661095966,60.0
45790,2685.027022945365,0.9858206519219966,60.0
45791,2685.0277173898094,0.9861783211411366,60.0
45792,2685.028411834254,0.9852562389840532,60.0
45793,2685.0291062786982,0.98545038425755,60.0
45794,2685.0298007231427,0.9856595408992433,60.0
45795,2685.030495167587,0.986173113298275,60.0
45796,2685.0311896120315,0.9866182263348199,60.0
45797,2685.031884056476,0.9843779566337867,60.0
45798,2685.0325785009204,0.9855144990288399,60.0
45799,2685.033272945365,0.9852888184592067,60.0
45800,2685.0339673898093,0.984624735612775,60.0
45801,2685.0346618342537,0.9860199705651467,60.0
45802,2685.035356278698,0.98503210604444,60.0
45803,2685.0360507231426,0.9860437347723634,60.0
45804,2685.036745167587,0.9862830238187367,60.0
45805,2685.0374396120314,0.9863575795390801,60.0
45806,2685.038134056476,0.9865108429188133,60.0
45807,2685.0388285009203,0.9858950272492533,60.0
45808,2685.0395229453648,0.9865133204901065,60.0
45809,2685.040217389809,0.9861862324719933,60.0
45810,2685.0409118342536,0.98611388162079,60.0
45811,2685.041606278698,0.9862431203155467,60.0
45812,2685.0423007231425,0.9863485496460066,60.0
45813,2685.042995167587,0.9857843490081399,60.0
45814,2685.0436896120314,0.98504690970024,60.0
45815,2685.0443840564762,0.9863315023544601,60.0
45816,2685.0450785009207,0.9858578532699466,60.0
45817,2685.045772945365,0.9853396668112601,60.0
45818,2685.0464673898095,0.9859550033369567,60.0
45819,2685.047161834254,0.9859749001550866,60.0
45820,2685.0478562786984,0.9857083219525101,60.0
45821,2685.048550723143,0.9853911405911466,60.0
45822,2685.0492451675873,0.9862652988898133,60.0
45823,2685.0499396120317,0.986014226335025,60.0
45824,2685.050634056476,0.985473955804255,60.0
45825,2685.0513285009206,0.98661668492988,60.0
45826,2685.052022945365,0.9859102948604866,60.0
45827,2685.0527173898095,0.9848295696786766,60.0
45828,2685.053411834254,0.9863971441736901,60.0
45829,2685.0541062786983,0.9866368155918632,60.0
45830,2685.0548007231428,0.98619991454637,60.0
45831,2685.055495167587,0.9853750749490467,60.0
45832,2685.0561896120316,0.98763098585452,60.0
45833,2685.056884056476,0.9864221028880751,60.0
45834,2685.0575785009205,0.9854905681796368,60.0
45835,2685.058272945365,0.9866122686556933,60.0
45836,2685.0589673898094,0.9864769437305766,60.0
45837,2685.059661834254,0.9861056724761266,60.0
45838,2685.0603562786982,0.98625066763561,60.0
45839,2685.0610507231427,0.9866317355969466,60.0
45840,2685.061745167587,0.9857849459086466,60.0
45841,2685.0624396120315,0.98559691724444,60.0
45842,2685.063134056476,0.9871210547602566,60.0
45843,2685.0638285009204,0.986711897837985,60.0
45844,2685.064522945365,0.9861661964263234,60.0
45845,2685.0652173898093,0.9864333674876633,60.0
45846,2685.0659118342537,0.9862693634762,60.0
45847,2685.066606278698,0.9868512142308067,60.0
45848,2685.0673007231426,0.9865062792740367,60.0
45849,2685.067995167587,0.9864471526514933,60.0
45850,2685.0686896120314,0.98662779233199,60.0
45851,2685.069384056476,0.9858508916605967,60.0
45852,2685.0700785009203,0.9851512942353233,60.0
45853,2685.0707729453648,0.9854839370271801,60.0
45854,2685.071467389809,0.9867307385001333,60.0
45855,2685.0721618342536,0.9851593665437699,60.0
45856,2685.072856278698,0.985875453460425,60.0
45857,2685.0735507231425,0.9856243106425401,60.0
45858,2685.0742451675874,0.9858200234057266,60.0
45859,2685.074939612032,0.9869019062795568,60.0
45860,2685.0756340564762,0.98543333685225,60.0
45861,2685.0763285009207,0.9866256416615133,60.0
45862,2685.077022945365,0.9857154392631934,60.0
45863,2685.0777173898095,0.9877134225504299,60.0
45864,2685.078411834254,0.9859475122672299,60.0
45865,2685.0791062786984,0.9869782250804001,60.0
45866,2685.079800723143,0.9857623978897068,60.0
45867,2685.0804951675873,0.9866211330635867,60.0
45868,2685.0811896120317,0.9858178444064333,60.0
45869,2685.081884056476,0.9861403633908933,60.0
45870,2685.0825785009206,0.98535561480245,60.0
45871,2685.083272945365,0.9866475809558867,60.0
45872,2685.0839673898095,0.98652264461135,60.0
45873,2685.084661834254,0.9861317302819433,60.0
45874,2685.0853562786983,0.9874104497200834,60.0
45875,2685.0860507231428,0.987177723566225,60.0
45876,2685.086745167587,0.9872410749602868,60.0
45877,2685.0874396120316,0.9867268396533366,60.0
45878,2685.088134056476,0.9858129488623867,60.0
45879,2685.0888285009205,0.9867099132670699,60.0
45880,2685.089522945365,0.9862867230685101,60.0
45881,2685.0902173898094,0.9854236393135632,60.0
45882,2685.090911834254,0.9861004799081666,60.0
45883,2685.0916062786982,0.98590164058354,60.0
45884,2685.0923007231427,0.98623309069952,60.0
45885,2685.092995167587,0.9865987853078466,60.0
45886,2685.0936896120315,0.9854029717972067,60.0
45887,2685.094384056476,0.9861964526644433,60.0
45888,2685.0950785009204,0.9864279054769334,60.0
45889,2685.095772945365,0.9871693787329067,60.0
45890,2685.0964673898093,0.98659857164091,60.0
45891,2685.0971618342537,0.98545039572793,60.0
45892,2685.097856278698,0.9855657014307767,60.0
45893,2685.0985507231426,0.9867852174289751,60.0
45894,2685.099245167587,0.9868310106349533,60.0
45895,2685.0999396120314,0.9861288335798967,60.0
45896,2685.100634056476,0.9856101308299,60.0
45897,2685.1013285009203,0.9858156609334067,60.0
45898,2685.1020229453648,0.9855897955086134,60.0
45899,2685.102717389809,0.98626990224283,60.0
45900,2685.1034118342536,0.9866912411411699,60.0
45901,2685.1041062786985,0.9864215391903967,60.0
45902,2685.104800723143,0.98697213902646,60.0
45903,2685.1054951675874,0.9865031038445901,60.0
45904,2685.106189612032,0.98722891860209,60.0
45905,2685.1068840564762,0.98496037453814,60.0
45906,2685.1075785009207,0.9859775882342167,60.0
45907,2685.108272945365,0.9862199816861734,60.0
45908,2685.1089673898095,0.986383107299185,60.0
45909,2685.109661834254,0.9858145460219899,60.0
45910,2685.1103562786984,0.9866019831388934,60.0
45911,2685.111050723143,0.9857669570476667,60.0
45912,2685.1117451675873,0.9855552845025599,60.0
45913,2685.1124396120317,0.9851065050857167,60.0
45914,2685.113134056476,0.9854906836666867,60.0
45915,2685.1138285009206,0.98544667827141,60.0
45916,2685.114522945365,0.9858374478358001,60.0
45917,2685.1152173898095,0.9869003340580033,60.0
45918,2685.115911834254,0.986531755755465,60.0
45919,2685.1166062786983,0.9875726028637767,60.0
45920,2685.1173007231428,0.9860004839097533,60.0
45921,2685.117995167587,0.9870076280569133,60.0
45922,2685.1186896120316,0.9865692927030133,60.0
45923,2685.119384056476,0.98581737675317,60.0
45924,2685.1200785009205,0.985831694410485,60.0
45925,2685.120772945365,0.9853329361810467,60.0
45926,2685.1214673898094,0.9863812147922899,60.0
45927,2685.122161834254,0.9865325597932867,60.0
45928,2685.1228562786982,0.9875804355600367,60.0
45929,2685.1235507231427,0.9851603412325733,60.0
45930,2685.124245167587,0.9860091085430432,60.0
45931,2685.1249396120315,0.9865719831150966,60.0
45932,2685.125634056476,0.9870468628426501,60.0
45933,2685.1263285009204,0.98654311918606,60.0
45934,2685.127022945365,0.98455942327284,60.0
45935,2685.1277173898093,0.9867556932108467,60.0
45936,2685.1284118342537,0.9852924249159933,60.0
45937,2685.129106278698,0.98638468157821,60.0
45938,2685.1298007231426,0.9863040238298,60.0
45939,2685.130495167587,0.98666574961816,60.0
45940,2685.1311896120314,0.98627317205731,60.0
45941,2685.131884056476,0.98657292234381,60.0
45942,2685.1325785009203,0.9856056259788034,60.0
45943,2685.133272945365,0.9877903227831399,60.0
45944,2685.1339673898096,0.9861852963246868,60.0
45945,2685.134661834254,0.9860946675086834,60.0
45946,2685.1353562786985,0.9864519855096766,60.0
45947,2685.136050723143,0.98587787249736,60.0
45948,2685.1367451675874,0.9859794593979001,60.0
45949,2685.137439612032,0.9856685480342033,60.0
45950,2685.1381340564762,0.9859955469626667,60.0
45951,2685.1388285009207,0.98624050315522,60.0
45952,2685.139522945365,0.9858557287858566,60.0
45953,2685.1402173898095,0.9868025951816534,60.0
45954,2685.140911834254,0.9867622124234868,60.0
45955,2685.1416062786984,0.9857267438603867,60.0
45956,2685.142300723143,0.9861326061225201,60.0
45957,2685.1429951675873,0.985433314707295,60.0
45958,2685.1436896120317,0.9857851882755567,60.0
45959,2685.144384056476,0.98525536229324,60.0
45960,2685.1450785009206,0.9852098854921367,60.0
45961,2685.145772945365,0.9872200080462233,60.0
45962,2685.1464673898095,0.9857844131094199,60.0
45963,2685.147161834254,0.9869923866717466,60.0
45964,2685.1478562786983,0.9864279723806034,60.0
45965,2685.1485507231428,0.9864063441644101,60.0
45966,2685.149245167587,0.98659733473029,60.0
45967,2685.1499396120316,0.986466183622605,60.0
45968,2685.150634056476,0.98537396953075,60.0
45969,2685.1513285009205,0.987183466996695,60.0
45970,2685.152022945365,0.9857637128665301,60.0
45971,2685.1527173898094,0.9857028110290833,60.0
45972,2685.153411834254,0.9867083837345301,60.0
45973,2685.1541062786982,0.9867938205748134,60.0
45974,2685.1548007231427,0.98596063280393,60.0
45975,2685.155495167587,0.9870448146928733,60.0
45976,2685.1561896120315,0.9868311715781101,60.0
45977,2685.156884056476,0.98539882260645,60.0
45978,2685.1575785009204,0.9857690596874233,60.0
45979,2685.158272945365,0.9864980752997301,60.0
45980,2685.1589673898093,0.98574670724415,60.0
45981,2685.1596618342537,0.9868350523020334,60.0
45982,2685.160356278698,0.9859763448828099,60.0
45983,2685.1610507231426,0.98613282448651,60.0
45984,2685.161745167587,0.98671233401214,60.0
45985,2685.1624396120314,0.9863118142083632,60.0
45986,2685.1631340564763,0.98613436412835,60.0
45987,2685.1638285009208,0.98645796442979,60.0
45988,2685.164522945365,0.9855738908716066,60.0
45989,2685.1652173898096,0.98656581806502,60.0
45990,2685.165911834254,0.98649115607305,60.0
45991,2685.1666062786985,0.9857438428261868,60.0
45992,2685.167300723143,0.9861741042344333,60.0
45993,2685.1679951675874,0.9862148067861933,60.0
45994,2685.168689612032,0.98728895434168,60.0
45995,2685.1693840564762,0.98683441244174,60.0
45996,2685.1700785009207,0.9853369045896366,60.0
45997,2685.170772945365,0.9861740755514666,60.0
45998,2685.1714673898095,0.9862101088315933,60.0
45999,2685.172161834254,0.98620339967891,60.0
46000,2685.1728562786984,0.9866095112561766,60.0
46001,2685.173550723143,0.9855832893987599,60.0
46002,2685.1742451675873,0.9864441412045366,60.0
46003,2685.1749396120317,0.9856455593485,60.0
46004,2685.175634056476,0.9873572258741701,60.0
46005,2685.1763285009206,0.9862523240832134,60.0
46006,2685.177022945365,0.9863108882729766,60.0
46007,2685.1777173898095,0.98578739224207,60.0
46008,2685.178411834254,0.9864180978190501,60.0
46009,2685.1791062786983,0.98608023155367,60.0
46010,2685.1798007231428,0.9864718694881334,60.0
46011,2685.180495167587,0.9860515641838666,60.0
46012,2685.1811896120316,0.9854140022771333,60.0
46013,2685.181884056476,0.9861031787628635,60.0
46014,2685.1825785009205,0.9853023540077667,60.0
46015,2685.183272945365,0.9864967840781933,60.0
46016,2685.1839673898094,0.985250483177075,60.0
46017,2685.184661834254,0.9858571376570734,60.0
46018,2685.1853562786982,0.9866547729010068,60.0
46019,2685.1860507231427,0.9850648226182633,60.0
46020,2685.186745167587,0.9860869686388667,60.0
46021,2685.1874396120315,0.9861480782692235,60.0
46022,2685.188134056476,0.985631275205245,60.0
46023,2685.1888285009204,0.9857983391981451,60.0
46024,2685.189522945365,0.9850340460288732,60.0
46025,2685.1902173898093,0.9849339145797466,60.0
46026,2685.1909118342537,0.9854888039456451,60.0
46027,2685.191606278698,0.98437295338318,60.0
46028,2685.1923007231426,0.9861357909138401,60.0
46029,2685.1929951675875,0.9854812358835234,60.0
46030,2685.193689612032,0.9858261998262067,60.0
46031,2685.1943840564763,0.98484650450149,60.0
46032,2685.1950785009208,0.9852806913863601,60.0
46033,2685.195772945365,0.9850385496951466,60.0
46034,2685.1964673898096,0.98465530223833,60.0
46035,2685.197161834254,0.9855088741674001,60.0
46036,2685.1978562786985,0.9850617449239166,60.0
46037,2685.198550723143,0.9865272652286566,60.0
46038,2685.1992451675874,0.9866549045849133,60.0
46039,2685.199939612032,0.9850478657985899,60.0
46040,2685.2006340564762,0.9846190861348134,60.0
46041,2685.2013285009207,0.9847510928417099,60.0
46042,2685.202022945365,0.9855254372288266,60.0
46043,2685.2027173898095,0.9854581067025766,60.0
46044,2685.203411834254,0.9852578635103167,60.0
46045,2685.2041062786984,0.9858472711588032,60.0
46046,2685.204800723143,0.9850325130689334,60.0
46047,2685.2054951675873,0.9857374737285449,60.0
46048,2685.2061896120317,0.9858946029472699,60.0
46049,2685.206884056476,0.9854079082588667,60.0
46050,2685.2075785009206,0.9858857117614234,60.0
46051,2685.208272945365,0.9847035762313067,60.0
46052,2685.2089673898095,0.9857937698269668,60.0
46053,2685.209661834254,0.9860553650303233,60.0
46054,2685.2103562786983,0.98532657714882,60.0
46055,2685.2110507231428,0.9856790079541767,60.0
46056,2685.211745167587,0.9853808227925349,60.0
46057,2685.2124396120316,0.98531764770302,60.0
46058,2685.213134056476,0.9847965712873901,60.0
46059,2685.2138285009205,0.9856328032895233,60.0
46060,2685.214522945365,0.9860438367816866,60.0
46061,2685.2152173898094,0.9849373388763633,60.0
46062,2685.215911834254,0.986081427756015,60.0
46063,2685.2166062786982,0.98676300045851,60.0
46064,2685.2173007231427,0.9859964883497067,60.0
46065,2685.217995167587,0.9876416243699451,60.0
46066,2685.2186896120315,0.9852541596390699,60.0
46067,2685.219384056476,0.9866700251621867,60.0
46068,2685.2200785009204,0.98428916446418,60.0
46069,2685.220772945365,0.9856578041238934,60.0
46070,2685.2214673898093,0.9870787460335351,60.0
46071,2685.222161834254,0.98564354180128,60.0
46072,2685.2228562786986,0.98585809916328,60.0
46073,2685.223550723143,0.9858279350900266,60.0
46074,2685.2242451675875,0.9859209719507566,60.0
46075,2685.224939612032,0.9861477336351033,60.0
46076,2685.2256340564763,0.98525953862667,60.0
46077,2685.2263285009208,0.9869999903367433,60.0
46078,2685.227022945365,0.9850126738848933,60.0
46079,2685.2277173898096,0.98616259472328,60.0
46080,2685.228411834254,0.9853508745718651,60.0
46081,2685.2291062786985,0.98554469556486,60.0
46082,2685.229800723143,0.9860526851551032,60.0
46083,2685.2304951675874,0.9861024337919032,60.0
46084,2685.231189612032,0.9871602820863634,60.0
46085,2685.2318840564762,0.9854284465284401,60.0
46086,2685.2325785009207,0.9862585257868667,60.0
46087,2685.233272945365,0.9856855201565268,60.0
46088,2685.2339673898095,0.9868465919787434,60.0
46089,2685.234661834254,0.9863085068960533,60.0
46090,2685.2353562786984,0.9871511068603933,60.0
46091,2685.236050723143,0.9859596913641866,60.0
46092,2685.2367451675873,0.9856650832722801,60.0
46093,2685.2374396120317,0.9852861928479201,60.0
46094,2685.238134056476,0.9869653101153001,60.0
46095,2685.2388285009206,0.9864128036631533,60.0
46096,2685.239522945365,0.9858648401873733,60.0
46097,2685.2402173898095,0.9856673384783801,60.0
46098,2685.240911834254,0.98514221556545,60.0
46099,2685.2416062786983,0.98547143821469,60.0
46100,2685.2423007231428,0.986250533589495,60.0
46101,2685.242995167587,0.98657138390373,60.0
46102,2685.2436896120316,0.9864335328867831,60.0
46103,2685.244384056476,0.98690793848264,60.0
46104,2685.2450785009205,0.9864542174193067,60.0
46105,2685.245772945365,0.9871252648139633,60.0
46106,2685.2464673898094,0.9853856186558999,60.0
46107,2685.247161834254,0.9870669478770733,60.0
46108,2685.2478562786982,0.9867743868611233,60.0
46109,2685.2485507231427,0.9869813684117767,60.0
46110,2685.249245167587,0.98776074337454,60.0
46111,2685.2499396120315,0.9872315919560201,60.0
46112,2685.250634056476,0.9880864551530367,60.0
46113,2685.2513285009204,0.98697187705903,60.0
46114,2685.2520229453653,0.9867041529942634,60.0
46115,2685.2527173898097,0.9873510477929767,60.0
46116,2685.253411834254,0.98644669858305,60.0
46117,2685.2541062786986,0.9867336947809001,60.0
46118,2685.254800723143,0.98671063167154,60.0
46119,2685.2554951675875,0.98658113318305,60.0
46120,2685.256189612032,0.9858889311537834,60.0
46121,2685.2568840564763,0.9875012672763969,60.0
46122,2685.2575785009208,0.98684196069599,60.0
46123,2685.258272945365,0.98705967509462,60.0
46124,2685.2589673898096,0.9870872214444399,60.0
46125,2685.259661834254,0.9864568769243367,60.0
46126,2685.2603562786985,0.9863416685045667,60.0
46127,2685.261050723143,0.98737858600879,60.0
46128,2685.2617451675874,0.9863927875813866,60.0
46129,2685.262439612032,0.98661192800535,60.0
46130,2685.2631340564762,0.98571065775801,60.0
46131,2685.2638285009207,0.98590750465437,60.0
46132,2685.264522945365,0.9871212375544033,60.0
46133,2685.2652173898095,0.9866161725881932,60.0
46134,2685.265911834254,0.9862646065102301,60.0
46135,2685.2666062786984,0.98657119796954,60.0
46136,2685.267300723143,0.9861302870966867,60.0
46137,2685.2679951675873,0.9861758422480249,60.0
46138,2685.2686896120317,0.9863905374124634,60.0
46139,2685.269384056476,0.98630404961196,60.0
46140,2685.2700785009206,0.985604324546405,60.0
46141,2685.270772945365,0.9858925857902366,60.0
46142,2685.2714673898095,0.987371650169775,60.0
46143,2685.272161834254,0.9867090821329967,60.0
46144,2685.2728562786983,0.9874942248451332,60.0
46145,2685.2735507231428,0.987608027697935,60.0
46146,2685.274245167587,0.9865066827361151,60.0
46147,2685.2749396120316,0.985896561427045,60.0
46148,2685.275634056476,0.9865180020952465,60.0
46149,2685.2763285009205,0.9876934742412135,60.0
46150,2685.277022945365,0.9861967487225066,60.0
46151,2685.2777173898094,0.9876143807590566,60.0
46152,2685.278411834254,0.98776586456109,60.0
46153,2685.2791062786982,0.9871355898690433,60.0
46154,2685.2798007231427,0.9873866195999234,60.0
46155,2685.280495167587,0.987086966172765,60.0
46156,2685.2811896120315,0.9869373831378866,60.0
46157,2685.2818840564764,0.9871514223841134,60.0
46158,2685.282578500921,0.9869862622178033,60.0
46159,2685.2832729453653,0.98633976757499,60.0
46160,2685.2839673898097,0.9878875868863867,60.0
46161,2685.284661834254,0.987890285486135,60.0
46162,2685.2853562786986,0.98680235716965,60.0
46163,2685.286050723143,0.98693877742565,60.0
46164,2685.2867451675875,0.988075581744295,60.0
46165,2685.287439612032,0.9873010178262349,60.0
46166,2685.2881340564763,0.9877852561944699,60.0
46167,2685.2888285009208,0.9885776552955834,60.0
46168,2685.289522945365,0.9863760560640634,60.0
46169,2685.2902173898096,0.9877382024208167,60.0
46170,2685.290911834254,0.98787187889985,60.0
46171,2685.2916062786985,0.9870927301294268,60.0
46172,2685.292300723143,0.9871362640450734,60.0
46173,2685.2929951675874,0.98729905809556,60.0
46174,2685.293689612032,0.98671292456677,60.0
46175,2685.2943840564762,0.9872516767528733,60.0
46176,2685.2950785009207,0.9866314776712599,60.0
46177,2685.295772945365,0.9871579101690099,60.0
46178,2685.2964673898095,0.9877545771346767,60.0
46179,2685.297161834254,0.9875035610850866,60.0
46180,2685.2978562786984,0.9871903171460467,60.0
46181,2685.298550723143,0.9872571167072867,60.0
46182,2685.2992451675873,0.9865377301107899,60.0
46183,2685.2999396120317,0.9878004836811901,60.0
46184,2685.300634056476,0.9871331011509966,60.0
46185,2685.3013285009206,0.9869635823084667,60.0
46186,2685.302022945365,0.9870318244417801,60.0
46187,2685.3027173898095,0.9860292807526633,60.0
46188,2685.303411834254,0.9864824764623134,60.0
46189,2685.3041062786983,0.98636426037449,60.0
46190,2685.3048007231428,0.9875594018737733,60.0
46191,2685.305495167587,0.9873810102908468,60.0
46192,2685.3061896120316,0.9868749705351932,60.0
46193,2685.306884056476,0.9863520853450299,60.0
46194,2685.3075785009205,0.98676025167331,60.0
46195,2685.308272945365,0.9866843989012167,60.0
46196,2685.3089673898094,0.9870176870242866,60.0
46197,2685.309661834254,0.9876268248299432,60.0
46198,2685.3103562786982,0.9866229106260967,60.0
46199,2685.311050723143,0.98752631968352,60.0
46200,2685.3117451675876,0.98715106140082,60.0
46201,2685.312439612032,0.9856508461233634,60.0
46202,2685.3131340564764,0.9880386811197299,60.0
46203,2685.313828500921,0.9870533422441,60.0
46204,2685.3145229453653,0.9887220966477667,60.0
46205,2685.3152173898097,0.9870147581122167,60.0
46206,2685.315911834254,0.98703626873392,60.0
46207,2685.3166062786986,0.9879228106322467,60.0
46208,2685.317300723143,0.9877528041293367,60.0
46209,2685.3179951675875,0.9880302213218034,60.0
46210,2685.318689612032,0.987797032126845,60.0
46211,2685.3193840564763,0.9877670519922233,60.0
46212,2685.3200785009208,0.98690578352285,60.0
46213,2685.320772945365,0.9871410452489299,60.0
46214,2685.3214673898096,0.987566578649035,60.0
46215,2685.322161834254,0.9875504108529801,60.0
46216,2685.3228562786985,0.9870470083201134,60.0
46217,2685.323550723143,0.9869690623798401,60.0
46218,2685.3242451675874,0.9871395433038767,60.0
46219,2685.324939612032,0.98677004754694,60.0
46220,2685.3256340564762,0.9872154561262367,60.0
46221,2685.3263285009207,0.9865098060470233,60.0
46222,2685.327022945365,0.9866955979461999,60.0
46223,2685.3277173898095,0.9869661136596065,60.0
46224,2685.328411834254,0.9868940831092933,60.0
46225,2685.3291062786984,0.9867897691078467,60.0
46226,2685.329800723143,0.9862037813314566,60.0
46227,2685.3304951675873,0.9880859238279567,60.0
46228,2685.3311896120317,0.98671244891048,60.0
46229,2685.331884056476,0.9865695633953099,60.0
46230,2685.3325785009206,0.986391564883375,60.0
46231,2685.333272945365,0.986181288159095,60.0
46232,2685.3339673898095,0.9880936358017434,60.0
46233,2685.334661834254,0.9878023620037834,60.0
46234,2685.3353562786983,0.9871217300940432,60.0
46235,2685.3360507231428,0.9873348156401965,60.0
46236,2685.336745167587,0.9873179932923599,60.0
46237,2685.3374396120316,0.9869006270920333,60.0
46238,2685.338134056476,0.9877036690577133,60.0
46239,2685.348550723143,0.98691695862335,60.0
46240,2685.3492451675875,0.9861715313559299,60.0
46241,2685.349939612032,0.9876961453630834,60.0
46242,2685.3506340564763,0.9867324683349833,60.0
46243,2685.3513285009208,0.9862195015430467,60.0
46244,2685.352022945365,0.9866967773591466,60.0
46245,2685.3527173898096,0.98702275966281,60.0
46246,2685.353411834254,0.9873954137286499,60.0
46247,2685.3541062786985,0.988413171288085,60.0
46248,2685.354800723143,0.9874118688577266,60.0
46249,2685.3554951675874,0.98738560060447,60.0
46250,2685.356189612032,0.9873088024845332,60.0
46251,2685.3568840564762,0.9874087988166833,60.0
46252,2685.3575785009207,0.9879207022939868,60.0
46253,2685.358272945365,0.9874415681701666,60.0
46254,2685.3589673898095,0.98711002123017,60.0
46255,2685.359661834254,0.9880963642393567,60.0
46256,2685.3603562786984,0.98756179151288,60.0
46257,2685.361050723143,0.9878281513907466,60.0
46258,2685.3617451675873,0.98659769825842,60.0
46259,2685.3624396120317,0.9870995773440366,60.0
46260,2685.363134056476,0.98753554447552,60.0
46261,2685.3638285009206,0.98668641992787,60.0
46262,2685.364522945365,0.9878239809845533,60.0
46263,2685.3652173898095,0.9884594875670366,60.0
46264,2685.365911834254,0.9869669897382566,60.0
46265,2685.3666062786983,0.9871090017182634,60.0
46266,2685.3673007231428,0.9877019992956932,60.0
46267,2685.367995167587,0.9870625166262768,60.0
46268,2685.3686896120316,0.9869433759142234,60.0
46269,2685.369384056476,0.9872612397261933,60.0
46270,2685.3700785009205,0.98579583249782,60.0
46271,2685.3707729453654,0.9880946390735333,60.0
46272,2685.37146738981,0.9874067001683566,60.0
46273,2685.3721618342543,0.9873751732575666,60.0
46274,2685.3728562786987,0.98796399564517,60.0
46275,2685.373550723143,0.9870010900355033,60.0
46276,2685.3742451675876,0.9869467667541167,60.0
46277,2685.374939612032,0.98775912443074,60.0
46278,2685.3756340564764,0.9886895021888167,60.0
46279,2685.376328500921,0.9879120939920201,60.0
46280,2685.3770229453653,0.9869099783594634,60.0
46281,2685.3777173898097,0.9853473579658699,60.0
46282,2685.378411834254,0.9870598382473234,60.0
46283,2685.3791062786986,0.987893416162705,60.0
46284,2685.379800723143,0.9880339918192401,60.0
46285,2685.3804951675875,0.9868823601349366,60.0
46286,2685.381189612032,0.987011693410905,60.0
46287,2685.3818840564763,0.9866317183148601,60.0
46288,2685.3825785009208,0.9876731709197065,60.0
46289,2685.383272945365,0.9872214659155533,60.0
46290,2685.3839673898096,0.9868746484056734,60.0
46291,2685.384661834254,0.98733806504089,60.0
46292,2685.3853562786985,0.98788217343287,60.0
46293,2685.386050723143,0.9871893533854433,60.0
46294,2685.3867451675874,0.9883044839537499,60.0
46295,2685.387439612032,0.9859646779067033,60.0
46296,2685.3881340564762,0.9865261941551866,60.0
46297,2685.3888285009207,0.9865464728314066,60.0
46298,2685.389522945365,0.9873532438720699,60.0
46299,2685.3902173898095,0.9879374400177633,60.0
46300,2685.390911834254,0.9880235336422767,60.0
46301,2685.3916062786984,0.9873282347395366,60.0
46302,2685.392300723143,0.9866321916916433,60.0
46303,2685.3929951675873,0.9871519790997767,60.0
46304,2685.3936896120317,0.98808103126868,60.0
46305,2685.394384056476,0.9867727905689433,60.0
46306,2685.3950785009206,0.9882172886927549,60.0
46307,2685.395772945365,0.9874241689075066,60.0
46308,2685.3964673898095,0.9879543513382966,60.0
46309,2685.397161834254,0.9872622838563067,60.0
46310,2685.3978562786983,0.9876373392227232,60.0
46311,2685.3985507231428,0.9867037785131201,60.0
46312,2685.399245167587,0.9881754731081668,60.0
46313,2685.399939612032,0.9877411977010551,60.0
46314,2685.4006340564765,0.9875205777483599,60.0
46315,2685.401328500921,0.9873305868360234,60.0
46316,2685.4020229453654,0.9881348991390867,60.0
46317,2685.40271738981,0.9883884855518199,60.0
46318,2685.4034118342543,0.9868684586470732,60.0
46319,2685.4041062786987,0.9867361003332032,60.0
46320,2685.404800723143,0.9871973795161401,60.0
46321,2685.4054951675876,0.98720962549505,60.0
46322,2685.406189612032,0.9883649695428235,60.0
46323,2685.4068840564764,0.9877108368226533,60.0
46324,2685.407578500921,0.9878554463863433,60.0
46325,2685.4082729453653,0.9870270285121749,60.0
46326,2685.4089673898097,0.9880345631746533,60.0
46327,2685.409661834254,0.9864679745552167,60.0
46328,2685.4103562786986,0.987672902079715,60.0
46329,2685.411050723143,0.9874349112702934,60.0
46330,2685.4117451675875,0.9870071193178567,60.0
46331,2685.412439612032,0.989343057402085,60.0
46332,2685.4131340564763,0.988538954041895,60.0
46333,2685.4138285009208,0.9882486670092733,60.0
46334,2685.414522945365,0.98795876482673,60.0
46335,2685.4152173898096,0.9887165725269633,60.0
46336,2685.415911834254,0.9878733419136699,60.0
46337,2685.4166062786985,0.9875599638579601,60.0
46338,2685.417300723143,0.9862667189454233,60.0
46339,2685.4179951675874,0.9872791058840034,60.0
46340,2685.418689612032,0.9872163750669166,60.0
46341,2685.4193840564762,0.9877599994381634,60.0
46342,2685.4200785009207,0.987425540347345,60.0
46343,2685.420772945365,0.9882411910296467,60.0
46344,2685.4214673898095,0.98766352493247,60.0
46345,2685.422161834254,0.9878335012521634,60.0
46346,2685.4228562786984,0.9883566074610166,60.0
46347,2685.423550723143,0.9876568271848701,60.0
46348,2685.4242451675873,0.9881136631675634,60.0
46349,2685.4249396120317,0.988054775633595,60.0
46350,2685.425634056476,0.98857008633971,60.0
46351,2685.4263285009206,0.9882862754282266,60.0
46352,2685.427022945365,0.9882380298568667,60.0
46353,2685.4277173898095,0.9864648222675649,60.0
46354,2685.428411834254,0.9889469436302499,60.0
46355,2685.4291062786983,0.98867483238015,60.0
46356,2685.429800723143,0.98864204498996,60.0
46357,2685.4304951675877,0.9879267398803333,60.0
46358,2685.431189612032,0.9874898256648,60.0
46359,2685.4318840564765,0.9879659659649533,60.0
46360,2685.432578500921,0.98880132092375,60.0
46361,2685.4332729453654,0.98861211318673,60.0
46362,2685.43396738981,0.98758212586145,60.0
46363,2685.4346618342543,0.9881977407791901,60.0
46364,2685.4353562786987,0.9884893423405666,60.0
46365,2685.436050723143,0.9895139182799201,60.0
46366,2685.4367451675876,0.9884140640362267,60.0
46367,2685.437439612032,0.9889886341195067,60.0
46368,2685.4381340564764,0.9870136466352467,60.0
46369,2685.438828500921,0.9870719334930533,60.0
46370,2685.4395229453653,0.9883222533936099,60.0
46371,2685.4402173898097,0.98816859578779,60.0
46372,2685.440911834254,0.9886882908101667,60.0
46373,2685.4416062786986,0.9884366750602066,60.0
46374,2685.442300723143,0.98815639450638,60.0
46375,2685.4429951675875,0.9890904002472466,60.0
46376,2685.443689612032,0.9877625123715367,60.0
46377,2685.4443840564763,0.987466687826225,60.0
46378,2685.4450785009208,0.9874343689385934,60.0
46379,2685.445772945365,0.98910338374478,60.0
46380,2685.4464673898096,0.98875745641068,60.0
46381,2685.447161834254,0.9887220384552067,60.0
46382,2685.4478562786985,0.9885080482988634,60.0
46383,2685.448550723143,0.9892174812434867,60.0
46384,2685.4492451675874,0.9873060093242335,60.0
46385,2685.449939612032,0.9886298551562867,60.0
46386,2685.4506340564762,0.9884606061724233,60.0
46387,2685.4513285009207,0.98810084119805,60.0
46388,2685.452022945365,0.9886300565189999,60.0
46389,2685.4527173898095,0.9886283241449835,60.0
46390,2685.453411834254,0.98855929251511,60.0
46391,2685.4541062786984,0.9886199237958766,60.0
46392,2685.454800723143,0.9882660825431467,60.0
46393,2685.4554951675873,0.98822332951523,60.0
46394,2685.4561896120317,0.9887846764561967,60.0
46395,2685.456884056476,0.9893002611891267,60.0
46396,2685.4575785009206,0.9891799479991468,60.0
46397,2685.458272945365,0.98876118065104,60.0
46398,2685.4589673898095,0.9878913574296,60.0
46399,2685.4596618342543,0.9894141335920766,60.0
46400,2685.460356278699,0.9884703092591334,60.0
46401,2685.461050723143,0.9884694237460033,60.0
46402,2685.4617451675877,0.98885925766238,60.0
46403,2685.462439612032,0.9891666490057133,60.0
46404,2685.4631340564765,0.9892351790142934,60.0
46405,2685.463828500921,0.9878300091707434,60.0
46406,2685.4645229453654,0.9883470613428167,60.0
46407,2685.46521738981,0.9891928956805733,60.0
46408,2685.4659118342543,0.9880526206482534,60.0
46409,2685.4666062786987,0.98761597671343,60.0
46410,2685.467300723143,0.98985399521374,60.0
46411,2685.4679951675876,0.9887569212226367,60.0
46412,2685.468689612032,0.989237692925865,60.0
46413,2685.4693840564764,0.9888024319358198,60.0
46414,2685.470078500921,0.9898643027487867,60.0
46415,2685.4707729453653,0.9885229031587034,60.0
46416,2685.4714673898097,0.9892184823866667,60.0
46417,2685.472161834254,0.9880521956205234,60.0
46418,2685.4728562786986,0.9891654530764601,60.0
46419,2685.473550723143,0.9877570163739201,60.0
46420,2685.4742451675875,0.99004261885004,60.0
46421,2685.474939612032,0.9891202017453867,60.0
46422,2685.4756340564763,0.9885934410475201,60.0
46423,2685.4763285009208,0.987971747511215,60.0
46424,2685.477022945365,0.9882477125227567,60.0
46425,2685.4777173898096,0.9891981769704,60.0
46426,2685.478411834254,0.9887646896672599,60.0
46427,2685.4791062786985,0.98942499384828,60.0
46428,2685.479800723143,0.9899693090760734,60.0
46429,2685.4804951675874,0.9883345425016468,60.0
46430,2685.481189612032,0.9893585424050033,60.0
46431,2685.4818840564762,0.9893597496532468,60.0
46432,2685.4825785009207,0.9899991176680433,60.0
46433,2685.483272945365,0.9890834143524133,60.0
46434,2685.4839673898095,0.9888279685131166,60.0
46435,2685.484661834254,0.9895942092115367,60.0
46436,2685.4853562786984,0.9898179283778533,60.0
46437,2685.486050723143,0.9890987222580733,60.0
46438,2685.4867451675873,0.9896454504106167,60.0
46439,2685.4874396120317,0.98858687999827,60.0
46440,2685.488134056476,0.9887269804936066,60.0
46441,2685.488828500921,0.9895678105387367,60.0
46442,2685.4895229453655,0.9896792669973099,60.0
46443,2685.49021738981,0.9892815157596168,60.0
46444,2685.4909118342543,0.98863528666534,60.0
46445,2685.491606278699,0.9883847547330333,60.0
46446,2685.492300723143,0.988052317004085,60.0
46447,2685.4929951675877,0.98964948961793,60.0
46448,2685.493689612032,0.9889198239861,60.0
46449,2685.4943840564765,0.9891421279220532,60.0
46450,2685.495078500921,0.98863735620087,60.0
46451,2685.4957729453654,0.98908293886991,60.0
46452,2685.49646738981,0.9889330548939134,60.0
46453,2685.4971618342543,0.9893341218572133,60.0
46454,2685.4978562786987,0.98984037992855,60.0
46455,2685.498550723143,0.9884760522069334,60.0
46456,2685.4992451675876,0.98836914467018,60.0
46457,2685.499939612032,0.989677362561085,60.0
46458,2685.5006340564764,0.9896612982783566,60.0
46459,2685.501328500921,0.9879047965038501,60.0
46460,2685.5020229453653,0.9878440170497335,60.0
46461,2685.5027173898097,0.9894892780124568,60.0
46462,2685.503411834254,0.9882170241288567,60.0
46463,2685.5041062786986,0.9891666022516934,60.0
46464,2685.504800723143,0.98892940320707,60.0
46465,2685.5054951675875,0.9887913623559399,60.0
46466,2685.506189612032,0.98956860115759,60.0
46467,2685.5068840564763,0.989008177725075,60.0
46468,2685.5075785009208,0.9887663309594034,60.0
46469,2685.508272945365,0.9886413253004833,60.0
46470,2685.5089673898096,0.9891787844914166,60.0
46471,2685.509661834254,0.9888735533470033,60.0
46472,2685.5103562786985,0.9890303220486034,60.0
46473,2685.511050723143,0.9891208326057767,60.0
46474,2685.5117451675874,0.9889471448428266,60.0
46475,2685.512439612032,0.9898502336054333,60.0
46476,2685.5131340564762,0.98990507109969,60.0
46477,2685.5138285009207,0.98961983882407,60.0
46478,2685.514522945365,0.9891640656090366,60.0
46479,2685.5152173898095,0.9894396278634533,60.0
46480,2685.515911834254,0.9897904078150633,60.0
46481,2685.5166062786984,0.98962152251889,60.0
46482,2685.517300723143,0.9887129044950732,60.0
46483,2685.5179951675873,0.98913198052743,60.0
46484,2685.518689612032,0.9890364844293433,60.0
46485,2685.5193840564766,0.988951884681555,60.0
46486,2685.520078500921,0.98893751546665,60.0
46487,2685.5207729453655,0.9881417376362234,60.0
46488,2685.52146738981,0.9894100851514901,60.0
46489,2685.5221618342543,0.9905668419742499,60.0
46490,2685.522856278699,0.9897516770504501,60.0
46491,2685.523550723143,0.9888691326151067,60.0
46492,2685.5242451675877,0.9889550840784467,60.0
46493,2685.524939612032,0.98914053853842,60.0
46494,2685.5256340564765,0.9891814146793401,60.0
46495,2685.526328500921,0.9890079278590166,60.0
46496,2685.5270229453654,0.9899869861828567,60.0
46497,2685.52771738981,0.98888474868444,60.0
46498,2685.5284118342543,0.989204352325485,60.0
46499,2685.5291062786987,0.98895241162918,60.0
46500,2685.529800723143,0.98866871773791,60.0
46501,2685.5304951675876,0.9904777964692068,60.0
46502,2685.531189612032,0.98827479266413,60.0
46503,2685.5318840564764,0.9890127392023599,60.0
46504,2685.532578500921,0.989447847359295,60.0
46505,2685.5332729453653,0.9888780496625701,60.0
46506,2685.5339673898097,0.9900416776999567,60.0
46507,2685.534661834254,0.98857508888371,60.0
46508,2685.5353562786986,0.9895483635815534,60.0
46509,2685.536050723143,0.9892506793443,60.0
46510,2685.5367451675875,0.9894135081684334,60.0
46511,2685.537439612032,0.98932519604148,60.0
46512,2685.5381340564763,0.98884366169594,60.0
46513,2685.5388285009208,0.98864919051505,60.0
46514,2685.539522945365,0.9903779627115566,60.0
46515,2685.5402173898096,0.9898643456690901,60.0
46516,2685.540911834254,0.9896279764488933,60.0
46517,2685.5416062786985,0.98988935966182,60.0
46518,2685.542300723143,0.9894842985420501,60.0
46519,2685.5429951675874,0.9894349589102966,60.0
46520,2685.543689612032,0.9899479760866967,60.0
46521,2685.5443840564762,0.98920107292985,60.0
46522,2685.5450785009207,0.9901263535231867,60.0
46523,2685.545772945365,0.9883843814283032,60.0
46524,2685.5464673898095,0.9891841216889966,60.0
46525,2685.547161834254,0.9889192253423266,60.0
46526,2685.5478562786984,0.9896970769111134,60.0
46527,2685.5485507231433,0.9895874364874967,60.0
46528,2685.5492451675877,0.9893886729537867,60.0
46529,2685.549939612032,0.9898928884874066,60.0
46530,2685.5506340564766,0.98879255032522,60.0
46531,2685.551328500921,0.9887988248146667,60.0
46532,2685.5520229453655,0.9902907271266866,60.0
46533,2685.55271738981,0.9897506764899767,60.0
46534,2685.5534118342543,0.9891326368317666,60.0
46535,2685.554106278699,0.9899837843868533,60.0
46536,2685.554800723143,0.9902760516505067,60.0
46537,2685.5554951675877,0.98999843596321,60.0
46538,2685.556189612032,0.99053099402539,60.0
46539,2685.5568840564765,0.9908982125801401,60.0
46540,2685.557578500921,0.9905117112145666,60.0
46541,2685.5582729453654,0.990057867996035,60.0
46542,2685.55896738981,0.98972953798347,60.0
46543,2685.5596618342543,0.9885345476756767,60.0
46544,2685.5603562786987,0.98963230165326,60.0
46545,2685.561050723143,0.9894330683923266,60.0
46546,2685.5617451675876,0.9894282907298567,60.0
46547,2685.562439612032,0.99039309493552,60.0
46548,2685.5631340564764,0.990284251550095,60.0
46549,2685.563828500921,0.9894243641830466,60.0
46550,2685.5645229453653,0.9900246899887201,60.0
46551,2685.5652173898097,0.9897114725030867,60.0
46552,2685.565911834254,0.9895009361566599,60.0
46553,2685.5666062786986,0.9889413805308167,60.0
46554,2685.567300723143,0.98996173028205,60.0
46555,2685.5679951675875,0.9898813382718933,60.0
46556,2685.568689612032,0.9892796578255701,60.0
46557,2685.5693840564763,0.9899119032202933,60.0
46558,2685.5700785009208,0.9893968228030566,60.0
46559,2685.570772945365,0.9897836614874033,60.0
46560,2685.5714673898096,0.9905531795056767,60.0
46561,2685.572161834254,0.9892560242564766,60.0
46562,2685.5728562786985,0.9909432004847766,60.0
46563,2685.573550723143,0.9884702541651901,60.0
46564,2685.5742451675874,0.989308570165605,60.0
46565,2685.574939612032,0.9897834954929934,60.0
46566,2685.5756340564762,0.9907237944941533,60.0
46567,2685.5763285009207,0.9906527715380301,60.0
46568,2685.577022945365,0.9898135434530867,60.0
46569,2685.57771738981,0.9900345368773634,60.0
46570,2685.5784118342544,0.9898343668300801,60.0
46571,2685.579106278699,0.98952927927825,60.0
46572,2685.5798007231433,0.99142023206623,60.0
46573,2685.5804951675877,0.98934268976382,60.0
46574,2685.581189612032,0.9891501551054965,60.0
46575,2685.5818840564766,0.9902802157085699,60.0
46576,2685.582578500921,0.9893353089786433,60.0
46577,2685.5832729453655,0.9900907185418735,60.0
46578,2685.58396738981,0.9896537287488449,60.0
46579,2685.5846618342543,0.9911921981121501,60.0
46580,2685.585356278699,0.98987604771286,60.0
46581,2685.586050723143,0.989266321690385,60.0
46582,2685.5867451675877,0.9896264401809366,60.0
46583,2685.587439612032,0.990807113926855,60.0
46584,2685.5881340564765,0.99138534259813,60.0
46585,2685.588828500921,0.9903528638064566,60.0
46586,2685.5895229453654,0.99087548386719,60.0
46587,2685.59021738981,0.99054157451538,60.0
46588,2685.5909118342543,0.98958353717518,60.0
46589,2685.5916062786987,0.9902989198892099,60.0
46590,2685.592300723143,0.99056518416868,60.0
46591,2685.5929951675876,0.9896502356475866,60.0
46592,2685.593689612032,0.98893664709375,60.0
46593,2685.5943840564764,0.99008602037202,60.0
46594,2685.595078500921,0.9907355613960633,60.0
46595,2685.5957729453653,0.9899735099443899,60.0
46596,2685.5964673898097,0.9898428515192966,60.0
46597,2685.597161834254,0.9903365962249433,60.0
46598,2685.5978562786986,0.9901119066044151,60.0
46599,2685.598550723143,0.9910085697104333,60.0
46600,2685.5992451675875,0.9901717953590433,60.0
46601,2685.599939612032,0.9895215125275167,60.0
46602,2685.6006340564763,0.9903787865404367,60.0
46603,2685.6013285009208,0.9900594210842634,60.0
46604,2685.602022945365,0.989583519520975,60.0
46605,2685.6027173898096,0.990880031304,60.0
46606,2685.603411834254,0.99011736402454,60.0
46607,2685.6041062786985,0.99039179085469,60.0
46608,2685.604800723143,0.9900953652066401,60.0
46609,2685.6054951675874,0.99013551303715,60.0
46610,2685.606189612032,0.99072809707108,60.0
46611,2685.6068840564762,0.99063754763796,60.0
46612,2685.607578500921,0.98914419134828,60.0
46613,2685.6082729453656,0.99083579919639,60.0
46614,2685.60896738981,0.99101966760103,60.0
46615,2685.6096618342544,0.98992575125729,60.0
46616,2685.610356278699,0.9905117286324,60.0
46617,2685.6110507231433,0.9904084552123233,60.0
46618,2685.6117451675877,0.99112906917395,60.0
46619,2685.612439612032,0.9894697394550501,60.0
46620,2685.6131340564766,0.9906706009636133,60.0
46621,2685.613828500921,0.9896598167172966,60.0
46622,2685.6145229453655,0.9909350638962534,60.0
46623,2685.61521738981,0.9896613604250151,60.0
46624,2685.6159118342543,0.98933262547003,60.0
46625,2685.616606278699,0.9899272801907201,60.0
46626,2685.617300723143,0.99082574464613,60.0
46627,2685.6179951675877,0.9904362618220234,60.0
46628,2685.618689612032,0.9901345095986299,60.0
46629,2685.6193840564765,0.9907806592303501,60.0
46630,2685.620078500921,0.9910735880215235,60.0
46631,2685.6207729453654,0.9904474241053866,60.0
46632,2685.62146738981,0.9915371543656133,60.0
46633,2685.6221618342543,0.9908417620276033,60.0
46634,2685.6228562786987,0.9915215341813134,60.0
46635,2685.623550723143,0.990555960023265,60.0
46636,2685.6242451675876,0.9905589175112567,60.0
46637,2685.624939612032,0.9902732822999966,60.0
46638,2685.6256340564764,0.9914089551324367,60.0
46639,2685.626328500921,0.9901353920474,60.0
46640,2685.6270229453653,0.990044969982505,60.0
46641,2685.6277173898097,0.9904502547519499,60.0
46642,2685.628411834254,0.9901738100394666,60.0
46643,2685.6291062786986,0.9913730725574234,60.0
46644,2685.629800723143,0.9903351505049499,60.0
46645,2685.6304951675875,0.9911056509340633,60.0
46646,2685.631189612032,0.9910148036816201,60.0
46647,2685.6318840564763,0.9909361596232499,60.0
46648,2685.6325785009208,0.9920512171148199,60.0
46649,2685.633272945365,0.990657845603365,60.0
46650,2685.6339673898096,0.9909553062917368,60.0
46651,2685.634661834254,0.9912027298033067,60.0
46652,2685.6353562786985,0.9914960170568267,60.0
46653,2685.636050723143,0.9916503764945667,60.0
46654,2685.6367451675874,0.9916688131092033,60.0
46655,2685.6374396120323,0.9913208948508266,60.0
46656,2685.6381340564767,0.9910379306804966,60.0
46657,2685.638828500921,0.9897931337767849,60.0
46658,2685.6395229453656,0.9917246775218765,60.0
46659,2685.64021738981,0.9909233869772867,60.0
46660,2685.6409118342544,0.99206379389335,60.0
46661,2685.641606278699,0.9906251517839534,60.0
46662,2685.6423007231433,0.99114461560253,60.0
46663,2685.6429951675877,0.9909577972929166,60.0
46664,2685.643689612032,0.9905706085008733,60.0
46665,2685.6443840564766,0.9909543232083999,60.0
46666,2685.645078500921,0.9912398155930466,60.0
46667,2685.6457729453655,0.9919978796542334,60.0
46668,2685.64646738981,0.9909772516755034,60.0
46669,2685.6471618342543,0.9909896737236267,60.0
46670,2685.647856278699,0.9906597978556166,60.0
46671,2685.648550723143,0.9907232857873033,60.0
46672,2685.6492451675877,0.9902808599007967,60.0
46673,2685.649939612032,0.9912588254173033,60.0
46674,2685.6506340564765,0.99101204750862,60.0
46675,2685.651328500921,0.9909450183637767,60.0
46676,2685.6520229453654,0.9920275105880566,60.0
46677,2685.65271738981,0.9909156431371167,60.0
46678,2685.6534118342543,0.99219969949426,60.0
46679,2685.6541062786987,0.9911718681105434,60.0
46680,2685.654800723143,0.9901483157467433,60.0
46681,2685.6554951675876,0.9921418163074233,60.0
46682,2685.656189612032,0.99044551623822,60.0
46683,2685.6568840564764,0.99225722320203,60.0
46684,2685.657578500921,0.9911134751823133,60.0
46685,2685.6582729453653,0.9908815466340499,60.0
46686,2685.6589673898097,0.991705265712115,60.0
46687,2685.659661834254,0.9917299039765499,60.0
46688,2685.6603562786986,0.99180114030178,60.0
46689,2685.661050723143,0.9906541311542899,60.0
46690,2685.6617451675875,0.99154245706261,60.0
46691,2685.662439612032,0.9906139294605,60.0
46692,2685.6631340564763,0.9918760911047734,60.0
46693,2685.6638285009208,0.9915030273054767,60.0
46694,2685.664522945365,0.9894134310607501,60.0
46695,2685.6652173898096,0.9908252040763167,60.0
46696,2685.665911834254,0.9915378017241867,60.0
46697,2685.666606278699,0.9918488382035099,60.0
46698,2685.6673007231434,0.99111408560439,60.0
46699,2685.667995167588,0.9913110403677834,60.0
46700,2685.6686896120323,0.99238546216027,60.0
46701,2685.6693840564767,0.99084438560477,60.0
46702,2685.670078500921,0.9908721589811167,60.0
46703,2685.6707729453656,0.9917243904815499,60.0
46704,2685.67146738981,0.99130162636538,60.0
46705,2685.6721618342544,0.99232041638742,60.0
46706,2685.672856278699,0.9919618235491767,60.0
46707,2685.6735507231433,0.9917346758139965,60.0
46708,2685.6742451675877,0.9919432223153667,60.0
46709,2685.674939612032,0.9911285071523267,60.0
46710,2685.6756340564766,0.9920237037365967,60.0
46711,2685.676328500921,0.9917702837837666,60.0
46712,2685.6770229453655,0.9928025429140033,60.0
46713,2685.67771738981,0.9909836705071733,60.0
46714,2685.6784118342543,0.9915456824189599,60.0
46715,2685.679106278699,0.9926988058541832,60.0
46716,2685.679800723143,0.9912126019868733,60.0
46717,2685.6804951675877,0.9925976037663468,60.0
46718,2685.681189612032,0.9920168803467099,60.0
46719,2685.6818840564765,0.9928256032884267,60.0
46720,2685.682578500921,0.9908344931488733,60.0
46721,2685.6832729453654,0.991735835075725,60.0
46722,2685.68396738981,0.99197431720303,60.0
46723,2685.6846618342543,0.9921251378843667,60.0
46724,2685.6853562786987,0.9898393552342499,60.0
46725,2685.686050723143,0.9905692058571199,60.0
46726,2685.6867451675876,0.9914662974198967,60.0
46727,2685.687439612032,0.99233001129391,60.0
46728,2685.6881340564764,0.9917437985630699,60.0
46729,2685.688828500921,0.9919626814769167,60.0
46730,2685.6895229453653,0.9920096586320533,60.0
46731,2685.690911834254,0.9921396869327034,60.0
46732,2685.6916062786986,0.9910376898683735,60.0
46733,2685.692300723143,0.9915116746652933,60.0
46734,2685.6929951675875,0.99183933174234,60.0
46735,2685.693689612032,0.9916304597264767,60.0
46736,2685.6943840564763,0.9926352539353432,60.0
46737,2685.6950785009208,0.9923343424892267,60.0
46738,2685.695772945365,0.99261845316814,60.0
46739,2685.69646738981,0.99267827324954,60.0
46740,2685.6971618342545,0.9911045218406049,60.0
46741,2685.697856278699,0.99175461292941,60.0
46742,2685.6985507231434,0.99084497199843,60.0
46743,2685.699245167588,0.9915751166765233,60.0
46744,2685.6999396120323,0.9916085847004267,60.0
46745,2685.7006340564767,0.9915421946610534,60.0
46746,2685.701328500921,0.9918954029377667,60.0
46747,2685.7020229453656,0.9923696796748033,60.0
46748,2685.70271738981,0.9921318665697667,60.0
46749,2685.7034118342544,0.9923547906677967,60.0
46750,2685.704106278699,0.9925503681330701,60.0
46751,2685.7048007231433,0.9920785350349067,60.0
46752,2685.7054951675877,0.9915593754996067,60.0
46753,2685.706189612032,0.99297129516712,60.0
46754,2685.7068840564766,0.9913881768729634,60.0
46755,2685.707578500921,0.992940561133025,60.0
46756,2685.7082729453655,0.9917024422414666,60.0
46757,2685.70896738981,0.99190997557128,60.0
46758,2685.7096618342543,0.99058771761607,60.0
46759,2685.710356278699,0.9926415133454934,60.0
46760,2685.711050723143,0.9914207026909067,60.0
46761,2685.7117451675877,0.9919336454672499,60.0
46762,2685.712439612032,0.991359757235995,60.0
46763,2685.7131340564765,0.9916038979766265,60.0
46764,2685.713828500921,0.9913084296807168,60.0
46765,2685.7145229453654,0.9919614734626867,60.0
46766,2685.71521738981,0.992825121742295,60.0
46767,2685.7159118342543,0.9917541971575533,60.0
46768,2685.7166062786987,0.99199187014786,60.0
46769,2685.717300723143,0.9923803469613732,60.0
46770,2685.7179951675876,0.9933104520688599,60.0
46771,2685.718689612032,0.9912993932045934,60.0
46772,2685.7193840564764,0.9905920495228501,60.0
46773,2685.720078500921,0.99311274091296,60.0
46774,2685.7207729453653,0.9923469684610068,60.0
46775,2685.7214673898097,0.9919656677148866,60.0
46776,2685.722161834254,0.9927540258505366,60.0
46777,2685.7228562786986,0.9923749217232399,60.0
46778,2685.723550723143,0.9912049985005149,60.0
46779,2685.7242451675875,0.991630326298205,60.0
46780,2685.724939612032,0.9917267865134933,60.0
46781,2685.7256340564763,0.9915192331237167,60.0
46782,2685.726328500921,0.9912911766798235,60.0
46783,2685.7270229453657,0.9913131204951734,60.0
46784,2685.72771738981,0.9925178430526701,60.0
46785,2685.7284118342545,0.9929824141566433,60.0
46786,2685.729106278699,0.99287640513022,60.0
46787,2685.7298007231434,0.9923412141714666,60.0
46788,2685.730495167588,0.9917966867685634,60.0
46789,2685.7311896120323,0.9923136227429566,60.0
46790,2685.7318840564767,0.9928873137769133,60.0
46791,2685.732578500921,0.9909961284671334,60.0
46792,2685.7332729453656,0.9913896975149035,60.0
46793,2685.73396738981,0.9922412306269534,60.0
46794,2685.7346618342544,0.9926945780558666,60.0
46795,2685.735356278699,0.992542722049125,60.0
46796,2685.7360507231433,0.9921264314918766,60.0
46797,2685.7367451675877,0.9926221394072233,60.0
46798,2685.737439612032,0.9932589625302867,60.0
46799,2685.7381340564766,0.99250809380287,60.0
46800,2685.738828500921,0.99198742063964,60.0
46801,2685.7395229453655,0.9917720810745734,60.0
46802,2685.74021738981,0.9922709239058101,60.0
46803,2685.7409118342543,0.99161742558659,60.0
46804,2685.741606278699,0.9933653663166032,60.0
46805,2685.742300723143,0.992515566314885,60.0
46806,2685.7429951675877,0.9922900172214034,60.0
46807,2685.743689612032,0.9924559480266133,60.0
46808,2685.7443840564765,0.9928601258750899,60.0
46809,2685.745078500921,0.9931825442203434,60.0
46810,2685.7457729453654,0.9925153352997733,60.0
46811,2685.74646738981,0.9907802979682733,60.0
46812,2685.7471618342543,0.9928125825338933,60.0
46813,2685.7478562786987,0.9921704215708601,60.0
46814,2685.748550723143,0.9930249644098232,60.0
46815,2685.7492451675876,0.9922552037248399,60.0
46816,2685.749939612032,0.9921577689224533,60.0
46817,2685.7506340564764,0.9921976752381667,60.0
46818,2685.751328500921,0.9925404114318166,60.0
46819,2685.7520229453653,0.9918820555499934,60.0
46820,2685.7527173898097,0.9927559332648134,60.0
46821,2685.753411834254,0.9924272591057933,60.0
46822,2685.7541062786986,0.9924133131494499,60.0
46823,2685.754800723143,0.9924148979384766,60.0
46824,2685.755495167588,0.9920399586562499,60.0
46825,2685.7561896120324,0.99253976985101,60.0
46826,2685.756884056477,0.9925018478916767,60.0
46827,2685.757578500921,0.9930127380514366,60.0
46828,2685.7582729453657,0.9929281811792433,60.0
46829,2685.75896738981,0.9920939043708934,60.0
46830,2685.7596618342545,0.9923653516731701,60.0
46831,2685.760356278699,0.9923627822008166,60.0
46832,2685.7610507231434,0.9926831440687532,60.0
46833,2685.761745167588,0.9927412761164834,60.0
46834,2685.7624396120323,0.9924380995302967,60.0
46835,2685.7631340564767,0.9926955472687168,60.0
46836,2685.763828500921,0.9920614345952367,60.0
46837,2685.7645229453656,0.9926226600859149,60.0
46838,2685.76521738981,0.9933375622974233,60.0
46839,2685.7659118342544,0.9935487240740266,60.0
46840,2685.766606278699,0.9938852944196434,60.0
46841,2685.7673007231433,0.9928867882740467,60.0
46842,2685.7679951675877,0.9915809187229166,60.0
46843,2685.768689612032,0.99250332036128,60.0
46844,2685.7693840564766,0.99441343990148,60.0
46845,2685.770078500921,0.9923538002014868,60.0
46846,2685.7707729453655,0.9914856193081266,60.0
46847,2685.77146738981,0.9927855550220334,60.0
46848,2685.7721618342543,0.992842822888325,60.0
46849,2685.772856278699,0.9935362486840567,60.0
46850,2685.773550723143,0.9933823781576967,60.0
46851,2685.7742451675877,0.9933096517544033,60.0
46852,2685.774939612032,0.9931433787323433,60.0
46853,2685.7756340564765,0.9929288733578999,60.0
46854,2685.776328500921,0.9932329703191433,60.0
46855,2685.7770229453654,0.9929633853528133,60.0
46856,2685.77771738981,0.9936131308313932,60.0
46857,2685.7784118342543,0.99246511904349,60.0
46858,2685.7791062786987,0.9923957881347866,60.0
46859,2685.779800723143,0.9928303202109534,60.0
46860,2685.7804951675876,0.9926278745772633,60.0
46861,2685.781189612032,0.9928932234039367,60.0
46862,2685.7818840564764,0.9928744450938699,60.0
46863,2685.782578500921,0.99201743402658,60.0
46864,2685.7832729453653,0.9930041688772401,60.0
46865,2685.7839673898097,0.9928498964264,60.0
46866,2685.784661834254,0.9937580912652466,60.0
46867,2685.785356278699,0.9933170140834434,60.0
46868,2685.7860507231435,0.9926983185052366,60.0
46869,2685.786745167588,0.9929391243116834,60.0
46870,2685.7874396120324,0.99262384297044,60.0
46871,2685.788134056477,0.9930613967538099,60.0
46872,2685.788828500921,0.9933404720153965,60.0
46873,2685.7895229453657,0.9927605268736266,60.0
46874,2685.79021738981,0.99407463866977,60.0
46875,2685.7909118342545,0.9933167129253766,60.0
46876,2685.791606278699,0.9920167183742,60.0
46877,2685.7923007231434,0.9930514567782899,60.0
46878,2685.792995167588,0.9926178139405466,60.0
46879,2685.7936896120323,0.9931886651891401,60.0
46880,2685.7943840564767,0.99241838211223,60.0
46881,2685.795078500921,0.9924003426193367,60.0
46882,2685.7957729453656,0.9926977283491634,60.0
46883,2685.79646738981,0.9931943830568101,60.0
46884,2685.7971618342544,0.9931223794487835,60.0
46885,2685.797856278699,0.9939936699928899,60.0
46886,2685.7985507231433,0.9927828023191134,60.0
46887,2685.7992451675877,0.9938411173934467,60.0
46888,2685.799939612032,0.9922285778834734,60.0
46889,2685.8006340564766,0.9933034363884833,60.0
46890,2685.801328500921,0.9937528936559734,60.0
46891,2685.8020229453655,0.9930801745924867,60.0
46892,2685.80271738981,0.9931487239391866,60.0
46893,2685.8034118342543,0.9929764573977566,60.0
46894,2685.804106278699,0.99487399128108,60.0
46895,2685.804800723143,0.9926307078259751,60.0
46896,2685.8054951675877,0.9937382006231834,60.0
46897,2685.806189612032,0.9933773732334567,60.0
46898,2685.8068840564765,0.9928790277799701,60.0
46899,2685.807578500921,0.9934857037822399,60.0
46900,2685.8082729453654,0.99367407408139,60.0
46901,2685.80896738981,0.9931322720516951,60.0
46902,2685.8096618342543,0.9927624763291899,60.0
46903,2685.8103562786987,0.9932833737079768,60.0
46904,2685.811050723143,0.9932428888284933,60.0
46905,2685.8117451675876,0.99414957087441,60.0
46906,2685.812439612032,0.99376523049136,60.0
46907,2685.8131340564764,0.9939382740136833,60.0
46908,2685.813828500921,0.9932157973989266,60.0
46909,2685.8145229453653,0.9933941341901834,60.0
46910,2685.81521738981,0.9931673758181466,60.0
46911,2685.8159118342546,0.99327266584787,60.0
46912,2685.816606278699,0.99374319021661,60.0
46913,2685.8173007231435,0.9934545330495234,60.0
46914,2685.817995167588,0.9934756294861766,60.0
46915,2685.8186896120324,0.99306019976127,60.0
46916,2685.819384056477,0.9934896198310766,60.0
46917,2685.820078500921,0.9939428865884833,60.0
46918,2685.8207729453657,0.9930020295404134,60.0
46919,2685.82146738981,0.993593995724,60.0
46920,2685.8221618342545,0.9942866266865966,60.0
46921,2685.822856278699,0.99353573712233,60.0
46922,2685.8235507231434,0.99361440220131,60.0
46923,2685.824245167588,0.9928528089946034,60.0
46924,2685.8249396120323,0.9940447024179466,60.0
46925,2685.8256340564767,0.9935693977095,60.0
46926,2685.826328500921,0.99450148384781,60.0
46927,2685.8270229453656,0.99303254975435,60.0
46928,2685.82771738981,0.9932093418544401,60.0
46929,2685.8284118342544,0.9937963091982166,60.0
46930,2685.829106278699,0.99328529503688,60.0
46931,2685.8298007231433,0.9932137397907733,60.0
46932,2685.8304951675877,0.9942821859215568,60.0
46933,2685.831189612032,0.9940028312410433,60.0
46934,2685.8318840564766,0.99437768942686,60.0
46935,2685.832578500921,0.9944358617513833,60.0
46936,2685.8332729453655,0.9938864176945001,60.0
46937,2685.83396738981,0.9939359963851551,60.0
46938,2685.8346618342543,0.9935768099467167,60.0
46939,2685.835356278699,0.9936358913001766,60.0
46940,2685.836050723143,0.9947777844974167,60.0
46941,2685.8367451675877,0.9941085038543266,60.0
46942,2685.837439612032,0.99425829428488,60.0
46943,2685.8381340564765,0.9942700334191567,60.0
46944,2685.838828500921,0.99379073375056,60.0
46945,2685.8395229453654,0.9939600157414367,60.0
46946,2685.84021738981,0.9934470604085166,60.0
46947,2685.8409118342543,0.9944852716757433,60.0
46948,2685.8416062786987,0.99402101373936,60.0
46949,2685.842300723143,0.9938682158208468,60.0
46950,2685.8429951675876,0.9937719574360866,60.0
46951,2685.843689612032,0.9947615214046367,60.0
46952,2685.844384056477,0.9953835878983633,60.0
46953,2685.8450785009213,0.99459155332391,60.0
46954,2685.8457729453658,0.993172335594815,60.0
46955,2685.84646738981,0.9938123495424501,60.0
46956,2685.8471618342546,0.9936569120281034,60.0
46957,2685.847856278699,0.99385585821477,60.0
46958,2685.8485507231435,0.9942780197553067,60.0
46959,2685.849245167588,0.99396580948862,60.0
46960,2685.8499396120324,0.9933869849570933,60.0
46961,2685.850634056477,0.99429857412747,60.0
46962,2685.851328500921,0.99403981211219,60.0
46963,2685.8520229453657,0.995098140248585,60.0
46964,2685.85271738981,0.9950380016169533,60.0
46965,2685.8534118342545,0.9950927897292866,60.0
46966,2685.854106278699,0.9938673744694834,60.0
46967,2685.8548007231434,0.9946499138937801,60.0
46968,2685.855495167588,0.99407586004815,60.0
46969,2685.8561896120323,0.9944659323307166,60.0
46970,2685.8568840564767,0.99444118818883,60.0
46971,2685.857578500921,0.9947202972476766,60.0
46972,2685.8582729453656,0.9951723742282734,60.0
46973,2685.85896738981,0.9945639450179601,60.0
46974,2685.8596618342544,0.9942830449282832,60.0
46975,2685.860356278699,0.9949964527233067,60.0
46976,2685.8610507231433,0.9945089512020501,60.0
46977,2685.8617451675877,0.9941273244802433,60.0
46978,2685.862439612032,0.9933248890119133,60.0
46979,2685.8631340564766,0.99475679726726,60.0
46980,2685.863828500921,0.9947839656601266,60.0
46981,2685.8645229453655,0.99384729611561,60.0
46982,2685.86521738981,0.9956819194586366,60.0
46983,2685.8659118342543,0.9933392843889151,60.0
46984,2685.866606278699,0.99446184735997,60.0
46985,2685.867300723143,0.9941286622928199,60.0
46986,2685.8679951675877,0.9935129153868401,60.0
46987,2685.868689612032,0.9944747539141368,60.0
46988,2685.8693840564765,0.99441242959086,60.0
46989,2685.870078500921,0.9937189153200267,60.0
46990,2685.8707729453654,0.9952030469746865,60.0
46991,2685.87146738981,0.9943261029935234,60.0
46992,2685.8721618342543,0.9931410533792132,60.0
46993,2685.8728562786987,0.9948309670018233,60.0
46994,2685.873550723143,0.9933752214935433,60.0
46995,2685.874245167588,0.9946737640251033,60.0
46996,2685.8749396120324,0.9942895875671566,60.0
46997,2685.875634056477,0.9951878009566766,60.0
46998,2685.8763285009213,0.9945103931390551,60.0
46999,2685.8770229453658,0.9938835428739666,60.0
47000,2685.87771738981,0.9945603903621133,60.0
47001,2685.8784118342546,0.9939518552139001,60.0
47002,2685.879106278699,0.9949086633945733,60.0
47003,2685.8798007231435,0.9938743783166833,60.0
47004,2685.880495167588,0.99454696728545,60.0
47005,2685.8811896120324,0.9949508667914366,60.0
47006,2685.881884056477,0.9950083984549467,60.0
47007,2685.882578500921,0.9952200843605,60.0
47008,2685.8832729453657,0.9942735173984133,60.0
47009,2685.88396738981,0.9942430436392367,60.0
47010,2685.8846618342545,0.9938257958154434,60.0
47011,2685.885356278699,0.9947994080630901,60.0
47012,2685.8860507231434,0.9951608466814966,60.0
47013,2685.886745167588,0.9949305024657566,60.0
47014,2685.8874396120323,0.994217084540415,60.0
47015,2685.8881340564767,0.99395854867376,60.0
47016,2685.888828500921,0.9943508335678234,60.0
47017,2685.8895229453656,0.9945524509809468,60.0
47018,2685.89021738981,0.9953652655083967,60.0
47019,2685.8909118342544,0.9957137254829833,60.0
47020,2685.891606278699,0.995285575626345,60.0
47021,2685.8923007231433,0.9947034710334299,60.0
47022,2685.8929951675877,0.9941238554963866,60.0
47023,2685.893689612032,0.9949344994912867,60.0
47024,2685.8943840564766,0.9951015309019899,60.0
47025,2685.895078500921,0.9949783273097733,60.0
47026,2685.8957729453655,0.9945824548289234,60.0
47027,2685.89646738981,0.99562742254955,60.0
47028,2685.8971618342543,0.9946748319192033,60.0
47029,2685.897856278699,0.9949890374288,60.0
47030,2685.898550723143,0.9954873533273333,60.0
47031,2685.8992451675877,0.9947229993612701,60.0
47032,2685.899939612032,0.9949095734040733,60.0
47033,2685.9006340564765,0.9953404248237,60.0
47034,2685.901328500921,0.99525284466342,60.0
47035,2685.9020229453654,0.9950157293203833,60.0
47036,2685.90271738981,0.9950923866014233,60.0
47037,2685.9034118342543,0.9952407522586967,60.0
47038,2685.904106278699,0.9944172288154732,60.0
47039,2685.9048007231436,0.9936154381014233,60.0
47040,2685.905495167588,0.99578445824777,60.0
47041,2685.9061896120324,0.99422846104541,60.0
47042,2685.906884056477,0.9937865323849134,60.0
47043,2685.9075785009213,0.9947796194109234,60.0
47044,2685.9082729453658,0.9951563134962234,60.0
47045,2685.90896738981,0.9952729037959299,60.0
47046,2685.9096618342546,0.99446520771093,60.0
47047,2685.910356278699,0.9949732271561166,60.0
47048,2685.9110507231435,0.9948646452004933,60.0
47049,2685.911745167588,0.9949496014133433,60.0
47050,2685.9124396120324,0.9957018202282099,60.0
47051,2685.913134056477,0.9948952384712033,60.0
47052,2685.913828500921,0.99479031468799,60.0
47053,2685.9145229453657,0.9953814802998767,60.0
47054,2685.91521738981,0.9956635996827433,60.0
47055,2685.9159118342545,0.99509633058491,60.0
47056,2685.916606278699,0.9959436469241766,60.0
47057,2685.9173007231434,0.9955494677804199,60.0
47058,2685.917995167588,0.9952190473890267,60.0
47059,2685.9186896120323,0.9957767649944866,60.0
47060,2685.9193840564767,0.9950967122620268,60.0
47061,2685.920078500921,0.9957800556348267,60.0
47062,2685.9207729453656,0.9960506619251467,60.0
47063,2685.92146738981,0.9956540104509001,60.0
47064,2685.9221618342544,0.9952739927231966,60.0
47065,2685.922856278699,0.9947678786999035,60.0
47066,2685.9235507231433,0.9951543721151034,60.0
47067,2685.9242451675877,0.9966214721856467,60.0
47068,2685.924939612032,0.9951410012609166,60.0
47069,2685.9256340564766,0.9945173303441432,60.0
47070,2685.926328500921,0.9962076996143501,60.0
47071,2685.9270229453655,0.9952372841321533,60.0
47072,2685.92771738981,0.9960146730976035,60.0
47073,2685.9284118342543,0.9960879278412701,60.0
47074,2685.929106278699,0.9949516264027233,60.0
47075,2685.929800723143,0.9957995331985633,60.0
47076,2685.9304951675877,0.9950459424710966,60.0
47077,2685.931189612032,0.9961926300135501,60.0
47078,2685.9318840564765,0.99551823606336,60.0
47079,2685.932578500921,0.9944486187752366,60.0
47080,2685.933272945366,0.9948295680646967,60.0
47081,2685.9339673898103,0.995376995364275,60.0
47082,2685.9346618342547,0.9967260366598868,60.0
47083,2685.935356278699,0.9950501062944266,60.0
47084,2685.9360507231436,0.99573920509904,60.0
47085,2685.936745167588,0.99493001089452,60.0
47086,2685.9374396120324,0.995370942983265,60.0
47087,2685.938134056477,0.995869099170135,60.0
47088,2685.9388285009213,0.99613669454204,60.0
47089,2685.9395229453658,0.9966995088481401,60.0
47090,2685.94021738981,0.9965303893255134,60.0
47091,2685.9409118342546,0.99598829808973,60.0
47092,2685.941606278699,0.995127317963515,60.0
47093,2685.9423007231435,0.9957526895074134,60.0
47094,2685.942995167588,0.9957600653170168,60.0
47095,2685.9436896120324,0.9961364982068867,60.0
47096,2685.944384056477,0.9965602281986433,60.0
47097,2685.945078500921,0.9960426091399066,60.0
47098,2685.9457729453657,0.9959613689974233,60.0
47099,2685.94646738981,0.9959575761732765,60.0
47100,2685.9471618342545,0.99587208874648,60.0
47101,2685.947856278699,0.9971357802181701,60.0
47102,2685.9485507231434,0.99582978666228,60.0
47103,2685.949245167588,0.99546485655948,60.0
47104,2685.9499396120323,0.99608199279454,60.0
47105,2685.9506340564767,0.9948350986203299,60.0
47106,2685.951328500921,0.99704067747968,60.0
47107,2685.9520229453656,0.9958285241469366,60.0
47108,2685.95271738981,0.9959228936001633,60.0
47109,2685.9534118342544,0.9950041205950932,60.0
47110,2685.954106278699,0.99707446508584,60.0
47111,2685.9548007231433,0.996645625696755,60.0
47112,2685.9554951675877,0.9956441214851467,60.0
47113,2685.956189612032,0.9965095389037567,60.0
47114,2685.9568840564766,0.9957744630265366,60.0
47115,2685.957578500921,0.9957423551504702,60.0
47116,2685.9582729453655,0.9962699294107734,60.0
47117,2685.95896738981,0.9953354078320951,60.0
47118,2685.9596618342543,0.9963680535430534,60.0
47119,2685.960356278699,0.99608377075058,60.0
47120,2685.961050723143,0.99626310652349,60.0
47121,2685.9617451675877,0.9961326685715434,60.0
47122,2685.962439612032,0.9965437815461734,60.0
47123,2685.963134056477,0.9956256831695733,60.0
47124,2685.9638285009214,0.9963026669897467,60.0
47125,2685.964522945366,0.9969757706810367,60.0
47126,2685.9652173898103,0.9959999741883566,60.0
47127,2685.9659118342547,0.9964871036656233,60.0
47128,2685.966606278699,0.99585036202137,60.0
47129,2685.9673007231436,0.9968456675129566,60.0
47130,2685.967995167588,0.99658654106196,60.0
47131,2685.9686896120324,0.9961768764071,60.0
47132,2685.969384056477,0.9952836779334651,60.0
47133,2685.9700785009213,0.9956799311625932,60.0
47134,2685.9707729453658,0.99671245469837,60.0
47135,2685.97146738981,0.99695604455503,60.0
47136,2685.9721618342546,0.9969880082225834,60.0
47137,2685.972856278699,0.9973917943673101,60.0
47138,2685.9735507231435,0.9961657623250032,60.0
47139,2685.974245167588,0.9955004374785034,60.0
47140,2685.9749396120324,0.9960823733359933,60.0
47141,2685.975634056477,0.9957697480283066,60.0
47142,2685.976328500921,0.9971071651006067,60.0
47143,2685.9770229453657,0.9967750766809466,60.0
47144,2685.97771738981,0.9966322589028449,60.0
47145,2685.9784118342545,0.9965733081663767,60.0
47146,2685.979106278699,0.99596008510169,60.0
47147,2685.9798007231434,0.9966975914185601,60.0
47148,2685.980495167588,0.9957462670482867,60.0
47149,2685.9811896120323,0.9964134641765466,60.0
47150,2685.9818840564767,0.9960463383440666,60.0
47151,2685.982578500921,0.9966836772351266,60.0
47152,2685.9832729453656,0.9958031131096533,60.0
47153,2685.98396738981,0.9972384111908132,60.0
47154,2685.9846618342544,0.9960655698519867,60.0
47155,2685.985356278699,0.9959477733004533,60.0
47156,2685.9860507231433,0.9967328406428333,60.0
47157,2685.9867451675877,0.9964574846802133,60.0
47158,2685.987439612032,0.9952332661531367,60.0
47159,2685.9881340564766,0.99451026670601,60.0
47160,2685.988828500921,0.9970041346141834,60.0
47161,2685.9895229453655,0.9963182108778,60.0
47162,2685.99021738981,0.99558963211174,60.0
47163,2685.9909118342543,0.9957281544388232,60.0
47164,2685.991606278699,0.99598013639575,60.0
47165,2685.992300723143,0.99565713515644,60.0
47166,2685.992995167588,0.9956645211119634,60.0
47167,2685.9936896120325,0.9961553870553868,60.0
47168,2685.994384056477,0.9953710351725232,60.0
47169,2685.9950785009214,0.9949830592829535,60.0
47170,2685.995772945366,0.9972229919361734,60.0
47171,2685.9964673898103,0.9951366972395167,60.0
47172,2685.9971618342547,0.9955848153666467,60.0
47173,2685.997856278699,0.9969099715059766,60.0
47174,2685.9985507231436,0.9952580797670434,60.0
47175,2685.999245167588,0.9950104578288733,60.0
47176,2685.9999396120324,0.9958191249252333,60.0
47177,2686.000634056477,0.99597002631845,60.0
47178,2686.0013285009213,0.99513966972089,60.0
47179,2686.0020229453658,0.9955119786662566,60.0
47180,2686.00271738981,0.9959352211382866,60.0
47181,2686.0034118342546,0.99600774057085,60.0
47182,2686.004106278699,0.9960266887829833,60.0
47183,2686.0048007231435,0.9964950164708967,60.0
47184,2686.005495167588,0.9960457974889767,60.0
47185,2686.0061896120324,0.995886643150235,60.0
47186,2686.006884056477,0.9950355471014767,60.0
47187,2686.007578500921,0.9948803373835634,60.0
47188,2686.0082729453657,0.9956788277607751,60.0
47189,2686.00896738981,0.9948848755412932,60.0
47190,2686.0096618342545,0.9959457806883667,60.0
47191,2686.010356278699,0.99436679818192,60.0
47192,2686.0110507231434,0.9963310404272767,60.0
47193,2686.011745167588,0.9961332529578999,60.0
47194,2686.0124396120323,0.9963123908207333,60.0
47195,2686.0131340564767,0.99540384678033,60.0
47196,2686.013828500921,0.99565753719495,60.0
47197,2686.0145229453656,0.9953330441265951,60.0
47198,2686.01521738981,0.99588529782058,60.0
47199,2686.0159118342544,0.9956741731776434,60.0
47200,2686.016606278699,0.99629886242598,60.0
47201,2686.0173007231433,0.9965300255040667,60.0
47202,2686.0179951675877,0.9962405236962399,60.0
47203,2686.018689612032,0.9956542216314367,60.0
47204,2686.0193840564766,0.9962929078019399,60.0
47205,2686.020078500921,0.9959803306751267,60.0
47206,2686.0207729453655,0.9949013677981899,60.0
47207,2686.02146738981,0.9964287231993133,60.0
47208,2686.022161834255,0.9961175407143701,60.0
47209,2686.0228562786992,0.9960924605727133,60.0
47210,2686.0235507231437,0.9949353412719101,60.0
47211,2686.024245167588,0.99661231664865,60.0
47212,2686.0249396120325,0.9972405733537534,60.0
47213,2686.025634056477,0.996283749232675,60.0
47214,2686.0263285009214,0.9963790428199767,60.0
47215,2686.027022945366,0.99554606735246,60.0
47216,2686.0277173898103,0.9966099047287066,60.0
47217,2686.0284118342547,0.9960829209787466,60.0
47218,2686.029106278699,0.99638767843066,60.0
47219,2686.0298007231436,0.9964705407491333,60.0
47220,2686.030495167588,0.9957028640827367,60.0
47221,2686.0311896120324,0.9966140852851401,60.0
47222,2686.031884056477,0.995825442426415,60.0
47223,2686.0325785009213,0.9968128653420966,60.0
47224,2686.0332729453658,0.9970273537914167,60.0
47225,2686.03396738981,0.9958209273110367,60.0
47226,2686.0346618342546,0.9957059588887701,60.0
47227,2686.035356278699,0.9961964154267934,60.0
47228,2686.0360507231435,0.9974101786259567,60.0
47229,2686.036745167588,0.99612767178049,60.0
47230,2686.0374396120324,0.9964762749628634,60.0
47231,2686.038134056477,0.9952391839322267,60.0
47232,2686.038828500921,0.9956629093554833,60.0
47233,2686.0395229453657,0.9965407625062933,60.0
47234,2686.04021738981,0.9965364931645566,60.0
47235,2686.0409118342545,0.9970079346025867,60.0
47236,2686.041606278699,0.9963796799821933,60.0
47237,2686.0423007231434,0.9963207829863266,60.0
47238,2686.042995167588,0.99732971007268,60.0
47239,2686.0436896120323,0.9967078981563366,60.0
47240,2686.0443840564767,0.9949149679384967,60.0
47241,2686.045078500921,0.996571613858645,60.0
47242,2686.0457729453656,0.99730691822657,60.0
47243,2686.04646738981,0.9976030828797766,60.0
47244,2686.0471618342544,0.9961060996601133,60.0
47245,2686.047856278699,0.9970359469855934,60.0
47246,2686.0485507231433,0.9967493936701667,60.0
47247,2686.0492451675877,0.9973281058051934,60.0
47248,2686.049939612032,0.9961911579819533,60.0
47249,2686.0506340564766,0.99607237232972,60.0
47250,2686.051328500921,0.996369130040325,60.0
47251,2686.052022945366,0.99676405571938,60.0
47252,2686.0527173898104,0.9978074448766033,60.0
47253,2686.053411834255,0.9979404484800968,60.0
47254,2686.0541062786992,0.99612721283046,60.0
47255,2686.0548007231437,0.9970358891276833,60.0
47256,2686.055495167588,0.99624412431761,60.0
47257,2686.0561896120325,0.99615478570172,60.0
47258,2686.056884056477,0.9965980674502566,60.0
47259,2686.0575785009214,0.9971514333381833,60.0
47260,2686.058272945366,0.9966380270666333,60.0
47261,2686.0589673898103,0.9973173561016367,60.0
47262,2686.0596618342547,0.99681058708341,60.0
47263,2686.060356278699,0.9974006945159468,60.0
47264,2686.0610507231436,0.996383656937425,60.0
47265,2686.061745167588,0.9963607923042401,60.0
47266,2686.0624396120324,0.99708871624373,60.0
47267,2686.063134056477,0.997067054290055,60.0
47268,2686.0638285009213,0.9959734058283566,60.0
47269,2686.0645229453658,0.9977491327090166,60.0
47270,2686.06521738981,0.9969332868902633,60.0
47271,2686.0659118342546,0.99779648835146,60.0
47272,2686.066606278699,0.998165053437055,60.0
47273,2686.0673007231435,0.9963501020375266,60.0
47274,2686.067995167588,0.9966279257147234,60.0
47275,2686.0686896120324,0.9974980564048167,60.0
47276,2686.069384056477,0.9977887101530133,60.0
47277,2686.070078500921,0.9973009113073633,60.0
47278,2686.0707729453657,0.9963170710014065,60.0
47279,2686.07146738981,0.9971759745089267,60.0
47280,2686.0721618342545,0.9973267381090849,60.0
47281,2686.072856278699,0.9976057836679333,60.0
47282,2686.0735507231434,0.99613328166498,60.0
47283,2686.074245167588,0.9966495943099334,60.0
47284,2686.0749396120323,0.9963109019303366,60.0
47285,2686.0756340564767,0.9969190337302534,60.0
47286,2686.076328500921,0.9972465635645701,60.0
47287,2686.0770229453656,0.996793143018935,60.0
47288,2686.07771738981,0.997674273991055,60.0
47289,2686.0784118342544,0.9968494134615135,60.0
47290,2686.079106278699,0.99570896728798,60.0
47291,2686.0798007231433,0.9971648799861335,60.0
47292,2686.0804951675877,0.996547218750945,60.0
47293,2686.081189612032,0.99676985591516,60.0
47294,2686.081884056477,0.99809516898759,60.0
47295,2686.0825785009215,0.9974347422795801,60.0
47296,2686.083272945366,0.9974676689993535,60.0
47297,2686.0839673898104,0.9976870295111351,60.0
47298,2686.084661834255,0.99681696286032,60.0
47299,2686.0853562786992,0.9968610884783867,60.0
47300,2686.0860507231437,0.9968533939469834,60.0
47301,2686.086745167588,0.9963566242434899,60.0
47302,2686.0874396120325,0.99726356839485,60.0
47303,2686.088134056477,0.9973992914170666,60.0
47304,2686.0888285009214,0.9968455410633433,60.0
47305,2686.089522945366,0.9978261181431968,60.0
47306,2686.0902173898103,0.9971264263592566,60.0
47307,2686.0909118342547,0.9985118845494266,60.0
47308,2686.091606278699,0.9977770797511267,60.0
47309,2686.0923007231436,0.99718171934363,60.0
47310,2686.092995167588,0.9973649511902066,60.0
47311,2686.0936896120324,0.9976839043003066,60.0
47312,2686.094384056477,0.9980067680899666,60.0
47313,2686.0950785009213,0.99859221088649,60.0
47314,2686.0957729453658,0.9978310820418334,60.0
47315,2686.09646738981,0.9979908083192967,60.0
47316,2686.0971618342546,0.9983471972066951,60.0
47317,2686.097856278699,0.998650727796955,60.0
47318,2686.0985507231435,0.9968926725911551,60.0
47319,2686.099245167588,0.9983769161019568,60.0
47320,2686.0999396120324,0.9982216116249534,60.0
47321,2686.100634056477,0.9981716203410851,60.0
47322,2686.101328500921,0.997299869003295,60.0
47323,2686.1020229453657,0.9975088389211499,60.0
47324,2686.10271738981,0.9978090990952534,60.0
47325,2686.1034118342545,0.9985366894350066,60.0
47326,2686.104106278699,0.9976575376959899,60.0
47327,2686.1048007231434,0.9979474041905633,60.0
47328,2686.105495167588,0.9978689684491501,60.0
47329,2686.1061896120323,0.9983279246018734,60.0
47330,2686.1068840564767,0.9982205340569933,60.0
47331,2686.107578500921,0.9978914424554466,60.0
47332,2686.1082729453656,0.99822808317471,60.0
47333,2686.10896738981,0.9970784755880534,60.0
47334,2686.1096618342544,0.9979774156921334,60.0
47335,2686.110356278699,0.9976085352261199,60.0
47336,2686.1110507231438,0.9980090137398333,60.0
47337,2686.111745167588,0.9977324567631567,60.0
47338,2686.1124396120326,0.9984351611732533,60.0
47339,2686.113134056477,0.99814261304323,60.0
47340,2686.1138285009215,0.9985191937746466,60.0
47341,2686.114522945366,0.9981980561559199,60.0
47342,2686.1152173898104,0.9973801839139349,60.0
47343,2686.115911834255,0.9986162746331367,60.0
47344,2686.1166062786992,0.9998282331378766,60.0
47345,2686.1173007231437,0.9986318849785,60.0
47346,2686.117995167588,0.99889128142668,60.0
47347,2686.1186896120325,0.999001395106195,60.0
47348,2686.119384056477,0.99934920137661,60.0
47349,2686.1200785009214,0.99882562586694,60.0
47350,2686.120772945366,0.9994539122981233,60.0
47351,2686.1214673898103,0.99926851097046,60.0
47352,2686.1221618342547,0.9995701495485766,60.0
47353,2686.122856278699,1.00051113445579,60.0
47354,2686.1235507231436,0.998107520829505,60.0
47355,2686.124245167588,0.9999237445080634,60.0
47356,2686.1249396120324,0.9994717403771268,60.0
47357,2686.125634056477,0.9987547832298235,60.0
47358,2686.1263285009213,1.0000632907731302,60.0
47359,2686.1270229453658,0.9991099523778066,60.0
47360,2686.12771738981,0.9989961473491,60.0
47361,2686.1284118342546,0.9993398990117099,60.0
47362,2686.129106278699,0.99980776108676,60.0
47363,2686.1298007231435,0.99893407433813,60.0
47364,2686.130495167588,0.99948839353676,60.0
47365,2686.1311896120324,0.9995223595459501,60.0
47366,2686.131884056477,0.99843611966892,60.0
47367,2686.132578500921,0.99885391962322,60.0
47368,2686.1332729453657,1.00039781090695,60.0
47369,2686.13396738981,0.9995962604267867,60.0
47370,2686.1346618342545,0.9997317782304799,60.0
47371,2686.135356278699,0.9996361401834833,60.0
47372,2686.1360507231434,0.9992940656489834,60.0
47373,2686.136745167588,1.0001781175519369,60.0
47374,2686.1374396120323,0.9984156300918433,60.0
47375,2686.1381340564767,1.00035892900733,60.0
47376,2686.138828500921,0.99823891698045,60.0
47377,2686.1395229453656,1.000109879152675,60.0
47378,2686.14021738981,0.99859519941781,60.0
47379,2686.140911834255,0.998773907844835,60.0
47380,2686.1416062786993,0.9995387907256866,60.0
47381,2686.1423007231438,0.999024421064845,60.0
47382,2686.142995167588,0.9990753774438268,60.0
47383,2686.1436896120326,0.9995208570489,60.0
47384,2686.144384056477,1.00030422757143,60.0
47385,2686.1450785009215,0.9988994321110933,60.0
47386,2686.145772945366,0.9992074156557567,60.0
47387,2686.1464673898104,0.9994316513174066,60.0
47388,2686.147161834255,0.9998020405868534,60.0
47389,2686.1478562786992,0.9987344429351533,60.0
47390,2686.1485507231437,1.0000983651859767,60.0
47391,2686.149245167588,0.99956409136526,60.0
47392,2686.1499396120325,0.9995910550889233,60.0
47393,2686.150634056477,0.99930841262578,60.0
47394,2686.1513285009214,1.0005241445903,60.0
47395,2686.152022945366,0.9994726086708967,60.0
47396,2686.1527173898103,0.9985645599601101,60.0
47397,2686.1534118342547,0.9999070252510366,60.0
47398,2686.154106278699,0.9998194703435699,60.0
47399,2686.1548007231436,0.9995043857933901,60.0
47400,2686.155495167588,0.9990282961012967,60.0
47401,2686.1561896120324,1.0000292781737001,60.0
47402,2686.156884056477,0.99937647564303,60.0
47403,2686.1575785009213,1.0001022319576298,60.0
47404,2686.1582729453658,0.9999007752906667,60.0
47405,2686.15896738981,1.0005323217114566,60.0
47406,2686.1596618342546,0.99894029740281,60.0
47407,2686.160356278699,0.9993430456394133,60.0
47408,2686.1610507231435,0.9983301232157901,60.0
47409,2686.161745167588,1.0003055937578031,60.0
47410,2686.1624396120324,0.99994974054344,60.0
47411,2686.163134056477,0.9999951480749499,60.0
47412,2686.163828500921,0.99894475645453,60.0
47413,2686.1645229453657,0.9991209909166999,60.0
47414,2686.16521738981,1.00028034398517,60.0
47415,2686.1659118342545,0.9995467833253167,60.0
47416,2686.166606278699,1.00039823793481,60.0
47417,2686.1673007231434,0.9999408401470568,60.0
47418,2686.167995167588,1.0002259899097032,60.0
47419,2686.1686896120323,0.9991595770458,60.0
47420,2686.1693840564767,1.0000625098685334,60.0
47421,2686.170078500921,1.0001550669618566,60.0
47422,2686.170772945366,0.9992206553197632,60.0
47423,2686.1714673898105,0.9999501629975734,60.0
47424,2686.172161834255,0.9999373387049767,60.0
47425,2686.1728562786993,0.9986908488465501,60.0
47426,2686.1735507231438,1.0001262416397367,60.0
47427,2686.174245167588,1.00006581967639,60.0
47428,2686.1749396120326,1.00007102654225,60.0
47429,2686.175634056477,1.0005444498569749,60.0
47430,2686.1763285009215,0.9993063361078733,60.0
47431,2686.177022945366,1.00000839970791,60.0
47432,2686.1777173898104,0.9996324905030766,60.0
47433,2686.178411834255,0.9985532050629332,60.0
47434,2686.1791062786992,1.00061818687051,60.0
47435,2686.1798007231437,0.9986601274564867,60.0
47436,2686.180495167588,1.0000246665712966,60.0
47437,2686.1811896120325,0.9995390516805799,60.0
47438,2686.181884056477,1.00129487199723,60.0
47439,2686.1825785009214,1.0002696085559333,60.0
47440,2686.183272945366,0.99951683957349,60.0
47441,2686.1839673898103,0.99956938923193,60.0
47442,2686.1846618342547,1.0000859129018367,60.0
47443,2686.185356278699,0.9993822583549267,60.0
47444,2686.1860507231436,0.9995895943025666,60.0
47445,2686.186745167588,0.9993229755437533,60.0
47446,2686.1874396120324,1.0000660706044466,60.0
47447,2686.188134056477,1.0000714533772468,60.0
47448,2686.1888285009213,0.99952763210008,60.0
47449,2686.1895229453658,1.0003129755303732,60.0
47450,2686.19021738981,1.0004026248146367,60.0
47451,2686.1909118342546,1.0004439746937,60.0
47452,2686.191606278699,1.0005484174473234,60.0
47453,2686.1923007231435,0.9994424398786866,60.0
47454,2686.192995167588,0.9996078563234834,60.0
47455,2686.1936896120324,0.9998944662680334,60.0
47456,2686.194384056477,1.0003570390785799,60.0
47457,2686.195078500921,1.00026862673078,60.0
47458,2686.1957729453657,1.0002567064764651,60.0
47459,2686.19646738981,1.000285868929995,60.0
47460,2686.1971618342545,0.99983003645924,60.0
47461,2686.197856278699,1.00004179970095,60.0
47462,2686.1985507231434,0.99992161040814,60.0
47463,2686.199245167588,0.9994829678953866,60.0
47464,2686.1999396120327,1.0006472432091233,60.0
47465,2686.200634056477,1.00033879704624,60.0
47466,2686.2013285009216,1.000312019722315,60.0
47467,2686.202022945366,1.0007242783736665,60.0
47468,2686.2027173898105,1.0014909496672,60.0
47469,2686.203411834255,1.0002745037079366,60.0
47470,2686.2041062786993,1.00064576873022,60.0
47471,2686.2048007231438,1.0001618875288667,60.0
47472,2686.205495167588,1.00102960619663,60.0
47473,2686.2061896120326,1.00095740746083,60.0
47474,2686.206884056477,1.0007832689403566,60.0
47475,2686.2075785009215,1.0002443256638933,60.0
47476,2686.208272945366,0.9999847178228333,60.0
47477,2686.2089673898104,0.9997958900337199,60.0
47478,2686.209661834255,0.9995506013013901,60.0
47479,2686.2103562786992,1.0004942741196032,60.0
47480,2686.2110507231437,1.0003207595015067,60.0
47481,2686.211745167588,1.0002765627377368,60.0
47482,2686.2124396120325,1.0008839669340432,60.0
47483,2686.213134056477,1.00004567938828,60.0
47484,2686.2138285009214,0.9997310031614233,60.0
47485,2686.214522945366,0.9999776532522601,60.0
47486,2686.2152173898103,1.00070063329038,60.0
47487,2686.2159118342547,1.0009082117593933,60.0
47488,2686.216606278699,1.0011140531468334,60.0
47489,2686.2173007231436,1.0003580630033133,60.0
47490,2686.217995167588,1.00007097194069,60.0
47491,2686.2186896120324,1.0015183727754833,60.0
47492,2686.219384056477,0.9999441933344834,60.0
47493,2686.2200785009213,1.0006642760203268,60.0
47494,2686.2207729453658,1.0010386447507,60.0
47495,2686.22146738981,1.0001751477670466,60.0
47496,2686.2221618342546,1.00065186557007,60.0
47497,2686.222856278699,1.0027547677506365,60.0
47498,2686.2235507231435,1.0011112463243934,60.0
47499,2686.224245167588,1.000855988337155,60.0
47500,2686.2249396120324,1.0020857760689,60.0
47501,2686.225634056477,1.0019548440255,60.0
47502,2686.226328500921,1.0009169516842966,60.0
47503,2686.2270229453657,1.00035255468633,60.0
47504,2686.22771738981,1.0009252764071366,60.0
47505,2686.2284118342545,1.00176024525698,60.0
47506,2686.229106278699,1.0003132926891365,60.0
47507,2686.229800723144,1.0015243421997049,60.0
47508,2686.2304951675883,1.0020550095609766,60.0
47509,2686.2311896120327,1.0008431325732001,60.0
47510,2686.231884056477,1.0006510411085365,60.0
47511,2686.2325785009216,1.00141696888734,60.0
47512,2686.233272945366,1.0003623068099534,60.0
47513,2686.2339673898105,1.0009779388049067,60.0
47514,2686.234661834255,1.00121620961932,60.0
47515,2686.2353562786993,1.0016929645985433,60.0
47516,2686.2360507231438,1.0001281620569167,60.0
47517,2686.236745167588,1.0001487488458,60.0
47518,2686.2374396120326,1.0007066666090367,60.0
47519,2686.238134056477,1.00087369700299,60.0
47520,2686.2388285009215,1.0011071492668935,60.0
47521,2686.239522945366,1.0013920311496867,60.0
47522,2686.2402173898104,1.001551104114965,60.0
47523,2686.240911834255,1.0007874838901698,60.0
47524,2686.2416062786992,1.0021843377696802,60.0
47525,2686.2423007231437,1.0009240953358367,60.0
47526,2686.242995167588,1.0005976840617299,60.0
47527,2686.2436896120325,1.002345627757787,60.0
47528,2686.244384056477,1.00092197362462,60.0
47529,2686.2450785009214,1.0020777095450166,60.0
47530,2686.245772945366,1.0010407982220533,60.0
47531,2686.2464673898103,1.0023812287715568,60.0
47532,2686.2471618342547,1.0001751313660199,60.0
47533,2686.247856278699,1.0019494480769868,60.0
47534,2686.2485507231436,1.0005193239715067,60.0
47535,2686.249245167588,1.0018105797226666,60.0
47536,2686.2499396120324,1.00117553332643,60.0
47537,2686.250634056477,1.0000288139610267,60.0
47538,2686.2513285009213,1.00233516046099,60.0
47539,2686.2520229453658,1.0009015735306102,60.0
47540,2686.25271738981,1.0018579769158966,60.0
47541,2686.2534118342546,1.0013149692920267,60.0
47542,2686.254106278699,1.0020242412918432,60.0
47543,2686.2548007231435,1.00120695341121,60.0
47544,2686.255495167588,1.0026093048153533,60.0
47545,2686.2561896120324,1.0006945639242266,60.0
47546,2686.256884056477,1.0013574949105,60.0
47547,2686.257578500921,1.00179144771476,60.0
47548,2686.2582729453657,1.0019531585115633,60.0
47549,2686.25896738981,1.00147950227567,60.0
47550,2686.259661834255,1.0015634217749365,60.0
47551,2686.2603562786994,1.0020079588739532,60.0
47552,2686.261050723144,1.0018493769830867,60.0
47553,2686.2617451675883,1.0009895056213833,60.0
47554,2686.2624396120327,1.0022535457485033,60.0
47555,2686.263134056477,1.001212722440905,60.0
47556,2686.2638285009216,1.0008769797278634,60.0
47557,2686.264522945366,1.0018334152991735,60.0
47558,2686.2652173898105,1.00129856263843,60.0
47559,2686.265911834255,1.0016321145051066,60.0
47560,2686.2666062786993,1.0018268920122033,60.0
47561,2686.2673007231438,1.0018214604746867,60.0
47562,2686.267995167588,1.0030106451129965,60.0
47563,2686.2686896120326,1.0021534330069333,60.0
47564,2686.269384056477,1.0023688315278267,60.0
47565,2686.2700785009215,1.00053276046577,60.0
47566,2686.270772945366,1.0020002571537334,60.0
47567,2686.2714673898104,1.00254892994706,60.0
47568,2686.272161834255,1.0019531316309267,60.0
47569,2686.2728562786992,1.0017552734477164,60.0
47570,2686.2735507231437,1.0019682871016733,60.0
47571,2686.274245167588,1.0019017680552667,60.0
47572,2686.2749396120325,1.0027314954863733,60.0
47573,2686.275634056477,1.00219593907657,60.0
47574,2686.2763285009214,1.00092482975886,60.0
47575,2686.277022945366,1.00231915869794,60.0
47576,2686.2777173898103,1.0020455145357998,60.0
47577,2686.2784118342547,1.0027740020316467,60.0
47578,2686.279106278699,1.00198592615873,60.0
47579,2686.2798007231436,1.0020771147873933,60.0
47580,2686.280495167588,1.00161643146726,60.0
47581,2686.2811896120324,1.0029342731920234,60.0
47582,2686.281884056477,1.0025836817458134,60.0
47583,2686.2825785009213,1.0024427005511267,60.0
47584,2686.2832729453658,1.00158409528841,60.0
47585,2686.28396738981,1.0020726010213767,60.0
47586,2686.2846618342546,1.0030499925746434,60.0
47587,2686.285356278699,1.0018234808861364,60.0
47588,2686.2860507231435,1.0023951877270099,60.0
47589,2686.286745167588,1.0037213635758133,60.0
47590,2686.2874396120324,1.00127558952073,60.0
47591,2686.288134056477,1.00170284598513,60.0
47592,2686.2888285009217,1.0034823533689068,60.0
47593,2686.289522945366,1.0012317378760864,60.0
47594,2686.2902173898106,1.0028849505365967,60.0
47595,2686.290911834255,1.00242480015217,60.0
47596,2686.2916062786994,1.0016007164134266,60.0
47597,2686.292300723144,1.0030753423100933,60.0
47598,2686.2929951675883,1.00201186872907,60.0
47599,2686.2936896120327,1.0024974567313434,60.0
47600,2686.294384056477,1.0020416245250467,60.0
47601,2686.2950785009216,1.002416054381035,60.0
47602,2686.295772945366,1.0024202874684434,60.0
47603,2686.2964673898105,1.00096553264651,60.0
47604,2686.297161834255,1.0021959530156999,60.0
47605,2686.2978562786993,1.0035650612154132,60.0
47606,2686.2985507231438,1.0015747681258533,60.0
47607,2686.299245167588,1.0034129388972768,60.0
47608,2686.2999396120326,1.00253291582278,60.0
47609,2686.300634056477,1.00257148206679,60.0
47610,2686.3013285009215,1.0022976388844633,60.0
47611,2686.302022945366,1.0017658426031033,60.0
47612,2686.3027173898104,1.0031666565182833,60.0
47613,2686.303411834255,1.0014507508548367,60.0
47614,2686.3041062786992,1.0027873149820365,60.0
47615,2686.3048007231437,1.0034764750134302,60.0
47616,2686.305495167588,1.0026210879915969,60.0
47617,2686.3061896120325,1.0030053623835167,60.0
47618,2686.306884056477,1.0026327812681366,60.0
47619,2686.3075785009214,1.00336759047776,60.0
47620,2686.308272945366,1.0037332589987333,60.0
47621,2686.3089673898103,1.0025984288411067,60.0
47622,2686.3096618342547,1.0022244201779866,60.0
47623,2686.310356278699,1.002206049591105,60.0
47624,2686.3110507231436,1.0023671446521234,60.0
47625,2686.311745167588,1.0023490170665967,60.0
47626,2686.3124396120324,1.0024241118557466,60.0
47627,2686.313134056477,1.0016641254038035,60.0
47628,2686.3138285009213,1.0030243857558798,60.0
47629,2686.3145229453658,1.0023926805276064,60.0
47630,2686.31521738981,1.0024796844542034,60.0
47631,2686.3159118342546,1.0030613546226166,60.0
47632,2686.316606278699,1.0025941492661068,60.0
47633,2686.3173007231435,1.00275392417578,60.0
47634,2686.317995167588,1.00315820761085,60.0
47635,2686.318689612033,1.0028045202535034,60.0
47636,2686.3193840564772,1.0030811384477565,60.0
47637,2686.3200785009217,1.00202369095328,60.0
47638,2686.320772945366,1.0024830899932866,60.0
47639,2686.3214673898106,1.00338986491226,60.0
47640,2686.322161834255,1.00322847941701,60.0
47641,2686.3228562786994,1.0032386389997734,60.0
47642,2686.323550723144,1.0036238934678565,60.0
47643,2686.3242451675883,1.002395519822195,60.0
47644,2686.3249396120327,1.0033656464102403,60.0
47645,2686.325634056477,1.00341024172411,60.0
47646,2686.3263285009216,1.0023068729282698,60.0
47647,2686.327022945366,1.0036001937132601,60.0
47648,2686.3277173898105,1.0038670311661766,60.0
47649,2686.328411834255,1.0033587008613531,60.0
47650,2686.3291062786993,1.00379227984778,60.0
47651,2686.3298007231438,1.0025718159931334,60.0
47652,2686.330495167588,1.00309914373005,60.0
47653,2686.3311896120326,1.00336085839921,60.0
47654,2686.331884056477,1.00420749407576,60.0
47655,2686.3325785009215,1.0031337394406867,60.0
47656,2686.333272945366,1.002731879824815,60.0
47657,2686.3339673898104,1.0026160549934733,60.0
47658,2686.334661834255,1.00359668269635,60.0
47659,2686.3353562786992,1.0025713295975034,60.0
47660,2686.3360507231437,1.0030129280648168,60.0
47661,2686.336745167588,1.0018301281749267,60.0
47662,2686.3374396120325,1.00358422750355,60.0
47663,2686.338134056477,1.0029744715437499,60.0
47664,2686.3388285009214,1.0017034465959,60.0
47665,2686.339522945366,1.0020359585734269,60.0
47666,2686.3402173898103,1.0030272992611364,60.0
47667,2686.3409118342547,1.003543162902285,60.0
47668,2686.341606278699,1.0026440908686567,60.0
47669,2686.3423007231436,1.0042419658989301,60.0
47670,2686.342995167588,1.003777998241275,60.0
47671,2686.3436896120324,1.0019858731341333,60.0
47672,2686.344384056477,1.00398460531912,60.0
47673,2686.3450785009213,1.00337707552992,60.0
47674,2686.3457729453658,1.00381268895879,60.0
47675,2686.34646738981,1.003500689963675,60.0
47676,2686.3471618342546,1.0022668615627799,60.0
47677,2686.347856278699,1.00379844112709,60.0
47678,2686.348550723144,1.004576130490715,60.0
47679,2686.3492451675884,1.0029454843226067,60.0
47680,2686.349939612033,1.0028361746984,60.0
47681,2686.3506340564772,1.00275329883418,60.0
47682,2686.3513285009217,1.00429588733797,60.0
47683,2686.352022945366,1.00254997141056,60.0
47684,2686.3527173898106,1.0040653379765268,60.0
47685,2686.353411834255,1.0025262054678967,60.0
47686,2686.3541062786994,1.0027702356818835,60.0
47687,2686.354800723144,1.0028821470327067,60.0
47688,2686.3554951675883,1.0039044172451066,60.0
47689,2686.3561896120327,1.0026259815965899,60.0
47690,2686.356884056477,1.0043066552526567,60.0
47691,2686.3575785009216,1.00401397205254,60.0
47692,2686.358272945366,1.0036072000396,60.0
47693,2686.3589673898105,1.00249909972473,60.0
47694,2686.359661834255,1.00408498100095,60.0
47695,2686.3603562786993,1.00252941377987,60.0
47696,2686.3610507231438,1.00316030721243,60.0
47697,2686.361745167588,1.003215460938885,60.0
47698,2686.3624396120326,1.0042163660841033,60.0
47699,2686.363134056477,1.0041745998140932,60.0
47700,2686.3638285009215,1.0037830301648831,60.0
47701,2686.364522945366,1.0033996288622367,60.0
47702,2686.3652173898104,1.0038881437964267,60.0
47703,2686.365911834255,1.00408520216547,60.0
47704,2686.3666062786992,1.0040021149223266,60.0
47705,2686.3673007231437,1.0036678214528034,60.0
47706,2686.367995167588,1.0031532113736101,60.0
47707,2686.3686896120325,1.0038010400007635,60.0
47708,2686.369384056477,1.00403367586215,60.0
47709,2686.3700785009214,1.0037190015275532,60.0
47710,2686.370772945366,1.0039321103706633,60.0
47711,2686.3714673898103,1.0033192393132433,60.0
47712,2686.3721618342547,1.0037888675392768,60.0
47713,2686.372856278699,1.0039038829625033,60.0
47714,2686.3735507231436,1.0035123167317568,60.0
47715,2686.374245167588,1.0035225741775649,60.0
47716,2686.3749396120324,1.0033841788965034,60.0
47717,2686.375634056477,1.0046197718949499,60.0
47718,2686.3763285009213,1.003281152655255,60.0
47719,2686.3770229453658,1.0042991584887966,60.0
47720,2686.3777173898106,1.004686409944047,60.0
47721,2686.378411834255,1.0044056015071,60.0
47722,2686.3791062786995,1.0030131231698534,60.0
47723,2686.379800723144,1.0035916367023698,60.0
47724,2686.3804951675884,1.0031525571860767,60.0
47725,2686.381189612033,1.0037579398624068,60.0
47726,2686.3818840564772,1.0035523834382232,60.0
47727,2686.3825785009217,1.0033148675482566,60.0
47728,2686.383272945366,1.0029479931551901,60.0
47729,2686.3839673898106,1.0048569927780135,60.0
47730,2686.384661834255,1.0036041386503667,60.0
47731,2686.3853562786994,1.00450307289455,60.0
47732,2686.386050723144,1.0036490615202467,60.0
47733,2686.3867451675883,1.0044627062041667,60.0
47734,2686.3874396120327,1.00405911770456,60.0
47735,2686.388134056477,1.0039400840245534,60.0
47736,2686.3888285009216,1.00384346706191,60.0
47737,2686.389522945366,1.0049990977838967,60.0
47738,2686.3902173898105,1.0045473742518267,60.0
47739,2686.390911834255,1.0035788561438668,60.0
47740,2686.3916062786993,1.0050425237783567,60.0
47741,2686.3923007231438,1.0031249749436935,60.0
47742,2686.392995167588,1.003981342215555,60.0
47743,2686.3936896120326,1.0035219150552535,60.0
47744,2686.394384056477,1.0036459210557767,60.0
47745,2686.3950785009215,1.0039901776053368,60.0
47746,2686.395772945366,1.0049814378334665,60.0
47747,2686.3964673898104,1.0053713015349033,60.0
47748,2686.397161834255,1.0044162565182833,60.0
47749,2686.3978562786992,1.00422750484969,60.0
47750,2686.3985507231437,1.0040719509475367,60.0
47751,2686.399245167588,1.0039326455741167,60.0
47752,2686.3999396120325,1.0037225806294434,60.0
47753,2686.400634056477,1.00403876058617,60.0
47754,2686.4013285009214,1.0035498888917633,60.0
47755,2686.402022945366,1.00434445009339,60.0
47756,2686.4027173898103,1.00509206107372,60.0
47757,2686.4034118342547,1.00447221396054,60.0
47758,2686.404106278699,1.0036550173710233,60.0
47759,2686.4048007231436,1.0053012044141667,60.0
47760,2686.405495167588,1.0039373646552765,60.0
47761,2686.4061896120324,1.0032343388089848,60.0
47762,2686.406884056477,1.0037431655224334,60.0
47763,2686.4075785009218,1.0044787766478167,60.0
47764,2686.408272945366,1.0040109412404066,60.0
47765,2686.4089673898106,1.0041055787996733,60.0
47766,2686.409661834255,1.00390983741238,60.0
47767,2686.4103562786995,1.00482664708413,60.0
47768,2686.411050723144,1.0043115852344433,60.0
47769,2686.4117451675884,1.0039054412080166,60.0
47770,2686.412439612033,1.0050603683950168,60.0
47771,2686.4131340564772,1.0041622710743698,60.0
47772,2686.4138285009217,1.0039202833237366,60.0
47773,2686.414522945366,1.0049650081323567,60.0
47774,2686.4152173898106,1.0045683476595333,60.0
47775,2686.415911834255,1.0036332246283632,60.0
47776,2686.4166062786994,1.0053399368839067,60.0
47777,2686.417300723144,1.0039687590519597,60.0
47778,2686.4179951675883,1.0045941345306266,60.0
47779,2686.4186896120327,1.0040253370269667,60.0
47780,2686.419384056477,1.00516798438585,60.0
47781,2686.4200785009216,1.0052507340265302,60.0
47782,2686.420772945366,1.004544789140575,60.0
47783,2686.4214673898105,1.0049529881801933,60.0
47784,2686.422161834255,1.004226963172883,60.0
47785,2686.4228562786993,1.00465672726478,60.0
47786,2686.4235507231438,1.0046739750404268,60.0
47787,2686.424245167588,1.00455257417454,60.0
47788,2686.4249396120326,1.00437291245708,60.0
47789,2686.425634056477,1.0052495278257267,60.0
47790,2686.4263285009215,1.00472725007598,60.0
47791,2686.427022945366,1.0043490367132801,60.0
47792,2686.4277173898104,1.0044722977508032,60.0
47793,2686.428411834255,1.00509011507501,60.0
47794,2686.4291062786992,1.00418446330724,60.0
47795,2686.4298007231437,1.00520692902153,60.0
47796,2686.430495167588,1.0048507161633966,60.0
47797,2686.4311896120325,1.005057991692985,60.0
47798,2686.431884056477,1.00508270632434,60.0
47799,2686.4325785009214,1.00331912975666,60.0
47800,2686.433272945366,1.0048716311239068,60.0
47801,2686.4339673898103,1.0043136200300466,60.0
47802,2686.4346618342547,1.0039886308940702,60.0
47803,2686.435356278699,1.00482402485058,60.0
47804,2686.4360507231436,1.0048957252272233,60.0
47805,2686.436745167588,1.0048776259449301,60.0
47806,2686.437439612033,1.0052183800513668,60.0
47807,2686.4381340564773,1.0055217783129435,60.0
47808,2686.4388285009218,1.00449352929732,60.0
47809,2686.439522945366,1.004304292492455,60.0
47810,2686.4402173898106,1.0042734864186966,60.0
47811,2686.440911834255,1.0053202726235133,60.0
47812,2686.4416062786995,1.00422763444182,60.0
47813,2686.442300723144,1.0041977079415367,60.0
47814,2686.4429951675884,1.00389766809917,60.0
47815,2686.443689612033,1.0059652586033734,60.0
47816,2686.4443840564772,1.0050141554423901,60.0
47817,2686.4450785009217,1.0056336530003351,60.0
47818,2686.445772945366,1.0046020865916199,60.0
47819,2686.4464673898106,1.0048740984205,60.0
47820,2686.447161834255,1.0045562586660368,60.0
47821,2686.4478562786994,1.0052773558930168,60.0
47822,2686.448550723144,1.0042174716079932,60.0
47823,2686.4492451675883,1.0052243928045332,60.0
47824,2686.4499396120327,1.0059502392377266,60.0
47825,2686.450634056477,1.0055351701535031,60.0
47826,2686.4513285009216,1.0052192291206865,60.0
47827,2686.452022945366,1.0045089433027334,60.0
47828,2686.4527173898105,1.0049074970190766,60.0
47829,2686.453411834255,1.0050800479796533,60.0
47830,2686.4541062786993,1.0049941619041265,60.0
47831,2686.4548007231438,1.00494284695605,60.0
47832,2686.455495167588,1.0051959229572633,60.0
47833,2686.4561896120326,1.0058390035713667,60.0
47834,2686.456884056477,1.0055878972264367,60.0
47835,2686.4575785009215,1.0053568384737266,60.0
47836,2686.458272945366,1.0047154395482,60.0
47837,2686.4589673898104,1.00550787163497,60.0
47838,2686.459661834255,1.0069557062027534,60.0
47839,2686.4603562786992,1.005335536942047,60.0
47840,2686.4610507231437,1.0048528264149732,60.0
47841,2686.461745167588,1.0057808654923368,60.0
47842,2686.4624396120325,1.0060102374120465,60.0
47843,2686.463134056477,1.00566548092515,60.0
47844,2686.4638285009214,1.0056734682181734,60.0
47845,2686.464522945366,1.003600243446445,60.0
47846,2686.4652173898103,1.0055250997802867,60.0
47847,2686.4659118342547,1.0051452033089534,60.0
47848,2686.4666062786996,1.00519075186636,60.0
47849,2686.467300723144,1.0054456853423133,60.0
47850,2686.4679951675885,1.0048688734164835,60.0
47851,2686.468689612033,1.00632631230919,60.0
47852,2686.4693840564773,1.0048442985865769,60.0
47853,2686.4700785009218,1.00472785493326,60.0
47854,2686.470772945366,1.00592287159798,60.0
47855,2686.4714673898106,1.00611776945753,60.0
47856,2686.472161834255,1.0051567183514967,60.0
47857,2686.4728562786995,1.0044865329408033,60.0
47858,2686.473550723144,1.0061907854567167,60.0
47859,2686.4742451675884,1.0059974751565566,60.0
47860,2686.474939612033,1.0060897366994366,60.0
47861,2686.4756340564772,1.0059761234063167,60.0
47862,2686.4763285009217,1.0055302756321733,60.0
47863,2686.477022945366,1.0053728983142964,60.0
47864,2686.4777173898106,1.00479945371124,60.0
47865,2686.478411834255,1.0043285862877331,60.0
47866,2686.4791062786994,1.00524939319649,60.0
47867,2686.479800723144,1.0061862605061167,60.0
47868,2686.4804951675883,1.00538501591918,60.0
47869,2686.4811896120327,1.00591272491839,60.0
47870,2686.481884056477,1.0056979637522234,60.0
47871,2686.4825785009216,1.0055216776770666,60.0
47872,2686.483272945366,1.0058041083334965,60.0
47873,2686.4839673898105,1.0059853236012266,60.0
47874,2686.484661834255,1.00502237888744,60.0
47875,2686.4853562786993,1.005346246770755,60.0
47876,2686.4860507231438,1.0066328601391066,60.0
47877,2686.486745167588,1.00593226046694,60.0
47878,2686.4874396120326,1.0049935977756401,60.0
47879,2686.488134056477,1.0056796748555001,60.0
47880,2686.4888285009215,1.0054482231376836,60.0
47881,2686.489522945366,1.0050449301434135,60.0
47882,2686.4902173898104,1.00621450713723,60.0
47883,2686.490911834255,1.00573165071715,60.0
47884,2686.4916062786992,1.0059584290028967,60.0
47885,2686.4923007231437,1.0050455192492533,60.0
47886,2686.492995167588,1.0056699642537998,60.0
47887,2686.4936896120325,1.0063763924924634,60.0
47888,2686.494384056477,1.0053676392907334,60.0
47889,2686.4950785009214,1.0059441665459932,60.0
47890,2686.495772945366,1.0056952989359667,60.0
47891,2686.4964673898107,1.0059001500600866,60.0
47892,2686.497161834255,1.0061066398453933,60.0
47893,2686.4978562786996,1.00573455273843,60.0
47894,2686.498550723144,1.00657404350959,60.0
47895,2686.4992451675885,1.00540585646941,60.0
47896,2686.499939612033,1.0056044623851865,60.0
47897,2686.5006340564773,1.0057600416406767,60.0
47898,2686.5013285009218,1.0064734949655267,60.0
47899,2686.502022945366,1.0063153779391198,60.0
47900,2686.5027173898106,1.0063458896455266,60.0
47901,2686.503411834255,1.0059524463867067,60.0
47902,2686.5041062786995,1.0065350824239603,60.0
47903,2686.504800723144,1.0073219519880565,60.0
47904,2686.5054951675884,1.00593334547402,60.0
47905,2686.506189612033,1.0064278677382599,60.0
47906,2686.5068840564772,1.0060790170613698,60.0
47907,2686.5075785009217,1.0068691609916733,60.0
47908,2686.508272945366,1.0062635260769968,60.0
47909,2686.5089673898106,1.0077268007393732,60.0
47910,2686.509661834255,1.0061896465185667,60.0
47911,2686.5103562786994,1.0058906198470365,60.0
47912,2686.511050723144,1.0056246655468601,60.0
47913,2686.5117451675883,1.0062814195790002,60.0
47914,2686.5124396120327,1.0066020240676032,60.0
47915,2686.513134056477,1.0061204584383632,60.0
47916,2686.5138285009216,1.0064107142760834,60.0
47917,2686.514522945366,1.0060336296721333,60.0
47918,2686.5152173898105,1.0059490326124298,60.0
47919,2686.515911834255,1.0071456097780833,60.0
47920,2686.5166062786993,1.00652086982499,60.0
47921,2686.5173007231438,1.0061070370841134,60.0
47922,2686.517995167588,1.0061290708322133,60.0
47923,2686.5186896120326,1.0062887113388899,60.0
47924,2686.519384056477,1.0069749523244234,60.0
47925,2686.5200785009215,1.0062996845881034,60.0
47926,2686.520772945366,1.0055499983820533,60.0
47927,2686.5214673898104,1.006446666195435,60.0
47928,2686.522161834255,1.0065846078440368,60.0
47929,2686.5228562786992,1.00601452835247,60.0
47930,2686.5235507231437,1.00674185953272,60.0
47931,2686.524245167588,1.00648215178797,60.0
47932,2686.5249396120325,1.00634713934042,60.0
47933,2686.525634056477,1.0064200542661401,60.0
47934,2686.526328500922,1.0061478960091834,60.0
47935,2686.5270229453663,1.0062360041545533,60.0
47936,2686.5277173898107,1.0059113315286168,60.0
47937,2686.528411834255,1.0056295923182734,60.0
47938,2686.5291062786996,1.0063480327524834,60.0
47939,2686.529800723144,1.00691551283515,60.0
47940,2686.5304951675885,1.0061295686559502,60.0
47941,2686.531189612033,1.006762404463415,60.0
47942,2686.5318840564773,1.0066436580181366,60.0
47943,2686.5325785009218,1.006348594561575,60.0
47944,2686.533272945366,1.0065917097561368,60.0
47945,2686.5339673898106,1.0064545713650301,60.0
47946,2686.534661834255,1.006440830532925,60.0
47947,2686.5353562786995,1.00580483812505,60.0
47948,2686.536050723144,1.0059600109385252,60.0
47949,2686.5367451675884,1.0064509682331666,60.0
47950,2686.537439612033,1.0067227088567698,60.0
47951,2686.5381340564772,1.0065362260639399,60.0
47952,2686.5388285009217,1.0069815747478348,60.0
47953,2686.539522945366,1.0071884291209232,60.0
47954,2686.5402173898106,1.00697416822898,60.0
47955,2686.540911834255,1.0066815052854166,60.0
47956,2686.5416062786994,1.0065355252137766,60.0
47957,2686.542300723144,1.0063636917533734,60.0
47958,2686.5429951675883,1.0056645787107668,60.0
47959,2686.5436896120327,1.00569867169507,60.0
47960,2686.544384056477,1.00662017957333,60.0
47961,2686.5450785009216,1.0075136909501334,60.0
47962,2686.545772945366,1.0063618611657932,60.0
47963,2686.5464673898105,1.00630023092363,60.0
47964,2686.547161834255,1.00609554580676,60.0
47965,2686.5478562786993,1.0071383266802734,60.0
47966,2686.5485507231438,1.00610866493252,60.0
47967,2686.549245167588,1.0060909069365551,60.0
47968,2686.5499396120326,1.0068172436250602,60.0
47969,2686.550634056477,1.0063002384622801,60.0
47970,2686.5513285009215,1.006806784459295,60.0
47971,2686.552022945366,1.0073859031087,60.0
47972,2686.5527173898104,1.0071437296418166,60.0
47973,2686.553411834255,1.0072137393239433,60.0
47974,2686.5541062786992,1.00658709340485,60.0
47975,2686.5548007231437,1.00666160452334,60.0
47976,2686.5554951675886,1.0067593634471366,60.0
47977,2686.556189612033,1.00615298717859,60.0
47978,2686.5568840564774,1.00666243276493,60.0
47979,2686.557578500922,1.0070847149026367,60.0
47980,2686.5582729453663,1.0073371727232532,60.0
47981,2686.5589673898107,1.00763642786235,60.0
47982,2686.559661834255,1.0065157867826733,60.0
47983,2686.5603562786996,1.0072601227904132,60.0
47984,2686.561050723144,1.0074203160938933,60.0
47985,2686.5617451675885,1.00627817738606,60.0
47986,2686.562439612033,1.0062190258285033,60.0
47987,2686.5631340564773,1.00675051798157,60.0
47988,2686.5638285009218,1.00712242662021,60.0
47989,2686.564522945366,1.0065335229325367,60.0
47990,2686.5652173898106,1.0068954449426066,60.0
47991,2686.565911834255,1.0070662718076766,60.0
47992,2686.5666062786995,1.0066955003943499,60.0
47993,2686.567300723144,1.00676312881891,60.0
47994,2686.5679951675884,1.00723434084996,60.0
47995,2686.568689612033,1.0071178033529369,60.0
47996,2686.5693840564772,1.0070459225319301,60.0
47997,2686.5700785009217,1.007866912079,60.0
47998,2686.570772945366,1.0072401429544497,60.0
47999,2686.5714673898106,1.00674020340776,60.0
48000,2686.572161834255,1.0064944360962567,60.0
48001,2686.5728562786994,1.00793082042366,60.0
48002,2686.573550723144,1.0062487329836567,60.0
48003,2686.5742451675883,1.007127645299565,60.0
48004,2686.5749396120327,1.0073750691010301,60.0
48005,2686.575634056477,1.007439737969275,60.0
48006,2686.5763285009216,1.0062006962247734,60.0
48007,2686.577022945366,1.006042522484655,60.0
48008,2686.5777173898105,1.00675139018255,60.0
48009,2686.578411834255,1.0075502652426733,60.0
48010,2686.5791062786993,1.007925944377865,60.0
48011,2686.5798007231438,1.006404339679225,60.0
48012,2686.580495167588,1.00661134047702,60.0
48013,2686.5811896120326,1.00701377834486,60.0
48014,2686.581884056477,1.0072088030354567,60.0
48015,2686.5825785009215,1.00587158566564,60.0
48016,2686.583272945366,1.0073337900536001,60.0
48017,2686.5839673898104,1.0071712346487733,60.0
48018,2686.584661834255,1.00764415921201,60.0
48019,2686.5853562786997,1.0075078607799532,60.0
48020,2686.586050723144,1.0072683738471333,60.0
48021,2686.5867451675886,1.00672044422487,60.0
48022,2686.587439612033,1.0072746925981368,60.0
48023,2686.5881340564774,1.00595265955747,60.0
48024,2686.588828500922,1.00714738952289,60.0
48025,2686.5895229453663,1.0076037396315733,60.0
48026,2686.5902173898107,1.0072488589313633,60.0
48027,2686.590911834255,1.0064836264452166,60.0
48028,2686.5916062786996,1.0072039699516067,60.0
48029,2686.592300723144,1.0067720716129431,60.0
48030,2686.5929951675885,1.0073569947531649,60.0
48031,2686.593689612033,1.0065988284899168,60.0
48032,2686.5943840564773,1.0065782162447166,60.0
48033,2686.5950785009218,1.0077066716696,60.0
48034,2686.595772945366,1.0073326899728767,60.0
48035,2686.5964673898106,1.0070209881454202,60.0
48036,2686.597161834255,1.00776438409904,60.0
48037,2686.5978562786995,1.0074483254092568,60.0
48038,2686.598550723144,1.0073117029429333,60.0
48039,2686.5992451675884,1.0057801897549734,60.0
48040,2686.599939612033,1.0074423591422133,60.0
48041,2686.6006340564772,1.0084656807772234,60.0
48042,2686.6013285009217,1.007166937492275,60.0
48043,2686.602022945366,1.00663528586638,60.0
48044,2686.6027173898106,1.0076257776702766,60.0
48045,2686.603411834255,1.007334388513995,60.0
48046,2686.6041062786994,1.0078499827737868,60.0
48047,2686.604800723144,1.0082558348471868,60.0
48048,2686.6054951675883,1.00821865852664,60.0
48049,2686.6061896120327,1.0073915030230267,60.0
48050,2686.606884056477,1.008085378743685,60.0
48051,2686.6075785009216,1.00791829143563,60.0
48052,2686.608272945366,1.00717054545755,60.0
48053,2686.6089673898105,1.00771679316003,60.0
48054,2686.609661834255,1.0086426864441898,60.0
48055,2686.6103562786993,1.00982357937253,60.0
48056,2686.6110507231438,1.0077931205543533,60.0
48057,2686.611745167588,1.0083686568304364,60.0
48058,2686.6124396120326,1.0080229027385867,60.0
48059,2686.613134056477,1.0075548598935702,60.0
48060,2686.6138285009215,1.00857504951823,60.0
48061,2686.614522945366,1.0063266714290666,60.0
48062,2686.615217389811,1.0083069505124833,60.0
48063,2686.6159118342553,1.0065669181392167,60.0
48064,2686.6166062786997,1.0074200127777635,60.0
48065,2686.617300723144,1.00797364358741,60.0
48066,2686.6179951675886,1.0082230676731134,60.0
48067,2686.618689612033,1.006562290237845,60.0
48068,2686.6193840564774,1.0068507116056666,60.0
48069,2686.620078500922,1.00734106143727,60.0
48070,2686.6207729453663,1.0085942122476768,60.0
48071,2686.6214673898107,1.0079947823848767,60.0
48072,2686.622161834255,1.0086786467549367,60.0
48073,2686.6228562786996,1.0077405190735567,60.0
48074,2686.623550723144,1.0080669770438198,60.0
48075,2686.6242451675885,1.0079102647606935,60.0
48076,2686.624939612033,1.006759820382975,60.0
48077,2686.6256340564773,1.007913140630505,60.0
48078,2686.6263285009218,1.00784000986259,60.0
48079,2686.627022945366,1.0067907530743498,60.0
48080,2686.6277173898106,1.0073948990319332,60.0
48081,2686.628411834255,1.0081278200047734,60.0
48082,2686.6291062786995,1.00724234487313,60.0
48083,2686.629800723144,1.0083696482836668,60.0
48084,2686.6304951675884,1.00741428346048,60.0
48085,2686.631189612033,1.0085319609461132,60.0
48086,2686.6318840564772,1.00833567862664,60.0
48087,2686.6325785009217,1.00692543841868,60.0
48088,2686.633272945366,1.0089219003033867,60.0
48089,2686.6339673898106,1.00750306144582,60.0
48090,2686.634661834255,1.0087494431695834,60.0
48091,2686.6353562786994,1.0067497535068066,60.0
48092,2686.636050723144,1.0072260963967166,60.0
48093,2686.6367451675883,1.00714575032116,60.0
48094,2686.6374396120327,1.0082137764861165,60.0
48095,2686.638134056477,1.0081158889862967,60.0
48096,2686.6388285009216,1.0076080576543,60.0
48097,2686.639522945366,1.0069612148077567,60.0
48098,2686.6402173898105,1.0083218442981332,60.0
48099,2686.640911834255,1.0078283378223634,60.0
48100,2686.6416062786993,1.0074971305134734,60.0
48101,2686.6423007231438,1.0074661295225733,60.0
48102,2686.642995167588,1.0080056507085067,60.0
48103,2686.6436896120326,1.0080648794602434,60.0
48104,2686.6443840564775,1.0081296924917034,60.0
48105,2686.645078500922,1.0078776513405634,60.0
48106,2686.6457729453664,1.0081847922357168,60.0
48107,2686.646467389811,1.0084084351831,60.0
48108,2686.6471618342553,1.0084762942651933,60.0
48109,2686.6478562786997,1.00692733991304,60.0
48110,2686.648550723144,1.0081695463712634,60.0
48111,2686.6492451675886,1.0077941125063468,60.0
48112,2686.649939612033,1.0083604457975301,60.0
48113,2686.6506340564774,1.0079732519197233,60.0
48114,2686.651328500922,1.008246146216575,60.0
48115,2686.6520229453663,1.00877807113048,60.0
48116,2686.6527173898107,1.00749898989085,60.0
48117,2686.653411834255,1.0081514037232167,60.0
48118,2686.6541062786996,1.00794826003067,60.0
48119,2686.654800723144,1.0079419570306634,60.0
48120,2686.6554951675885,1.0081340727330599,60.0
48121,2686.656189612033,1.0086794987172867,60.0
48122,2686.6568840564773,1.0086705716943667,60.0
48123,2686.6575785009218,1.0089452656901232,60.0
48124,2686.658272945366,1.0083120534868835,60.0
48125,2686.6589673898106,1.00839169769619,60.0
48126,2686.659661834255,1.0082694989735033,60.0
48127,2686.6603562786995,1.0073247527488451,60.0
48128,2686.661050723144,1.0086091322653667,60.0
48129,2686.6617451675884,1.0090554296469099,60.0
48130,2686.662439612033,1.00834625160641,60.0
48131,2686.6631340564772,1.0070000217655,60.0
48132,2686.6638285009217,1.00837532173426,60.0
48133,2686.664522945366,1.0078863809869334,60.0
48134,2686.6652173898106,1.0081738113218368,60.0
48135,2686.665911834255,1.00926510888823,60.0
48136,2686.6666062786994,1.0084460693962,60.0
48137,2686.667300723144,1.0080137328649368,60.0
48138,2686.6679951675883,1.008800676901215,60.0
48139,2686.6686896120327,1.0091006734689831,60.0
48140,2686.669384056477,1.0075281435694468,60.0
48141,2686.6700785009216,1.0078213126861735,60.0
48142,2686.670772945366,1.0082436758163267,60.0
48143,2686.6714673898105,1.0096176911853767,60.0
48144,2686.672161834255,1.0085199001615768,60.0
48145,2686.6728562786993,1.0077664378965567,60.0
48146,2686.6735507231438,1.0081744507392367,60.0
48147,2686.6742451675887,1.00820811129158,60.0
48148,2686.674939612033,1.0078990518478133,60.0
48149,2686.6756340564775,1.0083034246523501,60.0
48150,2686.676328500922,1.0078836413913133,60.0
48151,2686.6770229453664,1.00803246438079,60.0
48152,2686.677717389811,1.00869325138261,60.0
48153,2686.6784118342553,1.00804738108714,60.0
48154,2686.6791062786997,1.0092188145769765,60.0
48155,2686.679800723144,1.0093633869022833,60.0
48156,2686.6804951675886,1.0082661944204867,60.0
48157,2686.681189612033,1.00928478787244,60.0
48158,2686.6818840564774,1.0092025658891266,60.0
48159,2686.682578500922,1.0080374156543332,60.0
48160,2686.6832729453663,1.0093820004404768,60.0
48161,2686.6839673898107,1.0087759099777667,60.0
48162,2686.684661834255,1.0088515738076833,60.0
48163,2686.6853562786996,1.00864102859848,60.0
48164,2686.686050723144,1.0080732262479632,60.0
48165,2686.6867451675885,1.0075525791518452,60.0
48166,2686.687439612033,1.0082375446031167,60.0
48167,2686.6881340564773,1.0088983558609066,60.0
48168,2686.6888285009218,1.0095126435853135,60.0
48169,2686.689522945366,1.00813734716854,60.0
48170,2686.6902173898106,1.0089849739664833,60.0
48171,2686.690911834255,1.0083552529721433,60.0
48172,2686.6916062786995,1.00971311314295,60.0
48173,2686.692300723144,1.0086095386405634,60.0
48174,2686.6929951675884,1.0095996878598734,60.0
48175,2686.693689612033,1.0091734884557133,60.0
48176,2686.6943840564772,1.00894768557203,60.0
48177,2686.6950785009217,1.00919526609634,60.0
48178,2686.695772945366,1.00828180635344,60.0
48179,2686.6964673898106,1.0088949639160498,60.0
48180,2686.697161834255,1.0091986982718832,60.0
48181,2686.6978562786994,1.00974850949058,60.0
48182,2686.698550723144,1.0089361690954834,60.0
48183,2686.6992451675883,1.008633863872645,60.0
48184,2686.6999396120327,1.00804232643338,60.0
48185,2686.700634056477,1.0094974954253901,60.0
48186,2686.7013285009216,1.0086819276716135,60.0
48187,2686.702022945366,1.0078476782084733,60.0
48188,2686.7027173898105,1.0097867379413967,60.0
48189,2686.703411834255,1.0083570078182433,60.0
48190,2686.7041062787,1.00857749546331,60.0
48191,2686.704800723144,1.0084492289678602,60.0
48192,2686.7054951675887,1.0088462867018866,60.0
48193,2686.706189612033,1.0081046430152567,60.0
48194,2686.7068840564775,1.0090595222173466,60.0
48195,2686.707578500922,1.0094098451410367,60.0
48196,2686.7082729453664,1.008680911171025,60.0
48197,2686.708967389811,1.0093516242047065,60.0
48198,2686.7096618342553,1.00925046489334,60.0
48199,2686.7103562786997,1.0094635762672266,60.0
48200,2686.711050723144,1.00823010067818,60.0
48201,2686.7117451675886,1.0091392759239468,60.0
48202,2686.712439612033,1.00828113357154,60.0
48203,2686.7131340564774,1.00831705025663,60.0
48204,2686.713828500922,1.0082292600433451,60.0
48205,2686.7145229453663,1.0088249706745334,60.0
48206,2686.7152173898107,1.0091777921726133,60.0
48207,2686.715911834255,1.01010967079817,60.0
48208,2686.7166062786996,1.0083031851393465,60.0
48209,2686.717300723144,1.008505752213657,60.0
48210,2686.7179951675885,1.00823416771599,60.0
48211,2686.718689612033,1.0102820670836332,60.0
48212,2686.7193840564773,1.0084837113811267,60.0
48213,2686.7200785009218,1.00880027769057,60.0
48214,2686.720772945366,1.0084299742077867,60.0
48215,2686.7214673898106,1.00920963650824,60.0
48216,2686.722161834255,1.0088931125659066,60.0
48217,2686.7228562786995,1.00864088007913,60.0
48218,2686.723550723144,1.00883847326718,60.0
48219,2686.7242451675884,1.00892760962761,60.0
48220,2686.724939612033,1.0096261958091999,60.0
48221,2686.7256340564772,1.0088187043765033,60.0
48222,2686.7263285009217,1.00912934706349,60.0
48223,2686.727022945366,1.00967047389934,60.0
48224,2686.7277173898106,1.0098808380664466,60.0
48225,2686.728411834255,1.0091150297032,60.0
48226,2686.7291062786994,1.0091246636184834,60.0
48227,2686.729800723144,1.0083485362202833,60.0
48228,2686.7304951675883,1.00918056116368,60.0
48229,2686.7311896120327,1.00984366129149,60.0
48230,2686.731884056477,1.0099603925196767,60.0
48231,2686.7325785009216,1.00915343968179,60.0
48232,2686.7332729453665,1.0087113368259832,60.0
48233,2686.733967389811,1.00841493465283,60.0
48234,2686.7346618342553,1.0089690690344133,60.0
48235,2686.7353562787,1.0096363628062102,60.0
48236,2686.736050723144,1.009341388790313,60.0
48237,2686.7367451675887,1.0103528625057099,60.0
48238,2686.737439612033,1.0081790207147832,60.0
48239,2686.7381340564775,1.0094625665853465,60.0
48240,2686.738828500922,1.00985354595831,60.0
48241,2686.7395229453664,1.0096102818858834,60.0
48242,2686.740217389811,1.00830208763004,60.0
48243,2686.7409118342553,1.0091087252440867,60.0
48244,2686.7416062786997,1.0096644606413934,60.0
48245,2686.742300723144,1.0101235979968701,60.0
48246,2686.7429951675886,1.0098529110548333,60.0
48247,2686.743689612033,1.0093217046482401,60.0
48248,2686.7443840564774,1.00974592780062,60.0
48249,2686.745078500922,1.0092673112158934,60.0
48250,2686.7457729453663,1.007489030865165,60.0
48251,2686.7464673898107,1.0093490022504301,60.0
48252,2686.747161834255,1.0096970128278902,60.0
48253,2686.7478562786996,1.009121207203765,60.0
48254,2686.748550723144,1.0089097083843102,60.0
48255,2686.7492451675885,1.00970080052738,60.0
48256,2686.749939612033,1.00915254848954,60.0
48257,2686.7506340564773,1.0088549288322735,60.0
48258,2686.7513285009218,1.0102258098685633,60.0
48259,2686.752022945366,1.0089344231541535,60.0
48260,2686.7527173898106,1.008544863271815,60.0
48261,2686.753411834255,1.00935398198972,60.0
48262,2686.7541062786995,1.0090517947702333,60.0
48263,2686.754800723144,1.0093756446229036,60.0
48264,2686.7554951675884,1.00890644606074,60.0
48265,2686.756189612033,1.0090306874657866,60.0
48266,2686.7568840564772,1.00994688375535,60.0
48267,2686.7575785009217,1.0091029335665533,60.0
48268,2686.758272945366,1.00958234145891,60.0
48269,2686.7589673898106,1.0093691417173867,60.0
48270,2686.759661834255,1.0094174541879566,60.0
48271,2686.7603562786994,1.0092885691147,60.0
48272,2686.761050723144,1.0087401678509267,60.0
48273,2686.7617451675883,1.0098305333967035,60.0
48274,2686.7624396120327,1.008910132266345,60.0
48275,2686.7631340564776,1.0098131044771634,60.0
48276,2686.763828500922,1.01036020761358,60.0
48277,2686.7645229453665,1.0102283908033867,60.0
48278,2686.765217389811,1.0091380042228935,60.0
48279,2686.7659118342553,1.0106709254569,60.0
48280,2686.7666062787,1.0099841602782231,60.0
48281,2686.767300723144,1.00973951660983,60.0
48282,2686.7679951675887,1.0105381704848233,60.0
48283,2686.768689612033,1.0099730937038467,60.0
48284,2686.7693840564775,1.0101174776315898,60.0
48285,2686.770078500922,1.01026413780471,60.0
48286,2686.7707729453664,1.0101898885263767,60.0
48287,2686.771467389811,1.0091956809033065,60.0
48288,2686.7721618342553,1.0091440439769066,60.0
48289,2686.7728562786997,1.0106829500875734,60.0
48290,2686.773550723144,1.00975295467282,60.0
48291,2686.7742451675886,1.0092957419756365,60.0
48292,2686.774939612033,1.0094823126640633,60.0
48293,2686.7756340564774,1.0096775612860933,60.0
48294,2686.776328500922,1.0093889714720168,60.0
48295,2686.7770229453663,1.00917966245144,60.0
48296,2686.7777173898107,1.0092256701025566,60.0
48297,2686.778411834255,1.0093741968945733,60.0
48298,2686.7791062786996,1.009088949625545,60.0
48299,2686.779800723144,1.00925350498835,60.0
48300,2686.7804951675885,1.0101280089544766,60.0
48301,2686.781189612033,1.01015650714677,60.0
48302,2686.7818840564773,1.0101387645210134,60.0
48303,2686.7825785009218,1.0089794159321135,60.0
48304,2686.783272945366,1.00894097488896,60.0
48305,2686.7839673898106,1.0099656777738932,60.0
48306,2686.784661834255,1.0092039804158868,60.0
48307,2686.7853562786995,1.0093837322793566,60.0
48308,2686.786050723144,1.0101535535078534,60.0
48309,2686.7867451675884,1.0098849445907432,60.0
48310,2686.787439612033,1.01048750844633,60.0
48311,2686.7881340564772,1.0106055888751666,60.0
48312,2686.7888285009217,1.0104685135020033,60.0
48313,2686.789522945366,1.00952337635413,60.0
48314,2686.7902173898106,1.00993493407115,60.0
48315,2686.790911834255,1.0099726234694468,60.0
48316,2686.7916062786994,1.0095041307028465,60.0
48317,2686.792300723144,1.0095663776963535,60.0
48318,2686.7929951675887,1.0089620343045869,60.0
48319,2686.793689612033,1.0098988840339367,60.0
48320,2686.7943840564776,1.0097685141632133,60.0
48321,2686.795078500922,1.0097108921361,60.0
48322,2686.7957729453665,1.00945490488782,60.0
48323,2686.796467389811,1.0088284692261567,60.0
48324,2686.7971618342553,1.00849782033099,60.0
48325,2686.7978562787,1.0104139061998567,60.0
48326,2686.798550723144,1.0100625908322536,60.0
48327,2686.7992451675887,1.0097936340406235,60.0
48328,2686.799939612033,1.0098650386365,60.0
48329,2686.8006340564775,1.0101064343211699,60.0
48330,2686.801328500922,1.0104296030990234,60.0
48331,2686.8020229453664,1.0098555292464066,60.0
48332,2686.802717389811,1.0101998261841367,60.0
48333,2686.8034118342553,1.0109111758752234,60.0
48334,2686.8041062786997,1.0098879607976532,60.0
48335,2686.804800723144,1.01018084183511,60.0
48336,2686.8054951675886,1.0100480216399,60.0
48337,2686.806189612033,1.0104956123974735,60.0
48338,2686.8068840564774,1.00901497916678,60.0
48339,2686.807578500922,1.0099070038018034,60.0
48340,2686.8082729453663,1.0110016943831568,60.0
48341,2686.8089673898107,1.00966952114106,60.0
48342,2686.809661834255,1.0115033706769199,60.0
48343,2686.8103562786996,1.0105903978296935,60.0
48344,2686.811050723144,1.0099606180369267,60.0
48345,2686.8117451675885,1.00931827182498,60.0
48346,2686.812439612033,1.01114284034693,60.0
48347,2686.8131340564773,1.01060019073576,60.0
48348,2686.8138285009218,1.0109354544616467,60.0
48349,2686.814522945366,1.0103407480514133,60.0
48350,2686.8152173898106,1.0109201457012833,60.0
48351,2686.815911834255,1.01013184741344,60.0
48352,2686.8166062786995,1.00988651280731,60.0
48353,2686.817300723144,1.0104541377362166,60.0
48354,2686.8179951675884,1.0099325108218933,60.0
48355,2686.818689612033,1.0105855138831266,60.0
48356,2686.8193840564772,1.010086099882935,60.0
48357,2686.8200785009217,1.01133842663066,60.0
48358,2686.820772945366,1.0090832398745748,60.0
48359,2686.8214673898106,1.00912873655972,60.0
48360,2686.8221618342554,1.0098113496416066,60.0
48361,2686.8228562787,1.0111510340940033,60.0
48362,2686.8235507231443,1.0099748809719333,60.0
48363,2686.8242451675887,1.0096806053463265,60.0
48364,2686.824939612033,1.0103337208436933,60.0
48365,2686.8256340564776,1.0096432060020266,60.0
48366,2686.826328500922,1.01118964800778,60.0
48367,2686.8270229453665,1.010531674928715,60.0
48368,2686.827717389811,1.01044347488385,60.0
48369,2686.8284118342553,1.0106126493349,60.0
48370,2686.8291062787,1.0096374408372766,60.0
48371,2686.829800723144,1.0107308238805934,60.0
48372,2686.8304951675887,1.0110119078604833,60.0
48373,2686.831189612033,1.00928932803549,60.0
48374,2686.8318840564775,1.0105389572634633,60.0
48375,2686.832578500922,1.0104862059193833,60.0
48376,2686.8332729453664,1.0098767465650702,60.0
48377,2686.833967389811,1.0102004352194334,60.0
48378,2686.8346618342553,1.0099249402218167,60.0
48379,2686.8353562786997,1.00950075116117,60.0
48380,2686.836050723144,1.01056380710384,60.0
48381,2686.8367451675886,1.0092146660055834,60.0
48382,2686.837439612033,1.01132276710836,60.0
48383,2686.8381340564774,1.0106628637683532,60.0
48384,2686.838828500922,1.0102624330184635,60.0
48385,2686.8395229453663,1.0105574579749765,60.0
48386,2686.8402173898107,1.0107508921528332,60.0
48387,2686.840911834255,1.0103040266033665,60.0
48388,2686.8416062786996,1.01062365313454,60.0
48389,2686.842300723144,1.0099991385682534,60.0
48390,2686.8429951675885,1.0104976012842102,60.0
48391,2686.843689612033,1.0106523627425834,60.0
48392,2686.8443840564773,1.0101350791785466,60.0
48393,2686.8450785009218,1.0110597541091766,60.0
48394,2686.845772945366,1.0102479181440667,60.0
48395,2686.8464673898106,1.0098290779137866,60.0
48396,2686.847161834255,1.01040185203032,60.0
48397,2686.8478562786995,1.0109620303790667,60.0
48398,2686.848550723144,1.0103859314661434,60.0
48399,2686.8492451675884,1.0101023233272965,60.0
48400,2686.849939612033,1.0108662609643533,60.0
48401,2686.8506340564772,1.01066683476155,60.0
48402,2686.8513285009217,1.01084564458175,60.0
48403,2686.8520229453666,1.0097311081375,60.0
48404,2686.852717389811,1.0099605232566968,60.0
48405,2686.8534118342554,1.0105355410518666,60.0
48406,2686.8541062787,1.0112165837564433,60.0
48407,2686.8548007231443,1.01035858861133,60.0
48408,2686.8554951675887,1.01063907427334,60.0
48409,2686.856189612033,1.00999333190256,60.0
48410,2686.8568840564776,1.0096986938827601,60.0
48411,2686.857578500922,1.00849687229192,60.0
48412,2686.8582729453665,1.0103051894527766,60.0
48413,2686.858967389811,1.0107419673615101,60.0
48414,2686.8596618342553,1.0106888135416734,60.0
48415,2686.8603562787,1.0102283451960101,60.0
48416,2686.861050723144,1.0108664079066734,60.0
48417,2686.8617451675887,1.0102010077093233,60.0
48418,2686.862439612033,1.0096592668564066,60.0
48419,2686.8631340564775,1.0108248758437233,60.0
48420,2686.863828500922,1.0114247180469267,60.0
48421,2686.8645229453664,1.0112548984807501,60.0
48422,2686.865217389811,1.0100021585863999,60.0
48423,2686.8659118342553,1.0098471933802733,60.0
48424,2686.8666062786997,1.0104661955267633,60.0
48425,2686.867300723144,1.0102946618479198,60.0
48426,2686.8679951675886,1.01068477595533,60.0
48427,2686.868689612033,1.010289765016965,60.0
48428,2686.8693840564774,1.01144253939101,60.0
48429,2686.870078500922,1.0100850779812032,60.0
48430,2686.8707729453663,1.01073619472424,60.0
48431,2686.8714673898107,1.00967498788913,60.0
48432,2686.872161834255,1.0104797707848767,60.0
48433,2686.8728562786996,1.0093507381222133,60.0
48434,2686.873550723144,1.0108200085512935,60.0
48435,2686.8742451675885,1.0094879317030732,60.0
48436,2686.874939612033,1.0113333313581168,60.0
48437,2686.8756340564773,1.0106264136179999,60.0
48438,2686.8763285009218,1.0109547753832966,60.0
48439,2686.877022945366,1.01163152866337,60.0
48440,2686.8777173898106,1.0103028881746532,60.0
48441,2686.878411834255,1.0116179416408067,60.0
48442,2686.8791062786995,1.0122082698525834,60.0
48443,2686.879800723144,1.0097854944616067,60.0
48444,2686.8804951675884,1.010995607740715,60.0
48445,2686.881189612033,1.0108044206259867,60.0
48446,2686.8818840564777,1.0101844959255069,60.0
48447,2686.882578500922,1.0107268143455934,60.0
48448,2686.8832729453666,1.011287209718045,60.0
48449,2686.883967389811,1.010890696920833,60.0
48450,2686.8846618342554,1.0100825112261533,60.0
48451,2686.8853562787,1.01056178800453,60.0
48452,2686.8860507231443,1.010984489034525,60.0
48453,2686.8867451675887,1.0112532630754767,60.0
48454,2686.887439612033,1.0111023723125399,60.0
48455,2686.8881340564776,1.0106703904356333,60.0
48456,2686.888828500922,1.01017625956139,60.0
48457,2686.8895229453665,1.0108276679456933,60.0
48458,2686.890217389811,1.0101144837325433,60.0
48459,2686.8909118342553,1.0102082581751535,60.0
48460,2686.8916062787,1.0106896259131999,60.0
48461,2686.892300723144,1.0103423431255034,60.0
48462,2686.8929951675887,1.0105159939903399,60.0
48463,2686.893689612033,1.0108276401136933,60.0
48464,2686.8943840564775,1.0122699936778101,60.0
48465,2686.895078500922,1.0112887248690001,60.0
48466,2686.8957729453664,1.01084741120477,60.0
48467,2686.896467389811,1.0119167509067868,60.0
48468,2686.8971618342553,1.0105712585072766,60.0
48469,2686.8978562786997,1.0098723133127265,60.0
48470,2686.898550723144,1.0117961416847032,60.0
48471,2686.8992451675886,1.00981818872941,60.0
48472,2686.899939612033,1.0108555216427433,60.0
48473,2686.9006340564774,1.0098625822243998,60.0
48474,2686.901328500922,1.01169957446437,60.0
48475,2686.9020229453663,1.010536725810585,60.0
48476,2686.9027173898107,1.0101037259550534,60.0
48477,2686.903411834255,1.01058900000913,60.0
48478,2686.9041062786996,1.0105160918332168,60.0
48479,2686.904800723144,1.0105817586898,60.0
48480,2686.9054951675885,1.0097361456721667,60.0
48481,2686.906189612033,1.0112538183472202,60.0
48482,2686.9068840564773,1.01129605635131,60.0
48483,2686.9075785009218,1.01094489464488,60.0
48484,2686.908272945366,1.0104754956922968,60.0
48485,2686.9089673898106,1.0117327693041098,60.0
48486,2686.909661834255,1.01138691823577,60.0
48487,2686.9103562786995,1.0110559819200133,60.0
48488,2686.9110507231444,1.0114504769804,60.0
48489,2686.911745167589,1.0111749783406834,60.0
48490,2686.9124396120333,1.0105889840123132,60.0
48491,2686.9131340564777,1.0109176549468033,60.0
48492,2686.913828500922,1.0113396517659068,60.0
48493,2686.9145229453666,1.01076240494757,60.0
48494,2686.915217389811,1.01048648443237,60.0
48495,2686.9159118342554,1.01078328307918,60.0
48496,2686.9166062787,1.0117009855061034,60.0
48497,2686.9173007231443,1.0109464599235134,60.0
48498,2686.9179951675887,1.0100749066588834,60.0
48499,2686.918689612033,1.01236059813123,60.0
48500,2686.9193840564776,1.010216931497,60.0
48501,2686.920078500922,1.01134801989089,60.0
48502,2686.9207729453665,1.01247719465988,60.0
48503,2686.921467389811,1.0116899453586232,60.0
48504,2686.9221618342553,1.0104627930896601,60.0
48505,2686.9228562787,1.0112564317108799,60.0
48506,2686.923550723144,1.0115487108370267,60.0
48507,2686.9242451675887,1.0109793517361767,60.0
48508,2686.924939612033,1.0116316913728,60.0
48509,2686.9256340564775,1.01234363852422,60.0
48510,2686.926328500922,1.0112647322042567,60.0
48511,2686.9270229453664,1.0114356219694203,60.0
48512,2686.927717389811,1.0108911397901899,60.0
48513,2686.9284118342553,1.0119508226819967,60.0
48514,2686.9291062786997,1.0121606235780352,60.0
48515,2686.929800723144,1.01039732921853,60.0
48516,2686.9304951675886,1.01058613371121,60.0
48517,2686.931189612033,1.01010663032465,60.0
48518,2686.9318840564774,1.0110790602141968,60.0
48519,2686.932578500922,1.01218143842008,60.0
48520,2686.9332729453663,1.0101834860117167,60.0
48521,2686.9339673898107,1.01046736046652,60.0
48522,2686.934661834255,1.011186267768397,60.0
48523,2686.9353562786996,1.0119389951500535,60.0
48524,2686.936050723144,1.0117759296176334,60.0
48525,2686.9367451675885,1.0120486074134134,60.0
48526,2686.937439612033,1.0112207220835499,60.0
48527,2686.9381340564773,1.0112946872183133,60.0
48528,2686.9388285009218,1.0119101607379932,60.0
48529,2686.939522945366,1.01145886701443,60.0
48530,2686.9402173898106,1.01129842157379,60.0
48531,2686.9409118342555,1.0122602696810168,60.0
48532,2686.9416062787,1.01049779143857,60.0
48533,2686.9423007231444,1.0111725126058166,60.0
48534,2686.942995167589,1.0113014675638101,60.0
48535,2686.9436896120333,1.0114105251365435,60.0
48536,2686.9443840564777,1.0110018103155451,60.0
48537,2686.945078500922,1.012252738098605,60.0
48538,2686.9457729453666,1.0115882139516135,60.0
48539,2686.946467389811,1.0108496688722532,60.0
48540,2686.9471618342554,1.0124212862729367,60.0
48541,2686.9478562787,1.0111833967903865,60.0
48542,2686.9485507231443,1.0115386696684,60.0
48543,2686.9492451675887,1.01210161012168,60.0
48544,2686.949939612033,1.0109889952846567,60.0
48545,2686.9506340564776,1.01230352005365,60.0
48546,2686.951328500922,1.011070530084795,60.0
48547,2686.9520229453665,1.01025967295496,60.0
48548,2686.952717389811,1.01075844342132,60.0
48549,2686.9534118342553,1.0115439535469501,60.0
48550,2686.9541062787,1.0116315715123,60.0
48551,2686.954800723144,1.0120188238132233,60.0
48552,2686.9554951675887,1.0121130872613433,60.0
48553,2686.956189612033,1.0119850213689867,60.0
48554,2686.9568840564775,1.01114373135963,60.0
48555,2686.957578500922,1.01194274245146,60.0
48556,2686.9582729453664,1.0118374470379399,60.0
48557,2686.958967389811,1.0115465718949632,60.0
48558,2686.9596618342553,1.0119477372078967,60.0
48559,2686.9603562786997,1.0114177155317234,60.0
48560,2686.961050723144,1.0113519726088267,60.0
48561,2686.9617451675886,1.0112132061382566,60.0
48562,2686.962439612033,1.0123753416145,60.0
48563,2686.9631340564774,1.0116160630723032,60.0
48564,2686.963828500922,1.0116195572565634,60.0
48565,2686.9645229453663,1.0113200693566833,60.0
48566,2686.9652173898107,1.0124875939832734,60.0
48567,2686.965911834255,1.0116996078694835,60.0
48568,2686.9666062786996,1.0119193819110235,60.0
48569,2686.967300723144,1.0115413785815266,60.0
48570,2686.9679951675885,1.0120316035387067,60.0
48571,2686.968689612033,1.0112330674427499,60.0
48572,2686.9693840564773,1.0119498126734434,60.0
48573,2686.9700785009218,1.0124672420334566,60.0
48574,2686.9707729453667,1.0120270816161698,60.0
48575,2686.971467389811,1.0116807752691965,60.0
48576,2686.9721618342555,1.0119240417661648,60.0
48577,2686.9728562787,1.0118785684912734,60.0
48578,2686.9735507231444,1.0118432607736567,60.0
48579,2686.974245167589,1.0118973738531634,60.0
48580,2686.9749396120333,1.0111193093524866,60.0
48581,2686.9756340564777,1.01104680978418,60.0
48582,2686.976328500922,1.0112316800932468,60.0
48583,2686.9770229453666,1.0117692157832465,60.0
48584,2686.977717389811,1.0114277816257131,60.0
48585,2686.9784118342554,1.0119480189753534,60.0
48586,2686.9791062787,1.01153278759002,60.0
48587,2686.9798007231443,1.01163075068297,60.0
48588,2686.9804951675887,1.0108691085810748,60.0
48589,2686.981189612033,1.01188323113314,60.0
48590,2686.9818840564776,1.01174626944868,60.0
48591,2686.982578500922,1.0106345256134235,60.0
48592,2686.9832729453665,1.01275818167399,60.0
48593,2686.983967389811,1.0116269170625334,60.0
48594,2686.9846618342553,1.0122023380008134,60.0
48595,2686.9853562787,1.0113659055497,60.0
48596,2686.986050723144,1.0117669253169732,60.0
48597,2686.9867451675887,1.0116115027423767,60.0
48598,2686.987439612033,1.0109727578113434,60.0
48599,2686.9881340564775,1.0126465057352334,60.0
48600,2686.988828500922,1.0123534796821099,60.0
48601,2686.9895229453664,1.0121006473554102,60.0
48602,2686.990217389811,1.0128248292873734,60.0
48603,2686.9909118342553,1.012074176209485,60.0
48604,2686.9916062786997,1.0115743432140867,60.0
48605,2686.992300723144,1.0120704669875966,60.0
48606,2686.9929951675886,1.0114999873665467,60.0
48607,2686.993689612033,1.0115349017410633,60.0
48608,2686.9943840564774,1.0117339080851935,60.0
48609,2686.995078500922,1.0112830416858434,60.0
48610,2686.9957729453663,1.0119466450145698,60.0
48611,2686.9964673898107,1.0124267190444936,60.0
48612,2686.997161834255,1.0116609626635633,60.0
48613,2686.9978562786996,1.01059052538409,60.0
48614,2686.998550723144,1.0119321280326399,60.0
48615,2686.9992451675885,1.0113918006914933,60.0
48616,2686.9999396120334,1.0118955379609333,60.0
48617,2687.000634056478,1.0119694734486464,60.0
48618,2687.001328500922,1.01221419925186,60.0
48619,2687.0020229453667,1.0121041541907299,60.0
48620,2687.002717389811,1.0121261418476333,60.0
48621,2687.0034118342555,1.0121652447524268,60.0
48622,2687.0041062787,1.01133393377409,60.0
48623,2687.0048007231444,1.01262158648938,60.0
48624,2687.005495167589,1.01259043932031,60.0
48625,2687.0061896120333,1.0114225974989932,60.0
48626,2687.0068840564777,1.0117581935834898,60.0
48627,2687.007578500922,1.0136984390146668,60.0
48628,2687.0082729453666,1.0119583762261701,60.0
48629,2687.008967389811,1.01224986154161,60.0
48630,2687.0096618342554,1.012071397196,60.0
48631,2687.0103562787,1.0120070601304834,60.0
48632,2687.0110507231443,1.01165538813893,60.0
48633,2687.0117451675887,1.0126336345282934,60.0
48634,2687.012439612033,1.0127030071766132,60.0
48635,2687.0131340564776,1.01119846329473,60.0
48636,2687.013828500922,1.0121129062219298,60.0
48637,2687.0145229453665,1.01195244073158,60.0
48638,2687.015217389811,1.0133600741320967,60.0
48639,2687.0159118342553,1.0117605137890366,60.0
48640,2687.0166062787,1.0128484501995232,60.0
48641,2687.017300723144,1.0127931355962452,60.0
48642,2687.0179951675887,1.0116558760610934,60.0
48643,2687.018689612033,1.01150106368153,60.0
48644,2687.0193840564775,1.0118313412587734,60.0
48645,2687.020078500922,1.0115402252352401,60.0
48646,2687.0207729453664,1.0123545629367767,60.0
48647,2687.021467389811,1.01254039583005,60.0
48648,2687.0221618342553,1.0121635138015035,60.0
48649,2687.0228562786997,1.012285627385083,60.0
48650,2687.023550723144,1.0128229588615467,60.0
48651,2687.0242451675886,1.01121509270038,60.0
48652,2687.024939612033,1.0116159632013935,60.0
48653,2687.0256340564774,1.01213678833172,60.0
48654,2687.026328500922,1.0122923181368166,60.0
48655,2687.0270229453663,1.012257178651375,60.0
48656,2687.0277173898107,1.01267252281238,60.0
48657,2687.028411834255,1.01194423861422,60.0
48658,2687.0291062786996,1.0124292066618732,60.0
48659,2687.0298007231445,1.013536000339605,60.0
48660,2687.030495167589,1.0121070138948,60.0
48661,2687.0311896120334,1.0121211023131231,60.0
48662,2687.031884056478,1.0120118007472634,60.0
48663,2687.032578500922,1.011343693916795,60.0
48664,2687.0332729453667,1.0124313330111867,60.0
48665,2687.033967389811,1.0115918294944735,60.0
48666,2687.0346618342555,1.0117201593968266,60.0
48667,2687.0353562787,1.0123781521723967,60.0
48668,2687.0360507231444,1.0125079636828433,60.0
48669,2687.036745167589,1.0119510529679134,60.0
48670,2687.0374396120333,1.0135738505378866,60.0
48671,2687.0381340564777,1.0124324892011434,60.0
48672,2687.038828500922,1.0121975782433366,60.0
48673,2687.0395229453666,1.01173910861566,60.0
48674,2687.040217389811,1.012736649923747,60.0
48675,2687.0409118342554,1.01144346903427,60.0
48676,2687.0416062787,1.0120384687926667,60.0
48677,2687.0423007231443,1.0121125098212802,60.0
48678,2687.0429951675887,1.01235383516168,60.0
48679,2687.043689612033,1.012264877998115,60.0
48680,2687.0443840564776,1.0124964894428066,60.0
48681,2687.045078500922,1.01221307727683,60.0
48682,2687.0457729453665,1.0129018818868067,60.0
48683,2687.046467389811,1.0126467269825465,60.0
48684,2687.0471618342553,1.01207598105323,60.0
48685,2687.0478562787,1.0126303708329767,60.0
48686,2687.048550723144,1.0117266165910401,60.0
48687,2687.0492451675887,1.0122527869728166,60.0
48688,2687.049939612033,1.0120295330565634,60.0
48689,2687.0506340564775,1.0122382491350363,60.0
48690,2687.051328500922,1.0124638377758899,60.0
48691,2687.0520229453664,1.0123180878323499,60.0
48692,2687.052717389811,1.0131230664465167,60.0
48693,2687.0534118342553,1.0116846808907234,60.0
48694,2687.0541062786997,1.0125593622848765,60.0
48695,2687.054800723144,1.0123431673622534,60.0
48696,2687.0554951675886,1.0133320307457334,60.0
48697,2687.056189612033,1.01193038105456,60.0
48698,2687.0568840564774,1.01141499062825,60.0
48699,2687.057578500922,1.0123551143402032,60.0
48700,2687.0582729453663,1.01126085357042,60.0
48701,2687.0589673898107,1.0118001114820698,60.0
48702,2687.0596618342556,1.01255164784832,60.0
48703,2687.0603562787,1.0122195558228535,60.0
48704,2687.0610507231445,1.01176632561865,60.0
48705,2687.061745167589,1.0128984669026533,60.0
48706,2687.0624396120334,1.0133759264162032,60.0
48707,2687.063134056478,1.012758575868295,60.0
48708,2687.063828500922,1.01278215800272,60.0
48709,2687.0645229453667,1.01223483135215,60.0
48710,2687.065217389811,1.0122191763887134,60.0
48711,2687.0659118342555,1.0117713554121168,60.0
48712,2687.0666062787,1.0118090182846433,60.0
48713,2687.0673007231444,1.0116302881186934,60.0
48714,2687.067995167589,1.01279902664264,60.0
48715,2687.0686896120333,1.01200880300723,60.0
48716,2687.0693840564777,1.0120881657973433,60.0
48717,2687.070078500922,1.0124795852926434,60.0
48718,2687.0707729453666,1.0118578884409868,60.0
48719,2687.071467389811,1.0131969162547934,60.0
48720,2687.0721618342554,1.0129278712470167,60.0
48721,2687.0728562787,1.0126899920950099,60.0
48722,2687.0735507231443,1.0121376172289067,60.0
48723,2687.0742451675887,1.0116868625481332,60.0
48724,2687.074939612033,1.0117994357178501,60.0
48725,2687.0756340564776,1.01168201730058,60.0
48726,2687.076328500922,1.0125342397576833,60.0
48727,2687.0770229453665,1.0125166525501668,60.0
48728,2687.077717389811,1.01177186381159,60.0
48729,2687.0784118342553,1.011945120848225,60.0
48730,2687.0791062787,1.011876655263725,60.0
48731,2687.079800723144,1.0131709231299866,60.0
48732,2687.0804951675887,1.01338854928426,60.0
48733,2687.081189612033,1.0133702109741567,60.0
48734,2687.0818840564775,1.0131624255872902,60.0
48735,2687.082578500922,1.01224732866288,60.0
48736,2687.0832729453664,1.01255083985657,60.0
48737,2687.083967389811,1.0121911509008201,60.0
48738,2687.0846618342553,1.0120420498104967,60.0
48739,2687.0853562786997,1.0126068537696267,60.0
48740,2687.086050723144,1.012650134808165,60.0
48741,2687.0867451675886,1.012592894713575,60.0
48742,2687.087439612033,1.012998936307495,60.0
48743,2687.0881340564774,1.0127894751583633,60.0
48744,2687.0888285009223,1.0117745276238133,60.0
48745,2687.0895229453668,1.011769579589,60.0
48746,2687.090217389811,1.0114711884632435,60.0
48747,2687.0909118342556,1.01327737366053,60.0
48748,2687.0916062787,1.0121075840325833,60.0
48749,2687.0923007231445,1.0117256468846867,60.0
48750,2687.092995167589,1.0120064095583368,60.0
48751,2687.0936896120334,1.012826713404755,60.0
48752,2687.094384056478,1.0116888888554134,60.0
48753,2687.095078500922,1.012731068710905,60.0
48754,2687.0957729453667,1.01271494683959,60.0
48755,2687.096467389811,1.01170422112345,60.0
48756,2687.0971618342555,1.0123140844875067,60.0
48757,2687.0978562787,1.0124115671840033,60.0
48758,2687.0985507231444,1.01343936179736,60.0
48759,2687.099245167589,1.01183318387503,60.0
48760,2687.0999396120333,1.0130616039425866,60.0
48761,2687.1006340564777,1.012590402889267,60.0
48762,2687.101328500922,1.012547631455225,60.0
48763,2687.1020229453666,1.0125667777668834,60.0
48764,2687.102717389811,1.0117949503887833,60.0
48765,2687.1034118342554,1.0117540393830902,60.0
48766,2687.1041062787,1.0122453241885065,60.0
48767,2687.1048007231443,1.01235909647806,60.0
48768,2687.1054951675887,1.0126433604946865,60.0
48769,2687.106189612033,1.0121989716532749,60.0
48770,2687.1068840564776,1.01293289132552,60.0
48771,2687.107578500922,1.01270113212429,60.0
48772,2687.1082729453665,1.0124225832451133,60.0
48773,2687.108967389811,1.0126795798746302,60.0
48774,2687.1096618342553,1.0127243354480233,60.0
48775,2687.1103562787,1.0120018222046134,60.0
48776,2687.111050723144,1.0123902136744665,60.0
48777,2687.1117451675887,1.0114658679116533,60.0
48778,2687.112439612033,1.0118849923748667,60.0
48779,2687.1131340564775,1.01243011292281,60.0
48780,2687.113828500922,1.0115703322825034,60.0
48781,2687.1145229453664,1.01239328594794,60.0
48782,2687.115217389811,1.0119525151398268,60.0
48783,2687.1159118342553,1.01256799194003,60.0
48784,2687.1166062786997,1.0123337314723868,60.0
48785,2687.117300723144,1.01242844048845,60.0
48786,2687.1179951675886,1.0134274067704534,60.0
48787,2687.1186896120334,1.0123091196116267,60.0
48788,2687.119384056478,1.0126102417452134,60.0
48789,2687.1200785009223,1.0127526089823868,60.0
48790,2687.1207729453668,1.01148264337674,60.0
48791,2687.121467389811,1.0124312484747267,60.0
48792,2687.1221618342556,1.0117284485776767,60.0
48793,2687.1228562787,1.01170467388417,60.0
48794,2687.1235507231445,1.0127793536761833,60.0
48795,2687.124245167589,1.0118353851062651,60.0
48796,2687.1249396120334,1.01264975049512,60.0
48797,2687.125634056478,1.0119936194903167,60.0
48798,2687.126328500922,1.0123747809732164,60.0
48799,2687.1270229453667,1.0118558864631335,60.0
48800,2687.127717389811,1.01276809436583,60.0
48801,2687.1284118342555,1.0123064061599434,60.0
48802,2687.1291062787,1.0127791182141834,60.0
48803,2687.1298007231444,1.0121130943545333,60.0
48804,2687.130495167589,1.0120521160856766,60.0
48805,2687.1311896120333,1.01189334926854,60.0
48806,2687.1318840564777,1.0119988071279766,60.0
48807,2687.132578500922,1.01214745031893,60.0
48808,2687.1332729453666,1.0113041886354333,60.0
48809,2687.133967389811,1.01223107543523,60.0
48810,2687.1346618342554,1.01089359553096,60.0
48811,2687.1353562787,1.0123536117409833,60.0
48812,2687.1360507231443,1.0130101203089967,60.0
48813,2687.1367451675887,1.01184364654799,60.0
48814,2687.137439612033,1.0124754914983434,60.0
48815,2687.1381340564776,1.01158161606641,60.0
48816,2687.138828500922,1.0117010769016168,60.0
48817,2687.1395229453665,1.0125477683474566,60.0
48818,2687.140217389811,1.0116872967488968,60.0
48819,2687.1409118342553,1.01263645643457,60.0
48820,2687.1416062787,1.01292313663182,60.0
48821,2687.142300723144,1.0126677339694832,60.0
48822,2687.1429951675887,1.0126899852737667,60.0
48823,2687.143689612033,1.0125256070796433,60.0
48824,2687.1443840564775,1.0133515887333333,60.0
48825,2687.145078500922,1.0124898207817867,60.0
48826,2687.1457729453664,1.0128800184452533,60.0
48827,2687.146467389811,1.01165983049576,60.0
48828,2687.1471618342553,1.011683173975075,60.0
48829,2687.1478562786997,1.0120368614732766,60.0
48830,2687.1485507231446,1.0126104441999566,60.0
48831,2687.149245167589,1.0120122796024948,60.0
48832,2687.1499396120334,1.0120478981582401,60.0
48833,2687.150634056478,1.01217831934255,60.0
48834,2687.1513285009223,1.0119101889997701,60.0
48835,2687.1520229453668,1.0122391305249867,60.0
48836,2687.152717389811,1.01203572426227,60.0
48837,2687.1534118342556,1.0134565805829534,60.0
48838,2687.1541062787,1.01159564434007,60.0
48839,2687.1548007231445,1.01209073569152,60.0
48840,2687.155495167589,1.012668397291515,60.0
48841,2687.1561896120334,1.0118952207131533,60.0
48842,2687.156884056478,1.0125290515588967,60.0
48843,2687.157578500922,1.0122410167886333,60.0
48844,2687.1582729453667,1.0122609000919967,60.0
48845,2687.158967389811,1.01169691377985,60.0
48846,2687.1596618342555,1.01239237357753,60.0
48847,2687.1603562787,1.0130687303780965,60.0
48848,2687.1610507231444,1.012160871141925,60.0
48849,2687.161745167589,1.0132135796466266,60.0
48850,2687.1624396120333,1.01259561032328,60.0
48851,2687.1631340564777,1.0125944098724766,60.0
48852,2687.163828500922,1.0117295379579867,60.0
48853,2687.1645229453666,1.0132311736378135,60.0
48854,2687.165217389811,1.0133601301164,60.0
48855,2687.1659118342554,1.012109805522605,60.0
48856,2687.1666062787,1.0129536176899965,60.0
48857,2687.1673007231443,1.0129249491669798,60.0
48858,2687.1679951675887,1.0130748175148734,60.0
48859,2687.168689612033,1.0120822671060499,60.0
48860,2687.1693840564776,1.0122896027186432,60.0
48861,2687.170078500922,1.0122922667342467,60.0
48862,2687.1707729453665,1.0115243977623798,60.0
48863,2687.171467389811,1.012439401147855,60.0
48864,2687.1721618342553,1.0120342286117834,60.0
48865,2687.1728562787,1.01291836906958,60.0
48866,2687.173550723144,1.0116467469308532,60.0
48867,2687.1742451675887,1.0122067968752833,60.0
48868,2687.174939612033,1.0127042613178066,60.0
48869,2687.1756340564775,1.0111034507793002,60.0
48870,2687.176328500922,1.0122878631657801,60.0
48871,2687.1770229453664,1.0121981934556734,60.0
48872,2687.1777173898113,1.0130923259985767,60.0
48873,2687.1784118342557,1.0127178241493,60.0
48874,2687.1791062787,1.0116216732438101,60.0
48875,2687.1798007231446,1.01253519041473,60.0
48876,2687.180495167589,1.0125166362957652,60.0
48877,2687.1811896120334,1.0124801519343198,60.0
48878,2687.181884056478,1.0112646852296268,60.0
48879,2687.1825785009223,1.0131153627976233,60.0
48880,2687.1832729453668,1.011779813273765,60.0
48881,2687.183967389811,1.0118268660993868,60.0
48882,2687.1846618342556,1.01265963110394,60.0
48883,2687.1853562787,1.01202235261534,60.0
48884,2687.1860507231445,1.0114987188720133,60.0
48885,2687.186745167589,1.0121650009224734,60.0
48886,2687.1874396120334,1.01245804980541,60.0
48887,2687.188134056478,1.0129792603388033,60.0
48888,2687.188828500922,1.01144669046316,60.0
48889,2687.1895229453667,1.0117586816234034,60.0
48890,2687.190217389811,1.0117906637071135,60.0
48891,2687.1909118342555,1.01265855649832,60.0
48892,2687.1916062787,1.0119056534544566,60.0
48893,2687.1923007231444,1.0126472802177735,60.0
48894,2687.192995167589,1.011417442393623,60.0
48895,2687.1936896120333,1.0131286839342901,60.0
48896,2687.1943840564777,1.0126199042643567,60.0
48897,2687.195078500922,1.0125495228147667,60.0
48898,2687.1957729453666,1.01279588380123,60.0
48899,2687.196467389811,1.0117047727238602,60.0
48900,2687.1971618342554,1.0124570289672066,60.0
48901,2687.1978562787,1.0120722002327267,60.0
48902,2687.1985507231443,1.01222234735242,60.0
48903,2687.1992451675887,1.0123144806289568,60.0
48904,2687.199939612033,1.0124028676151333,60.0
48905,2687.2006340564776,1.0133091258931566,60.0
48906,2687.201328500922,1.0126900597222,60.0
48907,2687.2020229453665,1.01278504694435,60.0
48908,2687.202717389811,1.0123371356278232,60.0
48909,2687.2034118342553,1.01220220952786,60.0
48910,2687.2041062787,1.01313365279048,60.0
48911,2687.204800723144,1.01142917831572,60.0
48912,2687.2054951675887,1.0120998578114333,60.0
48913,2687.206189612033,1.01199199099089,60.0
48914,2687.2068840564775,1.0123039518847268,60.0
48915,2687.2075785009224,1.01324004017622,60.0
48916,2687.208272945367,1.012357012662335,60.0
48917,2687.2089673898113,1.01259156028048,60.0
48918,2687.2096618342557,1.01286943094367,60.0
48919,2687.2103562787,1.0128867178968133,60.0
48920,2687.2110507231446,1.0116239510628533,60.0
48921,2687.211745167589,1.01168923452902,60.0
48922,2687.2124396120334,1.0125446486343967,60.0
48923,2687.213134056478,1.0121047184246068,60.0
48924,2687.2138285009223,1.01141807067482,60.0
48925,2687.2145229453668,1.0117293109125631,60.0
48926,2687.215217389811,1.0121801939662367,60.0
48927,2687.2159118342556,1.0124954612138335,60.0
48928,2687.2166062787,1.01231611014322,60.0
48929,2687.2173007231445,1.011938770721,60.0
48930,2687.217995167589,1.0120381561764835,60.0
48931,2687.2186896120334,1.01182346548876,60.0
48932,2687.219384056478,1.01258288895517,60.0
48933,2687.220078500922,1.0122122775818134,60.0
48934,2687.2207729453667,1.0127383913720034,60.0
48935,2687.221467389811,1.0121899749837748,60.0
48936,2687.2221618342555,1.0119497729322664,60.0
48937,2687.2228562787,1.0126511354982233,60.0
48938,2687.2235507231444,1.0117797756923035,60.0
48939,2687.224245167589,1.0118779536676465,60.0
48940,2687.2249396120333,1.01247353549163,60.0
48941,2687.2256340564777,1.01257259415653,60.0
48942,2687.226328500922,1.0125561151797866,60.0
48943,2687.2270229453666,1.0133458838813498,60.0
48944,2687.227717389811,1.0119488886995833,60.0
48945,2687.2284118342554,1.0125563729941531,60.0
48946,2687.2291062787,1.0117041862506133,60.0
48947,2687.2298007231443,1.0119628251718333,60.0
48948,2687.2304951675887,1.0129627120983702,60.0
48949,2687.231189612033,1.0120007335315602,60.0
48950,2687.2318840564776,1.0125261752684234,60.0
48951,2687.232578500922,1.01229777251209,60.0
48952,2687.2332729453665,1.01213668386243,60.0
48953,2687.233967389811,1.0124059098627631,60.0
48954,2687.2346618342553,1.0127568370068933,60.0
48955,2687.2353562787,1.01286943319175,60.0
48956,2687.236050723144,1.0124940380863234,60.0
48957,2687.2367451675887,1.0124901338013832,60.0
48958,2687.2374396120335,1.01154479376291,60.0
48959,2687.238134056478,1.0133673399861267,60.0
48960,2687.2388285009224,1.0124974096471366,60.0
48961,2687.239522945367,1.0124536682511551,60.0
48962,2687.2402173898113,1.0125818729099734,60.0
48963,2687.2409118342557,1.0116353887606833,60.0
48964,2687.2416062787,1.0137158337965066,60.0
48965,2687.2423007231446,1.0110422056508466,60.0
48966,2687.242995167589,1.01293379867388,60.0
48967,2687.2436896120334,1.0129715316994135,60.0
48968,2687.244384056478,1.0129468016509533,60.0
48969,2687.2450785009223,1.0132958046035165,60.0
48970,2687.2457729453668,1.01231370210688,60.0
48971,2687.246467389811,1.0123429082279733,60.0
48972,2687.2471618342556,1.0123298450844933,60.0
48973,2687.2478562787,1.0131364023723866,60.0
48974,2687.2485507231445,1.0121557459562334,60.0
48975,2687.249245167589,1.011824406438575,60.0
48976,2687.2499396120334,1.01208472314674,60.0
48977,2687.250634056478,1.0128240977262166,60.0
48978,2687.251328500922,1.0129111388824033,60.0
48979,2687.2520229453667,1.0129923676538166,60.0
48980,2687.252717389811,1.0133445359316033,60.0
48981,2687.2534118342555,1.01265320948903,60.0
48982,2687.2541062787,1.01292753944324,60.0
48983,2687.2548007231444,1.01155489316865,60.0
48984,2687.255495167589,1.013027705473165,60.0
48985,2687.2561896120333,1.0122421214934434,60.0
48986,2687.2568840564777,1.01294481952878,60.0
48987,2687.257578500922,1.0130962310043732,60.0
48988,2687.2582729453666,1.0115223276528833,60.0
48989,2687.258967389811,1.0125178112608733,60.0
48990,2687.2596618342554,1.01403777887344,60.0
48991,2687.2603562787,1.01108260080353,60.0
48992,2687.2610507231443,1.0129448582418668,60.0
48993,2687.2617451675887,1.0131768531394552,60.0
48994,2687.262439612033,1.0122438798368532,60.0
48995,2687.2631340564776,1.01290281244247,60.0
48996,2687.263828500922,1.01212577246839,60.0
48997,2687.2645229453665,1.0122582970156166,60.0
48998,2687.265217389811,1.0132199616502267,60.0
48999,2687.2659118342553,1.0122150576822635,60.0
49000,2687.2666062787002,1.0122562299049234,60.0
49001,2687.2673007231447,1.01240026639023,60.0
49002,2687.267995167589,1.0130427719203867,60.0
49003,2687.2686896120335,1.0120664493201,60.0
49004,2687.269384056478,1.0128299532853633,60.0
49005,2687.2700785009224,1.01293619670233,60.0
49006,2687.270772945367,1.0132144247240633,60.0
49007,2687.2714673898113,1.0133284661330968,60.0
49008,2687.2721618342557,1.01365050684771,60.0
49009,2687.2728562787,1.01274499212947,60.0
49010,2687.2735507231446,1.01265131145448,60.0
49011,2687.274245167589,1.0131826087437235,60.0
49012,2687.2749396120334,1.0119322416691752,60.0
49013,2687.275634056478,1.0132299554125865,60.0
49014,2687.2763285009223,1.01361298985926,60.0
49015,2687.2770229453668,1.01190584150061,60.0
49016,2687.277717389811,1.01354534803707,60.0
49017,2687.2784118342556,1.01177802002275,60.0
49018,2687.2791062787,1.01231553490377,60.0
49019,2687.2798007231445,1.0120423110621468,60.0
49020,2687.280495167589,1.01339642563019,60.0
49021,2687.2811896120334,1.01182108945901,60.0
49022,2687.281884056478,1.0118506928990598,60.0
49023,2687.282578500922,1.0121042837719199,60.0
49024,2687.2832729453667,1.0119712957341267,60.0
49025,2687.283967389811,1.0117576652879132,60.0
49026,2687.2846618342555,1.0109989109570934,60.0
49027,2687.2853562787,1.01213706355838,60.0
49028,2687.2860507231444,1.01229387119545,60.0
49029,2687.286745167589,1.011953794078565,60.0
49030,2687.2874396120333,1.0118310031944866,60.0
49031,2687.2881340564777,1.01281359073668,60.0
49032,2687.288828500922,1.0121492298416301,60.0
49033,2687.2895229453666,1.012029332159533,60.0
49034,2687.290217389811,1.0114919982176167,60.0
49035,2687.2909118342554,1.01381186203867,60.0
49036,2687.2916062787,1.01304863712916,60.0
49037,2687.2923007231443,1.0125055144949866,60.0
49038,2687.2929951675887,1.0123774618480466,60.0
49039,2687.293689612033,1.01230442807337,60.0
49040,2687.2943840564776,1.01115353310244,60.0
49041,2687.295078500922,1.0128990131183435,60.0
49042,2687.2957729453665,1.01231982082247,60.0
49043,2687.2964673898114,1.0118524154087434,60.0
49044,2687.297161834256,1.0111528026033,60.0
49045,2687.2978562787002,1.01254175247075,60.0
49046,2687.2985507231447,1.01263154170858,60.0
49047,2687.299245167589,1.012435955185885,60.0
49048,2687.2999396120335,1.0130229674361535,60.0
49049,2687.300634056478,1.01337905898713,60.0
49050,2687.3013285009224,1.0122480856371634,60.0
49051,2687.302022945367,1.01190252682097,60.0
49052,2687.3027173898113,1.0123387447316101,60.0
49053,2687.3034118342557,1.0130159031217165,60.0
49054,2687.3041062787,1.012912681504235,60.0
49055,2687.3048007231446,1.01339428900078,60.0
49056,2687.305495167589,1.01261330613579,60.0
49057,2687.3061896120334,1.01191601393436,60.0
49058,2687.306884056478,1.0124178096025733,60.0
49059,2687.3075785009223,1.01376088425469,60.0
49060,2687.3082729453668,1.01238700299609,60.0
49061,2687.308967389811,1.0122875551507367,60.0
49062,2687.3096618342556,1.0120749014548167,60.0
49063,2687.3103562787,1.01297960237784,60.0
49064,2687.3110507231445,1.01230406323519,60.0
49065,2687.311745167589,1.01167411945454,60.0
49066,2687.3124396120334,1.0129315869216866,60.0
49067,2687.313134056478,1.0115386583084,60.0
49068,2687.313828500922,1.0123602112292467,60.0
49069,2687.3145229453667,1.0114912446040534,60.0
49070,2687.315217389811,1.0116221595467565,60.0
49071,2687.3159118342555,1.0123802294170134,60.0
49072,2687.3166062787,1.0117265445659,60.0
49073,2687.3173007231444,1.0130664199404598,60.0
49074,2687.317995167589,1.0126378020812368,60.0
49075,2687.3186896120333,1.0117919080681232,60.0
49076,2687.3193840564777,1.0132054847716534,60.0
49077,2687.320078500922,1.0133309167194,60.0
49078,2687.3207729453666,1.01213968929503,60.0
49079,2687.321467389811,1.0126516460734167,60.0
49080,2687.3221618342554,1.0109554305909,60.0
49081,2687.3228562787,1.01208583527022,60.0
49082,2687.3235507231443,1.0109707589872767,60.0
49083,2687.3242451675887,1.0124410736455134,60.0
49084,2687.324939612033,1.0122298564879102,60.0
49085,2687.3256340564776,1.0127859278365434,60.0
49086,2687.3263285009225,1.0126268040152533,60.0
49087,2687.327022945367,1.01306564819053,60.0
49088,2687.3277173898114,1.0131641609233002,60.0
49089,2687.328411834256,1.01195441435601,60.0
49090,2687.3291062787002,1.012463382947373,60.0
49091,2687.3298007231447,1.0127636863116736,60.0
49092,2687.330495167589,1.0129499365433798,60.0
49093,2687.3311896120335,1.0121859778565465,60.0
49094,2687.331884056478,1.01293175828764,60.0
49095,2687.3325785009224,1.01313520000857,60.0
49096,2687.333272945367,1.0124147948073334,60.0
49097,2687.3339673898113,1.0121064261217267,60.0
49098,2687.3346618342557,1.0132810183732734,60.0
49099,2687.3353562787,1.0126061692030999,60.0
49100,2687.3360507231446,1.0118197686925534,60.0
49101,2687.336745167589,1.0128946855300367,60.0
49102,2687.3374396120334,1.0122689572184165,60.0
49103,2687.338134056478,1.0124900231570368,60.0
49104,2687.3388285009223,1.0116664024281299,60.0
49105,2687.3395229453668,1.01154093042547,60.0
49106,2687.340217389811,1.0121718431901334,60.0
49107,2687.3409118342556,1.01145531836686,60.0
49108,2687.3416062787,1.01186591311893,60.0
49109,2687.3423007231445,1.0129496199822932,60.0
49110,2687.342995167589,1.0116891003840667,60.0
49111,2687.3436896120334,1.011872821293235,60.0
49112,2687.344384056478,1.0121614123556935,60.0
49113,2687.345078500922,1.0119092224835,60.0
49114,2687.3457729453667,1.0134532899452848,60.0
49115,2687.346467389811,1.0131693809289668,60.0
49116,2687.3471618342555,1.0121505027411166,60.0
49117,2687.3478562787,1.0119685531118432,60.0
49118,2687.3485507231444,1.0118650947848566,60.0
49119,2687.349245167589,1.0116945272736366,60.0
49120,2687.3499396120333,1.0118614957740548,60.0
49121,2687.3506340564777,1.0108636710747998,60.0
49122,2687.351328500922,1.01221660240176,60.0
49123,2687.3520229453666,1.0121441126374466,60.0
49124,2687.352717389811,1.0116288274313199,60.0
49125,2687.3534118342554,1.0128419192343368,60.0
49126,2687.3541062787,1.01190166634042,60.0
49127,2687.3548007231443,1.0130247917488533,60.0
49128,2687.355495167589,1.01183967078035,60.0
49129,2687.3561896120336,1.0116801130171165,60.0
49130,2687.356884056478,1.0119093574626101,60.0
49131,2687.3575785009225,1.0129940523486,60.0
49132,2687.358272945367,1.0119139083664501,60.0
49133,2687.3589673898114,1.0119613633882831,60.0
49134,2687.359661834256,1.0118349205407466,60.0
49135,2687.3603562787002,1.01169948601814,60.0
49136,2687.3610507231447,1.0119315710171233,60.0
49137,2687.361745167589,1.0112622495468366,60.0
49138,2687.3624396120335,1.0123047433465733,60.0
49139,2687.363134056478,1.0123812474356033,60.0
49140,2687.3638285009224,1.01119054800822,60.0
49141,2687.364522945367,1.0116829677233599,60.0
49142,2687.3652173898113,1.0108712070756767,60.0
49143,2687.3659118342557,1.01122649933314,60.0
49144,2687.3666062787,1.0121401153598002,60.0
49145,2687.3673007231446,1.0114866241385265,60.0
49146,2687.367995167589,1.01081636368521,60.0
49147,2687.3686896120334,1.01105877762352,60.0
49148,2687.369384056478,1.0116042652623367,60.0
49149,2687.3700785009223,1.0117311683500334,60.0
49150,2687.3707729453668,1.01293717973892,60.0
49151,2687.371467389811,1.0118104744135232,60.0
49152,2687.3721618342556,1.0124959030460499,60.0
49153,2687.3728562787,1.0125774390280449,60.0
49154,2687.3735507231445,1.01174873345622,60.0
49155,2687.374245167589,1.0112849178579701,60.0
49156,2687.3749396120334,1.01247657841865,60.0
49157,2687.375634056478,1.0119103468529134,60.0
49158,2687.376328500922,1.01220053106345,60.0
49159,2687.3770229453667,1.01181558101018,60.0
49160,2687.377717389811,1.0120217791559734,60.0
49161,2687.3784118342555,1.01095983435879,60.0
49162,2687.3791062787,1.0128844390577267,60.0
49163,2687.3798007231444,1.0123064055145665,60.0
49164,2687.380495167589,1.0113605882060435,60.0
49165,2687.3811896120333,1.0115526532914934,60.0
49166,2687.3818840564777,1.0119766269195265,60.0
49167,2687.382578500922,1.0110455418123798,60.0
49168,2687.3832729453666,1.0117402086077267,60.0
49169,2687.383967389811,1.010802419016875,60.0
49170,2687.3846618342554,1.0118362386381035,60.0
49171,2687.3853562787003,1.0123688430801432,60.0
49172,2687.3860507231448,1.0114094300030934,60.0
49173,2687.386745167589,1.0109748705198969,60.0
49174,2687.3874396120336,1.0116231573635133,60.0
49175,2687.388134056478,1.0119123193786632,60.0
49176,2687.3888285009225,1.0114564759132234,60.0
49177,2687.389522945367,1.0130122211733201,60.0
49178,2687.3902173898114,1.0120865172934899,60.0
49179,2687.390911834256,1.0113382340206933,60.0
49180,2687.3916062787002,1.0110133023305432,60.0
49181,2687.3923007231447,1.0125038922260767,60.0
49182,2687.392995167589,1.01187011435365,60.0
49183,2687.3936896120335,1.0118770064401332,60.0
49184,2687.394384056478,1.0119030639520101,60.0
49185,2687.3950785009224,1.0112832289672666,60.0
49186,2687.395772945367,1.01231310073906,60.0
49187,2687.3964673898113,1.0125705317957732,60.0
49188,2687.3971618342557,1.0125878282842733,60.0
49189,2687.3978562787,1.0126693453095335,60.0
49190,2687.3985507231446,1.0120857616355634,60.0
49191,2687.399245167589,1.0115341095450399,60.0
49192,2687.3999396120334,1.01128861795255,60.0
49193,2687.400634056478,1.01198609263688,60.0
49194,2687.4013285009223,1.0117458739645835,60.0
49195,2687.4020229453668,1.0118885812788667,60.0
49196,2687.402717389811,1.0113978900621299,60.0
49197,2687.4034118342556,1.01183465497651,60.0
49198,2687.4041062787,1.01142563162975,60.0
49199,2687.4048007231445,1.0121849520368333,60.0
49200,2687.405495167589,1.01239531501845,60.0
49201,2687.4061896120334,1.0127102324165034,60.0
49202,2687.406884056478,1.0114387932914466,60.0
49203,2687.407578500922,1.0117890451370835,60.0
49204,2687.4082729453667,1.0111064939828334,60.0
49205,2687.408967389811,1.0120582753350902,60.0
49206,2687.4096618342555,1.0112277534380898,60.0
49207,2687.4103562787,1.0117614223006,60.0
49208,2687.4110507231444,1.0119910290776866,60.0
49209,2687.411745167589,1.0109813454054566,60.0
49210,2687.4124396120333,1.0122682038274367,60.0
49211,2687.4131340564777,1.0117839151246268,60.0
49212,2687.413828500922,1.01167808101633,60.0
49213,2687.4145229453666,1.0114501832858933,60.0
49214,2687.4152173898115,1.0131399574316833,60.0
49215,2687.415911834256,1.0113766191162934,60.0
49216,2687.4166062787003,1.0120113920116933,60.0
49217,2687.4173007231448,1.0107337234351033,60.0
49218,2687.417995167589,1.01224629303231,60.0
49219,2687.4186896120336,1.01210562072586,60.0
49220,2687.419384056478,1.0127313207702549,60.0
49221,2687.4200785009225,1.01159678418335,60.0
49222,2687.420772945367,1.0116198173668132,60.0
49223,2687.4214673898114,1.011821563363235,60.0
49224,2687.422161834256,1.01132665617945,60.0
49225,2687.4228562787002,1.01236967707924,60.0
49226,2687.4235507231447,1.011472292921,60.0
49227,2687.424245167589,1.0110408878450499,60.0
49228,2687.4249396120335,1.01234145622226,60.0
49229,2687.425634056478,1.0119946523766499,60.0
49230,2687.4263285009224,1.0115783711302433,60.0
49231,2687.427022945367,1.0115468630955868,60.0
49232,2687.4277173898113,1.0122788103456566,60.0
49233,2687.4284118342557,1.0109754270493367,60.0
49234,2687.4291062787,1.0113554011154535,60.0
49235,2687.4298007231446,1.0117400698577868,60.0
49236,2687.430495167589,1.0115201662703466,60.0
49237,2687.4311896120334,1.0118207886865866,60.0
49238,2687.431884056478,1.01140953043412,60.0
49239,2687.4325785009223,1.0120428211037966,60.0
49240,2687.4332729453668,1.01185695171323,60.0
49241,2687.433967389811,1.0116387673681633,60.0
49242,2687.4346618342556,1.01070976823638,60.0
49243,2687.4353562787,1.0118869787493534,60.0
49244,2687.4360507231445,1.01194506623771,60.0
49245,2687.436745167589,1.0117978270510666,60.0
49246,2687.4374396120334,1.0109189098918765,60.0
49247,2687.438134056478,1.0112779797676434,60.0
49248,2687.438828500922,1.0122354346196198,60.0
49249,2687.4395229453667,1.0114311100279065,60.0
49250,2687.440217389811,1.0116498531358733,60.0
49251,2687.4409118342555,1.013009693524275,60.0
49252,2687.4416062787,1.01196000739501,60.0
49253,2687.4423007231444,1.01119662732939,60.0
49254,2687.442995167589,1.01173713595776,60.0
49255,2687.4436896120333,1.0112517293332568,60.0
49256,2687.444384056478,1.01172912464774,60.0
49257,2687.4450785009226,1.0115535731232932,60.0
49258,2687.445772945367,1.0122236944023768,60.0
49259,2687.4464673898115,1.0127622397839033,60.0
49260,2687.447161834256,1.0123056750669932,60.0
49261,2687.4478562787003,1.0116559713437498,60.0
49262,2687.4485507231448,1.0116302364933967,60.0
49263,2687.449245167589,1.01169466769715,60.0
49264,2687.4499396120336,1.0118497340197967,60.0
49265,2687.450634056478,1.011660853532185,60.0
49266,2687.4513285009225,1.0106917017681099,60.0
49267,2687.452022945367,1.0104395087054168,60.0
49268,2687.4527173898114,1.0116095906781266,60.0
49269,2687.453411834256,1.0121427079214267,60.0
49270,2687.4541062787002,1.01184720691607,60.0
49271,2687.4548007231447,1.01162199885818,60.0
49272,2687.455495167589,1.0102559640717468,60.0
49273,2687.4561896120335,1.0128330608129434,60.0
49274,2687.456884056478,1.0119981298717,60.0
49275,2687.4575785009224,1.012741632355925,60.0
49276,2687.458272945367,1.01221066836855,60.0
49277,2687.4589673898113,1.0109219495922568,60.0
49278,2687.4596618342557,1.0108162784211434,60.0
49279,2687.4603562787,1.01218824481519,60.0
49280,2687.4610507231446,1.0116967332704334,60.0
49281,2687.461745167589,1.0110491436554032,60.0
49282,2687.4624396120334,1.0118445311311735,60.0
49283,2687.463134056478,1.0124758459418166,60.0
49284,2687.4638285009223,1.0121053199247667,60.0
49285,2687.4645229453668,1.0115068574924335,60.0
49286,2687.465217389811,1.0114871439060666,60.0
49287,2687.4659118342556,1.01184989292752,60.0
49288,2687.4666062787,1.0115016872066034,60.0
49289,2687.4673007231445,1.0116992429375868,60.0
49290,2687.467995167589,1.01159638681328,60.0
49291,2687.4686896120334,1.01129916917738,60.0
49292,2687.469384056478,1.0118775563418165,60.0
49293,2687.470078500922,1.0110802250390531,60.0
49294,2687.4707729453667,1.01156707247618,60.0
49295,2687.471467389811,1.0110680052669867,60.0
49296,2687.4721618342555,1.0113874898073132,60.0
49297,2687.4728562787,1.0110219606867599,60.0
49298,2687.4735507231444,1.0120403942097969,60.0
49299,2687.4742451675893,1.01002058468957,60.0
49300,2687.4749396120337,1.0116266483223868,60.0
49301,2687.475634056478,1.0111726167921733,60.0
49302,2687.4763285009226,1.0125976279351168,60.0
49303,2687.477022945367,1.0111586300531432,60.0
49304,2687.4777173898115,1.0112723397324868,60.0
49305,2687.478411834256,1.01140059838556,60.0
49306,2687.4791062787003,1.0121879919352565,60.0
49307,2687.4798007231448,1.0112783276965966,60.0
49308,2687.480495167589,1.0118402431714801,60.0
49309,2687.4811896120336,1.0116665930090434,60.0
49310,2687.481884056478,1.0116678800389167,60.0
49311,2687.4825785009225,1.01149867037876,60.0
49312,2687.483272945367,1.0114220250908568,60.0
49313,2687.4839673898114,1.01142103481074,60.0
49314,2687.484661834256,1.0111727422011434,60.0
49315,2687.4853562787002,1.0124351882111533,60.0
49316,2687.4860507231447,1.0127677860428734,60.0
49317,2687.486745167589,1.0119530284998068,60.0
49318,2687.4874396120335,1.0110226284414665,60.0
49319,2687.488134056478,1.0126024272266834,60.0
49320,2687.4888285009224,1.0120383809785567,60.0
49321,2687.489522945367,1.01059848349094,60.0
49322,2687.4902173898113,1.0112825135237902,60.0
49323,2687.4909118342557,1.01069518042367,60.0
49324,2687.4916062787,1.0113150749528435,60.0
49325,2687.4923007231446,1.0112004022742067,60.0
49326,2687.492995167589,1.0110654650717132,60.0
49327,2687.4936896120334,1.0111410440232265,60.0
49328,2687.494384056478,1.0104360447763099,60.0
49329,2687.4950785009223,1.01209877221877,60.0
49330,2687.4957729453668,1.0115217098973266,60.0
49331,2687.496467389811,1.0110026618850532,60.0
49332,2687.4971618342556,1.01124800259029,60.0
49333,2687.4978562787,1.0115372099953048,60.0
49334,2687.4985507231445,1.01074100461208,60.0
49335,2687.499245167589,1.0113095731147899,60.0
49336,2687.4999396120334,1.0116125988682934,60.0
49337,2687.500634056478,1.0102190513938065,60.0
49338,2687.501328500922,1.0113248865341502,60.0
49339,2687.5020229453667,1.0116653321739066,60.0
49340,2687.502717389811,1.0113187289699768,60.0
49341,2687.5034118342555,1.0110638968561734,60.0
49342,2687.5041062787004,1.0110092870279,60.0
49343,2687.504800723145,1.01112148973262,60.0
49344,2687.5054951675893,1.0117371748427333,60.0
49345,2687.5061896120337,1.0114092280372966,60.0
49346,2687.506884056478,1.0116410973293868,60.0
49347,2687.5075785009226,1.01196980101729,60.0
49348,2687.508272945367,1.0107073715534933,60.0
49349,2687.5089673898115,1.0115129502884166,60.0
49350,2687.509661834256,1.01134751042816,60.0
49351,2687.5103562787003,1.0117625662012533,60.0
49352,2687.5110507231448,1.0114924526894034,60.0
49353,2687.511745167589,1.010363242690785,60.0
49354,2687.5124396120336,1.0110878469149,60.0
49355,2687.513134056478,1.0118281668371099,60.0
49356,2687.5138285009225,1.01083670557646,60.0
49357,2687.514522945367,1.011219921840655,60.0
49358,2687.5152173898114,1.0113817067218867,60.0
49359,2687.515911834256,1.01056873054433,60.0
49360,2687.5166062787002,1.0104060288963967,60.0
49361,2687.5173007231447,1.0110805333656965,60.0
49362,2687.517995167589,1.0119677821229833,60.0
49363,2687.5186896120335,1.0108548954516967,60.0
49364,2687.519384056478,1.0108387516480268,60.0
49365,2687.5200785009224,1.0118111858454233,60.0
49366,2687.520772945367,1.0119550170297933,60.0
49367,2687.5214673898113,1.0111464258341367,60.0
49368,2687.5221618342557,1.0117149597986865,60.0
49369,2687.5228562787,1.01234371236808,60.0
49370,2687.5235507231446,1.0115151815385033,60.0
49371,2687.524245167589,1.01136886160137,60.0
49372,2687.5249396120334,1.0110519150490733,60.0
49373,2687.525634056478,1.01104245111396,60.0
49374,2687.5263285009223,1.0114876994349835,60.0
49375,2687.5270229453668,1.0111312025165835,60.0
49376,2687.527717389811,1.0106506965681001,60.0
49377,2687.5284118342556,1.0110655716922832,60.0
49378,2687.5291062787,1.0120070047806233,60.0
49379,2687.5298007231445,1.0109285667198633,60.0
49380,2687.530495167589,1.0103321120007633,60.0
49381,2687.5311896120334,1.0100013970131299,60.0
49382,2687.531884056478,1.0106528491939335,60.0
49383,2687.532578500922,1.01197455952885,60.0
49384,2687.533272945367,1.01118001593879,60.0
49385,2687.5339673898116,1.0121477159194467,60.0
49386,2687.534661834256,1.01087087139613,60.0
49387,2687.5353562787004,1.0108427219746667,60.0
49388,2687.536050723145,1.01036915092366,60.0
49389,2687.5367451675893,1.01047716802978,60.0
49390,2687.5374396120337,1.0109041298710533,60.0
49391,2687.538134056478,1.0119650620889367,60.0
49392,2687.5388285009226,1.0112992532454401,60.0
49393,2687.539522945367,1.0115410088717067,60.0
49394,2687.5402173898115,1.0112130715452934,60.0
49395,2687.540911834256,1.01105818823276,60.0
49396,2687.5416062787003,1.0121608538893268,60.0
49397,2687.5423007231448,1.0107595283871234,60.0
49398,2687.542995167589,1.0110750578156502,60.0
49399,2687.5436896120336,1.0119671841740467,60.0
49400,2687.544384056478,1.0109353188699866,60.0
49401,2687.5450785009225,1.0109701194201735,60.0
49402,2687.545772945367,1.01068898149251,60.0
49403,2687.5464673898114,1.0110847571261132,60.0
49404,2687.547161834256,1.0106300377759634,60.0
49405,2687.5478562787002,1.0107000507669568,60.0
49406,2687.5485507231447,1.010362555991875,60.0
49407,2687.549245167589,1.0108528017323835,60.0
49408,2687.5499396120335,1.0103089357389667,60.0
49409,2687.550634056478,1.01049549888827,60.0
49410,2687.5513285009224,1.0103316695819633,60.0
49411,2687.552022945367,1.01087416439391,60.0
49412,2687.5527173898113,1.0104588019270668,60.0
49413,2687.5534118342557,1.0106295216625034,60.0
49414,2687.5541062787,1.0117016487459967,60.0
49415,2687.5548007231446,1.0106214096204733,60.0
49416,2687.555495167589,1.0104149936904134,60.0
49417,2687.5561896120334,1.0105585624416167,60.0
49418,2687.556884056478,1.01054094825479,60.0
49419,2687.5575785009223,1.00963468963926,60.0
49420,2687.5582729453668,1.0122230821892169,60.0
49421,2687.558967389811,1.0111012112818967,60.0
49422,2687.5596618342556,1.01067956925343,60.0
49423,2687.5603562787,1.0099754117007267,60.0
49424,2687.5610507231445,1.0099240862573635,60.0
49425,2687.561745167589,1.0099320046304634,60.0
49426,2687.5624396120334,1.0105390711699933,60.0
49427,2687.5631340564782,1.01034995488283,60.0
49428,2687.5638285009227,1.01037276814818,60.0
49429,2687.564522945367,1.01078353577719,60.0
49430,2687.5652173898116,1.0105038120330452,60.0
49431,2687.565911834256,1.01153694671918,60.0
49432,2687.5666062787004,1.011225860335235,60.0
49433,2687.567300723145,1.01141241813653,60.0
49434,2687.5679951675893,1.0109647690389532,60.0
49435,2687.5686896120337,1.01053160097246,60.0
49436,2687.569384056478,1.01058656250013,60.0
49437,2687.5700785009226,1.0099027727533867,60.0
49438,2687.570772945367,1.0105762623434367,60.0
49439,2687.5714673898115,1.0115124115188834,60.0
49440,2687.572161834256,1.0111708067314267,60.0
49441,2687.5728562787003,1.0102309798718867,60.0
49442,2687.5735507231448,1.01130365282411,60.0
49443,2687.574245167589,1.0099214845758433,60.0
49444,2687.5749396120336,1.0104772752298967,60.0
49445,2687.575634056478,1.01249389620676,60.0
49446,2687.5763285009225,1.01121147696028,60.0
49447,2687.577022945367,1.0098614671827233,60.0
49448,2687.5777173898114,1.01022036163372,60.0
49449,2687.578411834256,1.0109985162282733,60.0
49450,2687.5791062787002,1.0110070393747266,60.0
49451,2687.5798007231447,1.0108706795277433,60.0
49452,2687.580495167589,1.0108134502983666,60.0
49453,2687.5811896120335,1.01041291563363,60.0
49454,2687.581884056478,1.0098803162993901,60.0
49455,2687.5825785009224,1.0109273795932634,60.0
49456,2687.583272945367,1.0107607710392998,60.0
49457,2687.5839673898113,1.0110570735344868,60.0
49458,2687.5846618342557,1.0105786367760334,60.0
49459,2687.5853562787,1.0115427445799268,60.0
49460,2687.5860507231446,1.01024721044335,60.0
49461,2687.586745167589,1.0103553585831766,60.0
49462,2687.5874396120334,1.009019358720805,60.0
49463,2687.588134056478,1.0103527485652,60.0
49464,2687.5888285009223,1.0110787422538234,60.0
49465,2687.5895229453668,1.0106480083752298,60.0
49466,2687.590217389811,1.01074611639941,60.0
49467,2687.5909118342556,1.0111527996509568,60.0
49468,2687.5916062787,1.0107968860227599,60.0
49469,2687.5923007231445,1.0106544948271499,60.0
49470,2687.5929951675894,1.01123678984767,60.0
49471,2687.593689612034,1.01053989639802,60.0
49472,2687.5943840564782,1.01049492755147,60.0
49473,2687.5950785009227,1.01096509973139,60.0
49474,2687.595772945367,1.01044039813528,60.0
49475,2687.5964673898116,1.01149079069005,60.0
49476,2687.597161834256,1.0100824892754399,60.0
49477,2687.5978562787004,1.0109771127165752,60.0
49478,2687.598550723145,1.0113623289123033,60.0
49479,2687.5992451675893,1.009940252907215,60.0
49480,2687.5999396120337,1.01107274888191,60.0
49481,2687.600634056478,1.0102953196876234,60.0
49482,2687.6013285009226,1.01090358348036,60.0
49483,2687.602022945367,1.01029168965496,60.0
49484,2687.6027173898115,1.0106268405419065,60.0
49485,2687.603411834256,1.0105267675735998,60.0
49486,2687.6041062787003,1.0100254200719467,60.0
49487,2687.6048007231448,1.0101772226935368,60.0
49488,2687.605495167589,1.0089641470237798,60.0
49489,2687.6061896120336,1.01106177331868,60.0
49490,2687.606884056478,1.0109675848002067,60.0
49491,2687.6075785009225,1.00963451238285,60.0
49492,2687.608272945367,1.0105155377026733,60.0
49493,2687.6089673898114,1.01053626618947,60.0
49494,2687.609661834256,1.0114682756270967,60.0
49495,2687.6103562787002,1.0106560138778267,60.0
49496,2687.6110507231447,1.00944548011577,60.0
49497,2687.611745167589,1.0094414196892068,60.0
49498,2687.6124396120335,1.0106983832437801,60.0
49499,2687.613134056478,1.0104928993405966,60.0
49500,2687.6138285009224,1.0101410425122868,60.0
49501,2687.614522945367,1.0103834756597,60.0
49502,2687.6152173898113,1.0111923710530701,60.0
49503,2687.6159118342557,1.0101877360721,60.0
49504,2687.6166062787,1.01008861247354,60.0
49505,2687.6173007231446,1.0096594844047033,60.0
49506,2687.617995167589,1.0110917211267731,60.0
49507,2687.6186896120334,1.0102001599630133,60.0
49508,2687.619384056478,1.0109034046207632,60.0
49509,2687.6200785009223,1.0101455367029668,60.0
49510,2687.6207729453668,1.0098765673784766,60.0
49511,2687.621467389811,1.0100579737197233,60.0
49512,2687.622161834256,1.0107966577079768,60.0
49513,2687.6228562787005,1.0106213234436068,60.0
49514,2687.623550723145,1.01053443882876,60.0
49515,2687.6242451675894,1.0105616560896267,60.0
49516,2687.624939612034,1.01024007576286,60.0
49517,2687.6256340564782,1.0109315028506032,60.0
49518,2687.6263285009227,1.0107998992247433,60.0
49519,2687.627022945367,1.00893827330374,60.0
49520,2687.6277173898116,1.0095858767555967,60.0
49521,2687.628411834256,1.0110988172326634,60.0
49522,2687.6291062787004,1.0110373203862835,60.0
49523,2687.629800723145,1.0103636461426566,60.0
49524,2687.6304951675893,1.0095025496429233,60.0
49525,2687.6311896120337,1.0093124872736499,60.0
49526,2687.631884056478,1.0097584644544033,60.0
49527,2687.6325785009226,1.00991134554069,60.0
49528,2687.633272945367,1.01020904087864,60.0
49529,2687.6339673898115,1.00979362727013,60.0
49530,2687.634661834256,1.0104055210962166,60.0
49531,2687.6353562787003,1.0102137494776533,60.0
49532,2687.6360507231448,1.00934421825039,60.0
49533,2687.636745167589,1.0110944995594735,60.0
49534,2687.6374396120336,1.00954375154859,60.0
49535,2687.638134056478,1.01094953229773,60.0
49536,2687.6388285009225,1.0100929418162898,60.0
49537,2687.639522945367,1.01024297677796,60.0
49538,2687.6402173898114,1.00984339412837,60.0
49539,2687.640911834256,1.0103912156899335,60.0
49540,2687.6416062787002,1.0103791149305168,60.0
49541,2687.6423007231447,1.0108741732166533,60.0
49542,2687.642995167589,1.0103649542484232,60.0
49543,2687.6436896120335,1.0090320048754966,60.0
49544,2687.644384056478,1.0101601134439733,60.0
49545,2687.6450785009224,1.0094627448052633,60.0
49546,2687.645772945367,1.0099313903648799,60.0
49547,2687.6464673898113,1.0094371922802334,60.0
49548,2687.6471618342557,1.00911743761969,60.0
49549,2687.6478562787,1.01041312428862,60.0
49550,2687.6485507231446,1.01034745778537,60.0
49551,2687.649245167589,1.0090995741596365,60.0
49552,2687.6499396120334,1.0095312390361733,60.0
49553,2687.650634056478,1.0098589950491033,60.0
49554,2687.6513285009223,1.0095768175939,60.0
49555,2687.652022945367,1.0099450532210767,60.0
49556,2687.6527173898116,1.01040098069564,60.0
49557,2687.653411834256,1.0098614564795734,60.0
49558,2687.6541062787005,1.010931479106765,60.0
49559,2687.654800723145,1.0100955759533734,60.0
49560,2687.6554951675894,1.0099829948978034,60.0
49561,2687.656189612034,1.0094341871407,60.0
49562,2687.6568840564782,1.0106269136696933,60.0
49563,2687.6575785009227,1.0101522430124101,60.0
49564,2687.658272945367,1.00975143329319,60.0
49565,2687.6589673898116,1.01086734310868,60.0
49566,2687.659661834256,1.00981486596432,60.0
49567,2687.6603562787004,1.0101999521761733,60.0
49568,2687.661050723145,1.0099365111025833,60.0
49569,2687.6617451675893,1.0099973561805333,60.0
49570,2687.6624396120337,1.0092822988249432,60.0
49571,2687.663134056478,1.0103395812847034,60.0
49572,2687.6638285009226,1.0097464386513,60.0
49573,2687.664522945367,1.0104126919841034,60.0
49574,2687.6652173898115,1.01019722699601,60.0
49575,2687.665911834256,1.0102654981637602,60.0
49576,2687.6666062787003,1.0093964315327966,60.0
49577,2687.6673007231448,1.0099753507977332,60.0
49578,2687.667995167589,1.0095735264188634,60.0
49579,2687.6686896120336,1.0099986742733167,60.0
49580,2687.669384056478,1.0100566212295166,60.0
49581,2687.6700785009225,1.0088768401392534,60.0
49582,2687.670772945367,1.01137636316669,60.0
49583,2687.6714673898114,1.00923870449559,60.0
49584,2687.672161834256,1.0100264935350867,60.0
49585,2687.6728562787002,1.0102694208132534,60.0
49586,2687.6735507231447,1.009933819035007,60.0
49587,2687.674245167589,1.0093903022004935,60.0
49588,2687.6749396120335,1.01025891461802,60.0
49589,2687.675634056478,1.01041247238962,60.0
49590,2687.6763285009224,1.0103297161140132,60.0
49591,2687.677022945367,1.0097949893485367,60.0
49592,2687.6777173898113,1.0099451342227066,60.0
49593,2687.6784118342557,1.0092115697851531,60.0
49594,2687.6791062787,1.010461308390885,60.0
49595,2687.6798007231446,1.00931041358207,60.0
49596,2687.680495167589,1.0089854379436802,60.0
49597,2687.6811896120334,1.009328896435235,60.0
49598,2687.6818840564783,1.0103953260045,60.0
49599,2687.682578500923,1.0097029054222366,60.0
49600,2687.683272945367,1.00998559979765,60.0
49601,2687.6839673898116,1.00928414482095,60.0
49602,2687.684661834256,1.0104029471263134,60.0
49603,2687.6853562787005,1.0099614336650766,60.0
49604,2687.686050723145,1.01055996651497,60.0
49605,2687.6867451675894,1.0099269210282233,60.0
49606,2687.687439612034,1.0095189762754033,60.0
49607,2687.6881340564782,1.0094815922562532,60.0
49608,2687.6888285009227,1.0092791841582867,60.0
49609,2687.689522945367,1.0099639881517666,60.0
49610,2687.6902173898116,1.0095803693613632,60.0
49611,2687.690911834256,1.0098685004598933,60.0
49612,2687.6916062787004,1.0100349117706466,60.0
49613,2687.692300723145,1.0083830355237768,60.0
49614,2687.6929951675893,1.0092521489256667,60.0
49615,2687.6936896120337,1.0095942791142034,60.0
49616,2687.694384056478,1.0097447361137268,60.0
49617,2687.6950785009226,1.0092915885067566,60.0
49618,2687.695772945367,1.0096408852964833,60.0
49619,2687.6964673898115,1.0100634345588766,60.0
49620,2687.697161834256,1.0105241356207533,60.0
49621,2687.6978562787003,1.00948569153068,60.0
49622,2687.6985507231448,1.00870000643925,60.0
49623,2687.699245167589,1.0090277415858633,60.0
49624,2687.6999396120336,1.0103142515581631,60.0
49625,2687.700634056478,1.00981925605262,60.0
49626,2687.7013285009225,1.0100155180858834,60.0
49627,2687.702022945367,1.0092261194209902,60.0
49628,2687.7027173898114,1.00937862782065,60.0
49629,2687.703411834256,1.0091594944795934,60.0
49630,2687.7041062787002,1.009086409923555,60.0
49631,2687.7048007231447,1.0102351293408869,60.0
49632,2687.705495167589,1.00945807933636,60.0
49633,2687.7061896120335,1.00822495578043,60.0
49634,2687.706884056478,1.0099681874111333,60.0
49635,2687.7075785009224,1.0102234305581235,60.0
49636,2687.708272945367,1.0101083146224132,60.0
49637,2687.7089673898113,1.0091146505165298,60.0
49638,2687.7096618342557,1.0087854517639467,60.0
49639,2687.7103562787,1.0093195876505432,60.0
49640,2687.711050723145,1.0106060753714068,60.0
49641,2687.7117451675895,1.0098445391692,60.0
49642,2687.712439612034,1.00978625410741,60.0
49643,2687.7131340564783,1.0100087837052967,60.0
49644,2687.713828500923,1.0093992160274368,60.0
49645,2687.714522945367,1.0094340354104967,60.0
49646,2687.7152173898116,1.0091129623498833,60.0
49647,2687.715911834256,1.0099132582114265,60.0
49648,2687.7166062787005,1.0088398007066532,60.0
49649,2687.717300723145,1.0090690596526768,60.0
49650,2687.7179951675894,1.0079699892607534,60.0
49651,2687.718689612034,1.0091223054449667,60.0
49652,2687.7193840564782,1.00906559743729,60.0
49653,2687.7200785009227,1.0098676021928432,60.0
49654,2687.720772945367,1.01046167781559,60.0
49655,2687.7214673898116,1.0108310192869499,60.0
49656,2687.722161834256,1.00874856758073,60.0
49657,2687.7228562787004,1.0099401030511002,60.0
49658,2687.723550723145,1.0095624842744766,60.0
49659,2687.7242451675893,1.00810520555904,60.0
49660,2687.7249396120337,1.0090110974855502,60.0
49661,2687.725634056478,1.0089913641078068,60.0
49662,2687.7263285009226,1.0098331530838733,60.0
49663,2687.727022945367,1.0094434722732166,60.0
49664,2687.7277173898115,1.0089506764468135,60.0
49665,2687.728411834256,1.0093376437231603,60.0
49666,2687.7291062787003,1.00926076975707,60.0
49667,2687.7298007231448,1.0091678073990333,60.0
49668,2687.730495167589,1.009240493658375,60.0
49669,2687.7311896120336,1.0092814171906899,60.0
49670,2687.731884056478,1.009117427857285,60.0
49671,2687.7325785009225,1.0096514052543133,60.0
49672,2687.733272945367,1.0086089396214533,60.0
49673,2687.7339673898114,1.00932443788899,60.0
49674,2687.734661834256,1.0085020356051866,60.0
49675,2687.7353562787002,1.00789527823869,60.0
49676,2687.7360507231447,1.0093066131167032,60.0
49677,2687.736745167589,1.010774839654125,60.0
49678,2687.7374396120335,1.0087898492979934,60.0
49679,2687.738134056478,1.0093115804873252,60.0
49680,2687.7388285009224,1.0088223699216934,60.0
49681,2687.739522945367,1.0086042773708501,60.0
49682,2687.7402173898113,1.0087373492788798,60.0
49683,2687.740911834256,1.0090899514626865,60.0
49684,2687.7416062787006,1.0093123025685034,60.0
49685,2687.742300723145,1.00839513813752,60.0
49686,2687.7429951675895,1.0086477482857734,60.0
49687,2687.743689612034,1.0087685116325549,60.0
49688,2687.7443840564783,1.01009529760828,60.0
49689,2687.745078500923,1.0086892406480734,60.0
49690,2687.745772945367,1.01049925676976,60.0
49691,2687.7464673898116,1.0089616762066167,60.0
49692,2687.747161834256,1.009846683141583,60.0
49693,2687.7478562787005,1.0095577991095264,60.0
49694,2687.748550723145,1.00963065529112,60.0
49695,2687.7492451675894,1.0081668511505268,60.0
49696,2687.749939612034,1.00892371113169,60.0
49697,2687.7506340564782,1.0089323142254967,60.0
49698,2687.7513285009227,1.0096722436358265,60.0
49699,2687.752022945367,1.0093730741276634,60.0
49700,2687.7527173898116,1.0084516109861767,60.0
49701,2687.753411834256,1.0094019137426467,60.0
49702,2687.7541062787004,1.008956069874895,60.0
49703,2687.754800723145,1.0091581534556333,60.0
49704,2687.7554951675893,1.0098967906455567,60.0
49705,2687.7561896120337,1.0087239413959201,60.0
49706,2687.756884056478,1.0096795691769167,60.0
49707,2687.7575785009226,1.009454969106,60.0
49708,2687.758272945367,1.0087985588614934,60.0
49709,2687.7589673898115,1.0083516811612967,60.0
49710,2687.759661834256,1.00858487479897,60.0
49711,2687.7603562787003,1.00947968002061,60.0
49712,2687.7610507231448,1.0084464806231868,60.0
49713,2687.761745167589,1.00851462699015,60.0
49714,2687.7624396120336,1.0091375419898532,60.0
49715,2687.763134056478,1.0092735961935835,60.0
49716,2687.7638285009225,1.0086203639798401,60.0
49717,2687.764522945367,1.0094032203038301,60.0
49718,2687.7652173898114,1.0087128961890066,60.0
49719,2687.765911834256,1.00790782198964,60.0
49720,2687.7666062787002,1.0100229686693498,60.0
49721,2687.7673007231447,1.0098407389948,60.0
49722,2687.767995167589,1.0094894935068301,60.0
49723,2687.7686896120335,1.00943988704841,60.0
49724,2687.769384056478,1.0092370987531665,60.0
49725,2687.7700785009224,1.0091187309479968,60.0
49726,2687.7707729453673,1.0084506585562367,60.0
49727,2687.7714673898117,1.0090413233793698,60.0
49728,2687.772161834256,1.0072689439879834,60.0
49729,2687.7728562787006,1.0091056152394702,60.0
49730,2687.773550723145,1.00938887604366,60.0
49731,2687.7742451675895,1.0085016193565501,60.0
49732,2687.774939612034,1.0093256061149567,60.0
49733,2687.7756340564783,1.00840567084665,60.0
49734,2687.776328500923,1.0081996459027633,60.0
49735,2687.777022945367,1.0090031343811368,60.0
49736,2687.7777173898116,1.0084323152951302,60.0
49737,2687.778411834256,1.008613400915935,60.0
49738,2687.7791062787005,1.00919788740756,60.0
49739,2687.779800723145,1.0100437891259666,60.0
49740,2687.7804951675894,1.0081088702460368,60.0
49741,2687.781189612034,1.0085703461597568,60.0
49742,2687.7818840564782,1.00858280834602,60.0
49743,2687.7825785009227,1.00896431489308,60.0
49744,2687.783272945367,1.0079413749427502,60.0
49745,2687.7839673898116,1.00859236709367,60.0
49746,2687.784661834256,1.0091753479059,60.0
49747,2687.7853562787004,1.0081121624557932,60.0
49748,2687.786050723145,1.0084442796540067,60.0
49749,2687.7867451675893,1.00819007402032,60.0
49750,2687.7874396120337,1.0094785910377766,60.0
49751,2687.788134056478,1.00794064500428,60.0
49752,2687.7888285009226,1.00801394833123,60.0
49753,2687.789522945367,1.0082347451140568,60.0
49754,2687.7902173898115,1.00854295305619,60.0
49755,2687.790911834256,1.0090094884303833,60.0
49756,2687.7916062787003,1.0094134490545066,60.0
49757,2687.7923007231448,1.0089770357875534,60.0
49758,2687.792995167589,1.0084307281939766,60.0
49759,2687.7936896120336,1.008573933010915,60.0
49760,2687.794384056478,1.0076222899958067,60.0
49761,2687.7950785009225,1.00693087324419,60.0
49762,2687.795772945367,1.00741606871333,60.0
49763,2687.7964673898114,1.0087816113955033,60.0
49764,2687.797161834256,1.0091856021051333,60.0
49765,2687.7978562787002,1.00834409107465,60.0
49766,2687.7985507231447,1.00972863313889,60.0
49767,2687.799245167589,1.0080230972113167,60.0
49768,2687.799939612034,1.0081125173865135,60.0
49769,2687.8006340564784,1.00869680116437,60.0
49770,2687.801328500923,1.0086227744820568,60.0
49771,2687.8020229453673,1.00878673036079,60.0
49772,2687.8027173898117,1.0075864253931899,60.0
49773,2687.803411834256,1.00804046930302,60.0
49774,2687.8041062787006,1.0095871248549233,60.0
49775,2687.804800723145,1.008628397793745,60.0
49776,2687.8054951675895,1.00697654259573,60.0
49777,2687.806189612034,1.0083422204737966,60.0
49778,2687.8068840564783,1.0093881542691934,60.0
49779,2687.807578500923,1.0076661114154433,60.0
49780,2687.808272945367,1.0088745603796332,60.0
49781,2687.8089673898116,1.0095469506271701,60.0
49782,2687.809661834256,1.0081078979230966,60.0
49783,2687.8103562787005,1.0090873597010035,60.0
49784,2687.811050723145,1.00827118611258,60.0
49785,2687.8117451675894,1.0086011794590466,60.0
49786,2687.812439612034,1.008981224620485,60.0
49787,2687.8131340564782,1.0097270937942633,60.0
49788,2687.8138285009227,1.00772746863899,60.0
49789,2687.814522945367,1.009571975950585,60.0
49790,2687.8152173898116,1.0088745542823034,60.0
49791,2687.815911834256,1.0082151559480332,60.0
49792,2687.8166062787004,1.0092441797757001,60.0
49793,2687.817300723145,1.0080687803078734,60.0
49794,2687.8179951675893,1.0082476934863367,60.0
49795,2687.8186896120337,1.0082340795502152,60.0
49796,2687.819384056478,1.0087363157310565,60.0
49797,2687.8200785009226,1.0070361126682998,60.0
49798,2687.820772945367,1.00795444740908,60.0
49799,2687.8214673898115,1.0086816797278333,60.0
49800,2687.822161834256,1.0075649139407,60.0
49801,2687.8228562787003,1.009436296008285,60.0
49802,2687.8235507231448,1.0084757700977067,60.0
49803,2687.824245167589,1.00722394095696,60.0
49804,2687.8249396120336,1.007845313491545,60.0
49805,2687.825634056478,1.0090603574239168,60.0
49806,2687.8263285009225,1.00841618680153,60.0
49807,2687.827022945367,1.0093345914441,60.0
49808,2687.8277173898114,1.00853848150494,60.0
49809,2687.828411834256,1.0078928839752868,60.0
49810,2687.8291062787002,1.0084325368231635,60.0
49811,2687.829800723145,1.0078194651686967,60.0
49812,2687.8304951675896,1.0078485089072933,60.0
49813,2687.831189612034,1.0086710420480267,60.0
49814,2687.8318840564784,1.009055641280645,60.0
49815,2687.832578500923,1.0079403158820501,60.0
49816,2687.8332729453673,1.0074522083521533,60.0
49817,2687.8339673898117,1.00786128848321,60.0
49818,2687.834661834256,1.0087767260241167,60.0
49819,2687.8353562787006,1.0081156792945967,60.0
49820,2687.836050723145,1.0071292830372167,60.0
49821,2687.8367451675895,1.0087241454180866,60.0
49822,2687.837439612034,1.0086514207840267,60.0
49823,2687.8381340564783,1.00753690041652,60.0
49824,2687.838828500923,1.0072078504860067,60.0
49825,2687.839522945367,1.00738179495446,60.0
49826,2687.8402173898116,1.0077222578599334,60.0
49827,2687.840911834256,1.0089035290761632,60.0
49828,2687.8416062787005,1.01001866721473,60.0
49829,2687.842300723145,1.0098594261980864,60.0
49830,2687.8429951675894,1.0082651165114935,60.0
49831,2687.843689612034,1.00754631365801,60.0
49832,2687.8443840564782,1.0083335206706134,60.0
49833,2687.8450785009227,1.0083861949038235,60.0
49834,2687.845772945367,1.0086103577284433,60.0
49835,2687.8464673898116,1.007932388551155,60.0
49836,2687.847161834256,1.00818862607557,60.0
49837,2687.8478562787004,1.0089418157104202,60.0
49838,2687.848550723145,1.0080486211340967,60.0
49839,2687.8492451675893,1.00860534421944,60.0
49840,2687.8499396120337,1.0087592710195565,60.0
49841,2687.850634056478,1.0083606669474132,60.0
49842,2687.8513285009226,1.0076513449395668,60.0
49843,2687.852022945367,1.0080279845497768,60.0
49844,2687.8527173898115,1.00792675738241,60.0
49845,2687.853411834256,1.00911729574013,60.0
49846,2687.8541062787003,1.00917505399687,60.0
49847,2687.8548007231448,1.0075822662984832,60.0
49848,2687.855495167589,1.00861953675271,60.0
49849,2687.8561896120336,1.0076478606361434,60.0
49850,2687.856884056478,1.0070643454783632,60.0
49851,2687.8575785009225,1.0080517415973567,60.0
49852,2687.858272945367,1.00690270681623,60.0
49853,2687.8589673898114,1.0079574355139667,60.0
49854,2687.8596618342563,1.0084701101492832,60.0
49855,2687.8603562787007,1.0084249045828335,60.0
49856,2687.861050723145,1.0080530290705865,60.0
49857,2687.8617451675896,1.0074084129289467,60.0
49858,2687.862439612034,1.00757924805057,60.0
49859,2687.8631340564784,1.00688035033136,60.0
49860,2687.863828500923,1.0079438732641632,60.0
49861,2687.8645229453673,1.0078350413964168,60.0
49862,2687.8652173898117,1.00835224159455,60.0
49863,2687.865911834256,1.0071718332582933,60.0
49864,2687.8666062787006,1.00800068603868,60.0
49865,2687.867300723145,1.0082025968327502,60.0
49866,2687.8679951675895,1.007219131103755,60.0
49867,2687.868689612034,1.0079667285681833,60.0
49868,2687.8693840564783,1.00823576910948,60.0
49869,2687.870078500923,1.0079973081579867,60.0
49870,2687.870772945367,1.0075865635447168,60.0
49871,2687.8714673898116,1.0066637633710733,60.0
49872,2687.872161834256,1.00766972669938,60.0
49873,2687.8728562787005,1.00841123948183,60.0
49874,2687.873550723145,1.0079514369989067,60.0
49875,2687.8742451675894,1.00696287431542,60.0
49876,2687.874939612034,1.0077381940228165,60.0
49877,2687.8756340564782,1.0079654402115132,60.0
49878,2687.8763285009227,1.0074373253228235,60.0
49879,2687.877022945367,1.0088452667488366,60.0
49880,2687.8777173898116,1.00667405740153,60.0
49881,2687.878411834256,1.00860476482811,60.0
49882,2687.8791062787004,1.0082261588722468,60.0
49883,2687.879800723145,1.0072482121576,60.0
49884,2687.8804951675893,1.0070154671552634,60.0
49885,2687.8811896120337,1.00668047810788,60.0
49886,2687.881884056478,1.00738455294059,60.0
49887,2687.8825785009226,1.0077213345799467,60.0
49888,2687.883272945367,1.0077851304140732,60.0
49889,2687.8839673898115,1.0069864222475602,60.0
49890,2687.884661834256,1.0070598889156002,60.0
49891,2687.8853562787003,1.0069101857606302,60.0
49892,2687.8860507231448,1.0078554293086832,60.0
49893,2687.886745167589,1.0064695185300867,60.0
49894,2687.8874396120336,1.008049814732725,60.0
49895,2687.888134056478,1.0076917984500933,60.0
49896,2687.888828500923,1.0071712191371334,60.0
49897,2687.8895229453674,1.0075427910296733,60.0
49898,2687.890217389812,1.0083306556321234,60.0
49899,2687.8909118342563,1.0070253951193135,60.0
49900,2687.8916062787007,1.0082358648852934,60.0
49901,2687.892300723145,1.0079567918659667,60.0
49902,2687.8929951675896,1.0077917348078234,60.0
49903,2687.893689612034,1.00720222772806,60.0
49904,2687.8943840564784,1.0071905120360167,60.0
49905,2687.895078500923,1.0066543249907733,60.0
49906,2687.8957729453673,1.0076906213658567,60.0
49907,2687.8964673898117,1.0069053892564568,60.0
49908,2687.897161834256,1.00771997825061,60.0
49909,2687.8978562787006,1.0081164863122734,60.0
49910,2687.898550723145,1.0066225954567367,60.0
49911,2687.8992451675895,1.0070678820176133,60.0
49912,2687.899939612034,1.0063723156986402,60.0
49913,2687.9006340564783,1.0075042251465334,60.0
49914,2687.901328500923,1.00732635294671,60.0
49915,2687.902022945367,1.007813863851773,60.0
49916,2687.9027173898116,1.0076512276728866,60.0
49917,2687.903411834256,1.0069270421478267,60.0
49918,2687.9041062787005,1.00738121004147,60.0
49919,2687.904800723145,1.00658481306182,60.0
49920,2687.9054951675894,1.0076664477291501,60.0
49921,2687.906189612034,1.0066896457369532,60.0
49922,2687.9068840564782,1.00679316082708,60.0
49923,2687.9075785009227,1.0076898501159668,60.0
49924,2687.908272945367,1.0068626311314268,60.0
49925,2687.9089673898116,1.0057177591266067,60.0
49926,2687.909661834256,1.0067487161135,60.0
49927,2687.9103562787004,1.0062010789562532,60.0
49928,2687.911050723145,1.007106082611805,60.0
49929,2687.9117451675893,1.0074761070618898,60.0
49930,2687.9124396120337,1.0069662238443866,60.0
49931,2687.913134056478,1.007191384476515,60.0
49932,2687.9138285009226,1.0076948767398899,60.0
49933,2687.914522945367,1.0072118081746335,60.0
49934,2687.9152173898115,1.006108568785485,60.0
49935,2687.915911834256,1.0073791454079768,60.0
49936,2687.9166062787003,1.0066707935296,60.0
49937,2687.9173007231448,1.0071717736637467,60.0
49938,2687.917995167589,1.0075091320461833,60.0
49939,2687.918689612034,1.00648207560094,60.0
49940,2687.9193840564785,1.0066094460205768,60.0
49941,2687.920078500923,1.00683411643013,60.0
49942,2687.9207729453674,1.00798565843986,60.0
49943,2687.921467389812,1.0065714445362233,60.0
49944,2687.9221618342563,1.0065737448126333,60.0
49945,2687.9228562787007,1.0066030203937766,60.0
49946,2687.923550723145,1.0071434601610567,60.0
49947,2687.9242451675896,1.0066602959242852,60.0
49948,2687.924939612034,1.0079258143679133,60.0
49949,2687.9256340564784,1.0081104956931501,60.0
49950,2687.926328500923,1.0074335663451333,60.0
49951,2687.9270229453673,1.0076180148385967,60.0
49952,2687.9277173898117,1.00549859710301,60.0
49953,2687.928411834256,1.00775630312669,60.0
49954,2687.9291062787006,1.00655103739577,60.0
49955,2687.929800723145,1.0075524997364067,60.0
49956,2687.9304951675895,1.0070079512884749,60.0
49957,2687.931189612034,1.0075102347799965,60.0
49958,2687.9318840564783,1.005603929604255,60.0
49959,2687.932578500923,1.0063769746208733,60.0
49960,2687.933272945367,1.0067817445115266,60.0
49961,2687.9339673898116,1.0081302166832034,60.0
49962,2687.934661834256,1.0070705770374,60.0
49963,2687.9353562787005,1.00640291571072,60.0
49964,2687.936050723145,1.00800216775427,60.0
49965,2687.9367451675894,1.00816884528455,60.0
49966,2687.937439612034,1.0073058735274933,60.0
49967,2687.9381340564782,1.0068223494909867,60.0
49968,2687.9388285009227,1.0077863585207334,60.0
49969,2687.939522945367,1.00717859287579,60.0
49970,2687.9402173898116,1.0074380216326733,60.0
49971,2687.940911834256,1.0078887800581267,60.0
49972,2687.9416062787004,1.00754992039174,60.0
49973,2687.942300723145,1.0061881520631066,60.0
49974,2687.9429951675893,1.0076735924749032,60.0
49975,2687.9436896120337,1.0063487580275334,60.0
49976,2687.944384056478,1.0082398269242667,60.0
49977,2687.9450785009226,1.0075424419998467,60.0
49978,2687.945772945367,1.0066924583659034,60.0
49979,2687.9464673898115,1.00545708779064,60.0
49980,2687.947161834256,1.00676827491741,60.0
49981,2687.9478562787003,1.0076712601151934,60.0
49982,2687.948550723145,1.0063244491809034,60.0
49983,2687.9492451675897,1.00732227033585,60.0
49984,2687.949939612034,1.0073875544557265,60.0
49985,2687.9506340564785,1.0063800477312401,60.0
49986,2687.951328500923,1.0063064812056133,60.0
49987,2687.9520229453674,1.0058291744880534,60.0
49988,2687.952717389812,1.0070754206875867,60.0
49989,2687.9534118342563,1.0068195544192833,60.0
49990,2687.9541062787007,1.00626435753114,60.0
49991,2687.954800723145,1.0068583046533934,60.0
49992,2687.9554951675896,1.0070137018350234,60.0
49993,2687.956189612034,1.00676571106356,60.0
49994,2687.9568840564784,1.0061733401384367,60.0
49995,2687.957578500923,1.0063154691162934,60.0
49996,2687.9582729453673,1.00671573114095,60.0
49997,2687.9589673898117,1.00639744793232,60.0
49998,2687.959661834256,1.00754464938894,60.0
49999,2687.9603562787006,1.0059814640647549,60.0
50000,2687.961050723145,1.0070758963681998,60.0
50001,2687.9617451675895,1.0077718490156133,60.0
50002,2687.962439612034,1.005543575048795,60.0
50003,2687.9631340564783,1.00602292662233,60.0
50004,2687.963828500923,1.00696465762292,60.0
50005,2687.964522945367,1.0060102476963602,60.0
50006,2687.9652173898116,1.0072415356834332,60.0
50007,2687.965911834256,1.0067478129475267,60.0
50008,2687.9666062787005,1.0058938955742065,60.0
50009,2687.967300723145,1.0075876774858767,60.0
50010,2687.9679951675894,1.0065632735036998,60.0
50011,2687.968689612034,1.0062323943255065,60.0
50012,2687.9693840564782,1.0069439317118867,60.0
50013,2687.9700785009227,1.0080396609081266,60.0
50014,2687.970772945367,1.0060755473778933,60.0
50015,2687.9714673898116,1.0068468619619,60.0
50016,2687.972161834256,1.0063993022324367,60.0
50017,2687.9728562787004,1.0065709998166332,60.0
50018,2687.973550723145,1.0072455684164698,60.0
50019,2687.9742451675893,1.0073703880299367,60.0
50020,2687.9749396120337,1.0056727841464934,60.0
50021,2687.975634056478,1.0068475223622466,60.0
50022,2687.9763285009226,1.0061715609918833,60.0
50023,2687.977022945367,1.0069504243914833,60.0
50024,2687.977717389812,1.0072522543233033,60.0
50025,2687.9784118342563,1.0061868517822699,60.0
50026,2687.979106278701,1.007105483160085,60.0
50027,2687.979800723145,1.0064111691215334,60.0
50028,2687.9804951675897,1.0068934878317,60.0
50029,2687.981189612034,1.0070477071863233,60.0
50030,2687.9818840564785,1.006041277631727,60.0
50031,2687.982578500923,1.0068325692812434,60.0
50032,2687.9832729453674,1.00540813795826,60.0
50033,2687.983967389812,1.0061017270874035,60.0
50034,2687.9846618342563,1.0068980209803533,60.0
50035,2687.9853562787007,1.00604416542181,60.0
50036,2687.986050723145,1.00607975558667,60.0
50037,2687.9867451675896,1.0070280862770566,60.0
50038,2687.987439612034,1.0062265003931967,60.0
50039,2687.9881340564784,1.0057135155395152,60.0
50040,2687.988828500923,1.006395973050315,60.0
50041,2687.9895229453673,1.007083534507345,60.0
50042,2687.9902173898117,1.0063719670660298,60.0
50043,2687.990911834256,1.0052994703433433,60.0
50044,2687.9916062787006,1.00653536107637,60.0
50045,2687.992300723145,1.00619822621473,60.0
50046,2687.9929951675895,1.00594486409008,60.0
50047,2687.993689612034,1.0060077256391367,60.0
50048,2687.9943840564783,1.0063414149813934,60.0
50049,2687.995078500923,1.0056083385209933,60.0
50050,2687.995772945367,1.0062756236147565,60.0
50051,2687.9964673898116,1.0068424076228266,60.0
50052,2687.997161834256,1.0057490647543301,60.0
50053,2687.9978562787005,1.0077521229088,60.0
50054,2687.998550723145,1.00745045693168,60.0
50055,2687.9992451675894,1.0062152154759432,60.0
50056,2687.999939612034,1.0062296012283467,60.0
50057,2688.0006340564782,1.00593882716329,60.0
50058,2688.0013285009227,1.0058992913312832,60.0
50059,2688.002022945367,1.0074398988663333,60.0
50060,2688.0027173898116,1.0062513505888633,60.0
50061,2688.003411834256,1.0063021606593934,60.0
50062,2688.0041062787004,1.0069487708420166,60.0
50063,2688.004800723145,1.0071973427468934,60.0
50064,2688.0054951675893,1.0070260283670367,60.0
50065,2688.0061896120337,1.0063867885183166,60.0
50066,2688.006884056478,1.0068145378231133,60.0
50067,2688.007578500923,1.00655794684626,60.0
50068,2688.0082729453675,1.0060942601362866,60.0
50069,2688.008967389812,1.0062384780000435,60.0
50070,2688.0096618342563,1.0057297035056734,60.0
50071,2688.010356278701,1.0061533559472202,60.0
50072,2688.011050723145,1.00468749521282,60.0
50073,2688.0117451675897,1.0058414160089801,60.0
50074,2688.012439612034,1.0054795716196334,60.0
50075,2688.0131340564785,1.00630843687263,60.0
50076,2688.013828500923,1.0055837608834401,60.0
50077,2688.0145229453674,1.0056279755029,60.0
50078,2688.015217389812,1.0063817961963435,60.0
50079,2688.0159118342563,1.00594829052397,60.0
50080,2688.0166062787007,1.00507234003375,60.0
50081,2688.017300723145,1.0061877751292867,60.0
50082,2688.0179951675896,1.0055477045576866,60.0
50083,2688.018689612034,1.0071605508416,60.0
50084,2688.0193840564784,1.0065768109311868,60.0
50085,2688.020078500923,1.0062739255879734,60.0
50086,2688.0207729453673,1.0069845065919267,60.0
50087,2688.0214673898117,1.0055694050623234,60.0
50088,2688.022161834256,1.0065991924388333,60.0
50089,2688.0228562787006,1.00585901254498,60.0
50090,2688.023550723145,1.0066303895817565,60.0
50091,2688.0242451675895,1.0049993334836067,60.0
50092,2688.024939612034,1.0060105989322399,60.0
50093,2688.0256340564783,1.0063391774394266,60.0
50094,2688.026328500923,1.0057029305664402,60.0
50095,2688.027022945367,1.0055966294617436,60.0
50096,2688.0277173898116,1.0063883907002134,60.0
50097,2688.028411834256,1.0064912215502366,60.0
50098,2688.0291062787005,1.00688391094483,60.0
50099,2688.029800723145,1.006650299981575,60.0
50100,2688.0304951675894,1.0055005536006234,60.0
50101,2688.031189612034,1.00532780970496,60.0
50102,2688.0318840564782,1.00489643863756,60.0
50103,2688.0325785009227,1.005842078592365,60.0
50104,2688.033272945367,1.00536915300228,60.0
50105,2688.0339673898116,1.00429518724322,60.0
50106,2688.034661834256,1.0059499555782698,60.0
50107,2688.0353562787004,1.005789349086605,60.0
50108,2688.036050723145,1.00588935592482,60.0
50109,2688.0367451675893,1.00634363814618,60.0
50110,2688.037439612034,1.0057909771256834,60.0
50111,2688.0381340564786,1.0057159963875133,60.0
50112,2688.038828500923,1.0058190185571965,60.0
50113,2688.0395229453675,1.0055215081796298,60.0
50114,2688.040217389812,1.0049211259925868,60.0
50115,2688.0409118342563,1.0057311416864565,60.0
50116,2688.041606278701,1.0056120139552067,60.0
50117,2688.042300723145,1.0048957591267131,60.0
50118,2688.0429951675897,1.00654179378627,60.0
50119,2688.043689612034,1.00469106556134,60.0
50120,2688.0443840564785,1.0050855396397467,60.0
50121,2688.045078500923,1.0061868583034,60.0
50122,2688.0457729453674,1.0065207186078666,60.0
50123,2688.046467389812,1.0059191652849766,60.0
50124,2688.0471618342563,1.0055225217016666,60.0
50125,2688.0478562787007,1.0047926710778134,60.0
50126,2688.048550723145,1.0057873558252435,60.0
50127,2688.0492451675896,1.0059831170247,60.0
50128,2688.049939612034,1.005866632306005,60.0
50129,2688.0506340564784,1.00550682676162,60.0
50130,2688.051328500923,1.0048202572494467,60.0
50131,2688.0520229453673,1.0054769588828334,60.0
50132,2688.0527173898117,1.0063205822852668,60.0
50133,2688.053411834256,1.0049509152387135,60.0
50134,2688.0541062787006,1.0053562429872551,60.0
50135,2688.054800723145,1.0053715522168398,60.0
50136,2688.0554951675895,1.0065948198403367,60.0
50137,2688.056189612034,1.006516297178197,60.0
50138,2688.0568840564783,1.0047715749329602,60.0
50139,2688.057578500923,1.0062839043770733,60.0
50140,2688.058272945367,1.005547661498045,60.0
50141,2688.0589673898116,1.0054389388656166,60.0
50142,2688.059661834256,1.005405738068795,60.0
50143,2688.0603562787005,1.00593647605289,60.0
50144,2688.061050723145,1.0055936120717435,60.0
50145,2688.0617451675894,1.0059130272416532,60.0
50146,2688.062439612034,1.0061189128470367,60.0
50147,2688.0631340564782,1.0059610297059,60.0
50148,2688.0638285009227,1.0048936890356233,60.0
50149,2688.064522945367,1.00629767900988,60.0
50150,2688.0652173898116,1.00609464199671,60.0
50151,2688.065911834256,1.0056105771024266,60.0
50152,2688.066606278701,1.0051593154538132,60.0
50153,2688.0673007231453,1.005650161329295,60.0
50154,2688.0679951675897,1.00526769149039,60.0
50155,2688.068689612034,1.0050404121593266,60.0
50156,2688.0693840564786,1.00562330109572,60.0
50157,2688.070078500923,1.00615783870671,60.0
50158,2688.0707729453675,1.00500965314061,60.0
50159,2688.071467389812,1.0058107280692035,60.0
50160,2688.0721618342563,1.0059524754369267,60.0
50161,2688.072856278701,1.0046376081461335,60.0
50162,2688.073550723145,1.00411673240023,60.0
50163,2688.0742451675897,1.0056756497979,60.0
50164,2688.074939612034,1.0036537748536467,60.0
50165,2688.0756340564785,1.0052990374162967,60.0
50166,2688.076328500923,1.0048674717572899,60.0
50167,2688.0770229453674,1.0052571782175432,60.0
50168,2688.077717389812,1.0046952727679102,60.0
50169,2688.0784118342563,1.00445636804968,60.0
50170,2688.0791062787007,1.00528120100421,60.0
50171,2688.079800723145,1.004568414731405,60.0
50172,2688.0804951675896,1.0047618842713835,60.0
50173,2688.081189612034,1.0057842595665667,60.0
50174,2688.0818840564784,1.0067463587936767,60.0
50175,2688.082578500923,1.00460909497849,60.0
50176,2688.0832729453673,1.0054564662083065,60.0
50177,2688.0839673898117,1.00526469302139,60.0
50178,2688.084661834256,1.00462263855647,60.0
50179,2688.0853562787006,1.0049038265076733,60.0
50180,2688.086050723145,1.0057970174594502,60.0
50181,2688.0867451675895,1.0055327811431034,60.0
50182,2688.087439612034,1.0059448521649001,60.0
50183,2688.0881340564783,1.0049377006872433,60.0
50184,2688.088828500923,1.00506556135154,60.0
50185,2688.089522945367,1.004969884207945,60.0
50186,2688.0902173898116,1.0045223979750568,60.0
50187,2688.090911834256,1.0057344077844368,60.0
50188,2688.0916062787005,1.0041411119161934,60.0
50189,2688.092300723145,1.0051445903548435,60.0
50190,2688.0929951675894,1.005888098022515,60.0
50191,2688.093689612034,1.0047346009602167,60.0
50192,2688.0943840564782,1.004663599566393,60.0
50193,2688.0950785009227,1.0058561334933733,60.0
50194,2688.095772945367,1.0047851797630367,60.0
50195,2688.096467389812,1.00607806106568,60.0
50196,2688.0971618342564,1.0056322609468,60.0
50197,2688.097856278701,1.0053264826041335,60.0
50198,2688.0985507231453,1.0054545735673799,60.0
50199,2688.0992451675897,1.0045919872928,60.0
50200,2688.099939612034,1.0045122408020999,60.0
50201,2688.1006340564786,1.0050242657792434,60.0
50202,2688.101328500923,1.0048143601817499,60.0
50203,2688.1020229453675,1.0047696941601834,60.0
50204,2688.102717389812,1.00547378899528,60.0
50205,2688.1034118342563,1.00451622301698,60.0
50206,2688.104106278701,1.00573320833536,60.0
50207,2688.104800723145,1.00440369891178,60.0
50208,2688.1054951675897,1.00441617601582,60.0
50209,2688.106189612034,1.0050960800466935,60.0
50210,2688.1068840564785,1.0052994144165235,60.0
50211,2688.107578500923,1.0048336651604268,60.0
50212,2688.1082729453674,1.0050710940460166,60.0
50213,2688.108967389812,1.00514843820639,60.0
50214,2688.1096618342563,1.0054435788471199,60.0
50215,2688.1103562787007,1.0058898028941032,60.0
50216,2688.111050723145,1.0046232272367368,60.0
50217,2688.1117451675896,1.0043550212286834,60.0
50218,2688.112439612034,1.0042072333234566,60.0
50219,2688.1131340564784,1.0039456897829966,60.0
50220,2688.113828500923,1.004718599117905,60.0
50221,2688.1145229453673,1.00472802561991,60.0
50222,2688.1152173898117,1.005231843543575,60.0
50223,2688.115911834256,1.00616460126575,60.0
50224,2688.1166062787006,1.0048487888462068,60.0
50225,2688.117300723145,1.0051929225635734,60.0
50226,2688.1179951675895,1.0048038791057834,60.0
50227,2688.118689612034,1.0052790520493369,60.0
50228,2688.1193840564783,1.0046538044212234,60.0
50229,2688.120078500923,1.0043454055961698,60.0
50230,2688.120772945367,1.005101007445605,60.0
50231,2688.1214673898116,1.0047583780424902,60.0
50232,2688.122161834256,1.0042443049418435,60.0
50233,2688.1228562787005,1.0051434193284834,60.0
50234,2688.123550723145,1.0049650792669034,60.0
50235,2688.1242451675894,1.0043049951423966,60.0
50236,2688.124939612034,1.004719471612535,60.0
50237,2688.1256340564782,1.0051055291539333,60.0
50238,2688.126328500923,1.0041559930226,60.0
50239,2688.1270229453676,1.00536355318429,60.0
50240,2688.127717389812,1.00457620795073,60.0
50241,2688.1284118342564,1.00530969222444,60.0
50242,2688.129106278701,1.00435843093327,60.0
50243,2688.1298007231453,1.0045502911145534,60.0
50244,2688.1304951675897,1.0051748714804465,60.0
50245,2688.131189612034,1.00780403780287,60.0
50246,2688.1318840564786,1.0042634604292802,60.0
50247,2688.132578500923,1.00396898361227,60.0
50248,2688.1332729453675,1.00475323496718,60.0
50249,2688.133967389812,1.0048137351704265,60.0
50250,2688.1346618342563,1.0051136095406765,60.0
50251,2688.135356278701,1.0045145390984533,60.0
50252,2688.136050723145,1.0050454798857134,60.0
50253,2688.1367451675897,1.00483890702607,60.0
50254,2688.137439612034,1.0044645753747068,60.0
50255,2688.1381340564785,1.0040686994938266,60.0
50256,2688.138828500923,1.0045766033162467,60.0
50257,2688.1395229453674,1.0056089495308234,60.0
50258,2688.140217389812,1.0050527734710668,60.0
50259,2688.1409118342563,1.0041457367659865,60.0
50260,2688.1416062787007,1.0041006330864433,60.0
50261,2688.142300723145,1.00529482545567,60.0
50262,2688.1429951675896,1.0045414370650234,60.0
50263,2688.143689612034,1.00397758847169,60.0
50264,2688.1443840564784,1.0050977660807734,60.0
50265,2688.145078500923,1.0041998698424732,60.0
50266,2688.1457729453673,1.0053603640092266,60.0
50267,2688.1464673898117,1.0040403147194668,60.0
50268,2688.147161834256,1.005094923873155,60.0
50269,2688.1478562787006,1.0042251033682434,60.0
50270,2688.148550723145,1.0042217572535566,60.0
50271,2688.1492451675895,1.0040399245415335,60.0
50272,2688.149939612034,1.0041297201888633,60.0
50273,2688.1506340564783,1.0040945484763466,60.0
50274,2688.151328500923,1.0046942687115301,60.0
50275,2688.152022945367,1.0041517776447166,60.0
50276,2688.1527173898116,1.0040502581157633,60.0
50277,2688.153411834256,1.0045410100939531,60.0
50278,2688.1541062787005,1.004824889259005,60.0
50279,2688.154800723145,1.0052134219076834,60.0
50280,2688.15549516759,1.0032264315429051,60.0
50281,2688.1561896120343,1.00616463671159,60.0
50282,2688.1568840564787,1.0040204057406967,60.0
50283,2688.157578500923,1.0052698971776735,60.0
50284,2688.1582729453676,1.00298602527162,60.0
50285,2688.158967389812,1.00411854421276,60.0
50286,2688.1596618342564,1.0047292636088667,60.0
50287,2688.160356278701,1.0044019731249934,60.0
50288,2688.1610507231453,1.00374295195493,60.0
50289,2688.1617451675897,1.0041898930435567,60.0
50290,2688.162439612034,1.003786606227235,60.0
50291,2688.1631340564786,1.0038304789028532,60.0
50292,2688.163828500923,1.0042698884591867,60.0
50293,2688.1645229453675,1.0045139556365867,60.0
50294,2688.165217389812,1.0041298095524434,60.0
50295,2688.1659118342563,1.0057802329209464,60.0
50296,2688.166606278701,1.0047110716204166,60.0
50297,2688.167300723145,1.0048216921777366,60.0
50298,2688.1679951675897,1.0041189531444201,60.0
50299,2688.168689612034,1.0047960392512667,60.0
50300,2688.1693840564785,1.0042801300142399,60.0
50301,2688.170078500923,1.0041483411195398,60.0
50302,2688.1707729453674,1.00392142702038,60.0
50303,2688.171467389812,1.0043465108639833,60.0
50304,2688.1721618342563,1.0045601188702833,60.0
50305,2688.1728562787007,1.0036027951418867,60.0
50306,2688.173550723145,1.0044845126220867,60.0
50307,2688.1742451675896,1.00466346058427,60.0
50308,2688.174939612034,1.004428325163225,60.0
50309,2688.1756340564784,1.0042589407848532,60.0
50310,2688.176328500923,1.00461566222833,60.0
50311,2688.1770229453673,1.0048614786868868,60.0
50312,2688.1777173898117,1.0036533296315067,60.0
50313,2688.178411834256,1.00443426422045,60.0
50314,2688.1791062787006,1.0047950382068533,60.0
50315,2688.179800723145,1.0047477057679168,60.0
50316,2688.1804951675895,1.00456731054493,60.0
50317,2688.181189612034,1.004994552558785,60.0
50318,2688.1818840564783,1.0040109181421768,60.0
50319,2688.182578500923,1.0036539136843834,60.0
50320,2688.183272945367,1.0046533129650699,60.0
50321,2688.1839673898116,1.0038350926467967,60.0
50322,2688.184661834256,1.005336746529035,60.0
50323,2688.185356278701,1.00232830680748,60.0
50324,2688.1860507231454,1.0048199800294266,60.0
50325,2688.18674516759,1.0053243179418299,60.0
50326,2688.1874396120343,1.003297607713805,60.0
50327,2688.1881340564787,1.0041065548137935,60.0
50328,2688.188828500923,1.0043271053726268,60.0
50329,2688.1895229453676,1.0043372710285767,60.0
50330,2688.190217389812,1.0042129023815065,60.0
50331,2688.1909118342564,1.00452227961612,60.0
50332,2688.191606278701,1.00446860709987,60.0
50333,2688.1923007231453,1.004368479931,60.0
50334,2688.1929951675897,1.0041280899521035,60.0
50335,2688.193689612034,1.0044316899859769,60.0
50336,2688.1943840564786,1.004762164173325,60.0
50337,2688.195078500923,1.0039396771304867,60.0
50338,2688.1957729453675,1.00426428500239,60.0
50339,2688.196467389812,1.0030836087424966,60.0
50340,2688.1971618342563,1.003043639843375,60.0
50341,2688.197856278701,1.00369346556408,60.0
50342,2688.198550723145,1.003868242421875,60.0
50343,2688.1992451675897,1.0034199457228468,60.0
50344,2688.199939612034,1.0040227717253132,60.0
50345,2688.2006340564785,1.00318289172565,60.0
50346,2688.201328500923,1.0045748159516166,60.0
50347,2688.2020229453674,1.0036665689117898,60.0
50348,2688.202717389812,1.00443969651902,60.0
50349,2688.2034118342563,1.0040375941953268,60.0
50350,2688.2041062787007,1.0042905850238968,60.0
50351,2688.204800723145,1.0034340108128201,60.0
50352,2688.2054951675896,1.0032807002409967,60.0
50353,2688.206189612034,1.00397985489143,60.0
50354,2688.2068840564784,1.00532998217063,60.0
50355,2688.207578500923,1.0046632662798898,60.0
50356,2688.2082729453673,1.0037994322151533,60.0
50357,2688.2089673898117,1.0042929074150366,60.0
50358,2688.209661834256,1.0049395744441667,60.0
50359,2688.2103562787006,1.003559224756375,60.0
50360,2688.211050723145,1.004123066812325,60.0
50361,2688.2117451675895,1.0041078099029932,60.0
50362,2688.212439612034,1.00336912209155,60.0
50363,2688.2131340564783,1.0032990480640869,60.0
50364,2688.213828500923,1.003785437023,60.0
50365,2688.214522945367,1.0038433432756901,60.0
50366,2688.215217389812,1.0042570233279766,60.0
50367,2688.2159118342565,1.00504881252595,60.0
50368,2688.216606278701,1.0038527631263001,60.0
50369,2688.2173007231454,1.0041623267417268,60.0
50370,2688.21799516759,1.0039369417057264,60.0
50371,2688.2186896120343,1.0044969439566933,60.0
50372,2688.2193840564787,1.00380468165927,60.0
50373,2688.220078500923,1.00458475022942,60.0
50374,2688.2207729453676,1.0028514105187802,60.0
50375,2688.221467389812,1.0032228951739248,60.0
50376,2688.2221618342564,1.0036192759398135,60.0
50377,2688.222856278701,1.00444013186243,60.0
50378,2688.2235507231453,1.0030365142046767,60.0
50379,2688.2242451675897,1.0043199729796999,60.0
50380,2688.224939612034,1.0041311711735599,60.0
50381,2688.2256340564786,1.00330261931911,60.0
50382,2688.226328500923,1.0042337566344635,60.0
50383,2688.2270229453675,1.0034239206109166,60.0
50384,2688.227717389812,1.0043237835030634,60.0
50385,2688.2284118342563,1.0031500293697535,60.0
50386,2688.229106278701,1.0037851140004932,60.0
50387,2688.229800723145,1.00362277202388,60.0
50388,2688.2304951675897,1.0027276186182998,60.0
50389,2688.231189612034,1.0029703360311633,60.0
50390,2688.2318840564785,1.0042511860985,60.0
50391,2688.232578500923,1.0027495959057666,60.0
50392,2688.2332729453674,1.00340270465317,60.0
50393,2688.233967389812,1.00261300026404,60.0
50394,2688.2346618342563,1.0038169740006635,60.0
50395,2688.2353562787007,1.00361513135135,60.0
50396,2688.236050723145,1.003849931448745,60.0
50397,2688.2367451675896,1.0039216514801435,60.0
50398,2688.237439612034,1.0033884803493198,60.0
50399,2688.2381340564784,1.00277750370609,60.0
50400,2688.238828500923,1.0042694679914765,60.0
50401,2688.2395229453673,1.003838981385925,60.0
50402,2688.2402173898117,1.0038813702890232,60.0
50403,2688.240911834256,1.00386507214793,60.0
50404,2688.2416062787006,1.0036748377884435,60.0
50405,2688.242300723145,1.0041702339816665,60.0
50406,2688.2429951675895,1.0043859082372,60.0
50407,2688.243689612034,1.0048658198190965,60.0
50408,2688.244384056479,1.0038977008504701,60.0
50409,2688.2450785009232,1.0038122287137234,60.0
50410,2688.2457729453677,1.0037461432407133,60.0
50411,2688.246467389812,1.0024590024390034,60.0
50412,2688.2471618342565,1.0038434654689,60.0
50413,2688.247856278701,1.0036994648015833,60.0
50414,2688.2485507231454,1.0034175024598901,60.0
50415,2688.24924516759,1.0026818437627867,60.0
50416,2688.2499396120343,1.002112295687985,60.0
50417,2688.2506340564787,1.00345601164007,60.0
50418,2688.251328500923,1.00383482469107,60.0
50419,2688.2520229453676,1.0029871772032266,60.0
50420,2688.252717389812,1.0033599897824266,60.0
50421,2688.2534118342564,1.0032831928341333,60.0
50422,2688.254106278701,1.0044191221365768,60.0
50423,2688.2548007231453,1.0034953485102533,60.0
50424,2688.2554951675897,1.0034417805461333,60.0
50425,2688.256189612034,1.0030582010004032,60.0
50426,2688.2568840564786,1.0045827564673602,60.0
50427,2688.257578500923,1.0038190143042152,60.0
50428,2688.2582729453675,1.00394061435261,60.0
50429,2688.258967389812,1.0029899905215867,60.0
50430,2688.2596618342563,1.0035556039171503,60.0
50431,2688.260356278701,1.0035673407805732,60.0
50432,2688.261050723145,1.003358628823393,60.0
50433,2688.2617451675897,1.00409036718431,60.0
50434,2688.262439612034,1.00390092697295,60.0
50435,2688.2631340564785,1.0040300589287867,60.0
50436,2688.263828500923,1.0041286392042335,60.0
50437,2688.2645229453674,1.0035442046833267,60.0
50438,2688.265217389812,1.0033618763993633,60.0
50439,2688.2659118342563,1.0032894710250033,60.0
50440,2688.2666062787007,1.0032945305048648,60.0
50441,2688.267300723145,1.00364377340789,60.0
50442,2688.2679951675896,1.0037126602391333,60.0
50443,2688.268689612034,1.0038690922071867,60.0
50444,2688.2693840564784,1.0033462843311136,60.0
50445,2688.270078500923,1.0030402474670368,60.0
50446,2688.2707729453673,1.0026442494232135,60.0
50447,2688.2714673898117,1.0034957694424198,60.0
50448,2688.272161834256,1.0033916419588567,60.0
50449,2688.2728562787006,1.0032581049426967,60.0
50450,2688.273550723145,1.0047444579050966,60.0
50451,2688.27424516759,1.0037989759694133,60.0
50452,2688.2749396120344,1.00309023486322,60.0
50453,2688.275634056479,1.00413220243636,60.0
50454,2688.2763285009232,1.0029223914611365,60.0
50455,2688.2770229453677,1.003575577104085,60.0
50456,2688.277717389812,1.0032533857712502,60.0
50457,2688.2784118342565,1.00365507057157,60.0
50458,2688.279106278701,1.00374953115686,60.0
50459,2688.2798007231454,1.00304831332158,60.0
50460,2688.28049516759,1.0026052575127034,60.0
50461,2688.2811896120343,1.0029925541621534,60.0
50462,2688.2818840564787,1.0026769650635934,60.0
50463,2688.282578500923,1.003053011663725,60.0
50464,2688.2832729453676,1.0038522677850066,60.0
50465,2688.283967389812,1.0035279080518065,60.0
50466,2688.2846618342564,1.0037232853485867,60.0
50467,2688.285356278701,1.0039276700116702,60.0
50468,2688.2860507231453,1.0035119689485101,60.0
50469,2688.2867451675897,1.003869580104,60.0
50470,2688.287439612034,1.0028484171778667,60.0
50471,2688.2881340564786,1.0033766723453765,60.0
50472,2688.288828500923,1.0024491201771533,60.0
50473,2688.2895229453675,1.00225122985656,60.0
50474,2688.290217389812,1.0033065013066733,60.0
50475,2688.2909118342563,1.002639254054743,60.0
50476,2688.291606278701,1.0029056424502134,60.0
50477,2688.292300723145,1.00339734989978,60.0
50478,2688.2929951675897,1.0022956301896733,60.0
50479,2688.293689612034,1.0042377306969934,60.0
50480,2688.2943840564785,1.0034115113385667,60.0
50481,2688.295078500923,1.0027385007867933,60.0
50482,2688.2957729453674,1.0046838074054432,60.0
50483,2688.296467389812,1.0032359536735949,60.0
50484,2688.2971618342563,1.0032233945843032,60.0
50485,2688.2978562787007,1.0026939912006352,60.0
50486,2688.298550723145,1.0037779298513967,60.0
50487,2688.2992451675896,1.0034906093006501,60.0
50488,2688.299939612034,1.0039341862087934,60.0
50489,2688.3006340564784,1.0025877728425652,60.0
50490,2688.301328500923,1.0037028145641134,60.0
50491,2688.3020229453673,1.0035131262572534,60.0
50492,2688.3027173898117,1.0031765988443602,60.0
50493,2688.303411834256,1.003271986497595,60.0
50494,2688.304106278701,1.0030393243948865,60.0
50495,2688.3048007231455,1.0037482161354399,60.0
50496,2688.30549516759,1.0031828703796901,60.0
50497,2688.3061896120344,1.0032491550211702,60.0
50498,2688.306884056479,1.0025850153275466,60.0
50499,2688.3075785009232,1.0028233919011,60.0
50500,2688.3082729453677,1.0023946576145133,60.0
50501,2688.308967389812,1.0036220388422334,60.0
50502,2688.3096618342565,1.00298568085415,60.0
50503,2688.310356278701,1.0034517558412566,60.0
50504,2688.3110507231454,1.0036108316696735,60.0
50505,2688.31174516759,1.0038445101635267,60.0
50506,2688.3124396120343,1.0026825564865567,60.0
50507,2688.3131340564787,1.0038062758163833,60.0
50508,2688.313828500923,1.0028287518687102,60.0
50509,2688.3145229453676,1.0032040133932867,60.0
50510,2688.315217389812,1.0043348017748635,60.0
50511,2688.3159118342564,1.00330750366299,60.0
50512,2688.316606278701,1.00226761942979,60.0
50513,2688.3173007231453,1.0025854801715033,60.0
50514,2688.3179951675897,1.00383266465947,60.0
50515,2688.318689612034,1.0021800082884733,60.0
50516,2688.3193840564786,1.0025770741142768,60.0
50517,2688.320078500923,1.0030712520832266,60.0
50518,2688.3207729453675,1.0029754318086634,60.0
50519,2688.321467389812,1.0033489316196,60.0
50520,2688.3221618342563,1.00384363231294,60.0
50521,2688.322856278701,1.0039677232563,60.0
50522,2688.323550723145,1.0030688785386066,60.0
50523,2688.3242451675897,1.0036398392167134,60.0
50524,2688.324939612034,1.0033044358854497,60.0
50525,2688.3256340564785,1.0025614644378267,60.0
50526,2688.326328500923,1.0030396670935733,60.0
50527,2688.3270229453674,1.0029464621757667,60.0
50528,2688.327717389812,1.0023336356018768,60.0
50529,2688.3284118342563,1.0027562957637433,60.0
50530,2688.3291062787007,1.0038327940505367,60.0
50531,2688.329800723145,1.0031765741161534,60.0
50532,2688.3304951675896,1.00405757931384,60.0
50533,2688.331189612034,1.00324887704341,60.0
50534,2688.3318840564784,1.003343784165465,60.0
50535,2688.332578500923,1.0037760561331301,60.0
50536,2688.3332729453678,1.0027148561630435,60.0
50537,2688.333967389812,1.00199713951889,60.0
50538,2688.3346618342566,1.0028510178147534,60.0
50539,2688.335356278701,1.0035465191342698,60.0
50540,2688.3360507231455,1.0025399976003566,60.0
50541,2688.33674516759,1.00296386097455,60.0
50542,2688.3374396120344,1.0018034342618531,60.0
50543,2688.338134056479,1.002905686939693,60.0
50544,2688.3388285009232,1.003686416938665,60.0
50545,2688.3395229453677,1.0038522185746865,60.0
50546,2688.340217389812,1.0023352567529766,60.0
50547,2688.3409118342565,1.0048365920486002,60.0
50548,2688.341606278701,1.0022134802576401,60.0
50549,2688.3423007231454,1.0033096982918266,60.0
50550,2688.34299516759,1.00305628580419,60.0
50551,2688.3436896120343,1.0018093980258966,60.0
50552,2688.3443840564787,1.0033318624399967,60.0
50553,2688.345078500923,1.0021012895926333,60.0
50554,2688.3457729453676,1.0024664185194367,60.0
50555,2688.346467389812,1.0028219741226,60.0
50556,2688.3471618342564,1.0029650623382735,60.0
50557,2688.347856278701,1.00326098304803,60.0
50558,2688.3485507231453,1.003539421418185,60.0
50559,2688.3492451675897,1.00342664320344,60.0
50560,2688.349939612034,1.00313624687723,60.0
50561,2688.3506340564786,1.0020754597871033,60.0
50562,2688.351328500923,1.00269979742648,60.0
50563,2688.3520229453675,1.00256971041536,60.0
50564,2688.352717389812,1.0026518513201799,60.0
50565,2688.3534118342563,1.0030579779850701,60.0
50566,2688.354106278701,1.002888654513075,60.0
50567,2688.354800723145,1.0040090095514067,60.0
50568,2688.3554951675897,1.0029942606614168,60.0
50569,2688.356189612034,1.00168320043836,60.0
50570,2688.3568840564785,1.00226920794859,60.0
50571,2688.357578500923,1.0022212003135433,60.0
50572,2688.3582729453674,1.00243065805701,60.0
50573,2688.358967389812,1.0024823662690767,60.0
50574,2688.3596618342563,1.00252470355017,60.0
50575,2688.3603562787007,1.002786598836675,60.0
50576,2688.361050723145,1.0029772311941267,60.0
50577,2688.3617451675896,1.0025888159101466,60.0
50578,2688.362439612034,1.0018283359553235,60.0
50579,2688.363134056479,1.0021895694748901,60.0
50580,2688.3638285009233,1.001542758705235,60.0
50581,2688.3645229453678,1.00220283358515,60.0
50582,2688.365217389812,1.002285952668875,60.0
50583,2688.3659118342566,1.0028226577429302,60.0
50584,2688.366606278701,1.003158395381565,60.0
50585,2688.3673007231455,1.0030417684638602,60.0
50586,2688.36799516759,1.00110240659127,60.0
50587,2688.3686896120344,1.0027597223488536,60.0
50588,2688.369384056479,1.0022232685028052,60.0
50589,2688.3700785009232,1.0035818969213666,60.0
50590,2688.3707729453677,1.0028192411352652,60.0
50591,2688.371467389812,1.00276175432664,60.0
50592,2688.3721618342565,1.0026298693081852,60.0
50593,2688.372856278701,1.00301105474961,60.0
50594,2688.3735507231454,1.00261283022694,60.0
50595,2688.37424516759,1.00271625750705,60.0
50596,2688.3749396120343,1.0029291448568334,60.0
50597,2688.3756340564787,1.0019449659686466,60.0
50598,2688.376328500923,1.0019427182662735,60.0
50599,2688.3770229453676,1.0032729208744502,60.0
50600,2688.377717389812,1.0020054783035033,60.0
50601,2688.3784118342564,1.00319350358452,60.0
50602,2688.379106278701,1.0027908377172468,60.0
50603,2688.3798007231453,1.0023090978756934,60.0
50604,2688.3804951675897,1.0035132257334531,60.0
50605,2688.381189612034,1.0031782173224666,60.0
50606,2688.3818840564786,1.0027102928500067,60.0
50607,2688.382578500923,1.00272458878098,60.0
50608,2688.3832729453675,1.0026018381871766,60.0
50609,2688.383967389812,1.0012017748924869,60.0
50610,2688.3846618342563,1.0031640284186933,60.0
50611,2688.385356278701,1.00208380483709,60.0
50612,2688.386050723145,1.00367797473153,60.0
50613,2688.3867451675897,1.00239107752837,60.0
50614,2688.387439612034,1.0029284141190933,60.0
50615,2688.3881340564785,1.00296070991719,60.0
50616,2688.388828500923,1.0023347277186598,60.0
50617,2688.3895229453674,1.00257960486357,60.0
50618,2688.390217389812,1.0014398094438401,60.0
50619,2688.3909118342563,1.0021585703188451,60.0
50620,2688.3916062787007,1.002077624686,60.0
50621,2688.392300723145,1.0022726321901265,60.0
50622,2688.39299516759,1.0031841220057,60.0
50623,2688.3936896120344,1.0024968358296833,60.0
50624,2688.394384056479,1.003732774058345,60.0
50625,2688.3950785009233,1.0024850190507566,60.0
50626,2688.3957729453678,1.0021338063280634,60.0
50627,2688.396467389812,1.0022351164755432,60.0
50628,2688.3971618342566,1.00202539002853,60.0
50629,2688.397856278701,1.0027166471713167,60.0
50630,2688.3985507231455,1.0031249948163434,60.0
50631,2688.39924516759,1.0019234798049135,60.0
50632,2688.3999396120344,1.0022913272201701,60.0
50633,2688.400634056479,1.0021573532154966,60.0
50634,2688.4013285009232,1.00220202166042,60.0
50635,2688.4020229453677,1.00254878907263,60.0
50636,2688.402717389812,1.00244311257836,60.0
50637,2688.4034118342565,1.0024968928856735,60.0
50638,2688.404106278701,1.0014690989682433,60.0
50639,2688.4048007231454,1.00276861782781,60.0
50640,2688.40549516759,1.0019595766462668,60.0
50641,2688.4061896120343,1.0021903238928667,60.0
50642,2688.4068840564787,1.0027700855248434,60.0
50643,2688.407578500923,1.0025695879980767,60.0
50644,2688.4082729453676,1.0018295135139932,60.0
50645,2688.408967389812,1.0028136598544835,60.0
50646,2688.4096618342564,1.0021358939242666,60.0
50647,2688.410356278701,1.0023058148185466,60.0
50648,2688.4110507231453,1.0015950145199448,60.0
50649,2688.4117451675897,1.00364461455716,60.0
50650,2688.412439612034,1.0018868784809134,60.0
50651,2688.4131340564786,1.00138183636938,60.0
50652,2688.413828500923,1.0029882423088734,60.0
50653,2688.4145229453675,1.0024745478008101,60.0
50654,2688.415217389812,1.00154711844941,60.0
50655,2688.4159118342563,1.0017814247887067,60.0
50656,2688.416606278701,1.0024041617761832,60.0
50657,2688.417300723145,1.0027932067812932,60.0
50658,2688.4179951675897,1.0025899440922135,60.0
50659,2688.418689612034,1.0021432677447466,60.0
50660,2688.4193840564785,1.0028754871301233,60.0
50661,2688.420078500923,1.0021986381059351,60.0
50662,2688.4207729453674,1.0020695125261867,60.0
50663,2688.421467389812,1.002249955434825,60.0
50664,2688.4221618342567,1.0027434009970102,60.0
50665,2688.422856278701,1.0016494143640366,60.0
50666,2688.4235507231456,1.0032274830636199,60.0
50667,2688.42424516759,1.0016486281865966,60.0
50668,2688.4249396120344,1.00177555848918,60.0
50669,2688.425634056479,1.0017646431823366,60.0
50670,2688.4263285009233,1.00197570974495,60.0
50671,2688.4270229453678,1.0017047341482066,60.0
50672,2688.427717389812,1.00225118614154,60.0
50673,2688.4284118342566,1.0023557825622151,60.0
50674,2688.429106278701,1.0011529064983933,60.0
50675,2688.4298007231455,1.0013546788860535,60.0
50676,2688.43049516759,1.00188130277681,60.0
50677,2688.4311896120344,1.0013252415527234,60.0
50678,2688.431884056479,1.0016986638504968,60.0
50679,2688.4325785009232,1.0018708508765766,60.0
50680,2688.4332729453677,1.0030312744113934,60.0
50681,2688.433967389812,1.0015716821246334,60.0
50682,2688.4346618342565,1.0013526449054633,60.0
50683,2688.435356278701,1.0021743705986335,60.0
50684,2688.4360507231454,1.00246185396429,60.0
50685,2688.43674516759,1.0020269250093135,60.0
50686,2688.4374396120343,1.0020060365061065,60.0
50687,2688.4381340564787,1.0026962508546935,60.0
50688,2688.438828500923,1.00170739309974,60.0
50689,2688.4395229453676,1.0022581971889533,60.0
50690,2688.440217389812,1.001667595242655,60.0
50691,2688.4409118342564,1.0021578973342364,60.0
50692,2688.441606278701,1.0022556418476032,60.0
50693,2688.4423007231453,1.0014959856670098,60.0
50694,2688.4429951675897,1.0012340633484766,60.0
50695,2688.443689612034,1.0030114745547234,60.0
50696,2688.4443840564786,1.0023727944152032,60.0
50697,2688.445078500923,1.00222442881224,60.0
50698,2688.4457729453675,1.002167214183205,60.0
50699,2688.446467389812,1.0018649713947934,60.0
50700,2688.4471618342563,1.00163099312024,60.0
50701,2688.447856278701,1.00175170249224,60.0
50702,2688.448550723145,1.0011599394273867,60.0
50703,2688.4492451675897,1.00222071401907,60.0
50704,2688.449939612034,1.0019257303171667,60.0
50705,2688.4506340564785,1.0016448048053668,60.0
50706,2688.451328500923,1.0023777025833298,60.0
50707,2688.452022945368,1.0019611019249532,60.0
50708,2688.4527173898123,1.00316792204401,60.0
50709,2688.4534118342567,1.0019499245302768,60.0
50710,2688.454106278701,1.0026673845304934,60.0
50711,2688.4548007231456,1.0017038898835533,60.0
50712,2688.45549516759,1.0017953072694135,60.0
50713,2688.4561896120344,1.0005943809574567,60.0
50714,2688.456884056479,1.0022855952030068,60.0
50715,2688.4575785009233,1.0021721133093833,60.0
50716,2688.4582729453678,1.0018175020089732,60.0
50717,2688.458967389812,1.002341835816725,60.0
50718,2688.4596618342566,1.0024627787400848,60.0
50719,2688.460356278701,1.001955515567835,60.0
50720,2688.4610507231455,1.0015980333602867,60.0
50721,2688.46174516759,1.0023084962862099,60.0
50722,2688.4624396120344,1.0024377286450334,60.0
50723,2688.463134056479,1.0018272497147667,60.0
50724,2688.4638285009232,1.0013077884536568,60.0
50725,2688.4645229453677,1.00183523037078,60.0
50726,2688.465217389812,1.0027130922572667,60.0
50727,2688.4659118342565,1.0010706564379,60.0
50728,2688.466606278701,1.00149992715859,60.0
50729,2688.4673007231454,1.0017863848911333,60.0
50730,2688.46799516759,1.0020032650833366,60.0
50731,2688.4686896120343,1.0022698209871066,60.0
50732,2688.4693840564787,1.0023565490177133,60.0
50733,2688.470078500923,1.0015032709076601,60.0
50734,2688.4707729453676,1.00259100252184,60.0
50735,2688.471467389812,1.0022526292576968,60.0
50736,2688.4721618342564,1.00178736928664,60.0
50737,2688.472856278701,1.00265868940425,60.0
50738,2688.4735507231453,1.0019640052155168,60.0
50739,2688.4742451675897,1.0017824530811967,60.0
50740,2688.474939612034,1.0012401718731265,60.0
50741,2688.4756340564786,1.00151414304823,60.0
50742,2688.476328500923,1.0018380162527933,60.0
50743,2688.4770229453675,1.00167069996534,60.0
50744,2688.477717389812,1.00171232976061,60.0
50745,2688.4784118342563,1.00265320921659,60.0
50746,2688.479106278701,1.0018134229182134,60.0
50747,2688.479800723145,1.0020163824938868,60.0
50748,2688.4804951675897,1.0016796864357633,60.0
50749,2688.481189612034,1.00077655503959,60.0
50750,2688.481884056479,1.0015652629278167,60.0
50751,2688.4825785009234,1.0006141308899268,60.0
50752,2688.483272945368,1.0020057499844366,60.0
50753,2688.4839673898123,1.00148175075057,60.0
50754,2688.4846618342567,1.0025098252856066,60.0
50755,2688.485356278701,1.0007307479625434,60.0
50756,2688.4860507231456,1.00235382381783,60.0
50757,2688.48674516759,1.0012906716720333,60.0
50758,2688.4874396120344,1.0019905178786068,60.0
50759,2688.488134056479,1.0008814234752565,60.0
50760,2688.4888285009233,1.0009440070001234,60.0
50761,2688.4895229453678,1.0023270847936734,60.0
50762,2688.490217389812,1.0011780383395765,60.0
50763,2688.4909118342566,1.00276319733389,60.0
50764,2688.491606278701,1.0020712795792701,60.0
50765,2688.4923007231455,1.00193903513934,60.0
50766,2688.49299516759,1.0014411379215502,60.0
50767,2688.4936896120344,1.0021129399721866,60.0
50768,2688.494384056479,1.000698314984565,60.0
50769,2688.4950785009232,1.0014112730400166,60.0
50770,2688.4957729453677,1.0025416658352266,60.0
50771,2688.496467389812,1.00235209920017,60.0
50772,2688.4971618342565,1.0018050731274732,60.0
50773,2688.497856278701,1.00184124519724,60.0
50774,2688.4985507231454,1.0011271641005133,60.0
50775,2688.49924516759,1.0020294310821434,60.0
50776,2688.4999396120343,1.0014518872802967,60.0
50777,2688.5006340564787,1.00172380031952,60.0
50778,2688.501328500923,1.0014689671808066,60.0
50779,2688.5020229453676,1.0018745181206368,60.0
50780,2688.502717389812,1.0015539795317,60.0
50781,2688.5034118342564,1.0013294377856767,60.0
50782,2688.504106278701,1.00209191050038,60.0
50783,2688.5048007231453,1.0007806472796001,60.0
50784,2688.5054951675897,1.0018978697342733,60.0
50785,2688.506189612034,1.00195564223,60.0
50786,2688.5068840564786,1.001594112466467,60.0
50787,2688.507578500923,1.0021431957377367,60.0
50788,2688.5082729453675,1.0012340581022667,60.0
50789,2688.508967389812,1.0013723253208833,60.0
50790,2688.5096618342563,1.00231436730758,60.0
50791,2688.510356278701,1.0006385828267466,60.0
50792,2688.5110507231457,1.0013349579334099,60.0
50793,2688.51174516759,1.00320242269201,60.0
50794,2688.5124396120345,1.0019244947139534,60.0
50795,2688.513134056479,1.0020991307461669,60.0
50796,2688.5138285009234,1.0016163607487467,60.0
50797,2688.514522945368,1.0022863486064366,60.0
50798,2688.5152173898123,1.001215402302945,60.0
50799,2688.5159118342567,1.0013696443304834,60.0
50800,2688.516606278701,1.0013581276978298,60.0
50801,2688.5173007231456,1.0012739947377536,60.0
50802,2688.51799516759,1.000418053443635,60.0
50803,2688.5186896120344,1.0019748309480565,60.0
50804,2688.519384056479,1.0012009503519,60.0
50805,2688.5200785009233,1.0013852922648334,60.0
50806,2688.5207729453678,1.00143621873715,60.0
50807,2688.521467389812,1.0011365098989466,60.0
50808,2688.5221618342566,1.0010881209167166,60.0
50809,2688.522856278701,1.0013533842961666,60.0
50810,2688.5235507231455,1.0005190321346733,60.0
50811,2688.52424516759,1.00140664892211,60.0
50812,2688.5249396120344,1.00149650840151,60.0
50813,2688.525634056479,1.00175679305212,60.0
50814,2688.5263285009232,1.0010204339305666,60.0
50815,2688.5270229453677,1.0000913814370567,60.0
50816,2688.527717389812,1.00237041630375,60.0
50817,2688.5284118342565,1.00129387818585,60.0
50818,2688.529106278701,1.0015730970423131,60.0
50819,2688.5298007231454,1.001406289293527,60.0
50820,2688.53049516759,1.00150765765894,60.0
50821,2688.5311896120343,1.0018103384564567,60.0
50822,2688.5318840564787,1.0013590262241598,60.0
50823,2688.532578500923,1.0011790139736767,60.0
50824,2688.5332729453676,1.0019024187386367,60.0
50825,2688.533967389812,1.0017150895770266,60.0
50826,2688.5346618342564,1.0013956505190267,60.0
50827,2688.535356278701,1.0011320084888233,60.0
50828,2688.5360507231453,1.0024329127924834,60.0
50829,2688.5367451675897,1.00135887150024,60.0
50830,2688.537439612034,1.0009667675521865,60.0
50831,2688.5381340564786,1.0007679942699035,60.0
50832,2688.538828500923,1.0021359440053266,60.0
50833,2688.5395229453675,1.0021097258053298,60.0
50834,2688.540217389812,1.0003161150298068,60.0
50835,2688.540911834257,1.0014269394309634,60.0
50836,2688.5416062787012,1.0011811216759865,60.0
50837,2688.5423007231457,1.0011483513222765,60.0
50838,2688.54299516759,1.00101383472625,60.0
50839,2688.5436896120345,1.000721980018875,60.0
50840,2688.544384056479,1.0012632397370533,60.0
50841,2688.5450785009234,1.0014570936021767,60.0
50842,2688.545772945368,1.0013263354891366,60.0
50843,2688.5464673898123,1.0011069351748734,60.0
50844,2688.5471618342567,1.00213366781319,60.0
50845,2688.547856278701,1.0015793535413533,60.0
50846,2688.5485507231456,1.00176872752161,60.0
50847,2688.54924516759,1.0016389089211999,60.0
50848,2688.5499396120344,1.000915539391905,60.0
50849,2688.550634056479,1.0019095512424567,60.0
50850,2688.5513285009233,1.0008541540204534,60.0
50851,2688.5520229453678,1.0016745888197731,60.0
50852,2688.552717389812,1.000837704097765,60.0
50853,2688.5534118342566,1.00141514692495,60.0
50854,2688.554106278701,1.0009840085279433,60.0
50855,2688.5548007231455,0.99961841619944,60.0
50856,2688.55549516759,1.0019008499637634,60.0
50857,2688.5561896120344,1.0004031897513999,60.0
50858,2688.556884056479,1.0014288374927567,60.0
50859,2688.5575785009232,1.0014021737862,60.0
50860,2688.5582729453677,1.0014425939935332,60.0
50861,2688.558967389812,1.0020020086347934,60.0
50862,2688.5596618342565,0.9993281784504267,60.0
50863,2688.560356278701,1.00175136305439,60.0
50864,2688.5610507231454,1.00091503223717,60.0
50865,2688.56174516759,1.002359435892715,60.0
50866,2688.5624396120343,1.00047839395548,60.0
50867,2688.5631340564787,1.0011149938963166,60.0
50868,2688.563828500923,1.001388908845917,60.0
50869,2688.5645229453676,1.00212087699996,60.0
50870,2688.565217389812,1.0013979541896199,60.0
50871,2688.5659118342564,1.0014999403147098,60.0
50872,2688.566606278701,1.0014076264251333,60.0
50873,2688.5673007231453,1.0010961665181835,60.0
50874,2688.5679951675897,1.00074229222464,60.0
50875,2688.568689612034,1.0017964451699368,60.0
50876,2688.5693840564786,1.001527418193133,60.0
50877,2688.570078500923,1.0005907060112433,60.0
50878,2688.570772945368,1.00039763080387,60.0
50879,2688.5714673898124,1.0011815823175034,60.0
50880,2688.572161834257,1.0012099367233867,60.0
50881,2688.5728562787012,1.00155013864171,60.0
50882,2688.5735507231457,1.00000265393582,60.0
50883,2688.57424516759,0.9997054821105801,60.0
50884,2688.5749396120345,1.0008536845080034,60.0
50885,2688.575634056479,1.0007732941904635,60.0
50886,2688.5763285009234,1.001622659796545,60.0
50887,2688.577022945368,1.0009756618887766,60.0
50888,2688.5777173898123,1.0027644860163134,60.0
50889,2688.5784118342567,1.00098681877371,60.0
50890,2688.579106278701,1.000710970988775,60.0
50891,2688.5798007231456,1.0005040130215732,60.0
50892,2688.58049516759,1.0004519259696434,60.0
50893,2688.5811896120344,1.0000995719763635,60.0
50894,2688.581884056479,1.0016837956912499,60.0
50895,2688.5825785009233,1.00130828126525,60.0
50896,2688.5832729453678,1.00164307960153,60.0
50897,2688.583967389812,1.0010030852424168,60.0
50898,2688.5846618342566,1.0011802859272734,60.0
50899,2688.585356278701,1.00067613952578,60.0
50900,2688.5860507231455,0.999897605580405,60.0
50901,2688.58674516759,1.000772327527655,60.0
50902,2688.5874396120344,1.0010027258955165,60.0
50903,2688.588134056479,1.0006144726030233,60.0
50904,2688.5888285009232,1.0012274605625635,60.0
50905,2688.5895229453677,1.00014254309603,60.0
50906,2688.590217389812,1.00043340281443,60.0
50907,2688.5909118342565,1.000905665345615,60.0
50908,2688.591606278701,1.000257583372215,60.0
50909,2688.5923007231454,1.000941337135375,60.0
50910,2688.59299516759,1.0009514650046567,60.0
50911,2688.5936896120343,1.0003858776712433,60.0
50912,2688.5943840564787,1.0017885765721148,60.0
50913,2688.595078500923,1.0013677555786233,60.0
50914,2688.5957729453676,1.0006668086310635,60.0
50915,2688.596467389812,1.00064993500396,60.0
50916,2688.5971618342564,1.0015286087347832,60.0
50917,2688.597856278701,1.0008996534537802,60.0
50918,2688.5985507231453,1.0006909335669467,60.0
50919,2688.5992451675897,1.0007322035230466,60.0
50920,2688.5999396120346,1.00059893060212,60.0
50921,2688.600634056479,1.0004518188591434,60.0
50922,2688.6013285009235,1.0006293560678035,60.0
50923,2688.602022945368,1.0009476048444235,60.0
50924,2688.6027173898124,1.0008698972073,60.0
50925,2688.603411834257,1.0012543901534834,60.0
50926,2688.6041062787012,1.0008951763641867,60.0
50927,2688.6048007231457,1.0014149894752533,60.0
50928,2688.60549516759,1.00079319071999,60.0
50929,2688.6061896120345,1.0013351675611233,60.0
50930,2688.606884056479,1.0008089761510768,60.0
50931,2688.6075785009234,1.0005401036572499,60.0
50932,2688.608272945368,1.0013639126052234,60.0
50933,2688.6089673898123,1.0009370871380334,60.0
50934,2688.6096618342567,0.9999724458813967,60.0
50935,2688.610356278701,1.00053170507073,60.0
50936,2688.6110507231456,1.0011847806734533,60.0
50937,2688.61174516759,1.00125670684814,60.0
50938,2688.6124396120344,1.0008576850189466,60.0
50939,2688.613134056479,1.00083882293646,60.0
50940,2688.6138285009233,1.00143778809278,60.0
50941,2688.6145229453678,1.0006672258790068,60.0
50942,2688.615217389812,1.0012787806399832,60.0
50943,2688.6159118342566,1.0004887631623165,60.0
50944,2688.616606278701,1.0011411980663134,60.0
50945,2688.6173007231455,1.0005588629604165,60.0
50946,2688.61799516759,1.0006350725506399,60.0
50947,2688.6186896120344,1.0012473809567533,60.0
50948,2688.619384056479,1.0007909834581368,60.0
50949,2688.6200785009232,1.0005474053342667,60.0
50950,2688.6207729453677,1.0007543086451267,60.0
50951,2688.621467389812,1.0008487312677932,60.0
50952,2688.6221618342565,0.9998030638222634,60.0
50953,2688.622856278701,1.0006982574650367,60.0
50954,2688.6235507231454,1.00118556770986,60.0
50955,2688.62424516759,1.000594301821085,60.0
50956,2688.6249396120343,1.0017944976693334,60.0
50957,2688.6256340564787,1.0000845342550466,60.0
50958,2688.626328500923,1.00057401477298,60.0
50959,2688.6270229453676,1.001159753538945,60.0
50960,2688.627717389812,1.000492107771315,60.0
50961,2688.6284118342564,0.9994892429755851,60.0
50962,2688.629106278701,1.0009885166694,60.0
50963,2688.6298007231458,1.00066216193662,60.0
50964,2688.63049516759,1.0003733071073635,60.0
50965,2688.6311896120346,1.0007966354339966,60.0
50966,2688.631884056479,1.0016011378586664,60.0
50967,2688.6325785009235,1.0022380843700167,60.0
50968,2688.633272945368,1.0007311768463933,60.0
50969,2688.6339673898124,1.0014410824163733,60.0
50970,2688.634661834257,1.00111384883798,60.0
50971,2688.6353562787012,1.0008100072859367,60.0
50972,2688.6360507231457,1.0009452761633835,60.0
50973,2688.63674516759,1.0005800496533535,60.0
50974,2688.6374396120345,1.0009969882454568,60.0
50975,2688.638134056479,1.00034548206135,60.0
50976,2688.6388285009234,1.00120053249438,60.0
50977,2688.639522945368,1.00113709891028,60.0
50978,2688.6402173898123,1.000870606271935,60.0
50979,2688.6409118342567,1.00285785561989,60.0
50980,2688.641606278701,1.0005576044089501,60.0
50981,2688.6423007231456,0.9989388718100534,60.0
50982,2688.64299516759,1.0006113956132334,60.0
50983,2688.6436896120344,1.0005677323853732,60.0
50984,2688.644384056479,1.0011119067973535,60.0
50985,2688.6450785009233,1.0020305309165265,60.0
50986,2688.6457729453678,1.0002927274717635,60.0
50987,2688.646467389812,1.0002137762713434,60.0
50988,2688.6471618342566,1.0010480994272601,60.0
50989,2688.647856278701,0.9997197869213333,60.0
50990,2688.6485507231455,1.0013305831286867,60.0
50991,2688.64924516759,1.0002589051374267,60.0
50992,2688.6499396120344,1.0012472922087399,60.0
50993,2688.650634056479,1.0010962092210998,60.0
50994,2688.6513285009232,1.0016019415874402,60.0
50995,2688.6520229453677,1.0005586528363066,60.0
50996,2688.652717389812,0.9997697237177601,60.0
50997,2688.6534118342565,1.00040018920337,60.0
50998,2688.654106278701,1.0010467674081467,60.0
50999,2688.6548007231454,1.0001556763553234,60.0
51000,2688.65549516759,1.0007198643518065,60.0
51001,2688.6561896120343,1.0014209593465802,60.0
51002,2688.6568840564787,0.9999126882842266,60.0
51003,2688.657578500923,0.99996751062897,60.0
51004,2688.6582729453676,1.0006266328412765,60.0
51005,2688.658967389812,1.0001867602692134,60.0
51006,2688.659661834257,0.99989905238121,60.0
51007,2688.6603562787013,1.0018157129307301,60.0
51008,2688.6610507231458,1.0010829399796168,60.0
51009,2688.66174516759,1.0006900006644532,60.0
51010,2688.6624396120346,1.0003170724617234,60.0
51011,2688.663134056479,1.0006582929309666,60.0
51012,2688.6638285009235,0.9998076295956749,60.0
51013,2688.664522945368,1.0010705748534534,60.0
51014,2688.6652173898124,0.9996813443855332,60.0
51015,2688.665911834257,0.9999471027157999,60.0
51016,2688.6666062787012,1.0011066308217969,60.0
51017,2688.6673007231457,1.0000964699332433,60.0
51018,2688.66799516759,1.0001027329565133,60.0
51019,2688.6686896120345,1.0000834596291166,60.0
51020,2688.669384056479,1.0005530850521367,60.0
51021,2688.6700785009234,1.0003418065800933,60.0
51022,2688.670772945368,1.0004753805817568,60.0
51023,2688.6714673898123,1.0005052855970236,60.0
51024,2688.6721618342567,0.9999997902460867,60.0
51025,2688.672856278701,1.0016692775005536,60.0
51026,2688.6735507231456,1.0016034577559334,60.0
51027,2688.67424516759,1.0004312604629966,60.0
51028,2688.6749396120344,0.9999269292066066,60.0
51029,2688.675634056479,1.0012777731390032,60.0
51030,2688.6763285009233,1.0006498169498668,60.0
51031,2688.6770229453678,1.0005013079246166,60.0
51032,2688.677717389812,0.99999450018387,60.0
51033,2688.6784118342566,0.99946796559257,60.0
51034,2688.679106278701,1.0007936129428134,60.0
51035,2688.6798007231455,1.0004249681315465,60.0
51036,2688.68049516759,0.9999158698924667,60.0
51037,2688.6811896120344,1.0004684571717501,60.0
51038,2688.681884056479,1.0011148924907134,60.0
51039,2688.6825785009232,1.0003351907247369,60.0
51040,2688.6832729453677,1.0003629478460099,60.0
51041,2688.683967389812,0.9999415832222399,60.0
51042,2688.6846618342565,1.0003581699068065,60.0
51043,2688.685356278701,0.9996841520981633,60.0
51044,2688.6860507231454,1.00029745928472,60.0
51045,2688.68674516759,1.00072165197725,60.0
51046,2688.6874396120343,1.00033449188758,60.0
51047,2688.6881340564787,1.0004506478364932,60.0
51048,2688.6888285009236,1.00051404296267,60.0
51049,2688.689522945368,0.9999429523193534,60.0
51050,2688.6902173898125,1.00009547965077,60.0
51051,2688.690911834257,1.0005493534546668,60.0
51052,2688.6916062787013,1.0000845972125865,60.0
51053,2688.6923007231458,1.00075368625546,60.0
51054,2688.69299516759,0.9997828017137634,60.0
51055,2688.6936896120346,1.0000429606941301,60.0
51056,2688.694384056479,1.0011685871715332,60.0
51057,2688.6950785009235,1.0006517801899832,60.0
51058,2688.695772945368,1.0008074714405801,60.0
51059,2688.6964673898124,1.00008085249403,60.0
51060,2688.697161834257,0.9991173595247534,60.0
51061,2688.6978562787012,0.9999115121983634,60.0
51062,2688.6985507231457,1.0000533560096365,60.0
51063,2688.69924516759,1.00017539695995,60.0
51064,2688.6999396120345,1.00115646653033,60.0
51065,2688.700634056479,1.0009222010597467,60.0
51066,2688.7013285009234,1.0012936151822667,60.0
51067,2688.702022945368,1.0002519763005466,60.0
51068,2688.7027173898123,1.00044594652265,60.0
51069,2688.7034118342567,1.0008500816480135,60.0
51070,2688.704106278701,1.0004237827584535,60.0
51071,2688.7048007231456,1.0013625147904701,60.0
51072,2688.70549516759,1.00000771116452,60.0
51073,2688.7061896120344,0.9999025546688101,60.0
51074,2688.706884056479,0.99970224303657,60.0
51075,2688.7075785009233,1.0005577005203665,60.0
51076,2688.7082729453678,0.9994372507663566,60.0
51077,2688.708967389812,1.0001320449933135,60.0
51078,2688.7096618342566,0.9995707237776367,60.0
51079,2688.710356278701,1.00038986721462,60.0
51080,2688.7110507231455,1.0004931304133466,60.0
51081,2688.71174516759,0.9999612570389868,60.0
51082,2688.7124396120344,1.00059624981413,60.0
51083,2688.713134056479,0.9996576500305401,60.0
51084,2688.7138285009232,1.0009700031754665,60.0
51085,2688.7145229453677,1.0007319393016865,60.0
51086,2688.715217389812,1.00087911471478,60.0
51087,2688.7159118342565,0.9996179642365166,60.0
51088,2688.716606278701,1.0002348321835266,60.0
51089,2688.7173007231454,0.9997394919631599,60.0
51090,2688.71799516759,1.0007534979536967,60.0
51091,2688.7186896120347,1.0007842101567799,60.0
51092,2688.719384056479,0.99987182451608,60.0
51093,2688.7200785009236,0.9997185296318299,60.0
51094,2688.720772945368,1.0005829823459467,60.0
51095,2688.7214673898125,1.000478173235925,60.0
51096,2688.722161834257,1.0006118767273835,60.0
51097,2688.7228562787013,0.9996638043157233,60.0
51098,2688.7235507231458,1.0011899804469067,60.0
51099,2688.72424516759,1.0002355930725033,60.0
51100,2688.7249396120346,1.0013198647264467,60.0
51101,2688.725634056479,1.0000745873353833,60.0
51102,2688.7263285009235,0.9997165627679667,60.0
51103,2688.727022945368,1.0000693288036,60.0
51104,2688.7277173898124,1.0004422338428764,60.0
51105,2688.728411834257,0.9999506691250367,60.0
51106,2688.7291062787012,0.99933667359631,60.0
51107,2688.7298007231457,1.0005407997705233,60.0
51108,2688.73049516759,1.0002835421419733,60.0
51109,2688.7311896120345,1.0006368162674,60.0
51110,2688.731884056479,1.0001436506282568,60.0
51111,2688.7325785009234,0.9997765846332799,60.0
51112,2688.733272945368,1.0004990325296,60.0
51113,2688.7339673898123,1.0012539434633665,60.0
51114,2688.7346618342567,1.00086578080752,60.0
51115,2688.735356278701,0.9994745280059033,60.0
51116,2688.7360507231456,0.99966866715301,60.0
51117,2688.73674516759,1.0002514968423668,60.0
51118,2688.7374396120344,1.0011059847126134,60.0
51119,2688.738134056479,1.0007074675006067,60.0
51120,2688.7388285009233,1.0004718961148302,60.0
51121,2688.7395229453678,0.9999979807537501,60.0
51122,2688.740217389812,1.0003698587848466,60.0
51123,2688.7409118342566,1.00036370781506,60.0
51124,2688.741606278701,0.9989600530227399,60.0
51125,2688.7423007231455,1.0006994912164666,60.0
51126,2688.74299516759,0.99872578047423,60.0
51127,2688.7436896120344,1.0011977394069933,60.0
51128,2688.744384056479,1.0008182054887733,60.0
51129,2688.7450785009232,0.9997254741862266,60.0
51130,2688.7457729453677,0.9999871587857633,60.0
51131,2688.746467389812,1.00110196544495,60.0
51132,2688.7471618342565,1.00010860514321,60.0
51133,2688.747856278701,1.0001740277631102,60.0
51134,2688.748550723146,1.0011001559508468,60.0
51135,2688.7492451675903,1.00056410246241,60.0
51136,2688.7499396120347,1.0013414320194634,60.0
51137,2688.750634056479,0.9994010726858233,60.0
51138,2688.7513285009236,1.0000629803913232,60.0
51139,2688.752022945368,1.0005751337111832,60.0
51140,2688.7527173898125,0.9999902821851633,60.0
51141,2688.753411834257,1.00063477018342,60.0
51142,2688.7541062787013,0.9999945556858334,60.0
51143,2688.7548007231458,1.0007921136681135,60.0
51144,2688.75549516759,1.0004018915584967,60.0
51145,2688.7561896120346,1.000062435307445,60.0
51146,2688.756884056479,1.00008177855904,60.0
51147,2688.7575785009235,0.99996821001434,60.0
51148,2688.758272945368,1.0004090996068198,60.0
51149,2688.7589673898124,0.9998863241828334,60.0
51150,2688.759661834257,1.0006721538974235,60.0
51151,2688.7603562787012,0.9999515586562134,60.0
51152,2688.7610507231457,1.0003374989451734,60.0
51153,2688.76174516759,0.9993284468582365,60.0
51154,2688.7624396120345,0.9999001021274267,60.0
51155,2688.763134056479,1.00056173885793,60.0
51156,2688.7638285009234,1.000000233856255,60.0
51157,2688.764522945368,1.0012521933885767,60.0
51158,2688.7652173898123,1.00004411026325,60.0
51159,2688.7659118342567,1.00071268793318,60.0
51160,2688.766606278701,0.9997590245122033,60.0
51161,2688.7673007231456,1.0007079837546133,60.0
51162,2688.76799516759,1.00073189971971,60.0
51163,2688.7686896120344,0.9997493477847933,60.0
51164,2688.769384056479,0.9994238179660567,60.0
51165,2688.7700785009233,1.0007653276697965,60.0
51166,2688.7707729453678,1.0002682575090367,60.0
51167,2688.771467389812,1.0008677929580467,60.0
51168,2688.7721618342566,1.0008537932932702,60.0
51169,2688.772856278701,0.9992138673344201,60.0
51170,2688.7735507231455,1.0001271222567099,60.0
51171,2688.77424516759,0.9995387809500232,60.0
51172,2688.7749396120344,0.999814116094225,60.0
51173,2688.775634056479,0.9999917471702501,60.0
51174,2688.7763285009232,1.0000300789808165,60.0
51175,2688.7770229453677,0.99902438280548,60.0
51176,2688.7777173898126,1.00032515704259,60.0
51177,2688.778411834257,0.9997016590947968,60.0
51178,2688.7791062787014,0.9999902283071199,60.0
51179,2688.779800723146,1.0002906741820132,60.0
51180,2688.7804951675903,1.0007324649557334,60.0
51181,2688.7811896120347,1.0004664352991766,60.0
51182,2688.781884056479,0.9996919201729567,60.0
51183,2688.7825785009236,1.0005455570055635,60.0
51184,2688.783272945368,0.9993852931491233,60.0
51185,2688.7839673898125,1.0000037166117168,60.0
51186,2688.784661834257,1.00035378402414,60.0
51187,2688.7853562787013,1.000371012303565,60.0
51188,2688.7860507231458,1.00055681418929,60.0
51189,2688.78674516759,0.9996503300533,60.0
51190,2688.7874396120346,1.0001866878564734,60.0
51191,2688.788134056479,1.0008300174039366,60.0
51192,2688.7888285009235,0.9999951541256434,60.0
51193,2688.789522945368,0.9996148178302167,60.0
51194,2688.7902173898124,1.0008153362408099,60.0
51195,2688.790911834257,1.0007288124493299,60.0
51196,2688.7916062787012,1.0015859616715002,60.0
51197,2688.7923007231457,0.99997953524118,60.0
51198,2688.79299516759,1.0001881066436134,60.0
51199,2688.7936896120345,1.00079971939606,60.0
51200,2688.794384056479,0.9997931750406567,60.0
51201,2688.7950785009234,1.00049921366618,60.0
51202,2688.795772945368,1.0000648147512068,60.0
51203,2688.7964673898123,0.9992580200507101,60.0
51204,2688.7971618342567,0.99969819154016,60.0
51205,2688.797856278701,1.0003214306325765,60.0
51206,2688.7985507231456,1.00075954627283,60.0
51207,2688.79924516759,0.9998601573818899,60.0
51208,2688.7999396120344,1.0007962542040834,60.0
51209,2688.800634056479,1.00025774388162,60.0
51210,2688.8013285009233,1.0012454647333768,60.0
51211,2688.8020229453678,1.0003989060927567,60.0
51212,2688.802717389812,1.0005153247433765,60.0
51213,2688.8034118342566,0.9999815186828233,60.0
51214,2688.804106278701,1.0003549176209734,60.0
51215,2688.8048007231455,1.0005163305834635,60.0
51216,2688.80549516759,1.0006998779063168,60.0
51217,2688.8061896120344,1.0005334273121633,60.0
51218,2688.806884056479,1.0000260362053366,60.0
51219,2688.8075785009237,1.00030974667625,60.0
51220,2688.808272945368,1.0010293116388551,60.0
51221,2688.8089673898126,1.0005568756151466,60.0
51222,2688.809661834257,1.0001940821752067,60.0
51223,2688.8103562787014,0.9999199127386467,60.0
51224,2688.811050723146,1.0003646352319266,60.0
51225,2688.8117451675903,1.0009592155901565,60.0
51226,2688.8124396120347,1.0006567568656735,60.0
51227,2688.813134056479,1.001110695644615,60.0
51228,2688.8138285009236,0.9993744321138133,60.0
51229,2688.814522945368,0.9997770104670035,60.0
51230,2688.8152173898125,1.00028843429989,60.0
51231,2688.815911834257,1.00076719278653,60.0
51232,2688.8166062787013,1.0004428596213335,60.0
51233,2688.8173007231458,0.9996316240192266,60.0
51234,2688.81799516759,1.0000020004318833,60.0
51235,2688.8186896120346,1.0001707546930432,60.0
51236,2688.819384056479,0.9992253739872666,60.0
51237,2688.8200785009235,0.99990349217114,60.0
51238,2688.820772945368,0.9996304128291333,60.0
51239,2688.8214673898124,0.9999979214549133,60.0
51240,2688.822161834257,1.00154363679473,60.0
51241,2688.8228562787012,1.0006298368330901,60.0
51242,2688.8235507231457,0.9996821428258832,60.0
51243,2688.82424516759,0.9987006885171567,60.0
51244,2688.8249396120345,1.0003277621395366,60.0
51245,2688.825634056479,0.9997478868480166,60.0
51246,2688.8263285009234,0.9994064374245634,60.0
51247,2688.827022945368,0.9997720974735435,60.0
51248,2688.8277173898123,1.0001023551943733,60.0
51249,2688.8284118342567,0.9992421668877732,60.0
51250,2688.829106278701,0.99927488646406,60.0
51251,2688.8298007231456,0.9996579954801267,60.0
51252,2688.83049516759,1.0001140886583035,60.0
51253,2688.8311896120344,1.00064670027466,60.0
51254,2688.831884056479,0.9996004445161434,60.0
51255,2688.8325785009233,1.0000528773839499,60.0
51256,2688.8332729453678,1.0006538329581234,60.0
51257,2688.833967389812,1.0004370080309233,60.0
51258,2688.8346618342566,0.9987458945480366,60.0
51259,2688.835356278701,1.0005548306281067,60.0
51260,2688.8360507231455,0.9995790012857834,60.0
51261,2688.83674516759,0.99907770314649,60.0
51262,2688.837439612035,1.0006941323497969,60.0
51263,2688.8381340564792,1.0000838669298602,60.0
51264,2688.8388285009237,0.9989309330110334,60.0
51265,2688.839522945368,1.0000270011376633,60.0
51266,2688.8402173898126,0.998918791848525,60.0
51267,2688.840911834257,1.0002319546146534,60.0
51268,2688.8416062787014,0.9999925576644401,60.0
51269,2688.842300723146,0.99943054379894,60.0
51270,2688.8429951675903,1.0000210914335868,60.0
51271,2688.8436896120347,0.9997989310567634,60.0
51272,2688.844384056479,0.9997941798439234,60.0
51273,2688.8450785009236,1.0002047046612499,60.0
51274,2688.845772945368,1.0009186925670266,60.0
51275,2688.8464673898125,1.0004645433606951,60.0
51276,2688.847161834257,1.0005656256689133,60.0
51277,2688.8478562787013,1.00038293735523,60.0
51278,2688.8485507231458,0.9994776984964232,60.0
51279,2688.84924516759,0.9994259099895767,60.0
51280,2688.8499396120346,0.9994337340233299,60.0
51281,2688.850634056479,0.99932107441959,60.0
51282,2688.8513285009235,0.9995662502115934,60.0
51283,2688.852022945368,0.9993390864102333,60.0
51284,2688.8527173898124,0.9991627912714267,60.0
51285,2688.853411834257,1.00020086696023,60.0
51286,2688.8541062787012,1.0001784367428865,60.0
51287,2688.8548007231457,0.9993878594102034,60.0
51288,2688.85549516759,0.9992458841846267,60.0
51289,2688.8561896120345,1.0006735383730734,60.0
51290,2688.856884056479,0.9994975435121435,60.0
51291,2688.8575785009234,0.99990542664819,60.0
51292,2688.858272945368,0.9990676392987101,60.0
51293,2688.8589673898123,0.9993340470923666,60.0
51294,2688.8596618342567,0.99964945808722,60.0
51295,2688.860356278701,0.9994498127904133,60.0
51296,2688.8610507231456,1.00025288855986,60.0
51297,2688.86174516759,0.9999554486263467,60.0
51298,2688.8624396120344,0.9996486558230933,60.0
51299,2688.863134056479,1.00000642704105,60.0
51300,2688.8638285009233,0.99916404768758,60.0
51301,2688.8645229453678,1.0003037855383534,60.0
51302,2688.865217389812,0.9996753285121334,60.0
51303,2688.8659118342566,1.0000697125961766,60.0
51304,2688.8666062787015,0.999093154783845,60.0
51305,2688.867300723146,0.9999705221176965,60.0
51306,2688.8679951675904,0.99960031687951,60.0
51307,2688.868689612035,0.99950352664804,60.0
51308,2688.8693840564792,1.0004002835106134,60.0
51309,2688.8700785009237,0.9997846491722,60.0
51310,2688.870772945368,0.9989676269216967,60.0
51311,2688.8714673898126,1.0005910908358833,60.0
51312,2688.872161834257,0.9998623996010968,60.0
51313,2688.8728562787014,1.00073072112888,60.0
51314,2688.873550723146,1.0000643647705667,60.0
51315,2688.8742451675903,0.9995725562338134,60.0
51316,2688.8749396120347,0.9988579838559266,60.0
51317,2688.875634056479,1.0003944085852965,60.0
51318,2688.8763285009236,1.00052521365274,60.0
51319,2688.877022945368,0.9995647239977801,60.0
51320,2688.8777173898125,0.9994364041665751,60.0
51321,2688.878411834257,1.0001919922730733,60.0
51322,2688.8791062787013,0.9990166901228766,60.0
51323,2688.8798007231458,1.00066773475551,60.0
51324,2688.88049516759,1.0000045960030233,60.0
51325,2688.8811896120346,0.9991785641251966,60.0
51326,2688.881884056479,0.9992497986194199,60.0
51327,2688.8825785009235,1.0010446669588466,60.0
51328,2688.883272945368,0.9996271860130567,60.0
51329,2688.8839673898124,1.000356399619895,60.0
51330,2688.884661834257,1.0007923373560565,60.0
51331,2688.8853562787012,0.9992189929005667,60.0
51332,2688.8860507231457,0.9992000146271667,60.0
51333,2688.88674516759,0.9983079468165567,60.0
51334,2688.8874396120345,0.9992844220342133,60.0
51335,2688.888134056479,0.9998988397876101,60.0
51336,2688.8888285009234,0.9996220914633765,60.0
51337,2688.889522945368,0.9994924971026368,60.0
51338,2688.8902173898123,1.0005796178509467,60.0
51339,2688.8909118342567,1.0003448579739567,60.0
51340,2688.891606278701,1.00104201508483,60.0
51341,2688.8923007231456,0.9992066913663867,60.0
51342,2688.89299516759,0.9990619216486301,60.0
51343,2688.8936896120344,1.0001818238241034,60.0
51344,2688.894384056479,0.9998433943239733,60.0
51345,2688.8950785009233,1.0000922185579233,60.0
51346,2688.8957729453678,0.99915578432165,60.0
51347,2688.8964673898126,0.9997547086555367,60.0
51348,2688.897161834257,0.9998361802183267,60.0
51349,2688.8978562787015,0.9999868050522535,60.0
51350,2688.898550723146,0.9989107297318099,60.0
51351,2688.8992451675904,1.000083632167325,60.0
51352,2688.899939612035,1.00045285988937,60.0
51353,2688.9006340564792,0.9985059466456767,60.0
51354,2688.9013285009237,1.00018754698424,60.0
51355,2688.902022945368,0.9991872211603666,60.0
51356,2688.9027173898126,1.00014945007739,60.0
51357,2688.903411834257,0.9989604554715701,60.0
51358,2688.9041062787014,0.9995055018216967,60.0
51359,2688.904800723146,0.9994805560057567,60.0
51360,2688.9054951675903,0.9986617108415466,60.0
51361,2688.9061896120347,0.99953443105267,60.0
51362,2688.906884056479,0.9996585430649133,60.0
51363,2688.9075785009236,0.999651397043705,60.0
51364,2688.908272945368,0.99975507354073,60.0
51365,2688.9089673898125,0.9988230514333433,60.0
51366,2688.909661834257,0.9996563535588701,60.0
51367,2688.9103562787013,0.9991684029795233,60.0
51368,2688.9110507231458,0.9989096821483849,60.0
51369,2688.91174516759,0.9997124731163334,60.0
51370,2688.9124396120346,0.9988555887213734,60.0
51371,2688.913134056479,0.9994008674277,60.0
51372,2688.9138285009235,0.9991377300457901,60.0
51373,2688.914522945368,0.99923856094711,60.0
51374,2688.9152173898124,0.9994183458034366,60.0
51375,2688.915911834257,0.99919842590522,60.0
51376,2688.9166062787012,0.9991095617535733,60.0
51377,2688.9173007231457,0.9992096931571668,60.0
51378,2688.91799516759,0.9994134960006665,60.0
51379,2688.9186896120345,1.0002496021758134,60.0
51380,2688.919384056479,0.9994541619064465,60.0
51381,2688.9200785009234,0.9991877700899701,60.0
51382,2688.920772945368,1.0002176356055934,60.0
51383,2688.9214673898123,0.9996160689211534,60.0
51384,2688.9221618342567,0.9993248715849533,60.0
51385,2688.922856278701,0.9991996183403066,60.0
51386,2688.9235507231456,1.00015359703027,60.0
51387,2688.92424516759,0.99960411176514,60.0
51388,2688.9249396120344,1.0003805011950933,60.0
51389,2688.925634056479,0.99860816818225,60.0
51390,2688.926328500924,1.00003124424292,60.0
51391,2688.927022945368,0.9995161226053467,60.0
51392,2688.9277173898126,1.0006189791937468,60.0
51393,2688.928411834257,0.9990447765113734,60.0
51394,2688.9291062787015,1.0003447122715199,60.0
51395,2688.929800723146,0.9994435705615367,60.0
51396,2688.9304951675904,0.99979212893978,60.0
51397,2688.931189612035,0.9991961676801734,60.0
51398,2688.9318840564792,0.9995809533509467,60.0
51399,2688.9325785009237,0.9991426406379267,60.0
51400,2688.933272945368,0.9989537848064435,60.0
51401,2688.9339673898126,0.99935638456739,60.0
51402,2688.934661834257,0.9993175997224233,60.0
51403,2688.9353562787014,0.99961361436078,60.0
51404,2688.936050723146,0.9990964880677367,60.0
51405,2688.9367451675903,0.9996515350013366,60.0
51406,2688.9374396120347,1.000180403169015,60.0
51407,2688.938134056479,1.0001122178118067,60.0
51408,2688.9388285009236,0.99983067587606,60.0
51409,2688.939522945368,0.99901511005102,60.0
51410,2688.9402173898125,0.9995075905305599,60.0
51411,2688.940911834257,0.9989219149064233,60.0
51412,2688.9416062787013,0.99904178380004,60.0
51413,2688.9423007231458,0.9993506526489767,60.0
51414,2688.94299516759,1.00018668289138,60.0
51415,2688.9436896120346,0.9996168742091001,60.0
51416,2688.944384056479,1.001743495249515,60.0
51417,2688.9450785009235,0.999015864542765,60.0
51418,2688.945772945368,0.9997268842509266,60.0
51419,2688.9464673898124,0.9993202996427133,60.0
51420,2688.947161834257,0.9998058276060501,60.0
51421,2688.9478562787012,0.99825998762512,60.0
51422,2688.9485507231457,0.99942335398047,60.0
51423,2688.94924516759,0.9994663276755501,60.0
51424,2688.9499396120345,0.9999650837898567,60.0
51425,2688.950634056479,0.9997521955007299,60.0
51426,2688.9513285009234,0.99983495756158,60.0
51427,2688.952022945368,0.9991141842059833,60.0
51428,2688.9527173898123,0.9999482635968967,60.0
51429,2688.9534118342567,0.9997346989910567,60.0
51430,2688.954106278701,0.9997708265616699,60.0
51431,2688.9548007231456,0.9996881090459634,60.0
51432,2688.9554951675905,0.9996243970412667,60.0
51433,2688.956189612035,0.99930319501034,60.0
51434,2688.9568840564793,0.9992917401974766,60.0
51435,2688.958272945368,1.00041040616651,60.0
51436,2688.9589673898126,0.9995757663607566,60.0
51437,2688.959661834257,0.9982569546474934,60.0
51438,2688.9603562787015,0.99962529756283,60.0
51439,2688.961050723146,1.0000784071771933,60.0
51440,2688.9617451675904,0.9991897303740368,60.0
51441,2688.962439612035,0.9998365462560668,60.0
51442,2688.9631340564792,1.000482485982933,60.0
51443,2688.9638285009237,0.9995762843370634,60.0
51444,2688.964522945368,0.99949350268744,60.0
51445,2688.9652173898126,0.9985856998730868,60.0
51446,2688.965911834257,0.9991600344681166,60.0
51447,2688.9666062787014,1.0000772206705968,60.0
51448,2688.967300723146,0.9992452324116834,60.0
51449,2688.9679951675903,0.99971070430431,60.0
51450,2688.9686896120347,0.9997509123952666,60.0
51451,2688.969384056479,1.0001575526947368,60.0
51452,2688.9700785009236,0.99877859465822,60.0
51453,2688.970772945368,0.99948962765383,60.0
51454,2688.9714673898125,0.9987872930435966,60.0
51455,2688.972161834257,1.0005154287004665,60.0
51456,2688.9728562787013,0.9995157704485801,60.0
51457,2688.9735507231458,0.9998994280340101,60.0
51458,2688.97424516759,0.9989942931518333,60.0
51459,2688.9749396120346,0.9992726147223566,60.0
51460,2688.975634056479,0.9996503904933633,60.0
51461,2688.9763285009235,0.9994078017512034,60.0
51462,2688.977022945368,0.9991525458771765,60.0
51463,2688.9777173898124,0.998341739265465,60.0
51464,2688.978411834257,0.9987865279353466,60.0
51465,2688.9791062787012,0.9975395596229967,60.0
51466,2688.9798007231457,0.9997172809758167,60.0
51467,2688.98049516759,0.9988068696135733,60.0
51468,2688.9811896120345,0.9999105537689932,60.0
51469,2688.981884056479,0.99888314664973,60.0
51470,2688.9825785009234,0.9989933034354034,60.0
51471,2688.983272945368,1.0003282045147068,60.0
51472,2688.9839673898123,0.99981700800437,60.0
51473,2688.9846618342567,0.999293843041675,60.0
51474,2688.9853562787016,0.9987196351465734,60.0
51475,2688.986050723146,0.9986579400944066,60.0
51476,2688.9867451675905,0.9989833889979733,60.0
51477,2688.987439612035,1.0004047430441767,60.0
51478,2688.9881340564793,0.9995564965109249,60.0
51479,2688.988828500924,0.9998456519090366,60.0
51480,2688.989522945368,0.9998318615846132,60.0
51481,2688.9902173898126,0.9997266034801434,60.0
51482,2688.990911834257,1.0001911007931132,60.0
51483,2688.9916062787015,0.9999414572184767,60.0
51484,2688.992300723146,0.999301246917935,60.0
51485,2688.9929951675904,0.99808614215186,60.0
51486,2688.993689612035,0.9999840408908899,60.0
51487,2688.9943840564792,1.00016643568968,60.0
51488,2688.9950785009237,0.9985948895408666,60.0
51489,2688.995772945368,0.9996500989350633,60.0
51490,2688.9964673898126,0.99923977655383,60.0
51491,2688.997161834257,0.9996250980174334,60.0
51492,2688.9978562787014,0.9984401321262933,60.0
51493,2688.998550723146,0.9992314693308301,60.0
51494,2688.9992451675903,0.9993707396152965,60.0
51495,2688.9999396120347,1.0000923420023902,60.0
51496,2689.000634056479,0.99981847749505,60.0
51497,2689.0013285009236,0.9993264732736433,60.0
51498,2689.002022945368,0.9998796058905199,60.0
51499,2689.0027173898125,1.0005145161583449,60.0
51500,2689.003411834257,0.9998947322389267,60.0
51501,2689.0041062787013,0.9991577966505334,60.0
51502,2689.0048007231458,0.9988417971118065,60.0
51503,2689.00549516759,0.9992904183866868,60.0
51504,2689.0061896120346,0.99973228177867,60.0
51505,2689.006884056479,0.998971313701195,60.0
51506,2689.0075785009235,1.00016679377922,60.0
51507,2689.008272945368,0.999062367372475,60.0
51508,2689.0089673898124,0.9992021096467966,60.0
51509,2689.009661834257,0.9990565793913566,60.0
51510,2689.0103562787012,0.9995540278303099,60.0
51511,2689.0110507231457,0.99976472355835,60.0
51512,2689.01174516759,0.9996850563599934,60.0
51513,2689.0124396120345,0.9990304575498833,60.0
51514,2689.013134056479,0.99913611762946,60.0
51515,2689.0138285009234,0.99908819649665,60.0
51516,2689.014522945368,1.0002155344730834,60.0
51517,2689.0152173898127,1.0000000684347399,60.0
51518,2689.015911834257,1.0002933914993166,60.0
51519,2689.0166062787016,0.9989292919368733,60.0
51520,2689.017300723146,0.9989135169302866,60.0
51521,2689.0179951675905,0.9992127966367766,60.0
51522,2689.018689612035,0.9995799045975433,60.0
51523,2689.0193840564793,0.9991130126844133,60.0
51524,2689.020078500924,1.00011013069904,60.0
51525,2689.020772945368,0.9992335822953667,60.0
51526,2689.0214673898126,0.99885995365371,60.0
51527,2689.022161834257,0.9991502015472568,60.0
51528,2689.0228562787015,0.99832846781678,60.0
51529,2689.023550723146,0.9983088172537,60.0
51530,2689.0242451675904,0.9992888178885133,60.0
51531,2689.024939612035,0.999472630351905,60.0
51532,2689.0256340564792,0.9998206496425867,60.0
51533,2689.0263285009237,0.99943304250709,60.0
51534,2689.027022945368,1.0003710510535166,60.0
51535,2689.0277173898126,0.9993453834120599,60.0
51536,2689.028411834257,0.9998300782549067,60.0
51537,2689.0291062787014,0.9990130221794034,60.0
51538,2689.029800723146,1.0001699649742433,60.0
51539,2689.0304951675903,1.00001991066334,60.0
51540,2689.0311896120347,0.9996705370772433,60.0
51541,2689.031884056479,1.00107559609391,60.0
51542,2689.0325785009236,0.9993493258477634,60.0
51543,2689.033272945368,0.9992388420444134,60.0
51544,2689.0339673898125,0.9990068784576499,60.0
51545,2689.034661834257,0.9995262667851367,60.0
51546,2689.0353562787013,0.9987079149338532,60.0
51547,2689.0360507231458,0.9995099703923049,60.0
51548,2689.03674516759,0.99900218261805,60.0
51549,2689.0374396120346,0.9995731725314768,60.0
51550,2689.038134056479,0.9995322463404933,60.0
51551,2689.0388285009235,1.0002366820718633,60.0
51552,2689.039522945368,0.9990085531507167,60.0
51553,2689.0402173898124,0.998851652053625,60.0
51554,2689.040911834257,0.9990160678931134,60.0
51555,2689.0416062787012,0.9996290770020165,60.0
51556,2689.0423007231457,0.9989484297298433,60.0
51557,2689.04299516759,0.99879266791487,60.0
51558,2689.0436896120345,1.0003233354166434,60.0
51559,2689.0443840564794,0.99827452670317,60.0
51560,2689.045078500924,0.9993015021415733,60.0
51561,2689.0457729453683,0.99948124406679,60.0
51562,2689.0464673898127,0.9991941384609065,60.0
51563,2689.047161834257,0.9995989445353098,60.0
51564,2689.0478562787016,0.9992090955704233,60.0
51565,2689.048550723146,0.9998081827985067,60.0
51566,2689.0492451675905,1.0002297916333933,60.0
51567,2689.049939612035,1.0002027549501202,60.0
51568,2689.0506340564793,0.9994369668030699,60.0
51569,2689.051328500924,0.99988085358576,60.0
51570,2689.052022945368,0.9999029164935666,60.0
51571,2689.0527173898126,0.99958177371809,60.0
51572,2689.053411834257,0.9993975281579033,60.0
51573,2689.0541062787015,0.9997214838415034,60.0
51574,2689.054800723146,1.000016151657265,60.0
51575,2689.0554951675904,0.99936674839288,60.0
51576,2689.056189612035,1.0004276211795433,60.0
51577,2689.0568840564792,0.9995958766575134,60.0
51578,2689.0575785009237,0.9992846605553699,60.0
51579,2689.058272945368,0.9994661121089466,60.0
51580,2689.0589673898126,0.99867314624443,60.0
51581,2689.059661834257,0.9995127916981134,60.0
51582,2689.0603562787014,0.9986476621159034,60.0
51583,2689.061050723146,0.9991704541506866,60.0
51584,2689.0617451675903,0.9992099430455234,60.0
51585,2689.0624396120347,0.9998402087205299,60.0
51586,2689.063134056479,1.00013657604406,60.0
51587,2689.0638285009236,0.9992623530393067,60.0
51588,2689.064522945368,1.0003959878723767,60.0
51589,2689.0652173898125,0.998649210768465,60.0
51590,2689.065911834257,1.0000279109458232,60.0
51591,2689.0666062787013,0.99871740944829,60.0
51592,2689.0673007231458,0.9994949409606301,60.0
51593,2689.06799516759,0.9997794817644268,60.0
51594,2689.0686896120346,0.9992149121043067,60.0
51595,2689.069384056479,0.9988701628622301,60.0
51596,2689.0700785009235,1.0000646566832299,60.0
51597,2689.070772945368,0.9992665833426834,60.0
51598,2689.0714673898124,0.99913468653835,60.0
51599,2689.072161834257,0.9991724697707,60.0
51600,2689.0728562787012,0.9990576381878501,60.0
51601,2689.0735507231457,0.999091054145725,60.0
51602,2689.0742451675906,0.9994358976911734,60.0
51603,2689.074939612035,0.9991084151352766,60.0
51604,2689.0756340564794,0.9996304997029402,60.0
51605,2689.076328500924,0.9994447267319266,60.0
51606,2689.0770229453683,0.99975340955806,60.0
51607,2689.0777173898127,0.9998555935177501,60.0
51608,2689.078411834257,0.9992212287590566,60.0
51609,2689.0791062787016,0.9992649503381034,60.0
51610,2689.079800723146,0.9988620600856134,60.0
51611,2689.0804951675905,0.9994758567425235,60.0
51612,2689.081189612035,0.9996329170302533,60.0
51613,2689.0818840564793,0.9983910699250833,60.0
51614,2689.082578500924,0.9992088502596067,60.0
51615,2689.083272945368,0.9991962379406233,60.0
51616,2689.0839673898126,1.0010540508545933,60.0
51617,2689.084661834257,0.9999052182544732,60.0
51618,2689.0853562787015,0.9993060796856,60.0
51619,2689.086050723146,0.9995717068502401,60.0
51620,2689.0867451675904,0.9991637678383967,60.0
51621,2689.087439612035,0.9981374543671366,60.0
51622,2689.0881340564792,1.00015545072636,60.0
51623,2689.0888285009237,0.99971661935908,60.0
51624,2689.089522945368,0.9996514178187234,60.0
51625,2689.0902173898126,0.9987661559661799,60.0
51626,2689.090911834257,0.99958251873097,60.0
51627,2689.0916062787014,0.9992853265574967,60.0
51628,2689.092300723146,0.9993877022115066,60.0
51629,2689.0929951675903,0.9994451673047234,60.0
51630,2689.0936896120347,0.999217184161595,60.0
51631,2689.094384056479,0.9989704672596001,60.0
51632,2689.0950785009236,0.99894901106386,60.0
51633,2689.095772945368,0.9993490405390467,60.0
51634,2689.0964673898125,0.9993626788039167,60.0
51635,2689.097161834257,0.9996861187558433,60.0
51636,2689.0978562787013,1.0000052710426202,60.0
51637,2689.0985507231458,0.9997843615197534,60.0
51638,2689.09924516759,0.9990345474985466,60.0
51639,2689.0999396120346,0.9991340141605867,60.0
51640,2689.100634056479,0.9996484148373467,60.0
51641,2689.1013285009235,0.9993937412419133,60.0
51642,2689.102022945368,0.99904234048415,60.0
51643,2689.1027173898124,0.9990447083897401,60.0
51644,2689.103411834257,0.99977484280924,60.0
51645,2689.1041062787017,0.9990866560627266,60.0
51646,2689.104800723146,0.9999893069160367,60.0
51647,2689.1054951675906,1.0002254167276199,60.0
51648,2689.106189612035,0.9983778218757551,60.0
51649,2689.1068840564794,0.9993382820295067,60.0
51650,2689.107578500924,0.9989161742757999,60.0
51651,2689.1082729453683,0.9993608310838701,60.0
51652,2689.1089673898127,0.99868495152371,60.0
51653,2689.109661834257,0.99963968707827,60.0
51654,2689.1103562787016,0.9986607521511267,60.0
51655,2689.111050723146,0.99887632110921,60.0
51656,2689.1117451675905,1.0006221117200569,60.0
51657,2689.112439612035,0.9991094016957266,60.0
51658,2689.1131340564793,0.999693672771145,60.0
51659,2689.113828500924,0.9999879588142432,60.0
51660,2689.114522945368,0.9998414685183566,60.0
51661,2689.1152173898126,0.9985461904505367,60.0
51662,2689.115911834257,0.9997407824152633,60.0
51663,2689.1166062787015,1.00001988787984,60.0
51664,2689.117300723146,0.9996768370822466,60.0
51665,2689.1179951675904,0.9985521533063634,60.0
51666,2689.118689612035,0.9984546630238667,60.0
51667,2689.1193840564792,1.00069093306609,60.0
51668,2689.1200785009237,0.99883433479972,60.0
51669,2689.120772945368,0.99975779132929,60.0
51670,2689.1214673898126,0.9985847073440101,60.0
51671,2689.122161834257,0.9989501303914867,60.0
51672,2689.1228562787014,0.9991356282948299,60.0
51673,2689.123550723146,0.9989639959125466,60.0
51674,2689.1242451675903,0.9993797519246234,60.0
51675,2689.1249396120347,0.9993495188610734,60.0
51676,2689.125634056479,0.9980225018900498,60.0
51677,2689.1263285009236,1.0002946286669367,60.0
51678,2689.127022945368,0.9987759689438501,60.0
51679,2689.1277173898125,0.9998672689052434,60.0
51680,2689.128411834257,0.9989149739745966,60.0
51681,2689.1291062787013,0.9999277077691667,60.0
51682,2689.1298007231458,0.9988431492030333,60.0
51683,2689.13049516759,0.9993366004562132,60.0
51684,2689.1311896120346,0.9990716331981067,60.0
51685,2689.131884056479,0.9990882204148065,60.0
51686,2689.1325785009235,1.0003747145008832,60.0
51687,2689.1332729453684,0.9990385065374633,60.0
51688,2689.133967389813,0.9990338075737967,60.0
51689,2689.1346618342573,0.99888707177537,60.0
51690,2689.1353562787017,1.0003626430952666,60.0
51691,2689.136050723146,0.9990627895880366,60.0
51692,2689.1367451675906,1.00040199799626,60.0
51693,2689.137439612035,0.999164976603165,60.0
51694,2689.1381340564794,1.0003704406183667,60.0
51695,2689.138828500924,0.9991824183866049,60.0
51696,2689.1395229453683,0.99886144073267,60.0
51697,2689.1402173898127,0.9991157106609165,60.0
51698,2689.140911834257,0.9993699154833232,60.0
51699,2689.1416062787016,0.999441642660705,60.0
51700,2689.142300723146,0.99888988347651,60.0
51701,2689.1429951675905,0.99914708092243,60.0
51702,2689.143689612035,0.9985365485008767,60.0
51703,2689.1443840564793,0.9992495775722566,60.0
51704,2689.145078500924,0.999371026211805,60.0
51705,2689.145772945368,0.9987992745516167,60.0
51706,2689.1464673898126,0.99816393765403,60.0
51707,2689.147161834257,0.9997164369794233,60.0
51708,2689.1478562787015,0.9992304020294434,60.0
51709,2689.148550723146,0.9986490714527667,60.0
51710,2689.1492451675904,0.99906504733331,60.0
51711,2689.149939612035,0.99855426946469,60.0
51712,2689.1506340564792,0.99953139500476,60.0
51713,2689.1513285009237,0.9984659390868934,60.0
51714,2689.152022945368,1.00002636131691,60.0
51715,2689.1527173898126,0.9996047900071866,60.0
51716,2689.153411834257,0.9991427539007768,60.0
51717,2689.1541062787014,0.9994230931244132,60.0
51718,2689.154800723146,0.99971692270139,60.0
51719,2689.1554951675903,1.0002104292426532,60.0
51720,2689.1561896120347,0.99893160483039,60.0
51721,2689.156884056479,1.000183697372365,60.0
51722,2689.1575785009236,0.9989669963584666,60.0
51723,2689.158272945368,0.99886880694393,60.0
51724,2689.1589673898125,0.9987621895807001,60.0
51725,2689.159661834257,0.9992170204968099,60.0
51726,2689.1603562787013,0.99954947423737,60.0
51727,2689.1610507231458,0.9996803528132266,60.0
51728,2689.16174516759,0.9991733467140667,60.0
51729,2689.1624396120346,0.99941499285341,60.0
51730,2689.1631340564795,0.9994498935495534,60.0
51731,2689.163828500924,0.9996910745800633,60.0
51732,2689.1645229453684,0.9991960546090101,60.0
51733,2689.165217389813,0.9993726016874035,60.0
51734,2689.1659118342573,0.99893388315774,60.0
51735,2689.1666062787017,0.9995257124782033,60.0
51736,2689.167300723146,0.9997380513046634,60.0
51737,2689.1679951675906,0.9991614113002966,60.0
51738,2689.168689612035,0.9998183202338865,60.0
51739,2689.1693840564794,0.9990644052899467,60.0
51740,2689.170078500924,0.9981893732787434,60.0
51741,2689.1707729453683,0.9984916883056766,60.0
51742,2689.1714673898127,0.9994507314069866,60.0
51743,2689.172161834257,0.9987492763183301,60.0
51744,2689.1728562787016,1.000600514403,60.0
51745,2689.173550723146,0.9986036525058334,60.0
51746,2689.1742451675905,0.9998561738070966,60.0
51747,2689.174939612035,0.99842636495783,60.0
51748,2689.1756340564793,1.0005177306150532,60.0
51749,2689.176328500924,0.9991614532529166,60.0
51750,2689.177022945368,0.9988804186963166,60.0
51751,2689.1777173898126,0.9991971148405799,60.0
51752,2689.178411834257,0.9995482322081033,60.0
51753,2689.1791062787015,0.9995680993183665,60.0
51754,2689.179800723146,0.9990769934614,60.0
51755,2689.1804951675904,1.0000261895404534,60.0
51756,2689.181189612035,0.9990652058810633,60.0
51757,2689.1818840564792,0.9987262284035601,60.0
51758,2689.1825785009237,0.999277492777515,60.0
51759,2689.183272945368,0.9990478842817367,60.0
51760,2689.1839673898126,0.9994224150545099,60.0
51761,2689.184661834257,0.99876863907159,60.0
51762,2689.1853562787014,0.9992429026125632,60.0
51763,2689.186050723146,0.9984338599080567,60.0
51764,2689.1867451675903,0.9991372880566534,60.0
51765,2689.1874396120347,0.99913776641746,60.0
51766,2689.188134056479,0.9992901785214667,60.0
51767,2689.1888285009236,0.9985955687219,60.0
51768,2689.189522945368,0.9979464476199,60.0
51769,2689.1902173898125,0.9986460718019933,60.0
51770,2689.190911834257,0.9982204918124333,60.0
51771,2689.1916062787013,0.99998554940991,60.0
51772,2689.1923007231458,0.9988249907100251,60.0
51773,2689.1929951675907,0.9995106159020434,60.0
51774,2689.193689612035,0.9988514833396566,60.0
51775,2689.1943840564795,0.99953773520138,60.0
51776,2689.195078500924,0.998455440079415,60.0
51777,2689.1957729453684,0.99864219477397,60.0
51778,2689.196467389813,0.9985165758942666,60.0
51779,2689.1971618342573,0.9995142987594666,60.0
51780,2689.1978562787017,0.9988650884573533,60.0
51781,2689.198550723146,0.9995941229092934,60.0
51782,2689.1992451675906,0.9983288464165666,60.0
51783,2689.199939612035,0.9987229503372667,60.0
51784,2689.2006340564794,0.99815358469417,60.0
51785,2689.201328500924,0.9982320493926666,60.0
51786,2689.2020229453683,0.9987332799558301,60.0
51787,2689.2027173898127,0.9998730498726532,60.0
51788,2689.203411834257,0.9987507238244068,60.0
51789,2689.2041062787016,0.99902788979516,60.0
51790,2689.204800723146,0.9989195738626933,60.0
51791,2689.2054951675905,0.9989651364956466,60.0
51792,2689.206189612035,0.99911457994295,60.0
51793,2689.2068840564793,0.9987000097303668,60.0
51794,2689.207578500924,0.9981772449149267,60.0
51795,2689.208272945368,0.9986911284485633,60.0
51796,2689.2089673898126,0.9986440971960433,60.0
51797,2689.209661834257,0.99851253394654,60.0
51798,2689.2103562787015,0.9987284191159501,60.0
51799,2689.211050723146,0.9995035276693768,60.0
51800,2689.2117451675904,0.9989781268621701,60.0
51801,2689.212439612035,0.9996801938705734,60.0
51802,2689.2131340564792,0.9974101434323499,60.0
51803,2689.2138285009237,0.9988225647434333,60.0
51804,2689.214522945368,0.9998162200103566,60.0
51805,2689.2152173898126,0.9982780963726233,60.0
51806,2689.215911834257,0.9991848355587499,60.0
51807,2689.2166062787014,0.9986062642299367,60.0
51808,2689.217300723146,0.9976634254392933,60.0
51809,2689.2179951675903,0.99899754685438,60.0
51810,2689.2186896120347,0.9985281042866734,60.0
51811,2689.219384056479,0.9994970304368733,60.0
51812,2689.2200785009236,0.9983126116494866,60.0
51813,2689.220772945368,0.998943084649955,60.0
51814,2689.2214673898125,0.999454318702475,60.0
51815,2689.2221618342573,1.00014057860637,60.0
51816,2689.222856278702,0.9993291947132267,60.0
51817,2689.223550723146,0.9988575086397468,60.0
51818,2689.2242451675907,0.9987105653661766,60.0
51819,2689.224939612035,0.9993697271059433,60.0
51820,2689.2256340564795,0.99905827974729,60.0
51821,2689.226328500924,0.9989144461664767,60.0
51822,2689.2270229453684,0.9987307775578499,60.0
51823,2689.227717389813,0.99932109384385,60.0
51824,2689.2284118342573,0.9991583368046634,60.0
51825,2689.2291062787017,0.9990284236933467,60.0
51826,2689.229800723146,0.9990749989171966,60.0
51827,2689.2304951675906,0.9992074280756933,60.0
51828,2689.231189612035,0.9988808942853167,60.0
51829,2689.2318840564794,0.99869309877435,60.0
51830,2689.232578500924,0.9977372658798199,60.0
51831,2689.2332729453683,1.00008324878751,60.0
51832,2689.2339673898127,0.9995188089872267,60.0
51833,2689.234661834257,0.99881404270538,60.0
51834,2689.2353562787016,1.0001624070212567,60.0
51835,2689.236050723146,0.9986889350238534,60.0
51836,2689.2367451675905,0.9992461439781333,60.0
51837,2689.237439612035,0.9993409305603667,60.0
51838,2689.2381340564793,0.9993136357988567,60.0
51839,2689.238828500924,0.99883291542318,60.0
51840,2689.239522945368,0.9993545397599299,60.0
51841,2689.2402173898126,0.9991919569437533,60.0
51842,2689.240911834257,0.9990799565962933,60.0
51843,2689.2416062787015,0.9991724209999466,60.0
51844,2689.242300723146,0.9988655135817767,60.0
51845,2689.2429951675904,0.9991406644994966,60.0
51846,2689.243689612035,0.9990147916354001,60.0
51847,2689.2443840564792,1.0000782998485667,60.0
51848,2689.2450785009237,0.9980673426737133,60.0
51849,2689.245772945368,0.9986898544356801,60.0
51850,2689.2464673898126,0.9997233011071566,60.0
51851,2689.247161834257,0.9991135987770466,60.0
51852,2689.2478562787014,0.99910014653454,60.0
51853,2689.248550723146,0.9994493712152467,60.0
51854,2689.2492451675903,0.9991995841065032,60.0
51855,2689.2499396120347,0.99911374483906,60.0
51856,2689.250634056479,0.9991785093919533,60.0
51857,2689.2513285009236,0.9993939764714801,60.0
51858,2689.2520229453685,0.9995662683941701,60.0
51859,2689.252717389813,0.9992644855079034,60.0
51860,2689.2534118342573,0.9996746762781067,60.0
51861,2689.254106278702,0.99937086566883,60.0
51862,2689.254800723146,0.9988717382890967,60.0
51863,2689.2554951675907,0.9982981288652567,60.0
51864,2689.256189612035,0.99913159432927,60.0
51865,2689.2568840564795,0.9994419294572333,60.0
51866,2689.257578500924,0.99937336707159,60.0
51867,2689.2582729453684,0.9984580293955899,60.0
51868,2689.258967389813,0.9988598807650835,60.0
51869,2689.2596618342573,0.9985117203228899,60.0
51870,2689.2603562787017,0.99967045536431,60.0
51871,2689.261050723146,0.9997571621140766,60.0
51872,2689.2617451675906,0.99921111273971,60.0
51873,2689.262439612035,0.9994640773440701,60.0
51874,2689.2631340564794,0.9984419924578366,60.0
51875,2689.263828500924,0.9991468668768366,60.0
51876,2689.2645229453683,0.9993738284022101,60.0
51877,2689.2652173898127,0.9987487055805265,60.0
51878,2689.265911834257,0.9999875947874599,60.0
51879,2689.2666062787016,1.0004002615673533,60.0
51880,2689.267300723146,0.9988097411503166,60.0
51881,2689.2679951675905,0.9992015889209732,60.0
51882,2689.268689612035,0.999573169932,60.0
51883,2689.2693840564793,0.9994809831479733,60.0
51884,2689.270078500924,0.9988822955594167,60.0
51885,2689.270772945368,0.99850897599126,60.0
51886,2689.2714673898126,0.99992052837173,60.0
51887,2689.272161834257,0.99938851022105,60.0
51888,2689.2728562787015,0.9993785466630833,60.0
51889,2689.273550723146,0.9996118744954033,60.0
51890,2689.2742451675904,0.9985708754527933,60.0
51891,2689.274939612035,0.99947806060852,60.0
51892,2689.2756340564792,0.9992619157583267,60.0
51893,2689.2763285009237,1.00029656365901,60.0
51894,2689.277022945368,0.9999059337967499,60.0
51895,2689.2777173898126,0.9997269939243134,60.0
51896,2689.278411834257,0.999216624916395,60.0
51897,2689.2791062787014,0.99926655367611,60.0
51898,2689.279800723146,0.99847002743684,60.0
51899,2689.2804951675903,0.9984518492549866,60.0
51900,2689.2811896120347,0.9991162553031033,60.0
51901,2689.2818840564796,0.9995716516704833,60.0
51902,2689.282578500924,0.9990164201375634,60.0
51903,2689.2832729453685,0.9994553271034933,60.0
51904,2689.283967389813,1.00011263675889,60.0
51905,2689.2846618342573,0.9990113993945466,60.0
51906,2689.285356278702,1.00026608314272,60.0
51907,2689.286050723146,1.000839498655285,60.0
51908,2689.2867451675907,0.99926380551829,60.0
51909,2689.287439612035,0.9999861548810833,60.0
51910,2689.2881340564795,0.9998877481483567,60.0
51911,2689.288828500924,0.9994155725186933,60.0
51912,2689.2895229453684,0.9996520392137134,60.0
51913,2689.290217389813,0.9992625970702868,60.0
51914,2689.2909118342573,0.99927544665643,60.0
51915,2689.2916062787017,1.00031763978337,60.0
51916,2689.292300723146,0.9984654363608699,60.0
51917,2689.2929951675906,0.9990042531812201,60.0
51918,2689.293689612035,0.9995865788189268,60.0
51919,2689.2943840564794,0.9989394864900399,60.0
51920,2689.295078500924,0.9998152113960268,60.0
51921,2689.2957729453683,0.9995694484021866,60.0
51922,2689.2964673898127,1.0003374102981832,60.0
51923,2689.297161834257,1.0004590107595732,60.0
51924,2689.2978562787016,1.0005002085252968,60.0
51925,2689.298550723146,0.9989643172914834,60.0
51926,2689.2992451675905,0.99944582782751,60.0
51927,2689.299939612035,0.9990936356587534,60.0
51928,2689.3006340564793,1.00047679943323,60.0
51929,2689.301328500924,0.9996975136252667,60.0
51930,2689.302022945368,0.99960894228568,60.0
51931,2689.3027173898126,0.9989368532212867,60.0
51932,2689.303411834257,0.9992535675524667,60.0
51933,2689.3041062787015,0.9995218777963967,60.0
51934,2689.304800723146,0.9996410602885066,60.0
51935,2689.3054951675904,0.9998551529965267,60.0
51936,2689.306189612035,1.0003560472166801,60.0
51937,2689.3068840564792,1.0001901095676902,60.0
51938,2689.3075785009237,0.99976540713256,60.0
51939,2689.308272945368,0.9999132673596532,60.0
51940,2689.3089673898126,0.9991809623633633,60.0
51941,2689.309661834257,0.9998758971884133,60.0
51942,2689.3103562787014,0.9994540714954733,60.0
51943,2689.3110507231463,0.9982186628352501,60.0
51944,2689.3117451675907,1.00007462310081,60.0
51945,2689.312439612035,0.9995439927451301,60.0
51946,2689.3131340564796,0.99905178343055,60.0
51947,2689.313828500924,0.99979708494702,60.0
51948,2689.3145229453685,0.99914745292407,60.0
51949,2689.315217389813,1.0002297639462798,60.0
51950,2689.3159118342573,0.999645838885295,60.0
51951,2689.316606278702,0.9993302740439467,60.0
51952,2689.317300723146,0.9991405006730435,60.0
51953,2689.3179951675907,0.9997107838112932,60.0
51954,2689.318689612035,0.99939701982565,60.0
51955,2689.3193840564795,1.0003952081479,60.0
51956,2689.320078500924,0.9984885167509067,60.0
51957,2689.3207729453684,1.0000440830942734,60.0
51958,2689.321467389813,1.00003942014156,60.0
51959,2689.3221618342573,0.9993370104246667,60.0
51960,2689.3228562787017,1.00029160743004,60.0
51961,2689.323550723146,0.9996702172947549,60.0
51962,2689.3242451675906,0.9992335095168667,60.0
51963,2689.324939612035,1.00013599861851,60.0
51964,2689.3256340564794,0.9997538329800467,60.0
51965,2689.326328500924,1.0000731155943599,60.0
51966,2689.3270229453683,0.9991904484086033,60.0
51967,2689.3277173898127,0.999716492362525,60.0
51968,2689.328411834257,0.99967223509574,60.0
51969,2689.3291062787016,0.9995826533693967,60.0
51970,2689.329800723146,0.9992722252142966,60.0
51971,2689.3304951675905,0.9995343088089367,60.0
51972,2689.331189612035,0.9997522690712867,60.0
51973,2689.3318840564793,0.9994828591110266,60.0
51974,2689.332578500924,0.99890258451632,60.0
51975,2689.333272945368,0.9990529544037532,60.0
51976,2689.3339673898126,1.00016425675801,60.0
51977,2689.334661834257,1.0007335817844,60.0
51978,2689.3353562787015,0.99853951950533,60.0
51979,2689.336050723146,0.99940726482107,60.0
51980,2689.3367451675904,0.998624986751125,60.0
51981,2689.337439612035,0.9993061740786167,60.0
51982,2689.3381340564792,0.998473727366955,60.0
51983,2689.3388285009237,0.9992816814698365,60.0
51984,2689.339522945368,0.9991778580013451,60.0
51985,2689.3402173898126,1.0000313100856133,60.0
51986,2689.3409118342574,0.9990313755421766,60.0
51987,2689.341606278702,0.9991481113417401,60.0
51988,2689.3423007231463,0.9997272114939966,60.0
51989,2689.3429951675907,1.000413590955005,60.0
51990,2689.343689612035,1.0003242221378899,60.0
51991,2689.3443840564796,0.9990021506914367,60.0
51992,2689.345078500924,0.9989452714571101,60.0
51993,2689.3457729453685,1.00030487046724,60.0
51994,2689.346467389813,0.9997642937305034,60.0
51995,2689.3471618342573,0.9996624478662367,60.0
51996,2689.347856278702,0.9997656097938368,60.0
51997,2689.348550723146,1.0005584271308068,60.0
51998,2689.3492451675907,1.00021779073,60.0
51999,2689.349939612035,0.99856544855471,60.0
52000,2689.3506340564795,0.9995969900870932,60.0
52001,2689.351328500924,0.999536503048235,60.0
52002,2689.3520229453684,0.99888192139941,60.0
52003,2689.352717389813,1.0004071685945768,60.0
52004,2689.3534118342573,0.9992431182790268,60.0
52005,2689.3541062787017,1.00022587486457,60.0
52006,2689.354800723146,0.99917125503804,60.0
52007,2689.3554951675906,0.9995799634619799,60.0
52008,2689.356189612035,0.9994675580308799,60.0
52009,2689.3568840564794,0.9991338479631268,60.0
52010,2689.357578500924,1.0002455807384667,60.0
52011,2689.3582729453683,0.9987684368962699,60.0
52012,2689.3589673898127,0.9994328319734166,60.0
52013,2689.359661834257,0.9996180623762134,60.0
52014,2689.3603562787016,0.99928031631074,60.0
52015,2689.361050723146,0.9985749105932168,60.0
52016,2689.3617451675905,0.99931340111598,60.0
52017,2689.362439612035,0.9993604558988599,60.0
52018,2689.3631340564793,0.99974903607405,60.0
52019,2689.363828500924,0.9990760431280267,60.0
52020,2689.364522945368,0.9992748346147934,60.0
52021,2689.3652173898126,0.99797855570724,60.0
52022,2689.365911834257,1.0002094275307034,60.0
52023,2689.3666062787015,0.9996531016035667,60.0
52024,2689.367300723146,0.99957199492983,60.0
52025,2689.3679951675904,1.0001893188409567,60.0
52026,2689.368689612035,1.0003010602801867,60.0
52027,2689.3693840564792,0.9997494136591799,60.0
52028,2689.3700785009237,1.0003299833421266,60.0
52029,2689.3707729453686,0.9987345247016267,60.0
52030,2689.371467389813,0.99951902340036,60.0
52031,2689.3721618342574,0.9997785422653335,60.0
52032,2689.372856278702,0.9993973033993866,60.0
52033,2689.3735507231463,0.99793541098546,60.0
52034,2689.3742451675907,0.9997262467776867,60.0
52035,2689.374939612035,0.9995486973137666,60.0
52036,2689.3756340564796,0.9998988101246566,60.0
52037,2689.376328500924,1.000506690052135,60.0
52038,2689.3770229453685,0.9997962340273334,60.0
52039,2689.377717389813,0.9995039449874,60.0
52040,2689.3784118342573,1.0003970514588068,60.0
52041,2689.379106278702,0.99822582454451,60.0
52042,2689.379800723146,0.99976214298484,60.0
52043,2689.3804951675907,0.9996220575848368,60.0
52044,2689.381189612035,1.00009715076447,60.0
52045,2689.3818840564795,0.99866995089599,60.0
52046,2689.382578500924,1.0001284951195,60.0
52047,2689.3832729453684,0.9992843122159166,60.0
52048,2689.383967389813,1.00043838127441,60.0
52049,2689.3846618342573,0.9998110214722367,60.0
52050,2689.3853562787017,1.0001115279585233,60.0
52051,2689.386050723146,1.00017412430095,60.0
52052,2689.3867451675906,0.99926544958927,60.0
52053,2689.387439612035,0.9985888064326099,60.0
52054,2689.3881340564794,0.9997521097228633,60.0
52055,2689.388828500924,0.9997457821298933,60.0
52056,2689.3895229453683,0.9998699321116465,60.0
52057,2689.3902173898127,1.0003081221641235,60.0
52058,2689.390911834257,0.99996328533259,60.0
52059,2689.3916062787016,1.00012333876238,60.0
52060,2689.392300723146,0.99937939523255,60.0
52061,2689.3929951675905,0.9991218376255798,60.0
52062,2689.393689612035,1.000394097594527,60.0
52063,2689.3943840564793,0.9998446885935633,60.0
52064,2689.395078500924,0.99883142482623,60.0
52065,2689.395772945368,1.0009545950157201,60.0
52066,2689.3964673898126,0.99943410304359,60.0
52067,2689.397161834257,0.9997380709659832,60.0
52068,2689.3978562787015,0.9995635035355166,60.0
52069,2689.398550723146,1.0009135334722268,60.0
52070,2689.3992451675904,0.9987226937923666,60.0
52071,2689.3999396120353,0.9987177443441834,60.0
52072,2689.4006340564797,1.0005435977134833,60.0
52073,2689.401328500924,1.0001954564932634,60.0
52074,2689.4020229453686,1.0000265856688333,60.0
52075,2689.402717389813,0.9998407821788566,60.0
52076,2689.4034118342574,0.9995557257712434,60.0
52077,2689.404106278702,1.0005222872159634,60.0
52078,2689.4048007231463,1.0005246418742233,60.0
52079,2689.4054951675907,1.000569736697515,60.0
52080,2689.406189612035,0.9995535184924,60.0
52081,2689.4068840564796,0.9992824387541134,60.0
52082,2689.407578500924,0.999466531186255,60.0
52083,2689.4082729453685,0.9986271917887299,60.0
52084,2689.408967389813,1.0001601566814533,60.0
52085,2689.4096618342573,1.0001733563089132,60.0
52086,2689.410356278702,0.9987232355465167,60.0
52087,2689.411050723146,1.0002507824527052,60.0
52088,2689.4117451675907,0.9995706798010134,60.0
52089,2689.412439612035,1.0003677461929767,60.0
52090,2689.4131340564795,1.00080909872115,60.0
52091,2689.413828500924,0.99929982858246,60.0
52092,2689.4145229453684,1.0003456759518567,60.0
52093,2689.415217389813,0.9995632864932967,60.0
52094,2689.4159118342573,0.999727003831535,60.0
52095,2689.4166062787017,1.00063083628268,60.0
52096,2689.417300723146,0.9999832378494067,60.0
52097,2689.4179951675906,1.000438607367795,60.0
52098,2689.418689612035,1.0005821143154001,60.0
52099,2689.4193840564794,0.9994604222193066,60.0
52100,2689.420078500924,0.9992945554868133,60.0
52101,2689.4207729453683,1.0007620190123634,60.0
52102,2689.4214673898127,0.9990547523415201,60.0
52103,2689.422161834257,0.99947578381461,60.0
52104,2689.4228562787016,1.000262732267955,60.0
52105,2689.423550723146,0.9993819858300667,60.0
52106,2689.4242451675905,1.0000200918567967,60.0
52107,2689.424939612035,1.000345269891297,60.0
52108,2689.4256340564793,0.9995204772777533,60.0
52109,2689.426328500924,1.0003405101186666,60.0
52110,2689.427022945368,0.9992057075509834,60.0
52111,2689.4277173898126,0.9995854473767366,60.0
52112,2689.428411834257,0.9992331365309134,60.0
52113,2689.4291062787015,0.9995158640834233,60.0
52114,2689.4298007231464,0.9997957917041932,60.0
52115,2689.430495167591,0.99900385430307,60.0
52116,2689.4311896120353,0.9998518108937399,60.0
52117,2689.4318840564797,1.0007252069565766,60.0
52118,2689.432578500924,0.9996077965224933,60.0
52119,2689.4332729453686,1.00093086197179,60.0
52120,2689.433967389813,0.9994226879521234,60.0
52121,2689.4346618342574,0.9998413473640767,60.0
52122,2689.435356278702,0.9996811194602268,60.0
52123,2689.4360507231463,0.9989339675528065,60.0
52124,2689.4367451675907,0.9992071930146,60.0
52125,2689.437439612035,0.99910893689884,60.0
52126,2689.4381340564796,0.999998417625135,60.0
52127,2689.438828500924,0.99964214927877,60.0
52128,2689.4395229453685,1.0008998637403634,60.0
52129,2689.440217389813,0.9997379818452067,60.0
52130,2689.4409118342573,0.99969847223886,60.0
52131,2689.441606278702,0.9998183058340433,60.0
52132,2689.442300723146,1.0002172999646,60.0
52133,2689.4429951675907,0.99968833019386,60.0
52134,2689.443689612035,0.9988920744242433,60.0
52135,2689.4443840564795,0.9995450096841134,60.0
52136,2689.445078500924,0.9993531634120201,60.0
52137,2689.4457729453684,0.99892247241206,60.0
52138,2689.446467389813,0.9998674385238667,60.0
52139,2689.4471618342573,0.9993091653912968,60.0
52140,2689.4478562787017,1.00014085847054,60.0
52141,2689.448550723146,0.99958386208621,60.0
52142,2689.4492451675906,0.9996217605139566,60.0
52143,2689.449939612035,1.0003174357945734,60.0
52144,2689.4506340564794,0.9991731265577334,60.0
52145,2689.451328500924,1.00138706945506,60.0
52146,2689.4520229453683,1.0001637681813065,60.0
52147,2689.4527173898127,1.0003133421162267,60.0
52148,2689.453411834257,1.0003904982666867,60.0
52149,2689.4541062787016,0.9996872177168433,60.0
52150,2689.454800723146,1.00136995149456,60.0
52151,2689.4554951675905,1.000698354520095,60.0
52152,2689.456189612035,0.9999570412635933,60.0
52153,2689.4568840564793,0.9998740789685933,60.0
52154,2689.457578500924,0.9997233599156999,60.0
52155,2689.458272945368,0.9997367452326901,60.0
52156,2689.4589673898126,0.99978570931217,60.0
52157,2689.4596618342575,0.9999150334119365,60.0
52158,2689.460356278702,0.99994468098923,60.0
52159,2689.4610507231464,0.9998572082251233,60.0
52160,2689.461745167591,1.0006163541936266,60.0
52161,2689.4624396120353,0.9993171928427099,60.0
52162,2689.4631340564797,1.000710137606855,60.0
52163,2689.463828500924,0.9995853581586166,60.0
52164,2689.4645229453686,0.9989782666585301,60.0
52165,2689.465217389813,0.9986873499899133,60.0
52166,2689.4659118342574,0.999800730711445,60.0
52167,2689.466606278702,1.0000628724053233,60.0
52168,2689.4673007231463,1.0014963241756767,60.0
52169,2689.4679951675907,0.9991910138339234,60.0
52170,2689.468689612035,0.9997585814224067,60.0
52171,2689.4693840564796,0.9994658992731601,60.0
52172,2689.470078500924,0.9996329023042634,60.0
52173,2689.4707729453685,0.99927599161886,60.0
52174,2689.471467389813,1.00013738624219,60.0
52175,2689.4721618342573,1.00020494392511,60.0
52176,2689.472856278702,1.0000803090976633,60.0
52177,2689.473550723146,1.00070157808813,60.0
52178,2689.4742451675907,1.0003760770444001,60.0
52179,2689.474939612035,0.9996005876640967,60.0
52180,2689.4756340564795,1.0006460365249334,60.0
52181,2689.476328500924,1.0002094886426967,60.0
52182,2689.4770229453684,0.9996305845117767,60.0
52183,2689.477717389813,1.0005778963787133,60.0
52184,2689.4784118342573,1.0001894675842635,60.0
52185,2689.4791062787017,1.0005802375087267,60.0
52186,2689.479800723146,0.9993815772119833,60.0
52187,2689.4804951675906,0.99998132875773,60.0
52188,2689.481189612035,1.0000944177883666,60.0
52189,2689.4818840564794,0.99972551137,60.0
52190,2689.482578500924,1.0007892644760699,60.0
52191,2689.4832729453683,1.0004138354594232,60.0
52192,2689.4839673898127,1.0001525690000532,60.0
52193,2689.484661834257,0.9994327842769968,60.0
52194,2689.4853562787016,1.0006770202047899,60.0
52195,2689.486050723146,1.0003932822476334,60.0
52196,2689.4867451675905,1.0003390959560232,60.0
52197,2689.487439612035,0.9996408511471867,60.0
52198,2689.4881340564793,0.999218746718465,60.0
52199,2689.4888285009242,0.9997562437153067,60.0
52200,2689.4895229453687,0.9998363108230867,60.0
52201,2689.490217389813,0.9993014297485999,60.0
52202,2689.4909118342575,0.9999902837717234,60.0
52203,2689.491606278702,0.9996817112472435,60.0
52204,2689.4923007231464,0.9998119564204967,60.0
52205,2689.492995167591,1.0002073850407067,60.0
52206,2689.4936896120353,1.0001593976606766,60.0
52207,2689.4943840564797,1.0014986340261034,60.0
52208,2689.495078500924,1.0000091566152431,60.0
52209,2689.4957729453686,0.9997249136824232,60.0
52210,2689.496467389813,1.0002944320642866,60.0
52211,2689.4971618342574,1.0007481893969767,60.0
52212,2689.497856278702,0.9995488779714933,60.0
52213,2689.4985507231463,1.0003969166315134,60.0
52214,2689.4992451675907,1.0010534383274168,60.0
52215,2689.499939612035,0.9998988334211966,60.0
52216,2689.5006340564796,0.9999302819547533,60.0
52217,2689.501328500924,1.0008934810419434,60.0
52218,2689.5020229453685,1.0008148033743667,60.0
52219,2689.502717389813,0.9995294429752599,60.0
52220,2689.5034118342573,0.9997237178540234,60.0
52221,2689.504106278702,0.9991535280756066,60.0
52222,2689.504800723146,0.9998554740000799,60.0
52223,2689.5054951675907,1.0002566478667752,60.0
52224,2689.506189612035,1.00073651799297,60.0
52225,2689.5068840564795,1.00124830834033,60.0
52226,2689.507578500924,0.9997704687667467,60.0
52227,2689.5082729453684,1.0007671324296634,60.0
52228,2689.508967389813,1.00140576685013,60.0
52229,2689.5096618342573,0.999852828689545,60.0
52230,2689.5103562787017,1.0010331324653199,60.0
52231,2689.511050723146,1.000713531210645,60.0
52232,2689.5117451675906,1.00052832481421,60.0
52233,2689.512439612035,0.9990604445143267,60.0
52234,2689.5131340564794,0.9992426088537334,60.0
52235,2689.513828500924,1.000490285840805,60.0
52236,2689.5145229453683,0.9991945937816565,60.0
52237,2689.5152173898127,1.0000150256569533,60.0
52238,2689.515911834257,1.00029523272112,60.0
52239,2689.5166062787016,1.0004931350154034,60.0
52240,2689.517300723146,0.9998184233498734,60.0
52241,2689.5179951675905,1.0007084567954,60.0
52242,2689.5186896120354,0.9994158913745633,60.0
52243,2689.51938405648,0.9998952984466167,60.0
52244,2689.5200785009242,1.00018330213494,60.0
52245,2689.5207729453687,0.999392380363125,60.0
52246,2689.521467389813,0.9999052331188065,60.0
52247,2689.5221618342575,0.9997679679102532,60.0
52248,2689.522856278702,1.0003401866636301,60.0
52249,2689.5235507231464,0.9997545838279933,60.0
52250,2689.524245167591,0.99966541473606,60.0
52251,2689.5249396120353,0.9989619484660066,60.0
52252,2689.5256340564797,0.9996911294805466,60.0
52253,2689.526328500924,1.0010581899498667,60.0
52254,2689.5270229453686,1.0008218708328667,60.0
52255,2689.527717389813,0.9995452216048166,60.0
52256,2689.5284118342574,0.9999162291732633,60.0
52257,2689.529106278702,0.9996225416327033,60.0
52258,2689.5298007231463,0.9998310102581701,60.0
52259,2689.5304951675907,1.0000917420122801,60.0
52260,2689.531189612035,1.0010903275195602,60.0
52261,2689.5318840564796,0.9989483491561634,60.0
52262,2689.532578500924,1.00050988327091,60.0
52263,2689.5332729453685,1.00088954189211,60.0
52264,2689.533967389813,1.0002280093497766,60.0
52265,2689.5346618342573,1.00012146852229,60.0
52266,2689.535356278702,1.00001419494654,60.0
52267,2689.536050723146,1.0005750656334167,60.0
52268,2689.5367451675907,1.0006070885497367,60.0
52269,2689.537439612035,0.999019226585165,60.0
52270,2689.5381340564795,1.0011607057290866,60.0
52271,2689.538828500924,1.0001719888273632,60.0
52272,2689.5395229453684,1.0004879829272366,60.0
52273,2689.540217389813,1.00064759111294,60.0
52274,2689.5409118342573,1.0004887017782567,60.0
52275,2689.5416062787017,0.9997039202883634,60.0
52276,2689.542300723146,0.9998540406351799,60.0
52277,2689.5429951675906,1.0009205652050468,60.0
52278,2689.543689612035,1.00079505064618,60.0
52279,2689.5443840564794,0.9998250077576066,60.0
52280,2689.545078500924,0.9996212406448466,60.0
52281,2689.5457729453683,1.0015657954004134,60.0
52282,2689.5464673898127,1.0005645482273033,60.0
52283,2689.547161834257,1.0012051404310969,60.0
52284,2689.5478562787016,1.0004778412552768,60.0
52285,2689.5485507231465,1.0013823321984467,60.0
52286,2689.549245167591,1.0013240269849033,60.0
52287,2689.5499396120354,0.9999965427017666,60.0
52288,2689.55063405648,1.000860433245765,60.0
52289,2689.5513285009242,1.00062607479128,60.0
52290,2689.5520229453687,1.0003644560608167,60.0
52291,2689.552717389813,1.0002627758731568,60.0
52292,2689.5534118342575,0.9998353411609999,60.0
52293,2689.554106278702,0.9992762000421166,60.0
52294,2689.5548007231464,0.9996655610058666,60.0
52295,2689.555495167591,1.0012576097890868,60.0
52296,2689.5561896120353,0.9997707312000332,60.0
52297,2689.5568840564797,1.0005321339778666,60.0
52298,2689.557578500924,1.0001559183497533,60.0
52299,2689.5582729453686,1.00010981177061,60.0
52300,2689.558967389813,1.0002708342818134,60.0
52301,2689.5596618342574,1.0002687232657532,60.0
52302,2689.560356278702,0.9996803464067066,60.0
52303,2689.5610507231463,1.0006298209080733,60.0
52304,2689.5617451675907,1.00037250492642,60.0
52305,2689.562439612035,1.0000455226268,60.0
52306,2689.5631340564796,1.0002580175148401,60.0
52307,2689.563828500924,0.9998805581827099,60.0
52308,2689.5645229453685,1.0002977308604533,60.0
52309,2689.565217389813,1.00015627686067,60.0
52310,2689.5659118342573,1.00094598725855,60.0
52311,2689.566606278702,1.0005150779906067,60.0
52312,2689.567300723146,1.0006294754364649,60.0
52313,2689.5679951675907,0.9998521984838732,60.0
52314,2689.568689612035,0.9996526067399567,60.0
52315,2689.5693840564795,1.0003841627944299,60.0
52316,2689.570078500924,1.00017563546203,60.0
52317,2689.5707729453684,1.0011657723983964,60.0
52318,2689.571467389813,1.0001214466329467,60.0
52319,2689.5721618342573,0.9999773714905699,60.0
52320,2689.5728562787017,1.00051486001879,60.0
52321,2689.573550723146,1.0002024136292533,60.0
52322,2689.5742451675906,1.0002852196584067,60.0
52323,2689.574939612035,0.99854039375917,60.0
52324,2689.5756340564794,1.0012062978483935,60.0
52325,2689.576328500924,1.00077744960444,60.0
52326,2689.5770229453683,0.9997274559248001,60.0
52327,2689.577717389813,1.0002688463181835,60.0
52328,2689.5784118342576,1.0004183380875669,60.0
52329,2689.579106278702,1.0013964861481133,60.0
52330,2689.5798007231465,1.0000400051380833,60.0
52331,2689.580495167591,1.0003334669634034,60.0
52332,2689.5811896120354,1.0007212048208836,60.0
52333,2689.58188405648,1.00084918984491,60.0
52334,2689.5825785009242,1.0006559547310265,60.0
52335,2689.5832729453687,1.0004641468140734,60.0
52336,2689.583967389813,1.00039926856751,60.0
52337,2689.5846618342575,1.0013135567818632,60.0
52338,2689.585356278702,1.0009933503678934,60.0
52339,2689.5860507231464,1.0007375724491434,60.0
52340,2689.586745167591,0.99930476846444,60.0
52341,2689.5874396120353,1.0011803602134302,60.0
52342,2689.5881340564797,1.0005977764885732,60.0
52343,2689.588828500924,1.0007738839287235,60.0
52344,2689.5895229453686,1.00020124756801,60.0
52345,2689.590217389813,1.0006699173565432,60.0
52346,2689.5909118342574,1.00084019292417,60.0
52347,2689.591606278702,1.0005578602351768,60.0
52348,2689.5923007231463,1.0010963940796966,60.0
52349,2689.5929951675907,1.00007986228146,60.0
52350,2689.593689612035,1.0004416356789865,60.0
52351,2689.5943840564796,1.0000831442946199,60.0
52352,2689.595078500924,0.99904725921282,60.0
52353,2689.5957729453685,0.9994969884897533,60.0
52354,2689.596467389813,1.0001493968504598,60.0
52355,2689.5971618342573,1.00080082961148,60.0
52356,2689.597856278702,1.0008331255490532,60.0
52357,2689.598550723146,1.00075029426435,60.0
52358,2689.5992451675907,0.9998610217224567,60.0
52359,2689.599939612035,1.0006819954847732,60.0
52360,2689.6006340564795,1.0005342189004198,60.0
52361,2689.601328500924,1.0009172681744498,60.0
52362,2689.6020229453684,1.00012841434572,60.0
52363,2689.602717389813,1.0005381303440999,60.0
52364,2689.6034118342573,1.0004574967149302,60.0
52365,2689.6041062787017,1.0018394705658933,60.0
52366,2689.604800723146,0.9996672141151199,60.0
52367,2689.6054951675906,1.0003887609110333,60.0
52368,2689.606189612035,1.00111895256909,60.0
52369,2689.6068840564794,1.00076738612823,60.0
52370,2689.6075785009243,1.000252551049305,60.0
52371,2689.6082729453688,1.0013717742242332,60.0
52372,2689.608967389813,1.0009884492537233,60.0
52373,2689.6096618342576,1.00086736468846,60.0
52374,2689.610356278702,1.0005364617046149,60.0
52375,2689.6110507231465,1.0012684422568,60.0
52376,2689.611745167591,1.0011706719807767,60.0
52377,2689.6124396120354,1.0007009365003332,60.0
52378,2689.61313405648,1.0004728012462767,60.0
52379,2689.6138285009242,1.0002545335463768,60.0
52380,2689.6145229453687,1.0005153179463566,60.0
52381,2689.615217389813,1.00158150115853,60.0
52382,2689.6159118342575,1.0001984770335899,60.0
52383,2689.616606278702,0.99994147522264,60.0
52384,2689.6173007231464,1.0008423952405134,60.0
52385,2689.617995167591,1.0011229032856335,60.0
52386,2689.6186896120353,1.0003045001023498,60.0
52387,2689.6193840564797,1.0003246633466634,60.0
52388,2689.620078500924,1.0018144552923,60.0
52389,2689.6207729453686,1.00043251568033,60.0
52390,2689.621467389813,1.0013130245077266,60.0
52391,2689.6221618342574,1.0002488557401767,60.0
52392,2689.622856278702,1.00077523276903,60.0
52393,2689.6235507231463,1.0009887139155536,60.0
52394,2689.6242451675907,1.0011589252043835,60.0
52395,2689.624939612035,1.00051641016013,60.0
52396,2689.6256340564796,1.0014998330021598,60.0
52397,2689.626328500924,1.0015249655473666,60.0
52398,2689.6270229453685,1.0008448592629633,60.0
52399,2689.627717389813,1.00152980773446,60.0
52400,2689.6284118342573,1.0006904986115235,60.0
52401,2689.629106278702,0.9996884541828033,60.0
52402,2689.629800723146,0.9998938000498133,60.0
52403,2689.6304951675907,1.0005278570095233,60.0
52404,2689.631189612035,1.0004043670183,60.0
52405,2689.6318840564795,1.0012977805503533,60.0
52406,2689.632578500924,1.0010153858433533,60.0
52407,2689.6332729453684,1.0013419073139531,60.0
52408,2689.633967389813,1.0009663657072299,60.0
52409,2689.6346618342573,1.000691269058915,60.0
52410,2689.6353562787017,1.0015124865226133,60.0
52411,2689.636050723146,1.0007094698428,60.0
52412,2689.6367451675906,1.0010010889639533,60.0
52413,2689.6374396120355,1.0003676241477535,60.0
52414,2689.63813405648,0.9994388403960633,60.0
52415,2689.6388285009243,1.0008155574021167,60.0
52416,2689.6395229453688,1.0012751167350469,60.0
52417,2689.640217389813,1.0011596963859868,60.0
52418,2689.6409118342576,1.0005723605355166,60.0
52419,2689.641606278702,0.9994892920270599,60.0
52420,2689.6423007231465,1.00079046149203,60.0
52421,2689.642995167591,1.000587178098125,60.0
52422,2689.6436896120354,1.0013498315421634,60.0
52423,2689.64438405648,1.0012689040114833,60.0
52424,2689.6450785009242,1.0007219060914732,60.0
52425,2689.6457729453687,1.0017614309315066,60.0
52426,2689.646467389813,0.99983899197037,60.0
52427,2689.6471618342575,1.0007641171773065,60.0
52428,2689.647856278702,1.0011318247787966,60.0
52429,2689.6485507231464,1.0009091716899,60.0
52430,2689.649245167591,0.99991083768652,60.0
52431,2689.6499396120353,1.00127141258514,60.0
52432,2689.6506340564797,1.0013803038216167,60.0
52433,2689.651328500924,1.0015119609521,60.0
52434,2689.6520229453686,1.00084320119312,60.0
52435,2689.652717389813,1.0013152138243366,60.0
52436,2689.6534118342574,1.00021665646277,60.0
52437,2689.654106278702,1.0003151440038867,60.0
52438,2689.6548007231463,1.00059455959289,60.0
52439,2689.6554951675907,1.00104543304921,60.0
52440,2689.656189612035,1.0015852750663334,60.0
52441,2689.6568840564796,1.00219321829981,60.0
52442,2689.657578500924,0.9996987829672633,60.0
52443,2689.6582729453685,1.0017359991358432,60.0
52444,2689.658967389813,1.000614445983527,60.0
52445,2689.6596618342573,1.00109677928468,60.0
52446,2689.660356278702,1.0005230940441534,60.0
52447,2689.661050723146,0.9999578268906332,60.0
52448,2689.6617451675907,1.0010688324145367,60.0
52449,2689.662439612035,1.00163766082331,60.0
52450,2689.6631340564795,1.001058153577485,60.0
52451,2689.663828500924,1.00064833527791,60.0
52452,2689.6645229453684,1.0006910709746633,60.0
52453,2689.665217389813,1.0019240688084932,60.0
52454,2689.6659118342573,1.0011449061428566,60.0
52455,2689.666606278702,1.0008141268890467,60.0
52456,2689.6673007231466,1.00018422602331,60.0
52457,2689.667995167591,1.00177897911161,60.0
52458,2689.6686896120355,1.00059102216628,60.0
52459,2689.66938405648,1.0006752552754532,60.0
52460,2689.6700785009243,1.0009705726467766,60.0
52461,2689.6707729453688,1.0010133994389467,60.0
52462,2689.671467389813,1.0002276673116899,60.0
52463,2689.6721618342576,1.00084032904182,60.0
52464,2689.672856278702,0.99956870206901,60.0
52465,2689.6735507231465,1.0004382983858833,60.0
52466,2689.674245167591,1.001535606220895,60.0
52467,2689.6749396120354,1.0019497093078902,60.0
52468,2689.67563405648,1.0013341744352433,60.0
52469,2689.6763285009242,1.000834125159215,60.0
52470,2689.6770229453687,1.0011594794712935,60.0
52471,2689.677717389813,1.0012745739169333,60.0
52472,2689.6784118342575,0.9996668261211733,60.0
52473,2689.679106278702,1.0018211694346133,60.0
52474,2689.6798007231464,1.0015950713475767,60.0
52475,2689.680495167591,1.00121851682527,60.0
52476,2689.6811896120353,1.0008150770271866,60.0
52477,2689.6818840564797,1.00119884534556,60.0
52478,2689.682578500924,1.00085547982691,60.0
52479,2689.6832729453686,1.0014548944253365,60.0
52480,2689.683967389813,1.000917341241155,60.0
52481,2689.6846618342574,1.0002884585567833,60.0
52482,2689.685356278702,1.00246970028142,60.0
52483,2689.6860507231463,1.00190197432132,60.0
52484,2689.6867451675907,1.0009353660050433,60.0
52485,2689.687439612035,1.0009791521779665,60.0
52486,2689.6881340564796,1.0012088027272734,60.0
52487,2689.688828500924,1.0015378481108999,60.0
52488,2689.6895229453685,1.0021196173940432,60.0
52489,2689.690217389813,1.0005359188105967,60.0
52490,2689.6909118342573,1.0007216608220633,60.0
52491,2689.691606278702,1.00196156037429,60.0
52492,2689.692300723146,1.0007077835962768,60.0
52493,2689.6929951675907,1.00056885390489,60.0
52494,2689.693689612035,1.0015952961688601,60.0
52495,2689.6943840564795,1.0015793653454201,60.0
52496,2689.695078500924,1.00186612897874,60.0
52497,2689.6957729453684,1.0010704081187833,60.0
52498,2689.6964673898133,1.00195393719201,60.0
52499,2689.6971618342577,0.999410959834815,60.0
52500,2689.697856278702,1.0018699076268833,60.0
52501,2689.6985507231466,1.00036203465002,60.0
52502,2689.699245167591,1.0011328521317766,60.0
52503,2689.6999396120355,1.0008009524610133,60.0
52504,2689.70063405648,1.0012580949980552,60.0
52505,2689.7013285009243,1.00051382626527,60.0
52506,2689.7020229453688,1.0017693469633233,60.0
52507,2689.702717389813,1.0005428328861266,60.0
52508,2689.7034118342576,1.00131762655825,60.0
52509,2689.704106278702,1.0008809807790633,60.0
52510,2689.7048007231465,1.0009760960579266,60.0
52511,2689.705495167591,1.00112861626969,60.0
52512,2689.7061896120354,1.0000384785913934,60.0
52513,2689.70688405648,1.001619715987375,60.0
52514,2689.7075785009242,1.0004946713503664,60.0
52515,2689.7082729453687,1.00128999794464,60.0
52516,2689.708967389813,1.0017625334303966,60.0
52517,2689.7096618342575,1.00113621117434,60.0
52518,2689.710356278702,1.0015824338274866,60.0
52519,2689.7110507231464,1.0010901764773967,60.0
52520,2689.711745167591,1.0016530071405765,60.0
52521,2689.7124396120353,1.0015447658352699,60.0
52522,2689.7131340564797,1.0015498770960933,60.0
52523,2689.713828500924,1.0014473803059667,60.0
52524,2689.7145229453686,1.000641454112275,60.0
52525,2689.715217389813,1.0005562785085451,60.0
52526,2689.7159118342574,1.00244664923156,60.0
52527,2689.716606278702,1.0007879772706134,60.0
52528,2689.7173007231463,1.0021940973727599,60.0
52529,2689.7179951675907,1.0018747910889199,60.0
52530,2689.718689612035,1.000233787858765,60.0
52531,2689.7193840564796,1.0010231831087502,60.0
52532,2689.720078500924,1.00126313596106,60.0
52533,2689.7207729453685,1.0016924430633198,60.0
52534,2689.721467389813,1.0010556062760332,60.0
52535,2689.7221618342573,1.0014065491181634,60.0
52536,2689.722856278702,1.00034627770209,60.0
52537,2689.723550723146,1.0014960487648532,60.0
52538,2689.7242451675907,1.0011240848783667,60.0
52539,2689.724939612035,1.00090492964804,60.0
52540,2689.7256340564795,1.0010877621145269,60.0
52541,2689.7263285009244,1.0009261886261966,60.0
52542,2689.727022945369,1.001228197292615,60.0
52543,2689.7277173898133,1.002040570762945,60.0
52544,2689.7284118342577,1.0004435735023967,60.0
52545,2689.729106278702,1.0001826775399867,60.0
52546,2689.7298007231466,1.0010898778887067,60.0
52547,2689.730495167591,1.0012073123083967,60.0
52548,2689.7311896120355,1.0022954111166866,60.0
52549,2689.73188405648,1.0003440498427534,60.0
52550,2689.7325785009243,1.0016201548133867,60.0
52551,2689.7332729453688,1.0017174681660166,60.0
52552,2689.733967389813,1.0003945079195533,60.0
52553,2689.7346618342576,1.0005422351126432,60.0
52554,2689.735356278702,1.0011296409745967,60.0
52555,2689.7360507231465,1.00140982925277,60.0
52556,2689.736745167591,1.00049618153585,60.0
52557,2689.7374396120354,1.0017584697021367,60.0
52558,2689.73813405648,1.0016652618536401,60.0
52559,2689.7388285009242,1.00113492785342,60.0
52560,2689.7395229453687,1.00081691931721,60.0
52561,2689.740217389813,1.001828017756655,60.0
52562,2689.7409118342575,1.00091592042313,60.0
52563,2689.741606278702,1.0025172508606668,60.0
52564,2689.7423007231464,1.0011749535363734,60.0
52565,2689.742995167591,1.0010420131603601,60.0
52566,2689.7436896120353,1.00090966192936,60.0
52567,2689.7443840564797,1.00000982769668,60.0
52568,2689.745078500924,1.0013003690263833,60.0
52569,2689.7457729453686,1.0011681865676965,60.0
52570,2689.746467389813,1.0018841828752503,60.0
52571,2689.7471618342574,1.0013914871433667,60.0
52572,2689.747856278702,1.0010758347141966,60.0
52573,2689.7485507231463,1.0004816005690467,60.0
52574,2689.7492451675907,1.0008941661326933,60.0
52575,2689.749939612035,1.0014580159167268,60.0
52576,2689.7506340564796,1.0008865195775833,60.0
52577,2689.751328500924,1.00223141916842,60.0
52578,2689.7520229453685,1.0023576655895665,60.0
52579,2689.752717389813,1.0024141864595266,60.0
52580,2689.7534118342573,1.00171060537622,60.0
52581,2689.754106278702,1.0019143326025866,60.0
52582,2689.754800723146,1.00209187988206,60.0
52583,2689.755495167591,1.0021254460672333,60.0
52584,2689.7561896120355,1.0011641976758268,60.0
52585,2689.75688405648,1.0011982552776733,60.0
52586,2689.7575785009244,1.00240962833758,60.0
52587,2689.758272945369,1.0017749878126734,60.0
52588,2689.7589673898133,1.0010353662022866,60.0
52589,2689.7596618342577,1.0009050974699631,60.0
52590,2689.760356278702,1.0016407986414697,60.0
52591,2689.7610507231466,1.0010990824552266,60.0
52592,2689.761745167591,1.00148689378397,60.0
52593,2689.7624396120355,1.0016274962074567,60.0
52594,2689.76313405648,1.0010096108378634,60.0
52595,2689.7638285009243,1.0012221540308934,60.0
52596,2689.7645229453688,1.0012450058739901,60.0
52597,2689.765217389813,1.00188316282051,60.0
52598,2689.7659118342576,1.0018307530413066,60.0
52599,2689.766606278702,1.00071102253134,60.0
52600,2689.7673007231465,1.00175067861767,60.0
52601,2689.767995167591,1.0015118748619232,60.0
52602,2689.7686896120354,1.0006353298656068,60.0
52603,2689.76938405648,1.0013104821734,60.0
52604,2689.7700785009242,1.0014308049465732,60.0
52605,2689.7707729453687,1.00105787143346,60.0
52606,2689.771467389813,1.0010182927469433,60.0
52607,2689.7721618342575,1.0012994025354867,60.0
52608,2689.772856278702,1.0016855385618466,60.0
52609,2689.7735507231464,1.00175358317834,60.0
52610,2689.774245167591,1.0020121601798369,60.0
52611,2689.7749396120353,1.0011788659272034,60.0
52612,2689.7756340564797,1.0023863732979368,60.0
52613,2689.776328500924,1.0016864397731249,60.0
52614,2689.7770229453686,1.00159059486687,60.0
52615,2689.777717389813,1.001625893655725,60.0
52616,2689.7784118342574,1.0031054096954666,60.0
52617,2689.779106278702,1.0023937155763767,60.0
52618,2689.7798007231463,1.0010714064067334,60.0
52619,2689.7804951675907,1.0023590521307335,60.0
52620,2689.781189612035,1.001709819463895,60.0
52621,2689.7818840564796,1.0004300863785967,60.0
52622,2689.782578500924,1.00203027008013,60.0
52623,2689.7832729453685,1.0012459586971234,60.0
52624,2689.783967389813,1.0013771270559566,60.0
52625,2689.7846618342573,1.0010538116227268,60.0
52626,2689.7853562787022,1.0006453231038301,60.0
52627,2689.7860507231467,1.0014106369988633,60.0
52628,2689.786745167591,1.0013513275760333,60.0
52629,2689.7874396120355,1.0018777347819867,60.0
52630,2689.78813405648,1.0011872077005302,60.0
52631,2689.7888285009244,1.00174967055461,60.0
52632,2689.789522945369,1.0014950161401066,60.0
52633,2689.7902173898133,1.0018204875688734,60.0
52634,2689.7909118342577,1.001812947937295,60.0
52635,2689.791606278702,1.0014817622779135,60.0
52636,2689.7923007231466,1.0002271974284802,60.0
52637,2689.792995167591,1.0015215974598,60.0
52638,2689.7936896120355,1.0002966151349133,60.0
52639,2689.79438405648,1.0022670761095631,60.0
52640,2689.7950785009243,1.0025516381774466,60.0
52641,2689.7957729453688,1.00092570099294,60.0
52642,2689.796467389813,1.0006398718387632,60.0
52643,2689.7971618342576,1.0009692102475,60.0
52644,2689.797856278702,1.0016830160883567,60.0
52645,2689.7985507231465,1.0010397473123234,60.0
52646,2689.799245167591,1.00186538364903,60.0
52647,2689.7999396120354,1.0016422899857567,60.0
52648,2689.80063405648,1.0022863106751634,60.0
52649,2689.8013285009242,1.0018859963586,60.0
52650,2689.8020229453687,1.00180166565222,60.0
52651,2689.802717389813,1.0016466826459098,60.0
52652,2689.8034118342575,1.0005471645798767,60.0
52653,2689.804106278702,1.0012151180375668,60.0
52654,2689.8048007231464,1.00240585686728,60.0
52655,2689.805495167591,1.0011758591644833,60.0
52656,2689.8061896120353,1.0015386261510268,60.0
52657,2689.8068840564797,1.0014385839885833,60.0
52658,2689.807578500924,1.00235399976771,60.0
52659,2689.8082729453686,1.0016685071474867,60.0
52660,2689.808967389813,1.00129206314071,60.0
52661,2689.8096618342574,1.002523982574515,60.0
52662,2689.810356278702,1.00203086693614,60.0
52663,2689.8110507231463,1.0017534893559132,60.0
52664,2689.8117451675907,1.0014548200614768,60.0
52665,2689.812439612035,1.00110051992586,60.0
52666,2689.8131340564796,1.0018166120461567,60.0
52667,2689.813828500924,1.0018263367360098,60.0
52668,2689.8145229453685,1.0027581569932167,60.0
52669,2689.8152173898134,1.0018048236286734,60.0
52670,2689.815911834258,0.9997911976866701,60.0
52671,2689.8166062787022,1.0009108996055534,60.0
52672,2689.8173007231467,1.00096556494228,60.0
52673,2689.817995167591,1.0016680749274967,60.0
52674,2689.8186896120355,1.0021184165260066,60.0
52675,2689.81938405648,1.0013319348910967,60.0
52676,2689.8200785009244,1.0004095447916,60.0
52677,2689.820772945369,1.0017092239736034,60.0
52678,2689.8214673898133,1.0009631244046233,60.0
52679,2689.8221618342577,1.0014571962796965,60.0
52680,2689.822856278702,1.001392473116155,60.0
52681,2689.8235507231466,1.0019678696380334,60.0
52682,2689.824245167591,1.00095285121162,60.0
52683,2689.8249396120355,1.0018799962365534,60.0
52684,2689.82563405648,1.0014785675732,60.0
52685,2689.8263285009243,1.0019957362828933,60.0
52686,2689.8270229453688,1.0018619735192134,60.0
52687,2689.827717389813,1.00202075873228,60.0
52688,2689.8284118342576,1.0021307549435365,60.0
52689,2689.829106278702,1.0013185307240966,60.0
52690,2689.8298007231465,1.00143025988764,60.0
52691,2689.830495167591,1.0017181764415266,60.0
52692,2689.8311896120354,1.000879023815085,60.0
52693,2689.83188405648,1.0020500123807234,60.0
52694,2689.8325785009242,1.0017254911325102,60.0
52695,2689.8332729453687,1.0008307505567133,60.0
52696,2689.833967389813,1.0024997346181765,60.0
52697,2689.8346618342575,1.0020010584314534,60.0
52698,2689.835356278702,1.0019218863032735,60.0
52699,2689.8360507231464,1.00132720212285,60.0
52700,2689.836745167591,1.00131181316371,60.0
52701,2689.8374396120353,1.0017964045710734,60.0
52702,2689.8381340564797,1.0013037124376634,60.0
52703,2689.838828500924,1.0017469350370367,60.0
52704,2689.8395229453686,1.001874133907135,60.0
52705,2689.840217389813,1.0008212502394866,60.0
52706,2689.8409118342574,1.0025438244128269,60.0
52707,2689.841606278702,1.0022430843667267,60.0
52708,2689.8423007231463,1.0014351624616533,60.0
52709,2689.8429951675907,1.001149166166655,60.0
52710,2689.843689612035,1.00259880419703,60.0
52711,2689.84438405648,1.001182881297525,60.0
52712,2689.8450785009245,1.0010796801299635,60.0
52713,2689.845772945369,1.0016383382092666,60.0
52714,2689.8464673898134,1.00196066022156,60.0
52715,2689.847161834258,1.0015096668139665,60.0
52716,2689.8478562787022,1.0013586738443732,60.0
52717,2689.8485507231467,1.0016807381547066,60.0
52718,2689.849245167591,1.0021032202200866,60.0
52719,2689.8499396120355,1.00057936832826,60.0
52720,2689.85063405648,1.0014918178023666,60.0
52721,2689.8513285009244,1.0021142480471532,60.0
52722,2689.852022945369,1.002546049749595,60.0
52723,2689.8527173898133,1.00274298761146,60.0
52724,2689.8534118342577,1.00189491666224,60.0
52725,2689.854106278702,1.003234797446835,60.0
52726,2689.8548007231466,1.0019056873298735,60.0
52727,2689.855495167591,1.0028799251937135,60.0
52728,2689.8561896120355,1.0029794418880866,60.0
52729,2689.85688405648,1.0013944165035433,60.0
52730,2689.8575785009243,1.0019825132033935,60.0
52731,2689.8582729453688,1.0018369238989633,60.0
52732,2689.858967389813,1.0021340905132299,60.0
52733,2689.8596618342576,1.002101947926545,60.0
52734,2689.860356278702,1.002198177431025,60.0
52735,2689.8610507231465,1.0016617701984467,60.0
52736,2689.861745167591,1.0019388089548449,60.0
52737,2689.8624396120354,1.0023493353430168,60.0
52738,2689.86313405648,1.0024169482933332,60.0
52739,2689.8638285009242,1.0009866918413166,60.0
52740,2689.8645229453687,1.0016864311077733,60.0
52741,2689.865217389813,1.0020024373127365,60.0
52742,2689.8659118342575,1.0017649830130366,60.0
52743,2689.866606278702,1.0015813851797868,60.0
52744,2689.8673007231464,1.0016211670599569,60.0
52745,2689.867995167591,1.0025010160288033,60.0
52746,2689.8686896120353,1.00124112378827,60.0
52747,2689.8693840564797,1.0013469139910933,60.0
52748,2689.870078500924,1.0010175373533998,60.0
52749,2689.8707729453686,1.00198301102263,60.0
52750,2689.871467389813,1.00164810987368,60.0
52751,2689.8721618342574,1.0025293274714668,60.0
52752,2689.872856278702,1.0024741041780068,60.0
52753,2689.8735507231463,1.00180005799459,60.0
52754,2689.874245167591,1.0027881651951551,60.0
52755,2689.8749396120356,1.0020480293047866,60.0
52756,2689.87563405648,1.0011595949388932,60.0
52757,2689.8763285009245,1.00126979491581,60.0
52758,2689.877022945369,1.0015194899183733,60.0
52759,2689.8777173898134,1.002056731290565,60.0
52760,2689.878411834258,1.0020058810403298,60.0
52761,2689.8791062787022,1.0024303928347167,60.0
52762,2689.8798007231467,1.0013361824260167,60.0
52763,2689.880495167591,1.001930696149765,60.0
52764,2689.8811896120355,1.0017993431362833,60.0
52765,2689.88188405648,1.0017279928525633,60.0
52766,2689.8825785009244,1.0016076888864065,60.0
52767,2689.883272945369,1.002829753566055,60.0
52768,2689.8839673898133,1.0019345441861134,60.0
52769,2689.8846618342577,1.0025032198979735,60.0
52770,2689.885356278702,1.0020421577741967,60.0
52771,2689.8860507231466,1.0018205078972702,60.0
52772,2689.886745167591,1.0015966277085249,60.0
52773,2689.8874396120355,1.00156209343236,60.0
52774,2689.88813405648,1.0020755647522668,60.0
52775,2689.8888285009243,1.0020172670271068,60.0
52776,2689.8895229453688,1.0018617801224667,60.0
52777,2689.890217389813,1.00220146281014,60.0
52778,2689.8909118342576,1.00246551814051,60.0
52779,2689.891606278702,1.0035826913994665,60.0
52780,2689.8923007231465,1.0022839280031268,60.0
52781,2689.892995167591,1.0017788400548302,60.0
52782,2689.8936896120354,1.0020706080081334,60.0
52783,2689.89438405648,1.0019844695335567,60.0
52784,2689.8950785009242,1.00262670379849,60.0
52785,2689.8957729453687,1.0030836025974699,60.0
52786,2689.896467389813,1.001784660218155,60.0
52787,2689.8971618342575,1.0018248747486098,60.0
52788,2689.897856278702,1.00328349285218,60.0
52789,2689.8985507231464,1.0011246233585933,60.0
52790,2689.899245167591,1.0024200325356167,60.0
52791,2689.8999396120353,1.0026869468333002,60.0
52792,2689.9006340564797,1.00178729065259,60.0
52793,2689.901328500924,1.0018201136770901,60.0
52794,2689.9020229453686,1.00162801011566,60.0
52795,2689.902717389813,1.002893018981675,60.0
52796,2689.9034118342574,1.0015029824113435,60.0
52797,2689.9041062787023,1.0023451583250067,60.0
52798,2689.9048007231468,1.0025617408211067,60.0
52799,2689.905495167591,1.0011571320796568,60.0
52800,2689.9061896120356,1.0029168469743799,60.0
52801,2689.90688405648,1.0023867616024666,60.0
52802,2689.9075785009245,1.0030551746436651,60.0
52803,2689.908272945369,1.0012333608494066,60.0
52804,2689.9089673898134,1.002412417688055,60.0
52805,2689.909661834258,1.00119378772192,60.0
52806,2689.9103562787022,1.00230089791104,60.0
52807,2689.9110507231467,1.0020224054610367,60.0
52808,2689.911745167591,1.00294632689483,60.0
52809,2689.9124396120355,1.0023776035621401,60.0
52810,2689.91313405648,1.0028735878777,60.0
52811,2689.9138285009244,1.0020943361776335,60.0
52812,2689.914522945369,1.00206204830417,60.0
52813,2689.9152173898133,1.0030368584183733,60.0
52814,2689.9159118342577,1.0028850285585664,60.0
52815,2689.916606278702,1.0025292869309934,60.0
52816,2689.9173007231466,1.0020615499904302,60.0
52817,2689.917995167591,1.0017925288632898,60.0
52818,2689.9186896120355,1.0028491949860099,60.0
52819,2689.91938405648,1.0020244633719333,60.0
52820,2689.9200785009243,1.0021985106197533,60.0
52821,2689.9207729453688,1.0018978618462067,60.0
52822,2689.921467389813,1.0016654346937999,60.0
52823,2689.9221618342576,1.0030673554948233,60.0
52824,2689.922856278702,1.0022487866102365,60.0
52825,2689.9235507231465,1.0017112996869368,60.0
52826,2689.924245167591,1.0026408110014,60.0
52827,2689.9249396120354,1.0027236835708935,60.0
52828,2689.92563405648,1.00221206344469,60.0
52829,2689.9263285009242,1.00145972262321,60.0
52830,2689.9270229453687,1.0022402227948835,60.0
52831,2689.927717389813,1.0017071462041902,60.0
52832,2689.9284118342575,1.0026655430781233,60.0
52833,2689.929106278702,1.0029014866531798,60.0
52834,2689.9298007231464,1.0036220172114398,60.0
52835,2689.930495167591,1.00229410679892,60.0
52836,2689.9311896120353,1.0032089931217567,60.0
52837,2689.9318840564797,1.0025188561260534,60.0
52838,2689.932578500924,1.0028127758712533,60.0
52839,2689.933272945369,1.0025307577889566,60.0
52840,2689.9339673898135,1.0019506645912333,60.0
52841,2689.934661834258,1.0033473886599034,60.0
52842,2689.9353562787023,1.0016001908970134,60.0
52843,2689.9360507231468,1.0027987182334834,60.0
52844,2689.936745167591,1.003433412267625,60.0
52845,2689.9374396120356,1.0020599811654167,60.0
52846,2689.93813405648,1.0034532308627633,60.0
52847,2689.9388285009245,1.0020421240631234,60.0
52848,2689.939522945369,1.00177366029843,60.0
52849,2689.9402173898134,1.0030669621830701,60.0
52850,2689.940911834258,1.0019230496616733,60.0
52851,2689.9416062787022,1.002801999687715,60.0
52852,2689.9423007231467,1.0028071377549732,60.0
52853,2689.942995167591,1.0024475065428333,60.0
52854,2689.9436896120355,1.00280486996545,60.0
52855,2689.94438405648,1.0035250930454833,60.0
52856,2689.9450785009244,1.0026866408801434,60.0
52857,2689.945772945369,1.0022044587375933,60.0
52858,2689.9464673898133,1.0027353299996131,60.0
52859,2689.9471618342577,1.0025314020263132,60.0
52860,2689.947856278702,1.0014693759538,60.0
52861,2689.9485507231466,1.0014937223009666,60.0
52862,2689.949245167591,1.00232564899909,60.0
52863,2689.9499396120355,1.00199736581358,60.0
52864,2689.95063405648,1.0020892726827832,60.0
52865,2689.9513285009243,1.0028553395858966,60.0
52866,2689.9520229453688,1.0024280151577865,60.0
52867,2689.952717389813,1.00341275253795,60.0
52868,2689.9534118342576,1.002540629310855,60.0
52869,2689.954106278702,1.0026379596556267,60.0
52870,2689.9548007231465,1.0019428187842132,60.0
52871,2689.955495167591,1.0023512355915367,60.0
52872,2689.9561896120354,1.0009130262348052,60.0
52873,2689.95688405648,1.0022528368172499,60.0
52874,2689.9575785009242,1.0027458329940533,60.0
52875,2689.9582729453687,1.0025150841870298,60.0
52876,2689.958967389813,1.00259804847805,60.0
52877,2689.9596618342575,1.0038412613760668,60.0
52878,2689.960356278702,1.0022360456469233,60.0
52879,2689.9610507231464,1.00248272502398,60.0
52880,2689.961745167591,1.0028349749979701,60.0
52881,2689.9624396120353,1.0022866806395,60.0
52882,2689.96313405648,1.00298150399699,60.0
52883,2689.9638285009246,1.0032049620528949,60.0
52884,2689.964522945369,1.0026491518428367,60.0
52885,2689.9652173898135,1.0026165761222832,60.0
52886,2689.965911834258,1.0028595797324333,60.0
52887,2689.9666062787023,1.0026138896577166,60.0
52888,2689.9673007231468,1.0025195402411267,60.0
52889,2689.967995167591,1.0029280986212068,60.0
52890,2689.9686896120356,1.0023749458357265,60.0
52891,2689.96938405648,1.0024193254971934,60.0
52892,2689.9700785009245,1.0024947233068098,60.0
52893,2689.970772945369,1.0027749955397869,60.0
52894,2689.9714673898134,1.0030033485643932,60.0
52895,2689.972161834258,1.00233973763535,60.0
52896,2689.9728562787022,1.002758360404695,60.0
52897,2689.9735507231467,1.0020049756153848,60.0
52898,2689.974245167591,1.00296249203996,60.0
52899,2689.9749396120355,1.0043037579536234,60.0
52900,2689.97563405648,1.00206544958394,60.0
52901,2689.9763285009244,1.0025018057544899,60.0
52902,2689.977022945369,1.00277436982858,60.0
52903,2689.9777173898133,1.0027839094784368,60.0
52904,2689.9784118342577,1.003742554922015,60.0
52905,2689.979106278702,1.00191763205187,60.0
52906,2689.9798007231466,1.00279526549073,60.0
52907,2689.980495167591,1.0029072914750798,60.0
52908,2689.9811896120355,1.0022709770324552,60.0
52909,2689.98188405648,1.00275453814353,60.0
52910,2689.9825785009243,1.0020054427991267,60.0
52911,2689.9832729453688,1.00309152594491,60.0
52912,2689.983967389813,1.0023391495672769,60.0
52913,2689.9846618342576,1.0028137036677132,60.0
52914,2689.985356278702,1.00299812920062,60.0
52915,2689.9860507231465,1.0024766990620366,60.0
52916,2689.986745167591,1.0027084499129666,60.0
52917,2689.9874396120354,1.0022176002812033,60.0
52918,2689.98813405648,1.0022000707577166,60.0
52919,2689.9888285009242,1.0028384935969568,60.0
52920,2689.9895229453687,1.0016790516936067,60.0
52921,2689.990217389813,1.00255591765434,60.0
52922,2689.9909118342575,1.0029817568235033,60.0
52923,2689.991606278702,1.00266488118515,60.0
52924,2689.9923007231464,1.0031738326628066,60.0
52925,2689.9929951675913,1.00192624181022,60.0
52926,2689.9936896120357,1.0018726419799566,60.0
52927,2689.99438405648,1.00231303825331,60.0
52928,2689.9950785009246,1.0025925877608868,60.0
52929,2689.995772945369,1.0027110393239367,60.0
52930,2689.9964673898135,1.0032303390653599,60.0
52931,2689.997161834258,1.0030264225843832,60.0
52932,2689.9978562787023,1.0034534626200449,60.0
52933,2689.9985507231468,1.00234616965568,60.0
52934,2689.999245167591,1.0022492942828898,60.0
52935,2689.9999396120356,1.0030283265215134,60.0
52936,2690.00063405648,1.00319096470711,60.0
52937,2690.0013285009245,1.001817402151935,60.0
52938,2690.002022945369,1.0025349657525833,60.0
52939,2690.0027173898134,1.00337420370967,60.0
52940,2690.003411834258,1.0028565805113867,60.0
52941,2690.0041062787022,1.0035241055579167,60.0
52942,2690.0048007231467,1.0019499859718968,60.0
52943,2690.005495167591,1.00343195885898,60.0
52944,2690.0061896120355,1.0027726207535599,60.0
52945,2690.00688405648,1.0022917781116165,60.0
52946,2690.0075785009244,1.0021437945533034,60.0
52947,2690.008272945369,1.0021344623150565,60.0
52948,2690.0089673898133,1.0032233277498432,60.0
52949,2690.0096618342577,1.00378498625773,60.0
52950,2690.010356278702,1.002097039063535,60.0
52951,2690.0110507231466,1.0031105783221201,60.0
52952,2690.011745167591,1.0026583175585266,60.0
52953,2690.0124396120355,1.0028587908984132,60.0
52954,2690.01313405648,1.0033713739813999,60.0
52955,2690.0138285009243,1.0024116372278133,60.0
52956,2690.0145229453688,1.0033637959797101,60.0
52957,2690.015217389813,1.0038286863368835,60.0
52958,2690.0159118342576,1.0036457160399734,60.0
52959,2690.016606278702,1.0032647154695733,60.0
52960,2690.0173007231465,1.003017628552945,60.0
52961,2690.017995167591,1.0027915100170965,60.0
52962,2690.0186896120354,1.0038811969589967,60.0
52963,2690.01938405648,1.0015030775483498,60.0
52964,2690.0200785009242,1.0026003652482365,60.0
52965,2690.0207729453687,1.0026633004569032,60.0
52966,2690.021467389813,1.00207125905582,60.0
52967,2690.022161834258,1.0032252545806,60.0
52968,2690.0228562787024,1.0027761096495367,60.0
52969,2690.023550723147,1.0032565774355533,60.0
52970,2690.0242451675913,1.00237180050162,60.0
52971,2690.0249396120357,1.00320271034947,60.0
52972,2690.02563405648,1.00449420268277,60.0
52973,2690.0263285009246,1.00238954239188,60.0
52974,2690.027022945369,1.003077292923845,60.0
52975,2690.0277173898135,1.0027364938747334,60.0
52976,2690.028411834258,1.0030042286262868,60.0
52977,2690.0291062787023,1.0027352300705432,60.0
52978,2690.0298007231468,1.0033750684785134,60.0
52979,2690.030495167591,1.00254833380706,60.0
52980,2690.0311896120356,1.0029409296417569,60.0
52981,2690.03188405648,1.00288631248429,60.0
52982,2690.0325785009245,1.00276382510604,60.0
52983,2690.033272945369,1.00178864455059,60.0
52984,2690.0339673898134,1.0026730002383133,60.0
52985,2690.034661834258,1.0027981546871432,60.0
52986,2690.0353562787022,1.00252958083686,60.0
52987,2690.0360507231467,1.0021429973098765,60.0
52988,2690.036745167591,1.0032866042425799,60.0
52989,2690.0374396120355,1.0021133015145864,60.0
52990,2690.03813405648,1.0029081866724268,60.0
52991,2690.0388285009244,1.0026595284926734,60.0
52992,2690.039522945369,1.0028368653506432,60.0
52993,2690.0402173898133,1.0019593433961334,60.0
52994,2690.0409118342577,1.0028164912692032,60.0
52995,2690.041606278702,1.0025610708670833,60.0
52996,2690.0423007231466,1.0030598644067135,60.0
52997,2690.042995167591,1.00266295549282,60.0
52998,2690.0436896120355,1.0040215734005633,60.0
52999,2690.04438405648,1.0031394565873366,60.0
53000,2690.0450785009243,1.0031963867052534,60.0
53001,2690.0457729453688,1.00377894691039,60.0
53002,2690.046467389813,1.0019216977504668,60.0
53003,2690.0471618342576,1.0035559805708667,60.0
53004,2690.047856278702,1.00258999434648,60.0
53005,2690.0485507231465,1.0038024139360466,60.0
53006,2690.049245167591,1.0031500676679133,60.0
53007,2690.0499396120354,1.0029091349105066,60.0
53008,2690.05063405648,1.0029598684481267,60.0
53009,2690.0513285009242,1.0037924676924301,60.0
53010,2690.052022945369,1.0045711449033599,60.0
53011,2690.0527173898136,1.0026714053361465,60.0
53012,2690.053411834258,1.0039214313351632,60.0
53013,2690.0541062787024,1.0033267668291999,60.0
53014,2690.054800723147,1.0035753501096367,60.0
53015,2690.0554951675913,1.0028304104569,60.0
53016,2690.0561896120357,1.0036979289981767,60.0
53017,2690.05688405648,1.00254464853417,60.0
53018,2690.0575785009246,1.003588727368395,60.0
53019,2690.058272945369,1.0024783114626599,60.0
53020,2690.0589673898135,1.0030517524928368,60.0
53021,2690.059661834258,1.0035522796692133,60.0
53022,2690.0603562787023,1.0031370142637,60.0
53023,2690.0610507231468,1.0028905611093535,60.0
53024,2690.061745167591,1.0024190095603234,60.0
53025,2690.0624396120356,1.0030742996591866,60.0
53026,2690.06313405648,1.00336163003063,60.0
53027,2690.0638285009245,1.0037686185893966,60.0
53028,2690.064522945369,1.0031632038549398,60.0
53029,2690.0652173898134,1.0025256657577033,60.0
53030,2690.065911834258,1.00244727808462,60.0
53031,2690.0666062787022,1.003045227873605,60.0
53032,2690.0673007231467,1.00228931451564,60.0
53033,2690.067995167591,1.0037461130261367,60.0
53034,2690.0686896120355,1.0030748067728066,60.0
53035,2690.06938405648,1.00364848999576,60.0
53036,2690.0700785009244,1.00424689059816,60.0
53037,2690.070772945369,1.00382010746473,60.0
53038,2690.0714673898133,1.0035173960633932,60.0
53039,2690.0721618342577,1.0028862714213267,60.0
53040,2690.072856278702,1.0025970500360266,60.0
53041,2690.0735507231466,1.0039343560588068,60.0
53042,2690.074245167591,1.0032992934590699,60.0
53043,2690.0749396120355,1.00351700837506,60.0
53044,2690.07563405648,1.0027851841388566,60.0
53045,2690.0763285009243,1.0043149108685734,60.0
53046,2690.0770229453688,1.0022405951222932,60.0
53047,2690.077717389813,1.0032298520661167,60.0
53048,2690.0784118342576,1.0032646056149732,60.0
53049,2690.079106278702,1.0041357976013965,60.0
53050,2690.0798007231465,1.003387964238687,60.0
53051,2690.080495167591,1.0039836696420468,60.0
53052,2690.0811896120354,1.00320947339241,60.0
53053,2690.0818840564802,1.00280163807618,60.0
53054,2690.0825785009247,1.0035251316222566,60.0
53055,2690.083272945369,1.0040704865709533,60.0
53056,2690.0839673898136,1.0029628348548334,60.0
53057,2690.084661834258,1.0027495447242534,60.0
53058,2690.0853562787024,1.0028087003872999,60.0
53059,2690.086050723147,1.00332655291661,60.0
53060,2690.0867451675913,1.0024790027100066,60.0
53061,2690.0874396120357,1.00360219735338,60.0
53062,2690.08813405648,1.0032333706819234,60.0
53063,2690.0888285009246,1.0030014144466033,60.0
53064,2690.089522945369,1.0033527384244965,60.0
53065,2690.0902173898135,1.0036231266717968,60.0
53066,2690.090911834258,1.00294441117859,60.0
53067,2690.0916062787023,1.0029680242816632,60.0
53068,2690.0923007231468,1.0033715487460366,60.0
53069,2690.092995167591,1.0031847803632734,60.0
53070,2690.0936896120356,1.00204191601031,60.0
53071,2690.09438405648,1.0033503674794033,60.0
53072,2690.0950785009245,1.0034523561511601,60.0
53073,2690.095772945369,1.0031293977651432,60.0
53074,2690.0964673898134,1.0025097770624751,60.0
53075,2690.097161834258,1.0032448804015568,60.0
53076,2690.0978562787022,1.0022095065810166,60.0
53077,2690.0985507231467,1.0032580094581733,60.0
53078,2690.099245167591,1.0033758723340567,60.0
53079,2690.0999396120355,1.0031373511663466,60.0
53080,2690.10063405648,1.0033231644036966,60.0
53081,2690.1013285009244,1.0034711467509299,60.0
53082,2690.102022945369,1.0035044201469632,60.0
53083,2690.1027173898133,1.00230665285848,60.0
53084,2690.1034118342577,1.0021636392436148,60.0
53085,2690.104106278702,1.0040934681954932,60.0
53086,2690.1048007231466,1.0028532912261967,60.0
53087,2690.105495167591,1.0033961534980134,60.0
53088,2690.1061896120355,1.00321267942357,60.0
53089,2690.10688405648,1.00384780287345,60.0
53090,2690.1075785009243,1.0036795064136534,60.0
53091,2690.1082729453688,1.00361813891433,60.0
53092,2690.108967389813,1.00380300757893,60.0
53093,2690.1096618342576,1.0039601840109735,60.0
53094,2690.110356278702,1.0028727551865901,60.0
53095,2690.111050723147,1.0028152783906232,60.0
53096,2690.1117451675914,1.00310745924977,60.0
53097,2690.112439612036,1.0028484826517732,60.0
53098,2690.1131340564802,1.0031406019369533,60.0
53099,2690.1138285009247,1.00343395743346,60.0
53100,2690.114522945369,1.0031479983963967,60.0
53101,2690.1152173898136,1.0036353453838667,60.0
53102,2690.115911834258,1.0031567229763165,60.0
53103,2690.1166062787024,1.0028926916544367,60.0
53104,2690.117300723147,1.0035806232893199,60.0
53105,2690.1179951675913,1.0028176371035133,60.0
53106,2690.1186896120357,1.0036000335422466,60.0
53107,2690.11938405648,1.0035677564678067,60.0
53108,2690.1200785009246,1.0034272925260368,60.0
53109,2690.120772945369,1.0047508195839867,60.0
53110,2690.1214673898135,1.0030658455972035,60.0
53111,2690.122161834258,1.0031655033174702,60.0
53112,2690.1228562787023,1.003058455495455,60.0
53113,2690.1235507231468,1.00388474710616,60.0
53114,2690.124245167591,1.0030548358996167,60.0
53115,2690.1249396120356,1.0040036478069265,60.0
53116,2690.12563405648,1.00371468100291,60.0
53117,2690.1263285009245,1.003188536482325,60.0
53118,2690.127022945369,1.0030230540871667,60.0
53119,2690.1277173898134,1.0033781692522166,60.0
53120,2690.128411834258,1.0022512459237451,60.0
53121,2690.1291062787022,1.00312153053209,60.0
53122,2690.1298007231467,1.0032450788698601,60.0
53123,2690.130495167591,1.0036526631886666,60.0
53124,2690.1311896120355,1.00389870816026,60.0
53125,2690.13188405648,1.0038009162416799,60.0
53126,2690.1325785009244,1.00412711901013,60.0
53127,2690.133272945369,1.00230071689305,60.0
53128,2690.1339673898133,1.0031264282739236,60.0
53129,2690.1346618342577,1.0047049220782334,60.0
53130,2690.135356278702,1.0042351319994867,60.0
53131,2690.1360507231466,1.0030171647203232,60.0
53132,2690.136745167591,1.0036125372922566,60.0
53133,2690.1374396120355,1.0044934658141251,60.0
53134,2690.13813405648,1.00392412361857,60.0
53135,2690.1388285009243,1.0035659506539798,60.0
53136,2690.1395229453688,1.0034412478525903,60.0
53137,2690.140217389813,1.00382448854442,60.0
53138,2690.140911834258,1.0045855554871566,60.0
53139,2690.1416062787025,1.00371385891359,60.0
53140,2690.142300723147,1.0029243252051567,60.0
53141,2690.1429951675914,1.00357287691857,60.0
53142,2690.143689612036,1.00430901254665,60.0
53143,2690.1443840564802,1.00416205257011,60.0
53144,2690.1450785009247,1.0035407464591868,60.0
53145,2690.145772945369,1.0037995688421533,60.0
53146,2690.1464673898136,1.0032102070400932,60.0
53147,2690.147161834258,1.00378754093386,60.0
53148,2690.1478562787024,1.0029548462358535,60.0
53149,2690.148550723147,1.0034812956887633,60.0
53150,2690.1492451675913,1.005124999357155,60.0
53151,2690.1499396120357,1.00246394351004,60.0
53152,2690.15063405648,1.0034902293482633,60.0
53153,2690.1513285009246,1.0043694744257035,60.0
53154,2690.152022945369,1.0048804653640033,60.0
53155,2690.1527173898135,1.0034537645024733,60.0
53156,2690.153411834258,1.00337825040735,60.0
53157,2690.1541062787023,1.0034656735547165,60.0
53158,2690.1548007231468,1.0037746848314801,60.0
53159,2690.155495167591,1.0040451277209699,60.0
53160,2690.1561896120356,1.00360362947197,60.0
53161,2690.15688405648,1.00443766171817,60.0
53162,2690.1575785009245,1.004076055904475,60.0
53163,2690.158272945369,1.0035230168313098,60.0
53164,2690.1589673898134,1.0030002658871833,60.0
53165,2690.159661834258,1.00338832717334,60.0
53166,2690.1603562787022,1.0038973027041969,60.0
53167,2690.1610507231467,1.00373373219733,60.0
53168,2690.161745167591,1.0035363598978932,60.0
53169,2690.1624396120355,1.0030815160726068,60.0
53170,2690.16313405648,1.0040755781419166,60.0
53171,2690.1638285009244,1.0035847513572966,60.0
53172,2690.164522945369,1.00291546119652,60.0
53173,2690.1652173898133,1.00332857229089,60.0
53174,2690.1659118342577,1.0033290055364834,60.0
53175,2690.166606278702,1.0038234727322868,60.0
53176,2690.1673007231466,1.0033099064353201,60.0
53177,2690.167995167591,1.00360687036419,60.0
53178,2690.1686896120355,1.0038664962628034,60.0
53179,2690.16938405648,1.0039206467383333,60.0
53180,2690.1700785009243,1.0040205615864568,60.0
53181,2690.170772945369,1.0038290132646102,60.0
53182,2690.1714673898136,1.0033009159508035,60.0
53183,2690.172161834258,1.0036858464918434,60.0
53184,2690.1728562787025,1.0043788561963634,60.0
53185,2690.173550723147,1.0034034869440451,60.0
53186,2690.1742451675914,1.0047570675166166,60.0
53187,2690.174939612036,1.0039399371267133,60.0
53188,2690.1756340564802,1.0031827677501768,60.0
53189,2690.1763285009247,1.00324196265533,60.0
53190,2690.177022945369,1.00403063526885,60.0
53191,2690.1777173898136,1.00365298738511,60.0
53192,2690.178411834258,1.0036678937927865,60.0
53193,2690.1791062787024,1.003329938387675,60.0
53194,2690.179800723147,1.0041277528463033,60.0
53195,2690.1804951675913,1.00363315466652,60.0
53196,2690.1811896120357,1.0035822869269566,60.0
53197,2690.18188405648,1.00360569775103,60.0
53198,2690.1825785009246,1.0023964968102834,60.0
53199,2690.183272945369,1.00352353183377,60.0
53200,2690.1839673898135,1.0040831505212067,60.0
53201,2690.184661834258,1.0038561959483767,60.0
53202,2690.1853562787023,1.0037337034034133,60.0
53203,2690.1860507231468,1.0042899007023667,60.0
53204,2690.186745167591,1.0053520410867098,60.0
53205,2690.1874396120356,1.00410238548479,60.0
53206,2690.18813405648,1.0040809935746535,60.0
53207,2690.1888285009245,1.0035493864370935,60.0
53208,2690.189522945369,1.0036630709836198,60.0
53209,2690.1902173898134,1.0034853313948233,60.0
53210,2690.190911834258,1.0049999538172603,60.0
53211,2690.1916062787022,1.004606114793723,60.0
53212,2690.1923007231467,1.0029268366688033,60.0
53213,2690.192995167591,1.0036229991321466,60.0
53214,2690.1936896120355,1.0026545766151733,60.0
53215,2690.19438405648,1.0042327196944367,60.0
53216,2690.1950785009244,1.0044099311143666,60.0
53217,2690.195772945369,1.003481810334745,60.0
53218,2690.1964673898133,1.0045052494220865,60.0
53219,2690.1971618342577,1.0044249915331,60.0
53220,2690.197856278702,1.00427916314152,60.0
53221,2690.1985507231466,1.0041520784406501,60.0
53222,2690.199245167591,1.0043778190974668,60.0
53223,2690.199939612036,1.00394663779218,60.0
53224,2690.2006340564803,1.0033058502124268,60.0
53225,2690.201328500925,1.0034170673887102,60.0
53226,2690.202022945369,1.00432599281932,60.0
53227,2690.2027173898136,1.00340330777457,60.0
53228,2690.203411834258,1.0042508646386201,60.0
53229,2690.2041062787025,1.0044668032629431,60.0
53230,2690.204800723147,1.00172908933308,60.0
53231,2690.2054951675914,1.00388560811387,60.0
53232,2690.206189612036,1.0036494790128934,60.0
53233,2690.2068840564802,1.00426733565447,60.0
53234,2690.2075785009247,1.0043741816696532,60.0
53235,2690.208272945369,1.00254144349249,60.0
53236,2690.2089673898136,1.0034922454430868,60.0
53237,2690.209661834258,1.0041835881907233,60.0
53238,2690.2103562787024,1.0040777467409567,60.0
53239,2690.211050723147,1.0039871874640165,60.0
53240,2690.2117451675913,1.0038434147744966,60.0
53241,2690.2124396120357,1.0041358790731534,60.0
53242,2690.21313405648,1.0038600303222565,60.0
53243,2690.2138285009246,1.0040761265123233,60.0
53244,2690.214522945369,1.0038845407294066,60.0
53245,2690.2152173898135,1.0040303105146868,60.0
53246,2690.215911834258,1.0030142134242432,60.0
53247,2690.2166062787023,1.0048745414764768,60.0
53248,2690.2173007231468,1.0028400796769665,60.0
53249,2690.217995167591,1.0042979500537135,60.0
53250,2690.2186896120356,1.00410774017369,60.0
53251,2690.21938405648,1.004055151073487,60.0
53252,2690.2200785009245,1.0035284015848,60.0
53253,2690.220772945369,1.0035627267617035,60.0
53254,2690.2214673898134,1.0041083648211835,60.0
53255,2690.222161834258,1.0036134092508735,60.0
53256,2690.2228562787022,1.00339639827207,60.0
53257,2690.2235507231467,1.0035893285014998,60.0
53258,2690.224245167591,1.0043484839210268,60.0
53259,2690.2249396120355,1.00386577428851,60.0
53260,2690.22563405648,1.0032629750240751,60.0
53261,2690.2263285009244,1.0038805920005234,60.0
53262,2690.227022945369,1.004149489594805,60.0
53263,2690.2277173898133,1.0036900685623167,60.0
53264,2690.2284118342577,1.0040639916353935,60.0
53265,2690.229106278702,1.0041029950280833,60.0
53266,2690.229800723147,1.0042853899300934,60.0
53267,2690.2304951675915,1.0039489542271498,60.0
53268,2690.231189612036,1.0046044472852333,60.0
53269,2690.2318840564803,1.0034415782104134,60.0
53270,2690.232578500925,1.0033028457564301,60.0
53271,2690.233272945369,1.0035688385237367,60.0
53272,2690.2339673898136,1.0043198103314968,60.0
53273,2690.234661834258,1.0040835533133468,60.0
53274,2690.2353562787025,1.0044735141484733,60.0
53275,2690.236050723147,1.0032637188690534,60.0
53276,2690.2367451675914,1.004617393758895,60.0
53277,2690.237439612036,1.0043258600187401,60.0
53278,2690.2381340564802,1.0045119895993102,60.0
53279,2690.2388285009247,1.0034614617286701,60.0
53280,2690.239522945369,1.0035479083210868,60.0
53281,2690.2402173898136,1.00458585143401,60.0
53282,2690.240911834258,1.00424323862561,60.0
53283,2690.2416062787024,1.0039758150724534,60.0
53284,2690.242300723147,1.00435797160394,60.0
53285,2690.2429951675913,1.00361146156477,60.0
53286,2690.2436896120357,1.0039310336734533,60.0
53287,2690.24438405648,1.0046748583016933,60.0
53288,2690.2450785009246,1.0040334125870236,60.0
53289,2690.245772945369,1.0037009739516733,60.0
53290,2690.2464673898135,1.0027043078698166,60.0
53291,2690.247161834258,1.0030273530272933,60.0
53292,2690.2478562787023,1.00391391923364,60.0
53293,2690.2485507231468,1.00471562934095,60.0
53294,2690.249245167591,1.0040773994728633,60.0
53295,2690.2499396120356,1.0047691686549036,60.0
53296,2690.25063405648,1.0041306879605834,60.0
53297,2690.2513285009245,1.00460074476535,60.0
53298,2690.252022945369,1.0040411043017532,60.0
53299,2690.2527173898134,1.0032616724984667,60.0
53300,2690.253411834258,1.0053931872762751,60.0
53301,2690.2541062787022,1.0033376606042899,60.0
53302,2690.2548007231467,1.00321765004966,60.0
53303,2690.255495167591,1.0039882149522266,60.0
53304,2690.2561896120355,1.0041680738281666,60.0
53305,2690.25688405648,1.003217115265255,60.0
53306,2690.2575785009244,1.0035470176748067,60.0
53307,2690.258272945369,1.00466259811817,60.0
53308,2690.2589673898133,1.00429122755383,60.0
53309,2690.259661834258,1.0044452208592067,60.0
53310,2690.2603562787026,1.00402596430772,60.0
53311,2690.261050723147,1.00388124651485,60.0
53312,2690.2617451675915,1.0042722905011467,60.0
53313,2690.262439612036,1.0048235422486966,60.0
53314,2690.2631340564803,1.0036486621867835,60.0
53315,2690.263828500925,1.0045290890872633,60.0
53316,2690.264522945369,1.00434985027594,60.0
53317,2690.2652173898136,1.0043136812077433,60.0
53318,2690.265911834258,1.00518411077789,60.0
53319,2690.2666062787025,1.0038108524468667,60.0
53320,2690.267300723147,1.0043467162164368,60.0
53321,2690.2679951675914,1.00284489689874,60.0
53322,2690.268689612036,1.0044896342457599,60.0
53323,2690.2693840564802,1.0033407537150068,60.0
53324,2690.2700785009247,1.0040964388798932,60.0
53325,2690.270772945369,1.0054821455622733,60.0
53326,2690.2714673898136,1.0045855734433466,60.0
53327,2690.272161834258,1.004436518666343,60.0
53328,2690.2728562787024,1.0040023841818366,60.0
53329,2690.273550723147,1.0029873244122252,60.0
53330,2690.2742451675913,1.0044007908803634,60.0
53331,2690.2749396120357,1.00477417500076,60.0
53332,2690.27563405648,1.0039556578144166,60.0
53333,2690.2763285009246,1.0034378468908034,60.0
53334,2690.277022945369,1.0037908981156167,60.0
53335,2690.2777173898135,1.0041720580518334,60.0
53336,2690.278411834258,1.0037512807650468,60.0
53337,2690.2791062787023,1.003383016582125,60.0
53338,2690.2798007231468,1.0050577122073368,60.0
53339,2690.280495167591,1.0044274104992035,60.0
53340,2690.2811896120356,1.0055278681021949,60.0
53341,2690.28188405648,1.00463483016146,60.0
53342,2690.2825785009245,1.0048481759169499,60.0
53343,2690.283272945369,1.0034478740174266,60.0
53344,2690.2839673898134,1.0040513738919732,60.0
53345,2690.284661834258,1.0047420508289766,60.0
53346,2690.2853562787022,1.00493955449977,60.0
53347,2690.2860507231467,1.0040631517233434,60.0
53348,2690.286745167591,1.00456216321142,60.0
53349,2690.2874396120355,1.0051852605871165,60.0
53350,2690.28813405648,1.00386582432727,60.0
53351,2690.288828500925,1.0040733666633501,60.0
53352,2690.2895229453693,1.0036079266871167,60.0
53353,2690.2902173898137,1.0038728420283067,60.0
53354,2690.290911834258,1.0036010115718967,60.0
53355,2690.2916062787026,1.0037452388412935,60.0
53356,2690.292300723147,1.0043493534355632,60.0
53357,2690.2929951675915,1.0033136212790301,60.0
53358,2690.293689612036,1.00432866108004,60.0
53359,2690.2943840564803,1.00437986317341,60.0
53360,2690.295078500925,1.0038987586689834,60.0
53361,2690.295772945369,1.0041308345979465,60.0
53362,2690.2964673898136,1.003516586298785,60.0
53363,2690.297161834258,1.0044880848662667,60.0
53364,2690.2978562787025,1.0043936542157132,60.0
53365,2690.298550723147,1.00471147870379,60.0
53366,2690.2992451675914,1.0042280505471366,60.0
53367,2690.299939612036,1.0049081304683634,60.0
53368,2690.3006340564802,1.0045668581938467,60.0
53369,2690.3013285009247,1.0044460734392633,60.0
53370,2690.302022945369,1.0035795755179702,60.0
53371,2690.3027173898136,1.0036371167773568,60.0
53372,2690.303411834258,1.00536175220004,60.0
53373,2690.3041062787024,1.0044808607001332,60.0
53374,2690.304800723147,1.0041386944364132,60.0
53375,2690.3054951675913,1.00435572870291,60.0
53376,2690.3061896120357,1.0048034461932132,60.0
53377,2690.30688405648,1.0048057991294568,60.0
53378,2690.3075785009246,1.0052826848745,60.0
53379,2690.308272945369,1.0050625360927168,60.0
53380,2690.3089673898135,1.0045940263237434,60.0
53381,2690.309661834258,1.0042908402713533,60.0
53382,2690.3103562787023,1.0045644353063665,60.0
53383,2690.3110507231468,1.0038731963673933,60.0
53384,2690.311745167591,1.00580740995603,60.0
53385,2690.3124396120356,1.0039216269884734,60.0
53386,2690.31313405648,1.0039531028170134,60.0
53387,2690.3138285009245,1.00408932190918,60.0
53388,2690.314522945369,1.004289816122815,60.0
53389,2690.3152173898134,1.0043892183690633,60.0
53390,2690.315911834258,1.00420852119724,60.0
53391,2690.3166062787022,1.0036188102109467,60.0
53392,2690.3173007231467,1.0049936336085767,60.0
53393,2690.317995167591,1.0048511135745668,60.0
53394,2690.318689612036,1.0042048034379265,60.0
53395,2690.3193840564804,1.003026007104715,60.0
53396,2690.320078500925,1.00452042424427,60.0
53397,2690.3207729453693,1.0039621894163568,60.0
53398,2690.3214673898137,1.0043203141409267,60.0
53399,2690.322161834258,1.0047784713527765,60.0
53400,2690.3228562787026,1.0039803758348533,60.0
53401,2690.323550723147,1.0039873331283733,60.0
53402,2690.3242451675915,1.0054329833694335,60.0
53403,2690.324939612036,1.0046280210366534,60.0
53404,2690.3256340564803,1.0038095414914168,60.0
53405,2690.326328500925,1.0031380397208733,60.0
53406,2690.327022945369,1.0027791537996666,60.0
53407,2690.3277173898136,1.0042891646511098,60.0
53408,2690.328411834258,1.0042865465578166,60.0
53409,2690.3291062787025,1.0041514872418331,60.0
53410,2690.329800723147,1.0042573737534601,60.0
53411,2690.3304951675914,1.0034361763661934,60.0
53412,2690.331189612036,1.00440441392124,60.0
53413,2690.3318840564802,1.0039117321815068,60.0
53414,2690.3325785009247,1.0045501918526298,60.0
53415,2690.333272945369,1.00421805048663,60.0
53416,2690.3339673898136,1.00411357504244,60.0
53417,2690.334661834258,1.0042008152700899,60.0
53418,2690.3353562787024,1.00405467061618,60.0
53419,2690.336050723147,1.0046125630628433,60.0
53420,2690.3367451675913,1.0051028479757464,60.0
53421,2690.3374396120357,1.0031432418140067,60.0
53422,2690.33813405648,1.0044390741547433,60.0
53423,2690.3388285009246,1.0044294143269734,60.0
53424,2690.339522945369,1.00289374893863,60.0
53425,2690.3402173898135,1.0039869916520632,60.0
53426,2690.340911834258,1.00473043637789,60.0
53427,2690.3416062787023,1.00453525088657,60.0
53428,2690.3423007231468,1.0037753491584465,60.0
53429,2690.342995167591,1.0040658991333233,60.0
53430,2690.3436896120356,1.0036015321351333,60.0
53431,2690.34438405648,1.004395483567735,60.0
53432,2690.3450785009245,1.0041568200876234,60.0
53433,2690.345772945369,1.00364698321447,60.0
53434,2690.3464673898134,1.0042133647404567,60.0
53435,2690.347161834258,1.0051005130312933,60.0
53436,2690.3478562787022,1.0044674786430068,60.0
53437,2690.348550723147,1.0046262076202033,60.0
53438,2690.3492451675916,1.0035814138774368,60.0
53439,2690.349939612036,1.0040089535840202,60.0
53440,2690.3506340564804,1.0043184691338503,60.0
53441,2690.351328500925,1.0042914924854067,60.0
53442,2690.3520229453693,1.0035991767888899,60.0
53443,2690.3527173898137,1.0042017988609633,60.0
53444,2690.353411834258,1.0037342736284067,60.0
53445,2690.3541062787026,1.00451139043683,60.0
53446,2690.354800723147,1.00374777092647,60.0
53447,2690.3554951675915,1.0032875079797634,60.0
53448,2690.356189612036,1.00473060755885,60.0
53449,2690.3568840564803,1.0062865796589602,60.0
53450,2690.357578500925,1.0028630691994234,60.0
53451,2690.358272945369,1.0050332467820766,60.0
53452,2690.3589673898136,1.0043353448238967,60.0
53453,2690.359661834258,1.0041654773509767,60.0
53454,2690.3603562787025,1.0041930284531932,60.0
53455,2690.361050723147,1.00377176502963,60.0
53456,2690.3617451675914,1.00426545188531,60.0
53457,2690.362439612036,1.005107946586385,60.0
53458,2690.3631340564802,1.00484694761381,60.0
53459,2690.3638285009247,1.003795375556375,60.0
53460,2690.364522945369,1.004551077715265,60.0
53461,2690.3652173898136,1.0052636289997934,60.0
53462,2690.365911834258,1.0039204932338965,60.0
53463,2690.3666062787024,1.00450056875226,60.0
53464,2690.367300723147,1.00504150218909,60.0
53465,2690.3679951675913,1.004211991822755,60.0
53466,2690.3686896120357,1.0044290190244334,60.0
53467,2690.36938405648,1.0034472548575366,60.0
53468,2690.3700785009246,1.003519507327355,60.0
53469,2690.370772945369,1.0056244591802501,60.0
53470,2690.3714673898135,1.0050237125741999,60.0
53471,2690.372161834258,1.00510368326565,60.0
53472,2690.3728562787023,1.0034682449188668,60.0
53473,2690.3735507231468,1.00443759546748,60.0
53474,2690.374245167591,1.0039011939348335,60.0
53475,2690.3749396120356,1.00494823627219,60.0
53476,2690.37563405648,1.0039046605033668,60.0
53477,2690.3763285009245,1.0051486985545866,60.0
53478,2690.377022945369,1.0052693540339268,60.0
53479,2690.377717389814,1.00346009945921,60.0
53480,2690.3784118342583,1.0048455101716,60.0
53481,2690.3791062787027,1.00443786483887,60.0
53482,2690.379800723147,1.00544911621314,60.0
53483,2690.3804951675916,1.0033789086593967,60.0
53484,2690.381189612036,1.0038766424975567,60.0
53485,2690.3818840564804,1.0041001841425432,60.0
53486,2690.382578500925,1.00455577064662,60.0
53487,2690.3832729453693,1.00492945052956,60.0
53488,2690.3839673898137,1.004292239599105,60.0
53489,2690.384661834258,1.0039695696536166,60.0
53490,2690.3853562787026,1.0051500064003434,60.0
53491,2690.386050723147,1.0040085542325299,60.0
53492,2690.3867451675915,1.00490201271249,60.0
53493,2690.387439612036,1.0043883508585132,60.0
53494,2690.3881340564803,1.0042052691069034,60.0
53495,2690.388828500925,1.0042772848891568,60.0
53496,2690.389522945369,1.0046364743311034,60.0
53497,2690.3902173898136,1.0040104024764034,60.0
53498,2690.390911834258,1.0045215016266,60.0
53499,2690.3916062787025,1.0042770508201933,60.0
53500,2690.392300723147,1.0040856386821233,60.0
53501,2690.3929951675914,1.0045916418196132,60.0
53502,2690.393689612036,1.0046514415157268,60.0
53503,2690.3943840564802,1.0043219774369734,60.0
53504,2690.3950785009247,1.0038243282469734,60.0
53505,2690.395772945369,1.003645618098415,60.0
53506,2690.3964673898136,1.004456140808885,60.0
53507,2690.397161834258,1.00492558345488,60.0
53508,2690.3978562787024,1.0044993342083566,60.0
53509,2690.398550723147,1.0041473010184168,60.0
53510,2690.3992451675913,1.00570187454728,60.0
53511,2690.3999396120357,1.00430010844794,60.0
53512,2690.40063405648,1.0049550653249666,60.0
53513,2690.4013285009246,1.0044968494284632,60.0
53514,2690.402022945369,1.0047752031093367,60.0
53515,2690.4027173898135,1.0043252980020534,60.0
53516,2690.403411834258,1.0040678690147933,60.0
53517,2690.4041062787023,1.0043040663308633,60.0
53518,2690.4048007231468,1.0046723405037399,60.0
53519,2690.405495167591,1.00367108792086,60.0
53520,2690.4061896120356,1.0043513705475267,60.0
53521,2690.40688405648,1.0052600123080566,60.0
53522,2690.407578500925,1.0046310608820468,60.0
53523,2690.4082729453694,1.0048603909438498,60.0
53524,2690.408967389814,1.0045457475327533,60.0
53525,2690.4096618342583,1.0044888736772568,60.0
53526,2690.4103562787027,1.0054217704846868,60.0
53527,2690.411050723147,1.0044935738491567,60.0
53528,2690.4117451675916,1.0047730250906566,60.0
53529,2690.412439612036,1.0048755282994033,60.0
53530,2690.4131340564804,1.0049637571902135,60.0
53531,2690.413828500925,1.0046164122499965,60.0
53532,2690.4145229453693,1.0047696490264932,60.0
53533,2690.4152173898137,1.00460974937577,60.0
53534,2690.415911834258,1.004486361633945,60.0
53535,2690.4166062787026,1.0044886335243932,60.0
53536,2690.417300723147,1.0052204181443567,60.0
53537,2690.4179951675915,1.00471523983176,60.0
53538,2690.418689612036,1.0050135050435667,60.0
53539,2690.4193840564803,1.0049582995721569,60.0
53540,2690.420078500925,1.0046596059272934,60.0
53541,2690.420772945369,1.003960377795855,60.0
53542,2690.4214673898136,1.0044963178328767,60.0
53543,2690.422161834258,1.0045301879299133,60.0
53544,2690.4228562787025,1.0052633542208433,60.0
53545,2690.423550723147,1.00535910760089,60.0
53546,2690.4242451675914,1.003697454651995,60.0
53547,2690.424939612036,1.00470667984236,60.0
53548,2690.4256340564802,1.0051518943363933,60.0
53549,2690.4263285009247,1.0046949070167202,60.0
53550,2690.427022945369,1.0044579844065733,60.0
53551,2690.4277173898136,1.0034054443936167,60.0
53552,2690.428411834258,1.0050058431771232,60.0
53553,2690.4291062787024,1.0045059307140767,60.0
53554,2690.429800723147,1.00527751304608,60.0
53555,2690.4304951675913,1.0034512361765735,60.0
53556,2690.4311896120357,1.0051373052090133,60.0
53557,2690.43188405648,1.00436941598905,60.0
53558,2690.4325785009246,1.00383793837456,60.0
53559,2690.433272945369,1.00406866318614,60.0
53560,2690.4339673898135,1.0055418518006,60.0
53561,2690.434661834258,1.0047997340709434,60.0
53562,2690.4353562787023,1.0044756902846832,60.0
53563,2690.4360507231468,1.0046306245837198,60.0
53564,2690.436745167591,1.0043221175836665,60.0
53565,2690.437439612036,1.0048098206444334,60.0
53566,2690.4381340564805,1.0039686955875933,60.0
53567,2690.438828500925,1.0047440953570865,60.0
53568,2690.4395229453694,1.0044305954928967,60.0
53569,2690.440217389814,1.0048318208998965,60.0
53570,2690.4409118342583,1.0041884547537265,60.0
53571,2690.4416062787027,1.00384206776213,60.0
53572,2690.442300723147,1.0043917753282734,60.0
53573,2690.4429951675916,1.0052577941652068,60.0
53574,2690.443689612036,1.0049774187479066,60.0
53575,2690.4443840564804,1.0047525232639534,60.0
53576,2690.445078500925,1.00385525715807,60.0
53577,2690.4457729453693,1.0040006534638166,60.0
53578,2690.4464673898137,1.0043769130367435,60.0
53579,2690.447161834258,1.0042042110062468,60.0
53580,2690.4478562787026,1.0054462066222067,60.0
53581,2690.448550723147,1.00392031371391,60.0
53582,2690.4492451675915,1.00472318902471,60.0
53583,2690.449939612036,1.0036201834739167,60.0
53584,2690.4506340564803,1.0034800687859051,60.0
53585,2690.451328500925,1.0045366993823135,60.0
53586,2690.452022945369,1.0046443042617133,60.0
53587,2690.4527173898136,1.00370008935688,60.0
53588,2690.453411834258,1.0038408464205533,60.0
53589,2690.4541062787025,1.00419658639913,60.0
53590,2690.454800723147,1.00380332120017,60.0
53591,2690.4554951675914,1.0051676002958467,60.0
53592,2690.456189612036,1.0045851891721567,60.0
53593,2690.4568840564802,1.00416717328324,60.0
53594,2690.4575785009247,1.00368252761122,60.0
53595,2690.458272945369,1.0045686222110701,60.0
53596,2690.4589673898136,1.00393009084653,60.0
53597,2690.459661834258,1.00483032121951,60.0
53598,2690.4603562787024,1.00512109295365,60.0
53599,2690.461050723147,1.0039721061755167,60.0
53600,2690.4617451675913,1.004353650713,60.0
53601,2690.4624396120357,1.0046854704303068,60.0
53602,2690.46313405648,1.0046963365526336,60.0
53603,2690.4638285009246,1.005424807238403,60.0
53604,2690.464522945369,1.0044131771181866,60.0
53605,2690.4652173898135,1.00450739030438,60.0
53606,2690.465911834258,1.0032283563713649,60.0
53607,2690.466606278703,1.00369452856721,60.0
53608,2690.467300723147,1.003469389017615,60.0
53609,2690.4679951675917,1.003031637687485,60.0
53610,2690.468689612036,1.0051740096736366,60.0
53611,2690.4693840564805,1.00467033620612,60.0
53612,2690.470078500925,1.0051591842604435,60.0
53613,2690.4707729453694,1.0050055745630633,60.0
53614,2690.471467389814,1.0050759907624534,60.0
53615,2690.4721618342583,1.00450783719954,60.0
53616,2690.4728562787027,1.00457098390778,60.0
53617,2690.473550723147,1.0054216036278167,60.0
53618,2690.4742451675916,1.0042636706362764,60.0
53619,2690.474939612036,1.0045453655616265,60.0
53620,2690.4756340564804,1.0046845482817999,60.0
53621,2690.476328500925,1.0043177195920165,60.0
53622,2690.4770229453693,1.004686379914445,60.0
53623,2690.4777173898137,1.0043322649691966,60.0
53624,2690.478411834258,1.0050075182020233,60.0
53625,2690.4791062787026,1.0039267606289835,60.0
53626,2690.479800723147,1.0047914551552333,60.0
53627,2690.4804951675915,1.0047524414437035,60.0
53628,2690.481189612036,1.0050317110245932,60.0
53629,2690.4818840564803,1.00490775663109,60.0
53630,2690.482578500925,1.003819614739,60.0
53631,2690.483272945369,1.0038988561256568,60.0
53632,2690.4839673898136,1.0051490530432134,60.0
53633,2690.484661834258,1.0048664697407432,60.0
53634,2690.4853562787025,1.0041607364378533,60.0
53635,2690.486050723147,1.0050733604605468,60.0
53636,2690.4867451675914,1.00489207024267,60.0
53637,2690.487439612036,1.0055806611998432,60.0
53638,2690.4881340564802,1.00412719366477,60.0
53639,2690.4888285009247,1.0037338075114235,60.0
53640,2690.489522945369,1.0053851026453966,60.0
53641,2690.4902173898136,1.0047483245534368,60.0
53642,2690.490911834258,1.0045566794233949,60.0
53643,2690.4916062787024,1.0044227263912233,60.0
53644,2690.492300723147,1.00445447840885,60.0
53645,2690.4929951675913,1.0046354967363167,60.0
53646,2690.4936896120357,1.0044810539628433,60.0
53647,2690.49438405648,1.0057962893858834,60.0
53648,2690.4950785009246,1.0041018755171633,60.0
53649,2690.495772945369,1.0051495654357867,60.0
53650,2690.496467389814,1.003784729835245,60.0
53651,2690.4971618342583,1.0045857204599569,60.0
53652,2690.497856278703,1.0045895853163334,60.0
53653,2690.498550723147,1.0044692671579534,60.0
53654,2690.4992451675917,1.0049166004505834,60.0
53655,2690.499939612036,1.00600515714017,60.0
53656,2690.5006340564805,1.0041839986275833,60.0
53657,2690.501328500925,1.0049128689152733,60.0
53658,2690.5020229453694,1.0032623462413766,60.0
53659,2690.502717389814,1.00398412431084,60.0
53660,2690.5034118342583,1.0031878059005934,60.0
53661,2690.5041062787027,1.0046821960449366,60.0
53662,2690.504800723147,1.0043253314090033,60.0
53663,2690.5054951675916,1.0035046416224602,60.0
53664,2690.506189612036,1.00447624329957,60.0
53665,2690.5068840564804,1.0043364703902034,60.0
53666,2690.507578500925,1.00484224506016,60.0
53667,2690.5082729453693,1.00507082952663,60.0
53668,2690.5089673898137,1.0040122689828468,60.0
53669,2690.509661834258,1.00446723332583,60.0
53670,2690.5103562787026,1.0046359307083466,60.0
53671,2690.511050723147,1.0046420298171002,60.0
53672,2690.5117451675915,1.0055525152997136,60.0
53673,2690.512439612036,1.0043101815166549,60.0
53674,2690.5131340564803,1.00380518642885,60.0
53675,2690.513828500925,1.0043429482587198,60.0
53676,2690.514522945369,1.0046727743158301,60.0
53677,2690.5152173898136,1.0046414673520465,60.0
53678,2690.515911834258,1.0050997535716233,60.0
53679,2690.5166062787025,1.0045258137534165,60.0
53680,2690.517300723147,1.00580656534262,60.0
53681,2690.5179951675914,1.0046999448198533,60.0
53682,2690.518689612036,1.00374846946469,60.0
53683,2690.5193840564802,1.0042934688484,60.0
53684,2690.5200785009247,1.0046939120192366,60.0
53685,2690.520772945369,1.0054753510857533,60.0
53686,2690.5214673898136,1.0053628497181801,60.0
53687,2690.522161834258,1.0037104962258934,60.0
53688,2690.5228562787024,1.0044811007038534,60.0
53689,2690.523550723147,1.0039984999792,60.0
53690,2690.5242451675913,1.00443888108828,60.0
53691,2690.5249396120357,1.0043482479742734,60.0
53692,2690.52563405648,1.0049385087795066,60.0
53693,2690.526328500925,1.00384743838777,60.0
53694,2690.5270229453695,1.0050435548119967,60.0
53695,2690.527717389814,1.0045616774083832,60.0
53696,2690.5284118342583,1.0047653639820266,60.0
53697,2690.529106278703,1.0047754746951867,60.0
53698,2690.529800723147,1.0045558360398068,60.0
53699,2690.5304951675917,1.0037209871647,60.0
53700,2690.531189612036,1.0044567690553234,60.0
53701,2690.5318840564805,1.0036107896107134,60.0
53702,2690.532578500925,1.004262055422835,60.0
53703,2690.5332729453694,1.0049311421110432,60.0
53704,2690.533967389814,1.0044140572348668,60.0
53705,2690.5346618342583,1.0045435837389365,60.0
53706,2690.5353562787027,1.0040097784523168,60.0
53707,2690.536050723147,1.0045710871832165,60.0
53708,2690.5367451675916,1.0045686858757232,60.0
53709,2690.537439612036,1.0052399140593533,60.0
53710,2690.5381340564804,1.0041006131678198,60.0
53711,2690.538828500925,1.00430863961845,60.0
53712,2690.5395229453693,1.0045846829693765,60.0
53713,2690.5402173898137,1.0052155803198868,60.0
53714,2690.540911834258,1.00493401776766,60.0
53715,2690.5416062787026,1.0039681791973667,60.0
53716,2690.542300723147,1.0039146921006168,60.0
53717,2690.5429951675915,1.0048568656648234,60.0
53718,2690.543689612036,1.0049075480206267,60.0
53719,2690.5443840564803,1.00485214881276,60.0
53720,2690.545078500925,1.0039029516509934,60.0
53721,2690.545772945369,1.0045158474406033,60.0
53722,2690.5464673898136,1.0043801558299867,60.0
53723,2690.547161834258,1.004973616494075,60.0
53724,2690.5478562787025,1.00489941714857,60.0
53725,2690.548550723147,1.0053603373726634,60.0
53726,2690.5492451675914,1.00435589814938,60.0
53727,2690.549939612036,1.0045842781802234,60.0
53728,2690.5506340564802,1.0046040337865134,60.0
53729,2690.5513285009247,1.0037478358276166,60.0
53730,2690.552022945369,1.00463518096947,60.0
53731,2690.5527173898136,1.0040036744162133,60.0
53732,2690.553411834258,1.0051259716867265,60.0
53733,2690.5541062787024,1.00387167787877,60.0
53734,2690.554800723147,1.0035568188653035,60.0
53735,2690.5554951675917,1.0064947279951033,60.0
53736,2690.556189612036,1.0045966558484467,60.0
53737,2690.5568840564806,1.00464256703919,60.0
53738,2690.557578500925,1.0049861919495333,60.0
53739,2690.5582729453695,1.0037745381583933,60.0
53740,2690.558967389814,1.0047131695642102,60.0
53741,2690.5596618342583,1.0045515492080968,60.0
53742,2690.560356278703,1.0036248590427634,60.0
53743,2690.561050723147,1.0044221045362933,60.0
53744,2690.5617451675917,1.0038820977159966,60.0
53745,2690.562439612036,1.0044797178101967,60.0
53746,2690.5631340564805,1.0039141106659801,60.0
53747,2690.563828500925,1.0053032634986134,60.0
53748,2690.5645229453694,1.0044468402842233,60.0
53749,2690.565217389814,1.0038493603085665,60.0
53750,2690.5659118342583,1.0050187647818165,60.0
53751,2690.5666062787027,1.0045865243783065,60.0
53752,2690.567300723147,1.0041686426402567,60.0
53753,2690.5679951675916,1.0041031393536268,60.0
53754,2690.568689612036,1.0042650230478,60.0
53755,2690.5693840564804,1.0052099327644732,60.0
53756,2690.570078500925,1.0049447699822966,60.0
53757,2690.5707729453693,1.0043775481037733,60.0
53758,2690.5714673898137,1.0041544507886033,60.0
53759,2690.572161834258,1.0051631989797167,60.0
53760,2690.5728562787026,1.0043890767352535,60.0
53761,2690.573550723147,1.0048485460546834,60.0
53762,2690.5742451675915,1.00534597806114,60.0
53763,2690.574939612036,1.0035960782226765,60.0
53764,2690.5756340564803,1.0050331586494965,60.0
53765,2690.576328500925,1.0041837861982301,60.0
53766,2690.577022945369,1.0037382481534198,60.0
53767,2690.5777173898136,1.005142602484145,60.0
53768,2690.578411834258,1.00413837161047,60.0
53769,2690.5791062787025,1.00475402971365,60.0
53770,2690.579800723147,1.0047919784617132,60.0
53771,2690.5804951675914,1.0042390234633967,60.0
53772,2690.581189612036,1.004220677187115,60.0
53773,2690.5818840564802,1.0043731721712135,60.0
53774,2690.5825785009247,1.0043393118758266,60.0
53775,2690.583272945369,1.0037200543361333,60.0
53776,2690.5839673898136,1.0044010120527067,60.0
53777,2690.584661834258,1.0040261692274735,60.0
53778,2690.585356278703,1.0038852642753933,60.0
53779,2690.5860507231473,1.0043938024334933,60.0
53780,2690.5867451675917,1.00370881110597,60.0
53781,2690.587439612036,1.0043841344973867,60.0
53782,2690.5881340564806,1.0048222819501,60.0
53783,2690.588828500925,1.00458945651822,60.0
53784,2690.5895229453695,1.0030525340379766,60.0
53785,2690.590217389814,1.00437116930407,60.0
53786,2690.5909118342583,1.00445784675665,60.0
53787,2690.591606278703,1.0036469977213733,60.0
53788,2690.592300723147,1.0031465376938233,60.0
53789,2690.5929951675917,1.0044020318884501,60.0
53790,2690.593689612036,1.0040959855315266,60.0
53791,2690.5943840564805,1.00469277366641,60.0
53792,2690.595078500925,1.0039311611092032,60.0
53793,2690.5957729453694,1.0039460455407834,60.0
53794,2690.596467389814,1.0045976523605835,60.0
53795,2690.5971618342583,1.00446679875771,60.0
53796,2690.5978562787027,1.0047361900261467,60.0
53797,2690.598550723147,1.00528001284097,60.0
53798,2690.5992451675916,1.0036612293826233,60.0
53799,2690.599939612036,1.0048808282763735,60.0
53800,2690.6006340564804,1.0048785699896499,60.0
53801,2690.601328500925,1.0034663332291966,60.0
53802,2690.6020229453693,1.0050210757211901,60.0
53803,2690.6027173898137,1.00351868258925,60.0
53804,2690.603411834258,1.0039904461368,60.0
53805,2690.6041062787026,1.0047811779005849,60.0
53806,2690.604800723147,1.0047702208830733,60.0
53807,2690.6054951675915,1.00380394338858,60.0
53808,2690.606189612036,1.0047071816936801,60.0
53809,2690.6068840564803,1.00404497010738,60.0
53810,2690.607578500925,1.0042134959354334,60.0
53811,2690.608272945369,1.0045787091598735,60.0
53812,2690.6089673898136,1.0046175280964666,60.0
53813,2690.609661834258,1.0041177042731564,60.0
53814,2690.6103562787025,1.0040401602344802,60.0
53815,2690.611050723147,1.0034365550362632,60.0
53816,2690.6117451675914,1.00434603005943,60.0
53817,2690.612439612036,1.0043332118177102,60.0
53818,2690.6131340564802,1.00406146368184,60.0
53819,2690.6138285009247,1.0052140656040767,60.0
53820,2690.614522945369,1.0036793415232699,60.0
53821,2690.615217389814,1.00391139012227,60.0
53822,2690.6159118342584,1.0045890317291535,60.0
53823,2690.616606278703,1.00568442514712,60.0
53824,2690.6173007231473,1.00426192704494,60.0
53825,2690.6179951675917,1.0045075883347652,60.0
53826,2690.618689612036,1.00426193970191,60.0
53827,2690.6193840564806,1.0042690838547934,60.0
53828,2690.620078500925,1.0034750313428267,60.0
53829,2690.6207729453695,1.0035856154854133,60.0
53830,2690.621467389814,1.0045412970635768,60.0
53831,2690.6221618342583,1.003652338079127,60.0
53832,2690.622856278703,1.0045063803062633,60.0
53833,2690.623550723147,1.0043198496115433,60.0
53834,2690.6242451675917,1.00520154621721,60.0
53835,2690.624939612036,1.00513875352069,60.0
53836,2690.6256340564805,1.0036720414249567,60.0
53837,2690.626328500925,1.0040840681376333,60.0
53838,2690.6270229453694,1.00342558441191,60.0
53839,2690.627717389814,1.0038297296192,60.0
53840,2690.6284118342583,1.004498742444783,60.0
53841,2690.6291062787027,1.00425282835943,60.0
53842,2690.629800723147,1.004986518769355,60.0
53843,2690.6304951675916,1.0043855332083,60.0
53844,2690.631189612036,1.00375055878267,60.0
53845,2690.6318840564804,1.0031123211326567,60.0
53846,2690.632578500925,1.004189851200015,60.0
53847,2690.6332729453693,1.00302637156843,60.0
53848,2690.6339673898137,1.0046011814272633,60.0
53849,2690.634661834258,1.0054775587346,60.0
53850,2690.6353562787026,1.0041833010626933,60.0
53851,2690.636050723147,1.00427647541115,60.0
53852,2690.6367451675915,1.0038851502115567,60.0
53853,2690.637439612036,1.0042236403470735,60.0
53854,2690.6381340564803,1.0041201231652,60.0
53855,2690.638828500925,1.0040262604014767,60.0
53856,2690.639522945369,1.0044967590173035,60.0
53857,2690.6402173898136,1.00537057939364,60.0
53858,2690.640911834258,1.0043120595693067,60.0
53859,2690.6416062787025,1.00428220134378,60.0
53860,2690.642300723147,1.0044674974887433,60.0
53861,2690.6429951675914,1.0042628863888101,60.0
53862,2690.643689612036,1.0040841383714034,60.0
53863,2690.6443840564807,1.0042076802922366,60.0
53864,2690.645078500925,1.0038013677717101,60.0
53865,2690.6457729453696,1.00412348004832,60.0
53866,2690.646467389814,1.0045862556999232,60.0
53867,2690.6471618342584,1.0044436795758698,60.0
53868,2690.647856278703,1.003047061577915,60.0
53869,2690.6485507231473,1.0044371402746066,60.0
53870,2690.6492451675917,1.0044152774247965,60.0
53871,2690.649939612036,1.00325691898977,60.0
53872,2690.6506340564806,1.0050762987040733,60.0
53873,2690.651328500925,1.0040168136768335,60.0
53874,2690.6520229453695,1.00469785817839,60.0
53875,2690.652717389814,1.0041135083366401,60.0
53876,2690.6534118342583,1.0043929876682633,60.0
53877,2690.654106278703,1.0034351994072366,60.0
53878,2690.654800723147,1.00512840985693,60.0
53879,2690.6554951675917,1.00421407813412,60.0
53880,2690.656189612036,1.0050917505086432,60.0
53881,2690.6568840564805,1.00458662313656,60.0
53882,2690.657578500925,1.0040592974391933,60.0
53883,2690.6582729453694,1.0039662641355949,60.0
53884,2690.658967389814,1.0043551153038766,60.0
53885,2690.6596618342583,1.0046222953112134,60.0
53886,2690.6603562787027,1.0038787878186899,60.0
53887,2690.661050723147,1.0041776778236533,60.0
53888,2690.6617451675916,1.0042104614733167,60.0
53889,2690.662439612036,1.0037223285658199,60.0
53890,2690.6631340564804,1.0046028488018566,60.0
53891,2690.663828500925,1.0048010842484134,60.0
53892,2690.6645229453693,1.0045073357878334,60.0
53893,2690.6652173898137,1.0039800635587068,60.0
53894,2690.665911834258,1.0048556085608302,60.0
53895,2690.6666062787026,1.0036195799702101,60.0
53896,2690.667300723147,1.0041722450120834,60.0
53897,2690.6679951675915,1.0047747341576598,60.0
53898,2690.668689612036,1.00452169046245,60.0
53899,2690.6693840564803,1.0036636605662268,60.0
53900,2690.670078500925,1.0033076752389,60.0
53901,2690.670772945369,1.0039968364032132,60.0
53902,2690.6714673898136,1.0054124792630148,60.0
53903,2690.672161834258,1.0032851414066568,60.0
53904,2690.6728562787025,1.003561063691805,60.0
53905,2690.673550723147,1.00293875878318,60.0
53906,2690.674245167592,1.0033002522732566,60.0
53907,2690.6749396120363,1.0041013868071633,60.0
53908,2690.6756340564807,1.00467770732472,60.0
53909,2690.676328500925,1.0030662936089652,60.0
53910,2690.6770229453696,1.0048854418576199,60.0
53911,2690.677717389814,1.0043578198609133,60.0
53912,2690.6784118342584,1.0038812816441869,60.0
53913,2690.679106278703,1.0034885090008334,60.0
53914,2690.6798007231473,1.0040702816273666,60.0
53915,2690.6804951675917,1.00277930023223,60.0
53916,2690.681189612036,1.00473246929824,60.0
53917,2690.6818840564806,1.0032746403366433,60.0
53918,2690.682578500925,1.00421477550009,60.0
53919,2690.6832729453695,1.0037801376361102,60.0
53920,2690.683967389814,1.00399951400499,60.0
53921,2690.6846618342583,1.0041072749099833,60.0
53922,2690.685356278703,1.0045563286163248,60.0
53923,2690.686050723147,1.0039678170721533,60.0
53924,2690.6867451675917,1.0041743915412567,60.0
53925,2690.687439612036,1.00404822427845,60.0
53926,2690.6881340564805,1.00413636488745,60.0
53927,2690.688828500925,1.00509073398703,60.0
53928,2690.6895229453694,1.0042975820941633,60.0
53929,2690.690217389814,1.0053866301738534,60.0
53930,2690.6909118342583,1.0050635613301033,60.0
53931,2690.6916062787027,1.0037198506630265,60.0
53932,2690.692300723147,1.00440834556943,60.0
53933,2690.6929951675916,1.0043289402907567,60.0
53934,2690.693689612036,1.004109587198505,60.0
53935,2690.6943840564804,1.00374716577709,60.0
53936,2690.695078500925,1.0035815022760366,60.0
53937,2690.6957729453693,1.0034821446035,60.0
53938,2690.6964673898137,1.00456897559773,60.0
53939,2690.697161834258,1.0037718586866766,60.0
53940,2690.6978562787026,1.0031520126521365,60.0
53941,2690.698550723147,1.004255965137335,60.0
53942,2690.6992451675915,1.00472512191336,60.0
53943,2690.699939612036,1.00389511408038,60.0
53944,2690.7006340564803,1.00384426859279,60.0
53945,2690.701328500925,1.0048354839471934,60.0
53946,2690.702022945369,1.0053700702466966,60.0
53947,2690.7027173898136,1.0038842828285999,60.0
53948,2690.703411834258,1.003696952082405,60.0
53949,2690.704106278703,1.0043620326094567,60.0
53950,2690.7048007231474,1.00414746476538,60.0
53951,2690.705495167592,1.0031788870475802,60.0
53952,2690.7061896120363,1.0039448825833368,60.0
53953,2690.7068840564807,1.0045026528282066,60.0
53954,2690.707578500925,1.0031016902039334,60.0
53955,2690.7082729453696,1.0037486608228765,60.0
53956,2690.708967389814,1.0045528002991901,60.0
53957,2690.7096618342584,1.00348135128411,60.0
53958,2690.710356278703,1.00507676855635,60.0
53959,2690.7110507231473,1.0043303991194632,60.0
53960,2690.7117451675917,1.0036842415854565,60.0
53961,2690.712439612036,1.0037134640259733,60.0
53962,2690.7131340564806,1.0039963084612664,60.0
53963,2690.713828500925,1.00483218570518,60.0
53964,2690.7145229453695,1.0046508966264067,60.0
53965,2690.715217389814,1.0043273714875067,60.0
53966,2690.7159118342583,1.00246990110374,60.0
53967,2690.716606278703,1.0028622950904467,60.0
53968,2690.717300723147,1.0051177927127501,60.0
53969,2690.7179951675917,1.0053697358287133,60.0
53970,2690.718689612036,1.0043549383836132,60.0
53971,2690.7193840564805,1.0039608306479966,60.0
53972,2690.720078500925,1.0045089439280865,60.0
53973,2690.7207729453694,1.00395413537791,60.0
53974,2690.721467389814,1.00431236542299,60.0
53975,2690.7221618342583,1.0048975262436133,60.0
53976,2690.7228562787027,1.00354631918552,60.0
53977,2690.723550723147,1.003928296926125,60.0
53978,2690.7242451675916,1.004283070500985,60.0
53979,2690.724939612036,1.0029481846039598,60.0
53980,2690.7256340564804,1.0035144238070999,60.0
53981,2690.726328500925,1.0038905199688832,60.0
53982,2690.7270229453693,1.0033867485165833,60.0
53983,2690.7277173898137,1.00348932631771,60.0
53984,2690.728411834258,1.0048913287258934,60.0
53985,2690.7291062787026,1.0046024191461802,60.0
53986,2690.729800723147,1.0054952000713466,60.0
53987,2690.7304951675915,1.0035830730917568,60.0
53988,2690.731189612036,1.0041896947587101,60.0
53989,2690.7318840564803,1.00300066660294,60.0
53990,2690.732578500925,1.0036432005271598,60.0
53991,2690.7332729453697,1.0033339549534,60.0
53992,2690.733967389814,1.004827783835095,60.0
53993,2690.7346618342585,1.0045232184554767,60.0
53994,2690.735356278703,1.004411013987665,60.0
53995,2690.7360507231474,1.0049987351618,60.0
53996,2690.736745167592,1.0043619074889065,60.0
53997,2690.7374396120363,1.00442589678464,60.0
53998,2690.7381340564807,1.00386087290142,60.0
53999,2690.738828500925,1.00310694262236,60.0
54000,2690.7395229453696,1.0038474499566568,60.0
54001,2690.740217389814,1.003508795031135,60.0
54002,2690.7409118342584,1.0034375058810934,60.0
54003,2690.741606278703,1.0042817857505033,60.0
54004,2690.7423007231473,1.00460907459946,60.0
54005,2690.7429951675917,1.0039138162694468,60.0
54006,2690.743689612036,1.0040239931619033,60.0
54007,2690.7443840564806,1.0049102158159449,60.0
54008,2690.745078500925,1.0051128489796666,60.0
54009,2690.7457729453695,1.00472807100829,60.0
54010,2690.746467389814,1.00428417039819,60.0
54011,2690.7471618342583,1.0036706774971766,60.0
54012,2690.747856278703,1.00377957580451,60.0
54013,2690.748550723147,1.0045974175616468,60.0
54014,2690.7492451675917,1.0027159312998668,60.0
54015,2690.749939612036,1.0041821070303534,60.0
54016,2690.7506340564805,1.0047605944736133,60.0
54017,2690.751328500925,1.0038306238473067,60.0
54018,2690.7520229453694,1.0041219511193298,60.0
54019,2690.752717389814,1.0041565343209669,60.0
54020,2690.7534118342583,1.0033206375189565,60.0
54021,2690.7541062787027,1.00474188109262,60.0
54022,2690.754800723147,1.0046152445522933,60.0
54023,2690.7554951675916,1.0028885701430201,60.0
54024,2690.756189612036,1.0037097493238167,60.0
54025,2690.7568840564804,1.0039624617755833,60.0
54026,2690.757578500925,1.0038493756017368,60.0
54027,2690.7582729453693,1.0038693070975,60.0
54028,2690.7589673898137,1.00320738748262,60.0
54029,2690.759661834258,1.00418305835994,60.0
54030,2690.7603562787026,1.00329766482411,60.0
54031,2690.761050723147,1.0038937407233302,60.0
54032,2690.7617451675915,1.0034933841530767,60.0
54033,2690.762439612036,1.0028566360982667,60.0
54034,2690.763134056481,1.0041732877089702,60.0
54035,2690.7638285009252,1.0041906373721,60.0
54036,2690.7645229453697,1.0037512165587834,60.0
54037,2690.765217389814,1.00433484734051,60.0
54038,2690.7659118342585,1.0031400794253569,60.0
54039,2690.766606278703,1.0049111208113635,60.0
54040,2690.7673007231474,1.003488761028107,60.0
54041,2690.767995167592,1.00438692231083,60.0
54042,2690.7686896120363,1.0037669308540134,60.0
54043,2690.7693840564807,1.00276099134743,60.0
54044,2690.770078500925,1.0040371248394402,60.0
54045,2690.7707729453696,1.00390480532731,60.0
54046,2690.771467389814,1.0046861711503565,60.0
54047,2690.7721618342584,1.0041547787002731,60.0
54048,2690.772856278703,1.0034337569792566,60.0
54049,2690.7735507231473,1.003904771687,60.0
54050,2690.7742451675917,1.0026246608869567,60.0
54051,2690.774939612036,1.0045909132925834,60.0
54052,2690.7756340564806,1.0032320964682968,60.0
54053,2690.776328500925,1.0038412640690133,60.0
54054,2690.7770229453695,1.0034183948803335,60.0
54055,2690.777717389814,1.0045735003060132,60.0
54056,2690.7784118342583,1.00373975381572,60.0
54057,2690.779106278703,1.0038322710356749,60.0
54058,2690.779800723147,1.0032939070228466,60.0
54059,2690.7804951675917,1.0033060830495233,60.0
54060,2690.781189612036,1.0035489127768866,60.0
54061,2690.7818840564805,1.0038944052561767,60.0
54062,2690.782578500925,1.0044549460977865,60.0
54063,2690.7832729453694,1.0033620686481102,60.0
54064,2690.783967389814,1.00361239418994,60.0
54065,2690.7846618342583,1.00447119312661,60.0
54066,2690.7853562787027,1.0020315085436233,60.0
54067,2690.786050723147,1.00396819976599,60.0
54068,2690.7867451675916,1.00386239827815,60.0
54069,2690.787439612036,1.0030219108066933,60.0
54070,2690.7881340564804,1.0030367939934266,60.0
54071,2690.788828500925,1.0040632769824833,60.0
54072,2690.7895229453693,1.0034003482536666,60.0
54073,2690.7902173898137,1.0035778891105902,60.0
54074,2690.790911834258,1.0036161007812632,60.0
54075,2690.7916062787026,1.00380460133117,60.0
54076,2690.792300723147,1.0033067106594633,60.0
54077,2690.792995167592,1.0039173880504333,60.0
54078,2690.7936896120364,1.0036895392307532,60.0
54079,2690.794384056481,1.0036210480557601,60.0
54080,2690.7950785009252,1.0033468179479168,60.0
54081,2690.7957729453697,1.0028497250821402,60.0
54082,2690.796467389814,1.0034508775732267,60.0
54083,2690.7971618342585,1.0033416295516966,60.0
54084,2690.797856278703,1.0031883022044135,60.0
54085,2690.7985507231474,1.0035420464277252,60.0
54086,2690.799245167592,1.0033382556850234,60.0
54087,2690.7999396120363,1.0032629211387933,60.0
54088,2690.8006340564807,1.0031061376290031,60.0
54089,2690.801328500925,1.0043334905720267,60.0
54090,2690.8020229453696,1.0032267106154469,60.0
54091,2690.802717389814,1.003335565351735,60.0
54092,2690.8034118342584,1.0026933938854534,60.0
54093,2690.804106278703,1.003560812830755,60.0
54094,2690.8048007231473,1.00386124880791,60.0
54095,2690.8054951675917,1.0044862625786402,60.0
54096,2690.806189612036,1.0026177913134267,60.0
54097,2690.8068840564806,1.00280971573837,60.0
54098,2690.807578500925,1.0048083920800868,60.0
54099,2690.8082729453695,1.00311067542391,60.0
54100,2690.808967389814,1.0036425380154466,60.0
54101,2690.8096618342583,1.00455134807034,60.0
54102,2690.810356278703,1.0028601327569233,60.0
54103,2690.811050723147,1.00339028878508,60.0
54104,2690.8117451675917,1.004005444950603,60.0
54105,2690.812439612036,1.0032862034954435,60.0
54106,2690.8131340564805,1.0033514361573632,60.0
54107,2690.813828500925,1.0030059863292167,60.0
54108,2690.8145229453694,1.0023042112559166,60.0
54109,2690.815217389814,1.00375478893496,60.0
54110,2690.8159118342583,1.0041234588075234,60.0
54111,2690.8166062787027,1.0034289354516566,60.0
54112,2690.817300723147,1.003546054594995,60.0
54113,2690.8179951675916,1.0034565332875633,60.0
54114,2690.818689612036,1.0035841273286235,60.0
54115,2690.8193840564804,1.0032995497253465,60.0
54116,2690.820078500925,1.003071869931487,60.0
54117,2690.8207729453693,1.003949139876015,60.0
54118,2690.8214673898137,1.0041837245457066,60.0
54119,2690.8221618342586,1.0034468370918699,60.0
54120,2690.822856278703,1.0040287449502199,60.0
54121,2690.8235507231475,1.00319400912145,60.0
54122,2690.824245167592,1.00401430162486,60.0
54123,2690.8249396120364,1.003216902376665,60.0
54124,2690.825634056481,1.0037175333817667,60.0
54125,2690.8263285009252,1.0040414360463734,60.0
54126,2690.8270229453697,1.0034329190142066,60.0
54127,2690.827717389814,1.0038270922092132,60.0
54128,2690.8284118342585,1.0034831269910203,60.0
54129,2690.829106278703,1.00443833977091,60.0
54130,2690.8298007231474,1.003367971967977,60.0
54131,2690.830495167592,1.0036039241976666,60.0
54132,2690.8311896120363,1.004065607797585,60.0
54133,2690.8318840564807,1.0028684205112868,60.0
54134,2690.832578500925,1.00403156883062,60.0
54135,2690.8332729453696,1.002029210802755,60.0
54136,2690.833967389814,1.0029594906894568,60.0
54137,2690.8346618342584,1.0030652985434352,60.0
54138,2690.835356278703,1.0038597821283433,60.0
54139,2690.8360507231473,1.0034566097081068,60.0
54140,2690.8367451675917,1.0037678090026467,60.0
54141,2690.837439612036,1.0034524312897701,60.0
54142,2690.8381340564806,1.00432338921244,60.0
54143,2690.838828500925,1.0039399833323965,60.0
54144,2690.8395229453695,1.0029803303110365,60.0
54145,2690.840217389814,1.0020127352780401,60.0
54146,2690.8409118342583,1.0026984317543501,60.0
54147,2690.841606278703,1.003025216222635,60.0
54148,2690.842300723147,1.0029607603511366,60.0
54149,2690.8429951675917,1.0036972266962565,60.0
54150,2690.843689612036,1.0037670933811333,60.0
54151,2690.8443840564805,1.0027215966615732,60.0
54152,2690.845078500925,1.0033616377356267,60.0
54153,2690.8457729453694,1.00249997871365,60.0
54154,2690.846467389814,1.0041848525921933,60.0
54155,2690.8471618342583,1.0033992903355666,60.0
54156,2690.8478562787027,1.0032308006127233,60.0
54157,2690.848550723147,1.00427510811729,60.0
54158,2690.8492451675916,1.00292557634393,60.0
54159,2690.849939612036,1.0043883191901601,60.0
54160,2690.8506340564804,1.0037323683912935,60.0
54161,2690.851328500925,1.0032936786741533,60.0
54162,2690.8520229453698,1.00312778359312,60.0
54163,2690.852717389814,1.003418767496547,60.0
54164,2690.8534118342586,1.0026070421229,60.0
54165,2690.854106278703,1.00373353885556,60.0
54166,2690.8548007231475,1.0038812622768767,60.0
54167,2690.855495167592,1.0020875499259734,60.0
54168,2690.8561896120364,1.0029659179422399,60.0
54169,2690.856884056481,1.00339149678145,60.0
54170,2690.8575785009252,1.0039994875178768,60.0
54171,2690.8582729453697,1.0043084428394433,60.0
54172,2690.858967389814,1.003018351834,60.0
54173,2690.8596618342585,1.0029632895956233,60.0
54174,2690.860356278703,1.00278306271153,60.0
54175,2690.8610507231474,1.0032833935017167,60.0
54176,2690.861745167592,1.0033842498809733,60.0
54177,2690.8624396120363,1.0034748591932035,60.0
54178,2690.8631340564807,1.0041236671513565,60.0
54179,2690.863828500925,1.00430110564681,60.0
54180,2690.8645229453696,1.0038833305678734,60.0
54181,2690.865217389814,1.00251369665645,60.0
54182,2690.8659118342584,1.0026969177934066,60.0
54183,2690.866606278703,1.0037455748466269,60.0
54184,2690.8673007231473,1.0028899114311733,60.0
54185,2690.8679951675917,1.0035294567406199,60.0
54186,2690.868689612036,1.0027198916666866,60.0
54187,2690.8693840564806,1.0035970286494,60.0
54188,2690.870078500925,1.0030606424214,60.0
54189,2690.8707729453695,1.0025615092465132,60.0
54190,2690.871467389814,1.0025111654800167,60.0
54191,2690.8721618342583,1.003417693189925,60.0
54192,2690.872856278703,1.00282952167753,60.0
54193,2690.873550723147,1.0032082516819134,60.0
54194,2690.8742451675917,1.00289317945627,60.0
54195,2690.874939612036,1.0030093137034468,60.0
54196,2690.8756340564805,1.0023524117266167,60.0
54197,2690.876328500925,1.0023412301896502,60.0
54198,2690.8770229453694,1.0032748931617066,60.0
54199,2690.877717389814,1.0023810302292333,60.0
54200,2690.8784118342583,1.0038798255574466,60.0
54201,2690.8791062787027,1.0032607778780933,60.0
54202,2690.879800723147,1.0036261926754368,60.0
54203,2690.8804951675916,1.00444088022941,60.0
54204,2690.881189612036,1.0037029971205131,60.0
54205,2690.881884056481,1.0031276445864334,60.0
54206,2690.8825785009253,1.0016951361090733,60.0
54207,2690.8832729453698,1.0039983366797,60.0
54208,2690.883967389814,1.0028035504351067,60.0
54209,2690.8846618342586,1.003608262526715,60.0
54210,2690.885356278703,1.0034890814855333,60.0
54211,2690.8860507231475,1.0027931864195199,60.0
54212,2690.886745167592,1.0029728353852967,60.0
54213,2690.8874396120364,1.0027717051332568,60.0
54214,2690.888134056481,1.0031823616323867,60.0
54215,2690.8888285009252,1.0030838549254233,60.0
54216,2690.8895229453697,1.0025128289133534,60.0
54217,2690.890217389814,1.0024953929371234,60.0
54218,2690.8909118342585,1.0032026158811835,60.0
54219,2690.891606278703,1.00243916186393,60.0
54220,2690.8923007231474,1.00358749780619,60.0
54221,2690.892995167592,1.0033630627787367,60.0
54222,2690.8936896120363,1.00358203043289,60.0
54223,2690.8943840564807,1.0033194861443602,60.0
54224,2690.895078500925,1.00342333592165,60.0
54225,2690.8957729453696,1.0024369923289567,60.0
54226,2690.896467389814,1.0035454309800933,60.0
54227,2690.8971618342584,1.0028973624084134,60.0
54228,2690.897856278703,1.0044305195326,60.0
54229,2690.8985507231473,1.0027915255139,60.0
54230,2690.8992451675917,1.0034045517173433,60.0
54231,2690.899939612036,1.0036929966595765,60.0
54232,2690.9006340564806,1.0029188640578033,60.0
54233,2690.901328500925,1.001284626610315,60.0
54234,2690.9020229453695,1.0040206982781301,60.0
54235,2690.902717389814,1.0025911323711332,60.0
54236,2690.9034118342583,1.0029112869758767,60.0
54237,2690.904106278703,1.0026204463424133,60.0
54238,2690.904800723147,1.002556604077477,60.0
54239,2690.9054951675917,1.0022693725941298,60.0
54240,2690.906189612036,1.0034126793606566,60.0
54241,2690.9068840564805,1.00276938228539,60.0
54242,2690.907578500925,1.00283425776769,60.0
54243,2690.9082729453694,1.0025991461667367,60.0
54244,2690.908967389814,1.0032057881606933,60.0
54245,2690.9096618342583,1.0030159004961399,60.0
54246,2690.9103562787027,1.0030080839760267,60.0
54247,2690.9110507231476,1.0027090246063735,60.0
54248,2690.911745167592,1.0028857102046203,60.0
54249,2690.9124396120365,1.0021561390531033,60.0
54250,2690.913134056481,1.0029860645884268,60.0
54251,2690.9138285009253,1.0027875861788333,60.0
54252,2690.9145229453698,1.0033442517174167,60.0
54253,2690.915217389814,1.0037673601088801,60.0
54254,2690.9159118342586,1.0015309219696602,60.0
54255,2690.916606278703,1.0030967311575598,60.0
54256,2690.9173007231475,1.0029423587102568,60.0
54257,2690.917995167592,1.0034925247490332,60.0
54258,2690.9186896120364,1.00299552258122,60.0
54259,2690.919384056481,1.0034824511277234,60.0
54260,2690.9200785009252,1.00246159973276,60.0
54261,2690.9207729453697,1.0023117310970802,60.0
54262,2690.921467389814,1.0037565371326167,60.0
54263,2690.9221618342585,1.0027040772148268,60.0
54264,2690.922856278703,1.0021549070900966,60.0
54265,2690.9235507231474,1.00312266759817,60.0
54266,2690.924245167592,1.0031168313185368,60.0
54267,2690.9249396120363,1.0030043378927165,60.0
54268,2690.9256340564807,1.00273071386926,60.0
54269,2690.926328500925,1.0031091585192367,60.0
54270,2690.9270229453696,1.0035115526996832,60.0
54271,2690.927717389814,1.0034195905270666,60.0
54272,2690.9284118342584,1.0023240472706434,60.0
54273,2690.929106278703,1.00319227617868,60.0
54274,2690.9298007231473,1.00262248311945,60.0
54275,2690.9304951675917,1.0016658742476698,60.0
54276,2690.931189612036,1.0032314774424833,60.0
54277,2690.9318840564806,1.0020649087369466,60.0
54278,2690.932578500925,1.0034723491993898,60.0
54279,2690.9332729453695,1.00265308227048,60.0
54280,2690.933967389814,1.0022511146998099,60.0
54281,2690.9346618342583,1.0029481398776567,60.0
54282,2690.935356278703,1.0029029835493999,60.0
54283,2690.936050723147,1.0034482838886734,60.0
54284,2690.9367451675917,1.0030603701140366,60.0
54285,2690.937439612036,1.0024237526994166,60.0
54286,2690.9381340564805,1.00226149134919,60.0
54287,2690.938828500925,1.0030767144036001,60.0
54288,2690.9395229453694,1.0023278184904532,60.0
54289,2690.940217389814,1.0026139570060233,60.0
54290,2690.9409118342587,1.0028800400762266,60.0
54291,2690.941606278703,1.0028277752831667,60.0
54292,2690.9423007231476,1.0034138067425566,60.0
54293,2690.942995167592,1.00266542098308,60.0
54294,2690.9436896120365,1.00180932179709,60.0
54295,2690.944384056481,1.0014147973463468,60.0
54296,2690.9450785009253,1.00176107707079,60.0
54297,2690.9457729453698,1.0029622082631766,60.0
54298,2690.946467389814,1.0028139680268202,60.0
54299,2690.9471618342586,1.00274605640572,60.0
54300,2690.947856278703,1.00286083062614,60.0
54301,2690.9485507231475,1.0030119732618232,60.0
54302,2690.949245167592,1.00285402458569,60.0
54303,2690.9499396120364,1.0031068125544067,60.0
54304,2690.950634056481,1.0023503645084133,60.0
54305,2690.9513285009252,1.0006756558554166,60.0
54306,2690.9520229453697,1.00225600943551,60.0
54307,2690.952717389814,1.0029116830257168,60.0
54308,2690.9534118342585,1.0032688922200501,60.0
54309,2690.954106278703,1.0029363634196733,60.0
54310,2690.9548007231474,1.00223758212208,60.0
54311,2690.955495167592,1.00291732494861,60.0
54312,2690.9561896120363,1.0025643158396067,60.0
54313,2690.9568840564807,1.0021880166520534,60.0
54314,2690.957578500925,1.0021693438167667,60.0
54315,2690.9582729453696,1.0019862643259867,60.0
54316,2690.958967389814,1.0015082990222,60.0
54317,2690.9596618342584,1.002671692724005,60.0
54318,2690.960356278703,1.0023428994448067,60.0
54319,2690.9610507231473,1.00231507176191,60.0
54320,2690.9617451675917,1.002584829771857,60.0
54321,2690.962439612036,1.0018397776250432,60.0
54322,2690.9631340564806,1.00190871784987,60.0
54323,2690.963828500925,1.00227424656403,60.0
54324,2690.9645229453695,1.0019641057896767,60.0
54325,2690.965217389814,1.0021505004068652,60.0
54326,2690.9659118342583,1.0022160803739033,60.0
54327,2690.966606278703,1.0016465026121166,60.0
54328,2690.967300723147,1.0019407771534867,60.0
54329,2690.9679951675917,1.0021703668433466,60.0
54330,2690.968689612036,1.00177589887683,60.0
54331,2690.9693840564805,1.0020044040462066,60.0
54332,2690.970078500925,1.00285137289953,60.0
54333,2690.97077294537,1.0030084551613934,60.0
54334,2690.9714673898143,1.0013729326628633,60.0
54335,2690.9721618342587,1.0029151908840566,60.0
54336,2690.972856278703,1.0014318295982834,60.0
54337,2690.9735507231476,1.0019695278396001,60.0
54338,2690.974245167592,1.00222448142168,60.0
54339,2690.9749396120365,1.0026103535600532,60.0
54340,2690.975634056481,1.0017364736853667,60.0
54341,2690.9763285009253,1.00287795996739,60.0
54342,2690.9770229453698,1.00252259585767,60.0
54343,2690.977717389814,1.0019772521794732,60.0
54344,2690.9784118342586,1.0023989833784634,60.0
54345,2690.979106278703,1.0012120192249967,60.0
54346,2690.9798007231475,1.0023281017725998,60.0
54347,2690.980495167592,1.0022701686507232,60.0
54348,2690.9811896120364,1.0024189531273067,60.0
54349,2690.981884056481,1.0021779530820767,60.0
54350,2690.9825785009252,1.0025715807862967,60.0
54351,2690.9832729453697,1.0019490691964466,60.0
54352,2690.983967389814,1.0029734372922368,60.0
54353,2690.9846618342585,1.0026367168763402,60.0
54354,2690.985356278703,1.0019179377029932,60.0
54355,2690.9860507231474,1.0023837742379833,60.0
54356,2690.986745167592,1.00193065609523,60.0
54357,2690.9874396120363,1.0030782395380633,60.0
54358,2690.9881340564807,1.0018821140661769,60.0
54359,2690.988828500925,1.00357287909096,60.0
54360,2690.9895229453696,1.0025866869512632,60.0
54361,2690.990217389814,1.0020645022321266,60.0
54362,2690.9909118342584,1.0012446436185833,60.0
54363,2690.991606278703,1.002754321027305,60.0
54364,2690.9923007231473,1.0023388825615733,60.0
54365,2690.9929951675917,1.0021974017970334,60.0
54366,2690.993689612036,1.0018625873516867,60.0
54367,2690.9943840564806,1.0031107412758866,60.0
54368,2690.995078500925,1.0025818626201102,60.0
54369,2690.9957729453695,1.0018267402854,60.0
54370,2690.996467389814,1.0013029216169433,60.0
54371,2690.9971618342583,1.0015267753822767,60.0
54372,2690.997856278703,1.00251392085136,60.0
54373,2690.998550723147,1.0020095713150967,60.0
54374,2690.9992451675917,1.0018711169889134,60.0
54375,2690.9999396120365,1.0017142197525999,60.0
54376,2691.000634056481,1.0021564931629632,60.0
54377,2691.0013285009254,1.0020821768532067,60.0
54378,2691.00202294537,1.0024944491154633,60.0
54379,2691.0027173898143,1.0014032735337133,60.0
54380,2691.0034118342587,1.001957237657045,60.0
54381,2691.004106278703,1.0023771320669501,60.0
54382,2691.0048007231476,1.0017675156189798,60.0
54383,2691.005495167592,1.0020046168652035,60.0
54384,2691.0061896120365,1.00163259126879,60.0
54385,2691.006884056481,1.0027793268717167,60.0
54386,2691.0075785009253,1.0023172738006734,60.0
54387,2691.0082729453698,1.0021318320758168,60.0
54388,2691.008967389814,1.0023498813954799,60.0
54389,2691.0096618342586,1.0016467249583665,60.0
54390,2691.010356278703,1.0014875600460298,60.0
54391,2691.0110507231475,1.0025357788556701,60.0
54392,2691.011745167592,1.0019974420003166,60.0
54393,2691.0124396120364,1.0026383330752735,60.0
54394,2691.013134056481,1.0019287426669932,60.0
54395,2691.0138285009252,1.00229147833816,60.0
54396,2691.0145229453697,1.0025423151588535,60.0
54397,2691.015217389814,1.0016527687232033,60.0
54398,2691.0159118342585,1.0017169540804065,60.0
54399,2691.016606278703,1.001343826223425,60.0
54400,2691.0173007231474,1.0022578895360101,60.0
54401,2691.017995167592,1.00202798177305,60.0
54402,2691.0186896120363,1.0004218902003132,60.0
54403,2691.0193840564807,1.0020031320797866,60.0
54404,2691.020078500925,1.0019217269265832,60.0
54405,2691.0207729453696,1.0020786680686535,60.0
54406,2691.021467389814,1.0018058616186032,60.0
54407,2691.0221618342584,1.0009234761361834,60.0
54408,2691.022856278703,1.0023677908779567,60.0
54409,2691.0235507231473,1.00131907254797,60.0
54410,2691.0242451675917,1.0016031528058666,60.0
54411,2691.024939612036,1.00243641887472,60.0
54412,2691.0256340564806,1.00149245090859,60.0
54413,2691.026328500925,1.0021171468133998,60.0
54414,2691.0270229453695,1.0019351124539233,60.0
54415,2691.027717389814,1.0025197184070533,60.0
54416,2691.0284118342583,1.0010392436203066,60.0
54417,2691.029106278703,1.00185591220978,60.0
54418,2691.0298007231477,1.00253197750806,60.0
54419,2691.030495167592,0.9999816778676932,60.0
54420,2691.0311896120365,1.0016746753393966,60.0
54421,2691.031884056481,1.00151966218195,60.0
54422,2691.0325785009254,1.002071537883637,60.0
54423,2691.03327294537,1.0018881475833135,60.0
54424,2691.0339673898143,1.00068682608209,60.0
54425,2691.0346618342587,1.0023897773842352,60.0
54426,2691.035356278703,1.0015706087777734,60.0
54427,2691.0360507231476,1.002449079968205,60.0
54428,2691.036745167592,1.0004026825211867,60.0
54429,2691.0374396120365,1.0013820400983766,60.0
54430,2691.038134056481,1.0021874653865268,60.0
54431,2691.0388285009253,1.0018542763080733,60.0
54432,2691.0395229453698,1.000633037283405,60.0
54433,2691.040217389814,1.0020463514010267,60.0
54434,2691.0409118342586,1.00195773831443,60.0
54435,2691.041606278703,1.0013795875672964,60.0
54436,2691.0423007231475,1.0022339600674968,60.0
54437,2691.042995167592,1.0009178886707069,60.0
54438,2691.0436896120364,1.0021747666734397,60.0
54439,2691.044384056481,1.0019116054303234,60.0
54440,2691.0450785009252,1.0006296517363833,60.0
54441,2691.0457729453697,1.00207762557792,60.0
54442,2691.046467389814,1.0021864606609951,60.0
54443,2691.0471618342585,1.0016904671834066,60.0
54444,2691.047856278703,1.0013811400950068,60.0
54445,2691.0485507231474,1.0012756638760767,60.0
54446,2691.049245167592,1.001523573473135,60.0
54447,2691.0499396120363,1.0023873795326466,60.0
54448,2691.0506340564807,1.0018958486107232,60.0
54449,2691.051328500925,1.0023650967793967,60.0
54450,2691.0520229453696,1.0018004309157833,60.0
54451,2691.052717389814,1.00107850534852,60.0
54452,2691.0534118342584,1.001666491043675,60.0
54453,2691.054106278703,1.0011995931213467,60.0
54454,2691.0548007231473,1.0015932406509265,60.0
54455,2691.0554951675917,1.00049471148453,60.0
54456,2691.056189612036,1.0009540040616733,60.0
54457,2691.0568840564806,1.0014286458378234,60.0
54458,2691.057578500925,1.0019453556327134,60.0
54459,2691.0582729453695,1.00210894790587,60.0
54460,2691.058967389814,1.0020657453553798,60.0
54461,2691.059661834259,1.0014859237942202,60.0
54462,2691.0603562787032,1.0022840632887433,60.0
54463,2691.0610507231477,1.0013116054485633,60.0
54464,2691.061745167592,1.0013353873381434,60.0
54465,2691.0624396120365,1.0007917107396667,60.0
54466,2691.063134056481,1.00166381885377,60.0
54467,2691.0638285009254,1.00072188049033,60.0
54468,2691.06452294537,1.0020431488449602,60.0
54469,2691.0652173898143,1.001387808699757,60.0
54470,2691.0659118342587,1.0010490911130001,60.0
54471,2691.066606278703,1.00069305407945,60.0
54472,2691.0673007231476,1.00122101123139,60.0
54473,2691.067995167592,1.0018656431795598,60.0
54474,2691.0686896120365,1.0009334367862166,60.0
54475,2691.069384056481,1.001733415039185,60.0
54476,2691.0700785009253,1.0018873843666434,60.0
54477,2691.0707729453698,1.00094850684789,60.0
54478,2691.071467389814,1.000589772307755,60.0
54479,2691.0721618342586,1.0022540642827902,60.0
54480,2691.072856278703,1.0007105535498166,60.0
54481,2691.0735507231475,1.0013758091756,60.0
54482,2691.074245167592,1.0007685186724868,60.0
54483,2691.0749396120364,1.00108600991004,60.0
54484,2691.075634056481,1.0009095068851632,60.0
54485,2691.0763285009252,1.0008158896116202,60.0
54486,2691.0770229453697,1.0009013517740968,60.0
54487,2691.077717389814,1.00126193121791,60.0
54488,2691.0784118342585,1.0005074421795734,60.0
54489,2691.079106278703,1.0008027074249635,60.0
54490,2691.0798007231474,1.0022209601462733,60.0
54491,2691.080495167592,1.0012760566178367,60.0
54492,2691.0811896120363,1.0012750138766,60.0
54493,2691.0818840564807,0.9997150129069501,60.0
54494,2691.082578500925,1.0008159126237333,60.0
54495,2691.0832729453696,1.0007270083196833,60.0
54496,2691.083967389814,1.001002624312047,60.0
54497,2691.0846618342584,1.00147087805072,60.0
54498,2691.085356278703,1.0014417004294234,60.0
54499,2691.0860507231473,1.0009120746915834,60.0
54500,2691.0867451675917,1.00115875212706,60.0
54501,2691.087439612036,1.00055740961594,60.0
54502,2691.0881340564806,1.0008306123417368,60.0
54503,2691.0888285009255,1.00174327338288,60.0
54504,2691.08952294537,1.0011576041340833,60.0
54505,2691.0902173898144,1.0011213226946634,60.0
54506,2691.090911834259,1.0010990973684433,60.0
54507,2691.0916062787032,1.00079597173956,60.0
54508,2691.0923007231477,1.00183145675327,60.0
54509,2691.092995167592,1.0014165697076267,60.0
54510,2691.0936896120365,1.0011609583884733,60.0
54511,2691.094384056481,1.00129946644323,60.0
54512,2691.0950785009254,1.00023363194077,60.0
54513,2691.09577294537,1.0007595999046102,60.0
54514,2691.0964673898143,1.0004929751966065,60.0
54515,2691.0971618342587,1.0013388882890835,60.0
54516,2691.097856278703,1.0010756356448933,60.0
54517,2691.0985507231476,1.0011295106699498,60.0
54518,2691.099245167592,1.00106601802639,60.0
54519,2691.0999396120365,1.0011815766007734,60.0
54520,2691.100634056481,1.0006646965262167,60.0
54521,2691.1013285009253,1.00161903725338,60.0
54522,2691.1020229453698,1.00169129052605,60.0
54523,2691.102717389814,1.0005795223985066,60.0
54524,2691.1034118342586,1.0012216032761,60.0
54525,2691.104106278703,1.00101779063848,60.0
54526,2691.1048007231475,1.00154556571657,60.0
54527,2691.105495167592,1.0019273484051066,60.0
54528,2691.1061896120364,1.00087665365562,60.0
54529,2691.106884056481,1.0012834794734333,60.0
54530,2691.1075785009252,1.00146116003933,60.0
54531,2691.1082729453697,1.0010472739997367,60.0
54532,2691.108967389814,1.0001527684788265,60.0
54533,2691.1096618342585,1.00071904975423,60.0
54534,2691.110356278703,1.0007245268348466,60.0
54535,2691.1110507231474,1.0015149728127335,60.0
54536,2691.111745167592,1.00138351735455,60.0
54537,2691.1124396120363,1.0012246002881966,60.0
54538,2691.1131340564807,1.0001267182837765,60.0
54539,2691.113828500925,1.0005659883520235,60.0
54540,2691.1145229453696,1.0010780284685534,60.0
54541,2691.115217389814,1.0011900580465134,60.0
54542,2691.1159118342584,1.00023683042726,60.0
54543,2691.116606278703,1.0006290037054366,60.0
54544,2691.1173007231473,1.0005211132218068,60.0
54545,2691.1179951675917,1.00066751555943,60.0
54546,2691.1186896120366,1.0005879371107567,60.0
54547,2691.119384056481,1.0008998621588567,60.0
54548,2691.1200785009255,1.0014283045483368,60.0
54549,2691.12077294537,1.0008167674671966,60.0
54550,2691.1214673898144,1.0009888966248535,60.0
54551,2691.122161834259,1.00094880419037,60.0
54552,2691.1228562787032,1.0009673452226469,60.0
54553,2691.1235507231477,1.0004764992893367,60.0
54554,2691.124245167592,1.0013546251463865,60.0
54555,2691.1249396120365,1.00092994657995,60.0
54556,2691.125634056481,1.00101698268041,60.0
54557,2691.1263285009254,1.00119010104149,60.0
54558,2691.12702294537,0.99910601053251,60.0
54559,2691.1277173898143,1.0006724813564098,60.0
54560,2691.1284118342587,1.0009380689856366,60.0
54561,2691.129106278703,1.0010168714326266,60.0
54562,2691.1298007231476,0.9993848615967732,60.0
54563,2691.130495167592,1.0010183870193168,60.0
54564,2691.1311896120365,1.0001729890263233,60.0
54565,2691.131884056481,1.0001383030507833,60.0
54566,2691.1325785009253,1.00016906176936,60.0
54567,2691.1332729453698,1.0011614449886301,60.0
54568,2691.133967389814,1.00066736209082,60.0
54569,2691.1346618342586,1.0016838421352334,60.0
54570,2691.135356278703,1.0012790178319466,60.0
54571,2691.1360507231475,1.00038311520985,60.0
54572,2691.136745167592,1.0001213799517668,60.0
54573,2691.1374396120364,0.9995349392691367,60.0
54574,2691.138134056481,0.99946266225776,60.0
54575,2691.1388285009252,1.0001173690367235,60.0
54576,2691.1395229453697,1.0005466042457531,60.0
54577,2691.140217389814,1.0005629153834834,60.0
54578,2691.1409118342585,1.00067294215222,60.0
54579,2691.141606278703,0.9995464330488734,60.0
54580,2691.1423007231474,1.0004974607228367,60.0
54581,2691.142995167592,1.0008665599349131,60.0
54582,2691.1436896120363,0.99956464675473,60.0
54583,2691.1443840564807,1.0000412228525866,60.0
54584,2691.145078500925,1.0008748684026434,60.0
54585,2691.1457729453696,1.00084122647883,60.0
54586,2691.146467389814,1.0004732541009433,60.0
54587,2691.1471618342584,1.0023322566154733,60.0
54588,2691.147856278703,0.9990204126849567,60.0
54589,2691.1485507231478,0.9992856799843933,60.0
54590,2691.149245167592,1.0004591075308633,60.0
54591,2691.1499396120366,1.0006873121447832,60.0
54592,2691.150634056481,1.0000853778439132,60.0
54593,2691.1513285009255,1.00046186132675,60.0
54594,2691.15202294537,1.0004083882817134,60.0
54595,2691.1527173898144,1.0014304649309267,60.0
54596,2691.153411834259,1.0008772088196933,60.0
54597,2691.1541062787032,0.9995877836544901,60.0
54598,2691.1548007231477,1.0001760181252033,60.0
54599,2691.155495167592,1.0002486643969066,60.0
54600,2691.1561896120365,0.9998736921176166,60.0
54601,2691.156884056481,1.0003613930329598,60.0
54602,2691.1575785009254,0.9990153353448,60.0
54603,2691.15827294537,1.0001777097998235,60.0
54604,2691.1589673898143,1.00058738794288,60.0
54605,2691.1596618342587,1.0002629193488466,60.0
54606,2691.160356278703,0.9998007089277534,60.0
54607,2691.1610507231476,0.99987878754392,60.0
54608,2691.161745167592,0.9993677149862901,60.0
54609,2691.1624396120365,1.0005745638265369,60.0
54610,2691.163134056481,0.9994906643357165,60.0
54611,2691.1638285009253,1.0000124178550467,60.0
54612,2691.1645229453698,1.0000802307087902,60.0
54613,2691.165217389814,1.0002104792671433,60.0
54614,2691.1659118342586,0.99935274626813,60.0
54615,2691.166606278703,1.0012911355813865,60.0
54616,2691.1673007231475,1.0007296778364034,60.0
54617,2691.167995167592,1.00075564593072,60.0
54618,2691.1686896120364,1.0005146491517,60.0
54619,2691.169384056481,0.9996504233419766,60.0
54620,2691.1700785009252,1.0009758174086067,60.0
54621,2691.1707729453697,0.9994418603222633,60.0
54622,2691.171467389814,1.00082834407265,60.0
54623,2691.1721618342585,1.0001797217521566,60.0
54624,2691.172856278703,0.99997964058304,60.0
54625,2691.1735507231474,1.00064125309333,60.0
54626,2691.174245167592,0.9999622493347133,60.0
54627,2691.1749396120363,0.9996512456707399,60.0
54628,2691.1756340564807,1.0007224366658298,60.0
54629,2691.176328500925,1.00023569167595,60.0
54630,2691.1770229453696,1.0003367408417967,60.0
54631,2691.1777173898145,1.0004409399814467,60.0
54632,2691.178411834259,0.9992287100570866,60.0
54633,2691.1791062787033,1.0002705803646,60.0
54634,2691.1798007231478,1.00038084826584,60.0
54635,2691.180495167592,1.0002521872204333,60.0
54636,2691.1811896120366,0.9995579501802966,60.0
54637,2691.181884056481,0.9997481776584234,60.0
54638,2691.1825785009255,0.99990034144326,60.0
54639,2691.18327294537,1.00073217062318,60.0
54640,2691.1839673898144,0.9997971521566401,60.0
54641,2691.184661834259,1.0006163096596268,60.0
54642,2691.1853562787032,0.9999323718325767,60.0
54643,2691.1860507231477,1.0008103523937366,60.0
54644,2691.186745167592,1.0007995395637865,60.0
54645,2691.1874396120365,0.9998584699572434,60.0
54646,2691.188134056481,0.9995732641197299,60.0
54647,2691.1888285009254,1.0004692242668833,60.0
54648,2691.18952294537,1.0001666596281833,60.0
54649,2691.1902173898143,0.9999320922316768,60.0
54650,2691.1909118342587,1.00059242028908,60.0
54651,2691.191606278703,0.9999353174639833,60.0
54652,2691.1923007231476,0.9996208992285401,60.0
54653,2691.192995167592,0.9996404612686934,60.0
54654,2691.1936896120365,0.9992411147290466,60.0
54655,2691.194384056481,0.9998764295134,60.0
54656,2691.1950785009253,1.0007516308637567,60.0
54657,2691.1957729453698,1.0005600086987634,60.0
54658,2691.196467389814,1.00001016091332,60.0
54659,2691.1971618342586,0.9998207200769834,60.0
54660,2691.197856278703,1.0002242909717698,60.0
54661,2691.1985507231475,0.9990306428212533,60.0
54662,2691.199245167592,0.9989623964892668,60.0
54663,2691.1999396120364,1.0002374347903735,60.0
54664,2691.200634056481,0.9992247410176867,60.0
54665,2691.2013285009252,0.99957315458894,60.0
54666,2691.2020229453697,1.0007313891776701,60.0
54667,2691.202717389814,0.999643256908185,60.0
54668,2691.2034118342585,1.00006027304777,60.0
54669,2691.204106278703,1.00032748513318,60.0
54670,2691.2048007231474,0.99898848441154,60.0
54671,2691.205495167592,0.9994917095679199,60.0
54672,2691.2061896120363,1.0000763385278735,60.0
54673,2691.2068840564807,1.000171896210415,60.0
54674,2691.2075785009256,1.0002785449453635,60.0
54675,2691.20827294537,0.9995961812450966,60.0
54676,2691.2089673898145,1.0001648870449733,60.0
54677,2691.209661834259,0.9994219806091834,60.0
54678,2691.2103562787033,0.9991947591493299,60.0
54679,2691.2110507231478,1.0002367478277199,60.0
54680,2691.211745167592,0.9994012486972533,60.0
54681,2691.2124396120366,0.9997584825902366,60.0
54682,2691.213134056481,1.000050815509175,60.0
54683,2691.2138285009255,0.9993565181659633,60.0
54684,2691.21452294537,0.9995598836528433,60.0
54685,2691.2152173898144,0.9998208293714566,60.0
54686,2691.215911834259,1.0000657847142849,60.0
54687,2691.2166062787032,0.9994075357794633,60.0
54688,2691.2173007231477,1.0008599492169967,60.0
54689,2691.217995167592,0.9993193315011166,60.0
54690,2691.2186896120365,0.9983568139061467,60.0
54691,2691.219384056481,0.9994645852250699,60.0
54692,2691.2200785009254,0.9999690980777266,60.0
54693,2691.22077294537,1.0001449451485398,60.0
54694,2691.2214673898143,0.9999546751954167,60.0
54695,2691.2221618342587,0.99966012387813,60.0
54696,2691.222856278703,0.9995820748248799,60.0
54697,2691.2235507231476,0.9992948475711999,60.0
54698,2691.224245167592,1.0000572601565234,60.0
54699,2691.2249396120365,0.9993604516704168,60.0
54700,2691.225634056481,1.0004567706155967,60.0
54701,2691.2263285009253,1.00000622046075,60.0
54702,2691.2270229453698,0.9994076523047367,60.0
54703,2691.227717389814,0.9991005920557566,60.0
54704,2691.2284118342586,0.9995874405629767,60.0
54705,2691.229106278703,1.0004792319492868,60.0
54706,2691.2298007231475,0.9993331146568334,60.0
54707,2691.230495167592,0.9992789073443434,60.0
54708,2691.2311896120364,1.00017651341997,60.0
54709,2691.231884056481,0.9995985045196534,60.0
54710,2691.2325785009252,0.9995684974756399,60.0
54711,2691.2332729453697,1.0002263331724934,60.0
54712,2691.233967389814,1.000519183942565,60.0
54713,2691.2346618342585,1.0004881689235168,60.0
54714,2691.235356278703,1.00009633424848,60.0
54715,2691.2360507231474,0.9998750759963301,60.0
54716,2691.236745167592,1.00043378513901,60.0
54717,2691.2374396120367,1.00036338090219,60.0
54718,2691.238134056481,1.0001779592084834,60.0
54719,2691.2388285009256,0.9996962990204569,60.0
54720,2691.23952294537,0.9993462165855734,60.0
54721,2691.2402173898145,0.9993953078954334,60.0
54722,2691.240911834259,0.9986762208142966,60.0
54723,2691.2416062787033,0.9994311568119567,60.0
54724,2691.2423007231478,0.99969084493521,60.0
54725,2691.242995167592,0.9994333911585933,60.0
54726,2691.2436896120366,1.0000213851332667,60.0
54727,2691.244384056481,0.9991592995853401,60.0
54728,2691.2450785009255,0.9983792072798433,60.0
54729,2691.24577294537,0.99932880228299,60.0
54730,2691.2464673898144,0.9998083236180767,60.0
54731,2691.247161834259,0.9993887088872633,60.0
54732,2691.2478562787032,0.9995551634483032,60.0
54733,2691.2485507231477,0.9996144893381965,60.0
54734,2691.249245167592,0.9991124779368333,60.0
54735,2691.2499396120365,0.9996297582506134,60.0
54736,2691.250634056481,0.9992272426955365,60.0
54737,2691.2513285009254,0.99876055286868,60.0
54738,2691.25202294537,0.99973059258234,60.0
54739,2691.2527173898143,0.9997038890145733,60.0
54740,2691.2534118342587,1.0004170700388169,60.0
54741,2691.254106278703,0.9990809578230467,60.0
54742,2691.2548007231476,0.9999957119058133,60.0
54743,2691.255495167592,0.9999299879278133,60.0
54744,2691.2561896120365,0.99941854748395,60.0
54745,2691.256884056481,0.9992426898516434,60.0
54746,2691.2575785009253,1.00038983990142,60.0
54747,2691.2582729453698,0.9992707913124267,60.0
54748,2691.258967389814,0.9982596971158867,60.0
54749,2691.2596618342586,0.999446222459615,60.0
54750,2691.260356278703,0.99900201141306,60.0
54751,2691.2610507231475,0.9995696808205299,60.0
54752,2691.261745167592,0.9997524377381667,60.0
54753,2691.2624396120364,0.9978520763738,60.0
54754,2691.263134056481,0.9990648671406633,60.0
54755,2691.2638285009252,0.9986530154716267,60.0
54756,2691.2645229453697,0.9996793912342067,60.0
54757,2691.265217389814,0.9983037531144433,60.0
54758,2691.2659118342585,0.9987983026425801,60.0
54759,2691.2666062787034,0.9995428601296733,60.0
54760,2691.267300723148,0.9986729306579968,60.0
54761,2691.2679951675923,0.99895405556419,60.0
54762,2691.2686896120367,0.9988671036168567,60.0
54763,2691.269384056481,0.9984692773268334,60.0
54764,2691.2700785009256,0.9994879450107333,60.0
54765,2691.27077294537,0.9983530014519667,60.0
54766,2691.2714673898145,0.9985022113137966,60.0
54767,2691.272161834259,0.99838170790471,60.0
54768,2691.2728562787033,1.00016221653005,60.0
54769,2691.2735507231478,0.9999242373802,60.0
54770,2691.274245167592,0.99850688981308,60.0
54771,2691.2749396120366,0.99906273662122,60.0
54772,2691.275634056481,0.9995056875617999,60.0
54773,2691.2763285009255,0.9991504487927968,60.0
54774,2691.27702294537,0.99844274973068,60.0
54775,2691.2777173898144,1.00004701271333,60.0
54776,2691.278411834259,0.9987559440052066,60.0
54777,2691.2791062787032,0.99841890943772,60.0
54778,2691.2798007231477,0.9983544790432933,60.0
54779,2691.280495167592,0.9988991662801968,60.0
54780,2691.2811896120365,0.998101076724325,60.0
54781,2691.281884056481,0.9991520876232599,60.0
54782,2691.2825785009254,0.9991187867902401,60.0
54783,2691.28327294537,0.9991442694443432,60.0
54784,2691.2839673898143,0.9988896903640949,60.0
54785,2691.2846618342587,0.9993041460995299,60.0
54786,2691.285356278703,0.9993352479649067,60.0
54787,2691.2860507231476,0.9989504615531367,60.0
54788,2691.286745167592,0.999343310281785,60.0
54789,2691.2874396120365,0.9976380110760399,60.0
54790,2691.288134056481,0.9993839124220966,60.0
54791,2691.2888285009253,0.9994928232802301,60.0
54792,2691.2895229453698,0.99882188064243,60.0
54793,2691.290217389814,0.9998739770647868,60.0
54794,2691.2909118342586,0.99780422670453,60.0
54795,2691.291606278703,0.9993553151206399,60.0
54796,2691.2923007231475,0.9989573800833766,60.0
54797,2691.292995167592,0.99906269648704,60.0
54798,2691.2936896120364,0.99889615212855,60.0
54799,2691.294384056481,0.99916311499601,60.0
54800,2691.2950785009252,0.9991763663257801,60.0
54801,2691.2957729453697,0.9988003257309167,60.0
54802,2691.2964673898146,0.9994919010371167,60.0
54803,2691.297161834259,0.9983839898191768,60.0
54804,2691.2978562787034,0.99847163162708,60.0
54805,2691.298550723148,0.9988086179151466,60.0
54806,2691.2992451675923,0.998332381880115,60.0
54807,2691.2999396120367,0.9984452633605834,60.0
54808,2691.300634056481,0.9981624833025698,60.0
54809,2691.3013285009256,0.99921040123409,60.0
54810,2691.30202294537,0.9987284044153699,60.0
54811,2691.3027173898145,0.9990021220961199,60.0
54812,2691.303411834259,0.99834331446547,60.0
54813,2691.3041062787033,0.9985952357519267,60.0
54814,2691.3048007231478,0.9982193217343966,60.0
54815,2691.305495167592,0.9985297906721967,60.0
54816,2691.3061896120366,0.9988898374815767,60.0
54817,2691.306884056481,0.99777244414422,60.0
54818,2691.3075785009255,0.9979918300072766,60.0
54819,2691.30827294537,0.99961142678869,60.0
54820,2691.3089673898144,0.9988039553101901,60.0
54821,2691.309661834259,0.9988097504457066,60.0
54822,2691.3103562787032,0.9985987175155766,60.0
54823,2691.3110507231477,0.9999692499706266,60.0
54824,2691.311745167592,0.9984688054493134,60.0
54825,2691.3124396120365,0.9978347358280933,60.0
54826,2691.313134056481,0.9988961279072733,60.0
54827,2691.3138285009254,0.9985844284971334,60.0
54828,2691.31452294537,0.9983239661757151,60.0
54829,2691.3152173898143,0.9984220705691634,60.0
54830,2691.3159118342587,0.9988488043623067,60.0
54831,2691.316606278703,0.9995438608141766,60.0
54832,2691.3173007231476,0.9984955965868266,60.0
54833,2691.317995167592,0.9986038043663701,60.0
54834,2691.3186896120365,0.9986768440804034,60.0
54835,2691.319384056481,0.999028945988055,60.0
54836,2691.3200785009253,0.9989838401584201,60.0
54837,2691.3207729453698,0.99754097978902,60.0
54838,2691.321467389814,0.9972199740894266,60.0
54839,2691.3221618342586,0.9977261467909834,60.0
54840,2691.322856278703,0.998800715052935,60.0
54841,2691.3235507231475,0.9986810795360134,60.0
54842,2691.324245167592,0.9991381744003432,60.0
54843,2691.3249396120364,0.9980531229833299,60.0
54844,2691.325634056481,0.9989158641610233,60.0
54845,2691.3263285009257,0.9984802629978633,60.0
54846,2691.32702294537,0.9985414586683,60.0
54847,2691.3277173898146,0.9978731316027867,60.0
54848,2691.328411834259,0.99895821547039,60.0
54849,2691.3291062787034,0.9986419973179234,60.0
54850,2691.329800723148,0.9990111774509667,60.0
54851,2691.3304951675923,0.9981861149847466,60.0
54852,2691.3311896120367,0.9981360276448233,60.0
54853,2691.331884056481,0.998819253352145,60.0
54854,2691.3325785009256,0.9983404928056133,60.0
54855,2691.33327294537,0.99858697597362,60.0
54856,2691.3339673898145,0.9980790780713651,60.0
54857,2691.334661834259,0.9979014742347833,60.0
54858,2691.3353562787033,0.9978480575361233,60.0
54859,2691.3360507231478,0.99762980998708,60.0
54860,2691.336745167592,0.9980247347515165,60.0
54861,2691.3374396120366,0.99816363237906,60.0
54862,2691.338134056481,0.9995933742292668,60.0
54863,2691.3388285009255,0.9982910338003966,60.0
54864,2691.33952294537,0.9980254967481567,60.0
54865,2691.3402173898144,0.9990956741871934,60.0
54866,2691.340911834259,0.9974961255813133,60.0
54867,2691.3416062787032,0.9984392017427632,60.0
54868,2691.3423007231477,0.9995489105302099,60.0
54869,2691.342995167592,0.998386875386145,60.0
54870,2691.3436896120365,0.9982841870127501,60.0
54871,2691.344384056481,0.9984503939989301,60.0
54872,2691.3450785009254,0.9976092780504934,60.0
54873,2691.34577294537,0.9985665204099466,60.0
54874,2691.3464673898143,0.9974126134480766,60.0
54875,2691.3471618342587,0.9982035584930466,60.0
54876,2691.347856278703,0.99735863224149,60.0
54877,2691.3485507231476,0.9969418997830634,60.0
54878,2691.349245167592,0.9984435512255301,60.0
54879,2691.3499396120365,0.9981773850100567,60.0
54880,2691.350634056481,0.9987992439506668,60.0
54881,2691.3513285009253,0.9979644478760766,60.0
54882,2691.3520229453698,0.9982715363314832,60.0
54883,2691.352717389814,0.99920998886927,60.0
54884,2691.3534118342586,0.9986294744053733,60.0
54885,2691.354106278703,0.997367299215935,60.0
54886,2691.3548007231475,0.9981331822784433,60.0
54887,2691.3554951675924,0.9983384768372533,60.0
54888,2691.356189612037,0.9986398203755833,60.0
54889,2691.3568840564812,0.9974973655287034,60.0
54890,2691.3575785009257,0.9982334299072168,60.0
54891,2691.35827294537,0.99922901529763,60.0
54892,2691.3589673898146,0.9988736609696299,60.0
54893,2691.359661834259,0.9975711188142432,60.0
54894,2691.3603562787034,0.9978617563767034,60.0
54895,2691.361050723148,0.9983565186176033,60.0
54896,2691.3617451675923,0.9986314311759568,60.0
54897,2691.3624396120367,0.9981376441793101,60.0
54898,2691.363134056481,0.9978990340323334,60.0
54899,2691.3638285009256,0.9988045605510966,60.0
54900,2691.36452294537,0.9980048757734367,60.0
54901,2691.3652173898145,0.997049577246915,60.0
54902,2691.365911834259,0.9969746622976734,60.0
54903,2691.3666062787033,0.99819740637962,60.0
54904,2691.3673007231478,0.9976360911628833,60.0
54905,2691.367995167592,0.9979637882178366,60.0
54906,2691.3686896120366,0.99830673643121,60.0
54907,2691.369384056481,0.9980377923319234,60.0
54908,2691.3700785009255,0.9979794293248133,60.0
54909,2691.37077294537,0.9982568020073567,60.0
54910,2691.3714673898144,0.9978819003286401,60.0
54911,2691.372161834259,0.9981595029082033,60.0
54912,2691.3728562787032,0.9983351876044501,60.0
54913,2691.3735507231477,0.9981863803675567,60.0
54914,2691.374245167592,0.99860057347506,60.0
54915,2691.3749396120365,0.99716955925174,60.0
54916,2691.375634056481,0.99766889635816,60.0
54917,2691.3763285009254,0.9981006361507833,60.0
54918,2691.37702294537,0.9976244094466667,60.0
54919,2691.3777173898143,0.99767790520342,60.0
54920,2691.3784118342587,0.9984236961497067,60.0
54921,2691.379106278703,0.9983130112688366,60.0
54922,2691.3798007231476,0.9978225377934399,60.0
54923,2691.380495167592,0.99719327654473,60.0
54924,2691.3811896120365,0.99757873862947,60.0
54925,2691.381884056481,0.99707014198564,60.0
54926,2691.3825785009253,0.9976151116618633,60.0
54927,2691.3832729453698,0.9972505541960267,60.0
54928,2691.383967389814,0.99659983374344,60.0
54929,2691.3846618342586,0.9980174520320366,60.0
54930,2691.3853562787035,0.9976679784709601,60.0
54931,2691.386050723148,0.9975680408300099,60.0
54932,2691.3867451675924,0.9974414700954767,60.0
54933,2691.387439612037,0.99772037505528,60.0
54934,2691.3881340564812,0.9973862707952866,60.0
54935,2691.3888285009257,0.9988180314351599,60.0
54936,2691.38952294537,0.99691400931013,60.0
54937,2691.3902173898146,0.99781325087447,60.0
54938,2691.390911834259,0.9986514539794867,60.0
54939,2691.3916062787034,0.9971434484828401,60.0
54940,2691.392300723148,0.9974421589079534,60.0
54941,2691.3929951675923,0.9976953579953866,60.0
54942,2691.3936896120367,0.9968056244216533,60.0
54943,2691.394384056481,0.9979805394940899,60.0
54944,2691.3950785009256,0.9968821662628833,60.0
54945,2691.39577294537,0.9977669086966233,60.0
54946,2691.3964673898145,0.9968527471627433,60.0
54947,2691.397161834259,0.99755388015324,60.0
54948,2691.3978562787033,0.9971690657855133,60.0
54949,2691.3985507231478,0.997513515377325,60.0
54950,2691.399245167592,0.9976307513600434,60.0
54951,2691.3999396120366,0.9972817864959568,60.0
54952,2691.400634056481,0.9981086122978233,60.0
54953,2691.4013285009255,0.997845561604625,60.0
54954,2691.40202294537,0.99819083676981,60.0
54955,2691.4027173898144,0.9967714274180334,60.0
54956,2691.403411834259,0.99712001025051,60.0
54957,2691.4041062787032,0.9970911030965667,60.0
54958,2691.4048007231477,0.9981750185605499,60.0
54959,2691.405495167592,0.99750461313142,60.0
54960,2691.4061896120365,0.9967098197622833,60.0
54961,2691.406884056481,0.9978895821308766,60.0
54962,2691.4075785009254,0.9970433573658933,60.0
54963,2691.40827294537,0.997531453626905,60.0
54964,2691.4089673898143,0.99748464891761,60.0
54965,2691.4096618342587,0.9972056136563067,60.0
54966,2691.410356278703,0.9974750354083133,60.0
54967,2691.4110507231476,0.9968037076849168,60.0
54968,2691.411745167592,0.9967193391807233,60.0
54969,2691.4124396120365,0.9970633478607768,60.0
54970,2691.413134056481,0.9967330924149967,60.0
54971,2691.4138285009253,0.9978727978617167,60.0
54972,2691.4145229453698,0.9970034934603166,60.0
54973,2691.4152173898146,0.9972436469991233,60.0
54974,2691.415911834259,0.9968396646493467,60.0
54975,2691.4166062787035,0.99739278772255,60.0
54976,2691.417300723148,0.9961156215515334,60.0
54977,2691.4179951675924,0.99656289266072,60.0
54978,2691.418689612037,0.995519976341825,60.0
54979,2691.4193840564812,0.9976401809146234,60.0
54980,2691.4200785009257,0.99767443843157,60.0
54981,2691.42077294537,0.9974800000162034,60.0
54982,2691.4214673898146,0.9975720427507766,60.0
54983,2691.422161834259,0.9970410369400801,60.0
54984,2691.4228562787034,0.997532935590425,60.0
54985,2691.423550723148,0.99712441436421,60.0
54986,2691.4242451675923,0.9974792179207134,60.0
54987,2691.4249396120367,0.9979471806775767,60.0
54988,2691.425634056481,0.997822004304605,60.0
54989,2691.4263285009256,0.9985153623592566,60.0
54990,2691.42702294537,0.9978571755499134,60.0
54991,2691.4277173898145,0.9971458643484633,60.0
54992,2691.428411834259,0.9974269857060266,60.0
54993,2691.4291062787033,0.9974988326436968,60.0
54994,2691.4298007231478,0.9966978004274449,60.0
54995,2691.430495167592,0.9966275558916099,60.0
54996,2691.4311896120366,0.9970882693827466,60.0
54997,2691.431884056481,0.9974765935137399,60.0
54998,2691.4325785009255,0.9973506304030068,60.0
54999,2691.43327294537,0.9983240965834433,60.0
55000,2691.4339673898144,0.9977546155436,60.0
55001,2691.434661834259,0.9972004233808432,60.0
55002,2691.4353562787032,0.9971171260738366,60.0
55003,2691.4360507231477,0.9962183427497967,60.0
55004,2691.436745167592,0.9972554544527066,60.0
55005,2691.4374396120365,0.9977720851315066,60.0
55006,2691.438134056481,0.9972796024989566,60.0
55007,2691.4388285009254,0.99841824301686,60.0
55008,2691.43952294537,0.9969404380757734,60.0
55009,2691.4402173898143,0.9961715850128066,60.0
55010,2691.4409118342587,0.9973133014325567,60.0
55011,2691.441606278703,0.99774290854662,60.0
55012,2691.4423007231476,0.9965163205704334,60.0
55013,2691.442995167592,0.99729117747956,60.0
55014,2691.4436896120365,0.9972861607872967,60.0
55015,2691.4443840564813,0.9967755760651634,60.0
55016,2691.445078500926,0.9972048361417535,60.0
55017,2691.44577294537,0.99685765385849,60.0
55018,2691.4464673898146,0.9962435801544951,60.0
55019,2691.447161834259,0.99635104171444,60.0
55020,2691.4478562787035,0.9968149933943534,60.0
55021,2691.448550723148,0.9967368584887351,60.0
55022,2691.4492451675924,0.9970256906564233,60.0
55023,2691.449939612037,0.99696455962493,60.0
55024,2691.4506340564812,0.9966698134260833,60.0
55025,2691.4513285009257,0.9960194667789434,60.0
55026,2691.45202294537,0.9979638974389634,60.0
55027,2691.4527173898146,0.9970749078524467,60.0
55028,2691.453411834259,0.99667781995889,60.0
55029,2691.4541062787034,0.9974674567681333,60.0
55030,2691.454800723148,0.9971478816577467,60.0
55031,2691.4554951675923,0.996656819781505,60.0
55032,2691.4561896120367,0.996547082063,60.0
55033,2691.456884056481,0.9966638155306033,60.0
55034,2691.4575785009256,0.9975838855009966,60.0
55035,2691.45827294537,0.9968251369904251,60.0
55036,2691.4589673898145,0.9959698532731833,60.0
55037,2691.459661834259,0.99740096038945,60.0
55038,2691.4603562787033,0.9966224659749999,60.0
55039,2691.4610507231478,0.9964675182555033,60.0
55040,2691.461745167592,0.9976086492014167,60.0
55041,2691.4624396120366,0.99783339162405,60.0
55042,2691.463134056481,0.99721671103927,60.0
55043,2691.4638285009255,0.9967417415766567,60.0
55044,2691.46452294537,0.99645613499439,60.0
55045,2691.4652173898144,0.9964280156854534,60.0
55046,2691.465911834259,0.99635780757766,60.0
55047,2691.4666062787032,0.9970130033085435,60.0
55048,2691.4673007231477,0.9967944419477299,60.0
55049,2691.467995167592,0.99623642563049,60.0
55050,2691.4686896120365,0.9970712583422833,60.0
55051,2691.469384056481,0.9960040514577401,60.0
55052,2691.4700785009254,0.9965549678645532,60.0
55053,2691.47077294537,0.9970929017523465,60.0
55054,2691.4714673898143,0.9959769652607067,60.0
55055,2691.4721618342587,0.9966762142246334,60.0
55056,2691.472856278703,0.99630017596609,60.0
55057,2691.4735507231476,0.99658559358826,60.0
55058,2691.4742451675925,0.9957612266210867,60.0
55059,2691.474939612037,0.995185575263765,60.0
55060,2691.4756340564813,0.9962996179847367,60.0
55061,2691.476328500926,0.9961186963071166,60.0
55062,2691.47702294537,0.9965999835068367,60.0
55063,2691.4777173898146,0.9959788467552667,60.0
55064,2691.478411834259,0.995930046492085,60.0
55065,2691.4791062787035,0.9961330146436533,60.0
55066,2691.479800723148,0.99623766705737,60.0
55067,2691.4804951675924,0.9966445994485632,60.0
55068,2691.481189612037,0.9973634384462433,60.0
55069,2691.4818840564812,0.9969641562813649,60.0
55070,2691.4825785009257,0.9961762577385134,60.0
55071,2691.48327294537,0.9958912733589367,60.0
55072,2691.4839673898146,0.99703473002346,60.0
55073,2691.484661834259,0.9958222256641932,60.0
55074,2691.4853562787034,0.9952742216217266,60.0
55075,2691.486050723148,0.996656664263695,60.0
55076,2691.4867451675923,0.9964753176018599,60.0
55077,2691.4874396120367,0.9962811507373166,60.0
55078,2691.488134056481,0.9967079361324367,60.0
55079,2691.4888285009256,0.9958644765822567,60.0
55080,2691.48952294537,0.99734123482189,60.0
55081,2691.4902173898145,0.9958883909984467,60.0
55082,2691.490911834259,0.9964468270857166,60.0
55083,2691.4916062787033,0.9960530928608401,60.0
55084,2691.4923007231478,0.9965053902919833,60.0
55085,2691.492995167592,0.99603046692881,60.0
55086,2691.4936896120366,0.9955716813320333,60.0
55087,2691.494384056481,0.99646565501035,60.0
55088,2691.4950785009255,0.9962802604477,60.0
55089,2691.49577294537,0.9949896436282367,60.0
55090,2691.4964673898144,0.9964290622524433,60.0
55091,2691.497161834259,0.9953057957503499,60.0
55092,2691.4978562787032,0.9965368514084533,60.0
55093,2691.4985507231477,0.9963287601744234,60.0
55094,2691.499245167592,0.9964770359210533,60.0
55095,2691.4999396120365,0.9954707955312433,60.0
55096,2691.500634056481,0.9964889990165967,60.0
55097,2691.5013285009254,0.99647628748644,60.0
55098,2691.50202294537,0.9960198719377367,60.0
55099,2691.5027173898143,0.996876345272105,60.0
55100,2691.5034118342587,0.9954219433351367,60.0
55101,2691.5041062787036,0.9960513465255166,60.0
55102,2691.504800723148,0.9966754267943534,60.0
55103,2691.5054951675925,0.9959917805466533,60.0
55104,2691.506189612037,0.9963145505554767,60.0
55105,2691.5068840564813,0.9966302448006134,60.0
55106,2691.507578500926,0.99645055478141,60.0
55107,2691.50827294537,0.9958053694178401,60.0
55108,2691.5089673898146,0.99710978954288,60.0
55109,2691.509661834259,0.9947027126355,60.0
55110,2691.5103562787035,0.9965225614894733,60.0
55111,2691.511050723148,0.9959360475275766,60.0
55112,2691.5117451675924,0.99649596814196,60.0
55113,2691.512439612037,0.99523574419127,60.0
55114,2691.5131340564812,0.9952216955558767,60.0
55115,2691.5138285009257,0.9961392996934366,60.0
55116,2691.51452294537,0.99571986344503,60.0
55117,3395.4895229368512,0.9702288083179851,60.0
55118,3395.4902173812957,0.9699825870689334,60.0
55119,3395.49091182574,0.9700524036972699,60.0
55120,3395.4916062701845,0.9701084451921002,60.0
55121,3395.492300714629,0.97102314311078,60.0
55122,3395.4929951590734,0.9695775396116133,60.0
55123,3395.493689603518,0.9700802417225467,60.0
55124,3395.4943840479623,0.97078961825062,60.0
55125,3395.4950784924067,0.9706571645429,60.0
55126,3395.495772936851,0.9701718152428733,60.0
55127,3395.4964673812956,0.9707810020350234,60.0
55128,3395.49716182574,0.9706593934640365,60.0
55129,3395.4978562701845,0.9706886949625133,60.0
55130,3395.498550714629,0.9708335577939667,60.0
55131,3395.4992451590733,0.9720205289650966,60.0
55132,3395.4999396035178,0.9702440079225901,60.0
55133,3395.500634047962,0.9707653033121567,60.0
55134,3395.5013284924066,0.9704193708837733,60.0
55135,3395.502022936851,0.9702690023001432,60.0
55136,3395.5027173812955,0.9699287383546501,60.0
55137,3395.50341182574,0.9707403995650034,60.0
55138,3395.5041062701844,0.9699430896259668,60.0
55139,3395.504800714629,0.9706047737448533,60.0
55140,3395.5054951590732,0.9705847100593701,60.0
55141,3395.5061896035177,0.9704920675933867,60.0
55142,3395.506884047962,0.97048872308067,60.0
55143,3395.5075784924065,0.96937012187335,60.0
55144,3395.508272936851,0.9711605468133268,60.0
55145,3395.5089673812954,0.9703796086327934,60.0
55146,3395.50966182574,0.9708088544527701,60.0
55147,3395.5103562701843,0.97129743499937,60.0
55148,3395.5110507146287,0.9709918529968767,60.0
55149,3395.511745159073,0.9700297962125767,60.0
55150,3395.5124396035176,0.9692098373491334,60.0
55151,3395.513134047962,0.9709084811030401,60.0
55152,3395.5138284924064,0.9705229065437667,60.0
55153,3395.514522936851,0.9703485226225667,60.0
55154,3395.5152173812953,0.9696126029032633,60.0
55155,3395.5159118257397,0.971387058864145,60.0
55156,3395.516606270184,0.9710251430547633,60.0
55157,3395.5173007146286,0.9704190990243733,60.0
55158,3395.517995159073,0.97104552531373,60.0
55159,3395.5186896035175,0.97077041635422,60.0
55160,3395.519384047962,0.9701263450113851,60.0
55161,3395.5200784924064,0.97046771183699,60.0
55162,3395.520772936851,0.97017045111521,60.0
55163,3395.521467381295,0.9702334939565851,60.0
55164,3395.5221618257397,0.9708294257238367,60.0
55165,3395.522856270184,0.9708153670821367,60.0
55166,3395.5235507146285,0.9701509499557667,60.0
55167,3395.524245159073,0.9705953053131933,60.0
55168,3395.5249396035174,0.9703625684857734,60.0
55169,3395.525634047962,0.97020155503921,60.0
55170,3395.5263284924063,0.9704851071887234,60.0
55171,3395.5270229368507,0.96997928255999,60.0
55172,3395.527717381295,0.97169435068523,60.0
55173,3395.5284118257396,0.97064933892887,60.0
55174,3395.529106270184,0.970227212896845,60.0
55175,3395.5298007146284,0.9702449578937365,60.0
55176,3395.530495159073,0.9698130822558201,60.0
55177,3395.5311896035173,0.9685400640718633,60.0
55178,3395.5318840479617,0.97041289889476,60.0
55179,3395.532578492406,0.9703954873813201,60.0
55180,3395.5332729368506,0.9712477020930467,60.0
55181,3395.533967381295,0.9706701353595166,60.0
55182,3395.5346618257395,0.9704885802637166,60.0
55183,3395.535356270184,0.9703193296501967,60.0
55184,3395.5360507146283,0.9692669452591366,60.0
55185,3395.536745159073,0.9707695491766,60.0
55186,3395.537439603517,0.9708783601239667,60.0
55187,3395.5381340479616,0.9702303585208134,60.0
55188,3395.538828492406,0.9705398595164266,60.0
55189,3395.5395229368505,0.9694686841159266,60.0
55190,3395.540217381295,0.9714706024146866,60.0
55191,3395.5409118257394,0.9695989818430534,60.0
55192,3395.541606270184,0.9700570499415168,60.0
55193,3395.5423007146283,0.9701768028241232,60.0
55194,3395.5429951590727,0.9701626193579732,60.0
55195,3395.543689603517,0.9707575482772967,60.0
55196,3395.5443840479616,0.97024732172472,60.0
55197,3395.545078492406,0.9700908117437966,60.0
55198,3395.5457729368504,0.97140656865043,60.0
55199,3395.546467381295,0.9697966301753866,60.0
55200,3395.5471618257393,0.9696109776560501,60.0
55201,3395.5478562701837,0.9698034986781433,60.0
55202,3395.548550714628,0.97061365174454,60.0
55203,3395.5492451590726,0.9704152737375433,60.0
55204,3395.549939603517,0.9707093833830868,60.0
55205,3395.5506340479615,0.97112046838703,60.0
55206,3395.551328492406,0.97052850385362,60.0
55207,3395.5520229368503,0.9695862655335,60.0
55208,3395.5527173812948,0.9706049092448866,60.0
55209,3395.553411825739,0.9699296468651001,60.0
55210,3395.5541062701836,0.9703628256065734,60.0
55211,3395.554800714628,0.9711971031473466,60.0
55212,3395.5554951590725,0.9713608729545933,60.0
55213,3395.556189603517,0.97058275735343,60.0
55214,3395.5568840479614,0.9694201914287034,60.0
55215,3395.557578492406,0.9697086647547,60.0
55216,3395.5582729368502,0.9701873026252467,60.0
55217,3395.5589673812947,0.97143814051832,60.0
55218,3395.559661825739,0.97123067932564,60.0
55219,3395.5603562701835,0.9696206656170934,60.0
55220,3395.561050714628,0.97132521802996,60.0
55221,3395.5617451590724,0.97049262242485,60.0
55222,3395.562439603517,0.9699619077665401,60.0
55223,3395.5631340479613,0.9706565396885366,60.0
55224,3395.5638284924057,0.9710662093698933,60.0
55225,3395.56452293685,0.9706257795723467,60.0
55226,3395.5652173812946,0.9703736388417866,60.0
55227,3395.565911825739,0.97077072088317,60.0
55228,3395.5666062701835,0.9707871448599166,60.0
55229,3395.567300714628,0.97087521051612,60.0
55230,3395.5679951590723,0.9710065580399899,60.0
55231,3395.5686896035168,0.9698813347133868,60.0
55232,3395.569384047961,0.9701225369685199,60.0
55233,3395.5700784924056,0.9713444197877399,60.0
55234,3395.57077293685,0.9707214529542666,60.0
55235,3395.5714673812945,0.9704835096640734,60.0
55236,3395.572161825739,0.97106217332044,60.0
55237,3395.5728562701834,0.9705264286431401,60.0
55238,3395.573550714628,0.9709631547157432,60.0
55239,3395.5742451590722,0.9703858202775151,60.0
55240,3395.5749396035167,0.9703385442602167,60.0
55241,3395.575634047961,0.9707641395668,60.0
55242,3395.5763284924055,0.9700160491372,60.0
55243,3395.57702293685,0.97113705686334,60.0
55244,3395.5777173812944,0.97033303791915,60.0
55245,3395.578411825739,0.97160840472028,60.0
55246,3395.5791062701833,0.97059655756043,60.0
55247,3395.5798007146277,0.9712841106009534,60.0
55248,3395.580495159072,0.9701662295623166,60.0
55249,3395.5811896035166,0.9711012097685167,60.0
55250,3395.581884047961,0.9705377335378901,60.0
55251,3395.5825784924054,0.9709530560208766,60.0
55252,3395.58327293685,0.97044798602115,60.0
55253,3395.5839673812943,0.9702909580544,60.0
55254,3395.5846618257387,0.9711265678380433,60.0
55255,3395.585356270183,0.9702856902357967,60.0
55256,3395.5860507146276,0.9711637200826267,60.0
55257,3395.586745159072,0.9704226720343266,60.0
55258,3395.5874396035165,0.9710012117710867,60.0
55259,3395.588134047961,0.9708332230196167,60.0
55260,3395.5888284924054,0.9708563836394867,60.0
55261,3395.58952293685,0.9717633764505633,60.0
55262,3395.590217381294,0.9707774915117001,60.0
55263,3395.5909118257387,0.9705972829869299,60.0
55264,3395.591606270183,0.9705826619924399,60.0
55265,3395.5923007146275,0.9705892096011733,60.0
55266,3395.592995159072,0.9708387576312633,60.0
55267,3395.5936896035164,0.97056062879045,60.0
55268,3395.594384047961,0.9695595975832768,60.0
55269,3395.5950784924053,0.9713254299115333,60.0
55270,3395.5957729368497,0.9711553229921467,60.0
55271,3395.596467381294,0.9711249058100533,60.0
55272,3395.5971618257386,0.9704097586541134,60.0
55273,3395.597856270183,0.9707324865591033,60.0
55274,3395.5985507146274,0.9701922016520266,60.0
55275,3395.599245159072,0.9703105174744433,60.0
55276,3395.5999396035163,0.9716236245867534,60.0
55277,3395.6006340479607,0.9707537950933233,60.0
55278,3395.601328492405,0.97033153599472,60.0
55279,3395.6020229368496,0.9705270775711233,60.0
55280,3395.602717381294,0.9707187494893833,60.0
55281,3395.6034118257385,0.9710399507375733,60.0
55282,3395.604106270183,0.9706832536894267,60.0
55283,3395.6048007146273,0.9715160641503999,60.0
55284,3395.605495159072,0.9717885515938832,60.0
55285,3395.606189603516,0.9704154617342833,60.0
55286,3395.6068840479606,0.9703308755217267,60.0
55287,3395.607578492405,0.9709479087992533,60.0
55288,3395.6082729368495,0.97053029132725,60.0
55289,3395.608967381294,0.9703801449191932,60.0
55290,3395.6096618257384,0.9706508226417702,60.0
55291,3395.610356270183,0.97045680094358,60.0
55292,3395.6110507146273,0.9705074402032534,60.0
55293,3395.6117451590717,0.972270102554635,60.0
55294,3395.612439603516,0.9709495758486367,60.0
55295,3395.6131340479606,0.97094257375079,60.0
55296,3395.613828492405,0.9711269538425432,60.0
55297,3395.6145229368494,0.96986029408228,60.0
55298,3395.615217381294,0.9703030858752267,60.0
55299,3395.6159118257383,0.9711847877389533,60.0
55300,3395.6166062701827,0.9703024642566533,60.0
55301,3395.617300714627,0.9705835771060101,60.0
55302,3395.6179951590716,0.9714714433414801,60.0
55303,3395.618689603516,0.97147325271821,60.0
55304,3395.6193840479605,0.9711783775253067,60.0
55305,3395.620078492405,0.9702108880488001,60.0
55306,3395.6207729368493,0.9709135690634101,60.0
55307,3395.6214673812938,0.9702339025888232,60.0
55308,3395.622161825738,0.9715322607748466,60.0
55309,3395.6228562701826,0.9707984869799833,60.0
55310,3395.623550714627,0.9708078196855467,60.0
55311,3395.6242451590715,0.9699899971516933,60.0
55312,3395.624939603516,0.9709018781226533,60.0
55313,3395.6256340479604,0.9700466797718966,60.0
55314,3395.626328492405,0.9703623651741365,60.0
55315,3395.6270229368492,0.9704746873391566,60.0
55316,3395.6277173812937,0.9716064417289499,60.0
55317,3395.628411825738,0.9715831172645935,60.0
55318,3395.6291062701825,0.9711222365465634,60.0
55319,3395.629800714627,0.9713874296204533,60.0
55320,3395.6304951590714,0.9702063313113799,60.0
55321,3395.631189603516,0.9706533687200868,60.0
55322,3395.6318840479603,0.97108952284194,60.0
55323,3395.6325784924047,0.9711333688149,60.0
55324,3395.633272936849,0.97079148464513,60.0
55325,3395.6339673812936,0.9708069843554866,60.0
55326,3395.634661825738,0.971513029271275,60.0
55327,3395.6353562701825,0.9703852402934667,60.0
55328,3395.636050714627,0.9710197361917968,60.0
55329,3395.6367451590713,0.97088916723647,60.0
55330,3395.6374396035158,0.9707844334882667,60.0
55331,3395.63813404796,0.97091698040592,60.0
55332,3395.6388284924046,0.9705609002838266,60.0
55333,3395.639522936849,0.96997283034506,60.0
55334,3395.6402173812935,0.9709254006306667,60.0
55335,3395.640911825738,0.9703614843846368,60.0
55336,3395.6416062701824,0.9704421151601833,60.0
55337,3395.642300714627,0.9705497701377768,60.0
55338,3395.6429951590712,0.9708579703812567,60.0
55339,3395.6436896035157,0.9713462845805666,60.0
55340,3395.64438404796,0.9706378723907635,60.0
55341,3395.6450784924045,0.97077630805647,60.0
55342,3395.645772936849,0.9706476110364334,60.0
55343,3395.6464673812934,0.9700546818275534,60.0
55344,3395.647161825738,0.9702150354355967,60.0
55345,3395.6478562701823,0.9710243337757833,60.0
55346,3395.6485507146267,0.9707406447984966,60.0
55347,3395.649245159071,0.97130781191346,60.0
55348,3395.6499396035156,0.9722976952568367,60.0
55349,3395.65063404796,0.97179131047046,60.0
55350,3395.6513284924044,0.9713074481196533,60.0
55351,3395.652022936849,0.9707983890903633,60.0
55352,3395.6527173812933,0.9713681347471198,60.0
55353,3395.6534118257377,0.97132592007102,60.0
55354,3395.654106270182,0.97068876296397,60.0
55355,3395.6548007146266,0.9710701939428067,60.0
55356,3395.655495159071,0.9712934939145933,60.0
55357,3395.6561896035155,0.9721428809765035,60.0
55358,3395.65688404796,0.9702887213513534,60.0
55359,3395.6575784924044,0.9708306534509566,60.0
55360,3395.658272936849,0.9715850347988634,60.0
55361,3395.658967381293,0.971409753215775,60.0
55362,3395.6596618257377,0.9711247052845451,60.0
55363,3395.660356270182,0.9710563946174,60.0
55364,3395.6610507146265,0.9716867768057234,60.0
55365,3395.661745159071,0.9712302198824067,60.0
55366,3395.6624396035154,0.9703806182677267,60.0
55367,3395.66313404796,0.971829260246605,60.0
55368,3395.6638284924043,0.97064621658219,60.0
55369,3395.6645229368487,0.9693829605886867,60.0
55370,3395.665217381293,0.9711643302413698,60.0
55371,3395.6659118257376,0.9705027797678101,60.0
55372,3395.666606270182,0.9710743586308533,60.0
55373,3395.6673007146264,0.9708621002519333,60.0
55374,3395.667995159071,0.9704150689484834,60.0
55375,3395.6686896035153,0.970240119126965,60.0
55376,3395.6693840479597,0.9713509518530833,60.0
55377,3395.670078492404,0.9716150203919266,60.0
55378,3395.6707729368486,0.97087437078654,60.0
55379,3395.671467381293,0.97018641190921,60.0
55380,3395.6721618257375,0.9724489067861101,60.0
55381,3395.672856270182,0.9708585880177766,60.0
55382,3395.6735507146263,0.97082429750203,60.0
55383,3395.674245159071,0.97121789290327,60.0
55384,3395.674939603515,0.9708498578295366,60.0
55385,3395.6756340479596,0.9713867547192034,60.0
55386,3395.676328492404,0.9708220109934699,60.0
55387,3395.6770229368485,0.9717659062162266,60.0
55388,3395.677717381293,0.9703082371001867,60.0
55389,3395.6784118257374,0.9718001337337866,60.0
55390,3395.679106270182,0.9706764927463949,60.0
55391,3395.6798007146263,0.9720178117417467,60.0
55392,3395.6804951590707,0.9707721188086967,60.0
55393,3395.681189603515,0.9701657243987535,60.0
55394,3395.6818840479596,0.9713181056363167,60.0
55395,3395.682578492404,0.97169076403825,60.0
55396,3395.6832729368484,0.9711934002487866,60.0
55397,3395.683967381293,0.9711485502771401,60.0
55398,3395.6846618257373,0.9710920586568834,60.0
55399,3395.6853562701817,0.9711771726857467,60.0
55400,3395.686050714626,0.97093069253855,60.0
55401,3395.6867451590706,0.9715228368897834,60.0
55402,3395.687439603515,0.9706228828715333,60.0
55403,3395.6881340479595,0.9713757870551066,60.0
55404,3395.688828492404,0.9707638361622299,60.0
55405,3395.6895229368483,0.9703098803895034,60.0
55406,3395.6902173812928,0.97205123810336,60.0
55407,3395.690911825737,0.9707313664871767,60.0
55408,3395.6916062701816,0.97180284610278,60.0
55409,3395.692300714626,0.9712601920244434,60.0
55410,3395.6929951590705,0.9707359737022833,60.0
55411,3395.693689603515,0.97112331431871,60.0
55412,3395.6943840479594,0.97079375502269,60.0
55413,3395.695078492404,0.9713378013999266,60.0
55414,3395.6957729368482,0.9713576422123333,60.0
55415,3395.6964673812927,0.9722023487485233,60.0
55416,3395.697161825737,0.9711324003502266,60.0
55417,3395.6978562701815,0.9713822419749999,60.0
55418,3395.698550714626,0.971014859047715,60.0
55419,3395.6992451590704,0.9709212069426966,60.0
55420,3395.699939603515,0.9720439771249866,60.0
55421,3395.7006340479593,0.9707220531309,60.0
55422,3395.7013284924037,0.97031812470914,60.0
55423,3395.702022936848,0.9708985872617499,60.0
55424,3395.7027173812926,0.9718672210154433,60.0
55425,3395.703411825737,0.9712427872977667,60.0
55426,3395.7041062701815,0.9714537174921967,60.0
55427,3395.704800714626,0.970837530696085,60.0
55428,3395.7054951590703,0.9719581074130367,60.0
55429,3395.7061896035148,0.9713782363644067,60.0
55430,3395.706884047959,0.9702756142004566,60.0
55431,3395.7075784924036,0.9708772082050899,60.0
55432,3395.708272936848,0.9715211385249299,60.0
55433,3395.7089673812925,0.97135250123983,60.0
55434,3395.709661825737,0.9705413017531633,60.0
55435,3395.7103562701814,0.9722936653638067,60.0
55436,3395.711050714626,0.9714908211574467,60.0
55437,3395.7117451590702,0.9714268757729366,60.0
55438,3395.7124396035147,0.9705731394861167,60.0
55439,3395.713134047959,0.9704947899851167,60.0
55440,3395.7138284924035,0.9706014433094633,60.0
55441,3395.714522936848,0.9711541529922133,60.0
55442,3395.7152173812924,0.9716610817927999,60.0
55443,3395.715911825737,0.970393280705605,60.0
55444,3395.7166062701813,0.9716585966149567,60.0
55445,3395.7173007146257,0.9712249668997668,60.0
55446,3395.71799515907,0.9713934710588666,60.0
55447,3395.7186896035146,0.9704773219821767,60.0
55448,3395.719384047959,0.9707500967632067,60.0
55449,3395.7200784924034,0.9714221815598133,60.0
55450,3395.720772936848,0.9703273228974835,60.0
55451,3395.7214673812923,0.9708474836898366,60.0
55452,3395.7221618257367,0.9713031102370151,60.0
55453,3395.722856270181,0.9703504295510733,60.0
55454,3395.7235507146256,0.97128554268078,60.0
55455,3395.72424515907,0.971027285735645,60.0
55456,3395.7249396035145,0.9705649544052767,60.0
55457,3395.725634047959,0.97085682845732,60.0
55458,3395.7263284924034,0.9716126185479167,60.0
55459,3395.727022936848,0.9721048765508801,60.0
55460,3395.727717381292,0.9712666075613267,60.0
55461,3395.7284118257367,0.9718419517045533,60.0
55462,3395.729106270181,0.9716846250049699,60.0
55463,3395.7298007146255,0.9709940313630566,60.0
55464,3395.73049515907,0.97114339841432,60.0
55465,3395.7311896035144,0.9706916597515001,60.0
55466,3395.731884047959,0.9713278073169267,60.0
55467,3395.7325784924033,0.9722601868735133,60.0
55468,3395.7332729368477,0.9710819378241834,60.0
55469,3395.733967381292,0.9717573938155466,60.0
55470,3395.7346618257366,0.97122907456995,60.0
55471,3395.735356270181,0.9707722929212667,60.0
55472,3395.7360507146254,0.9712117245376334,60.0
55473,3395.73674515907,0.9716465002743967,60.0
55474,3395.7374396035143,0.9714182005852399,60.0
55475,3395.7381340479587,0.9720945591500333,60.0
55476,3395.738828492403,0.9709344643019734,60.0
55477,3395.7395229368476,0.9708264564190433,60.0
55478,3395.740217381292,0.9711047090872965,60.0
55479,3395.7409118257365,0.9709685089081233,60.0
55480,3395.741606270181,0.9711297196983767,60.0
55481,3395.7423007146253,0.9713071088201833,60.0
55482,3395.74299515907,0.97137509641479,60.0
55483,3395.743689603514,0.97159066385602,60.0
55484,3395.7443840479586,0.97175732059902,60.0
55485,3395.745078492403,0.9721738485791166,60.0
55486,3395.7457729368475,0.9706175589911433,60.0
55487,3395.746467381292,0.9712227102351333,60.0
55488,3395.7471618257364,0.9716305628634366,60.0
55489,3395.747856270181,0.9712692256724633,60.0
55490,3395.7485507146253,0.9705836556671467,60.0
55491,3395.7492451590697,0.9714114586887034,60.0
55492,3395.749939603514,0.972231873494,60.0
55493,3395.7506340479586,0.9708905841847866,60.0
55494,3395.751328492403,0.9719580465924166,60.0
55495,3395.7520229368474,0.97244600642208,60.0
55496,3395.752717381292,0.9713723382975933,60.0
55497,3395.7534118257363,0.9721680662832534,60.0
55498,3395.7541062701807,0.9723183404280767,60.0
55499,3395.754800714625,0.9719073721453633,60.0
55500,3395.7554951590696,0.9718416699350599,60.0
55501,3395.756189603514,0.9707848286071067,60.0
55502,3395.7568840479585,0.9711643421366533,60.0
55503,3395.757578492403,0.9716329371901199,60.0
55504,3395.7582729368473,0.9712122851541767,60.0
55505,3395.7589673812918,0.9716278818099434,60.0
55506,3395.759661825736,0.9720386810859667,60.0
55507,3395.7603562701806,0.9727422130286266,60.0
55508,3395.761050714625,0.9722732442291967,60.0
55509,3395.7617451590695,0.9710056988679866,60.0
55510,3395.762439603514,0.9702156841814967,60.0
55511,3395.7631340479584,0.97168026509389,60.0
55512,3395.763828492403,0.9706600110681599,60.0
55513,3395.7645229368472,0.9708095226280368,60.0
55514,3395.7652173812917,0.9718370355646999,60.0
55515,3395.765911825736,0.9705006283469068,60.0
55516,3395.7666062701805,0.9709067349856166,60.0
55517,3395.767300714625,0.9709235837464699,60.0
55518,3395.7679951590694,0.97225201815825,60.0
55519,3395.768689603514,0.97214844214547,60.0
55520,3395.7693840479583,0.9721394801821267,60.0
55521,3395.7700784924027,0.97213273220915,60.0
55522,3395.770772936847,0.97114572044386,60.0
55523,3395.7714673812916,0.97193142659664,60.0
55524,3395.772161825736,0.9715176253839033,60.0
55525,3395.7728562701805,0.9716538010334267,60.0
55526,3395.773550714625,0.97075308957576,60.0
55527,3395.7742451590693,0.97092241525079,60.0
55528,3395.7749396035138,0.9719917389093967,60.0
55529,3395.775634047958,0.9715807174293333,60.0
55530,3395.7763284924026,0.9725284316452667,60.0
55531,3395.777022936847,0.9715892387395867,60.0
55532,3395.7777173812915,0.9722321115902733,60.0
55533,3395.778411825736,0.9722682578710833,60.0
55534,3395.7791062701804,0.9722329807893734,60.0
55535,3395.779800714625,0.97207100478348,60.0
55536,3395.7804951590692,0.9714912807789567,60.0
55537,3395.7811896035137,0.9719579583697534,60.0
55538,3395.781884047958,0.9721241063011267,60.0
55539,3395.7825784924025,0.9713763583921066,60.0
55540,3395.783272936847,0.97099707951769,60.0
55541,3395.7839673812914,0.97124847168273,60.0
55542,3395.784661825736,0.9715063575361967,60.0
55543,3395.7853562701803,0.9714425085721633,60.0
55544,3395.7860507146247,0.9712956260484367,60.0
55545,3395.786745159069,0.97103104227328,60.0
55546,3395.7874396035136,0.9715744275617401,60.0
55547,3395.788134047958,0.9719013602997201,60.0
55548,3395.7888284924024,0.9728122145991701,60.0
55549,3395.789522936847,0.97203857166066,60.0
55550,3395.7902173812913,0.9710505973337668,60.0
55551,3395.7909118257357,0.9705242684160066,60.0
55552,3395.79160627018,0.9717144492646567,60.0
55553,3395.7923007146246,0.9716040126160633,60.0
55554,3395.792995159069,0.9710775373231799,60.0
55555,3395.7936896035135,0.9715737031271999,60.0
55556,3395.794384047958,0.9708262481775699,60.0
55557,3395.7950784924024,0.9720395611960834,60.0
55558,3395.795772936847,0.9709379041152033,60.0
55559,3395.796467381291,0.9716521942107866,60.0
55560,3395.7971618257357,0.9718903122531466,60.0
55561,3395.79785627018,0.97107589207345,60.0
55562,3395.7985507146245,0.9704880835986233,60.0
55563,3395.799245159069,0.9712146104186834,60.0
55564,3395.7999396035134,0.9729462483202701,60.0
55565,3395.800634047958,0.9715028815199167,60.0
55566,3395.8013284924023,0.9710093353658467,60.0
55567,3395.8020229368467,0.97213290546754,60.0
55568,3395.802717381291,0.9716816305629999,60.0
55569,3395.8034118257356,0.9715986656658799,60.0
55570,3395.80410627018,0.97135573181198,60.0
55571,3395.8048007146244,0.97288992401201,60.0
55572,3395.805495159069,0.9708831719163333,60.0
55573,3395.8061896035133,0.97131153172766,60.0
55574,3395.8068840479577,0.9716836286646933,60.0
55575,3395.807578492402,0.9718450152426333,60.0
55576,3395.8082729368466,0.9721735418372366,60.0
55577,3395.808967381291,0.970907748638785,60.0
55578,3395.8096618257355,0.9722916868774499,60.0
55579,3395.81035627018,0.9720798153892467,60.0
55580,3395.8110507146243,0.9715744198637198,60.0
55581,3395.811745159069,0.9718588693205633,60.0
55582,3395.812439603513,0.97189423041285,60.0
55583,3395.8131340479576,0.9713995941063267,60.0
55584,3395.813828492402,0.9712409858210466,60.0
55585,3395.8145229368465,0.9721056965926266,60.0
55586,3395.815217381291,0.9716418329406099,60.0
55587,3395.8159118257354,0.9715226389206499,60.0
55588,3395.81660627018,0.9715761452945967,60.0
55589,3395.8173007146243,0.97060203271707,60.0
55590,3395.8179951590687,0.9725699969364401,60.0
55591,3395.818689603513,0.97153891791505,60.0
55592,3395.8193840479576,0.9722010441206933,60.0
55593,3395.820078492402,0.97191924926731,60.0
55594,3395.8207729368464,0.9703936494833266,60.0
55595,3395.821467381291,0.9726404539848333,60.0
55596,3395.8221618257353,0.9719876453612567,60.0
55597,3395.8228562701797,0.9711527791442367,60.0
55598,3395.823550714624,0.9723731374998467,60.0
55599,3395.8242451590686,0.9721203659403633,60.0
55600,3395.824939603513,0.97152981412309,60.0
55601,3395.8256340479575,0.9718968943542032,60.0
55602,3395.826328492402,0.9718596555409099,60.0
55603,3395.8270229368463,0.97194186419323,60.0
55604,3395.8277173812908,0.9727051097181133,60.0
55605,3395.828411825735,0.9714970024464066,60.0
55606,3395.8291062701796,0.9722850940537033,60.0
55607,3395.829800714624,0.9721598004871134,60.0
55608,3395.8304951590685,0.9721182193939567,60.0
55609,3395.831189603513,0.9722317334874165,60.0
55610,3395.8318840479574,0.97147113353207,60.0
55611,3395.832578492402,0.97256644217055,60.0
55612,3395.8332729368462,0.97146233539271,60.0
55613,3395.8339673812907,0.9723093295276399,60.0
55614,3395.834661825735,0.9716652992530767,60.0
55615,3395.8353562701795,0.9729407609436533,60.0
55616,3395.836050714624,0.9709132525697233,60.0
55617,3395.8367451590684,0.9721038853214399,60.0
55618,3395.837439603513,0.9721439894567467,60.0
55619,3395.8381340479573,0.9714724014944799,60.0
55620,3395.8388284924017,0.9721170744133967,60.0
55621,3395.839522936846,0.9722601584125199,60.0
55622,3395.8402173812906,0.9718312220503801,60.0
55623,3395.840911825735,0.9725716459263266,60.0
55624,3395.8416062701795,0.97192210431277,60.0
55625,3395.842300714624,0.9722789314963167,60.0
55626,3395.8429951590683,0.9716155063633067,60.0
55627,3395.8436896035128,0.971914334260015,60.0
55628,3395.844384047957,0.97169425197897,60.0
55629,3395.8450784924016,0.9720093660077899,60.0
55630,3395.845772936846,0.97246879870762,60.0
55631,3395.8464673812905,0.972131600944795,60.0
55632,3395.847161825735,0.9724294966156166,60.0
55633,3395.8478562701794,0.97261803350726,60.0
55634,3395.848550714624,0.972359733502155,60.0
55635,3395.8492451590682,0.9717822004366533,60.0
55636,3395.8499396035127,0.97112647343699,60.0
55637,3395.850634047957,0.97152884649656,60.0
55638,3395.8513284924015,0.9709244080868035,60.0
55639,3395.852022936846,0.9722546686038833,60.0
55640,3395.8527173812904,0.9722849077330533,60.0
55641,3395.853411825735,0.9720938863652032,60.0
55642,3395.8541062701793,0.9722794991693666,60.0
55643,3395.8548007146237,0.97249331766157,60.0
55644,3395.855495159068,0.9713504741023734,60.0
55645,3395.8561896035126,0.9726677057115767,60.0
55646,3395.856884047957,0.9722810479217534,60.0
55647,3395.8575784924014,0.9715759961626768,60.0
55648,3395.858272936846,0.9717403807910666,60.0
55649,3395.8589673812903,0.9718407920158633,60.0
55650,3395.8596618257347,0.9721308454357699,60.0
55651,3395.860356270179,0.97190233848168,60.0
55652,3395.8610507146236,0.9720629049400368,60.0
55653,3395.861745159068,0.9714201144256666,60.0
55654,3395.8624396035125,0.97237865523112,60.0
55655,3395.863134047957,0.9720716988039233,60.0
55656,3395.8638284924014,0.9731526854646466,60.0
55657,3395.864522936846,0.9724223163177667,60.0
55658,3395.86521738129,0.9726126651967534,60.0
55659,3395.8659118257347,0.9717650758731667,60.0
55660,3395.866606270179,0.97159774494523,60.0
55661,3395.8673007146235,0.9727677993450334,60.0
55662,3395.867995159068,0.9729459539171401,60.0
55663,3395.8686896035124,0.97355391617331,60.0
55664,3395.869384047957,0.9720449752004033,60.0
55665,3395.8700784924013,0.9728973562432532,60.0
55666,3395.8707729368457,0.9726054578862634,60.0
55667,3395.87146738129,0.9723689537409567,60.0
55668,3395.8721618257346,0.97219805725816,60.0
55669,3395.872856270179,0.973144663984585,60.0
55670,3395.8735507146234,0.97259832249118,60.0
55671,3395.874245159068,0.97217781750727,60.0
55672,3395.8749396035123,0.9729836466956799,60.0
55673,3395.8756340479567,0.9720523601223667,60.0
55674,3395.876328492401,0.9731100064041467,60.0
55675,3395.8770229368456,0.9725783339681268,60.0
55676,3395.87771738129,0.972442730849955,60.0
55677,3395.8784118257345,0.9719748662149567,60.0
55678,3395.879106270179,0.9734808135772767,60.0
55679,3395.8798007146233,0.9723055761277201,60.0
55680,3395.880495159068,0.9716992703745634,60.0
55681,3395.881189603512,0.9729333191833766,60.0
55682,3395.8818840479566,0.9719368352944966,60.0
55683,3395.882578492401,0.9724531111423733,60.0
55684,3395.8832729368455,0.9716843751649668,60.0
55685,3395.88396738129,0.97211346367088,60.0
55686,3395.8846618257344,0.9717784767307234,60.0
55687,3395.885356270179,0.9720997452647598,60.0
55688,3395.8860507146233,0.9721896671091533,60.0
55689,3395.8867451590677,0.9718921091849699,60.0
55690,3395.887439603512,0.971523367972055,60.0
55691,3395.8881340479566,0.97209247678679,60.0
55692,3395.888828492401,0.9730125279867133,60.0
55693,3395.8895229368454,0.9721632856257334,60.0
55694,3395.89021738129,0.9732364213387333,60.0
55695,3395.8909118257343,0.9732871273519567,60.0
55696,3395.8916062701787,0.9722461641481001,60.0
55697,3395.892300714623,0.9718192546460567,60.0
55698,3395.8929951590676,0.9731139601731132,60.0
55699,3395.893689603512,0.9721499530050632,60.0
55700,3395.8943840479565,0.9718247197428665,60.0
55701,3395.895078492401,0.9733701651673966,60.0
55702,3395.8957729368453,0.9726986145772001,60.0
55703,3395.8964673812898,0.97211752942082,60.0
55704,3395.897161825734,0.9729649865580967,60.0
55705,3395.8978562701786,0.9718933901643666,60.0
55706,3395.898550714623,0.9723331618623866,60.0
55707,3395.8992451590675,0.9725324903163134,60.0
55708,3395.899939603512,0.9718009035337634,60.0
55709,3395.9006340479564,0.9727161066328033,60.0
55710,3395.901328492401,0.9718919428781501,60.0
55711,3395.9020229368452,0.9723038517171333,60.0
55712,3395.9027173812897,0.9732012107010334,60.0
55713,3395.903411825734,0.9733040098400566,60.0
55714,3395.9041062701785,0.9726045070653667,60.0
55715,3395.904800714623,0.9721615573946201,60.0
55716,3395.9054951590674,0.97302701302579,60.0
55717,3395.906189603512,0.9723679384917566,60.0
55718,3395.9068840479563,0.97178158146709,60.0
55719,3395.9075784924007,0.9715913778567135,60.0
55720,3395.908272936845,0.9735544596266967,60.0
55721,3395.9089673812896,0.9724215614178,60.0
55722,3395.909661825734,0.97248324234271,60.0
55723,3395.9103562701785,0.9725932844154901,60.0
55724,3395.911050714623,0.9717888277100633,60.0
55725,3395.9117451590673,0.9736855662529567,60.0
55726,3395.9124396035118,0.9722270029066035,60.0
55727,3395.913134047956,0.97194934481965,60.0
55728,3395.9138284924006,0.9716286292463333,60.0
55729,3395.914522936845,0.9727761875782965,60.0
55730,3395.9152173812895,0.9730748819120549,60.0
55731,3395.915911825734,0.97300474002956,60.0
55732,3395.9166062701784,0.9721988839623666,60.0
55733,3395.917300714623,0.9724462525741067,60.0
55734,3395.9179951590672,0.9732895242989801,60.0
55735,3395.9186896035117,0.9726898481760634,60.0
55736,3395.919384047956,0.9723725363150365,60.0
55737,3395.9200784924005,0.9720949633009432,60.0
55738,3395.920772936845,0.97167932976784,60.0
55739,3395.9214673812894,0.9728915174909901,60.0
55740,3395.922161825734,0.97187503220996,60.0
55741,3395.9228562701783,0.9718543435076267,60.0
55742,3395.9235507146227,0.9729080970273033,60.0
55743,3395.924245159067,0.972555591006405,60.0
55744,3395.9249396035116,0.9718584339318332,60.0
55745,3395.925634047956,0.9721490914421099,60.0
55746,3395.9263284924004,0.9727948987307267,60.0
55747,3395.927022936845,0.9727740541645934,60.0
55748,3395.9277173812893,0.9721426893321466,60.0
55749,3395.9284118257337,0.9724150547649201,60.0
55750,3395.929106270178,0.9718792257408633,60.0
55751,3395.9298007146226,0.9723856285858034,60.0
55752,3395.930495159067,0.9720076597673133,60.0
55753,3395.9311896035115,0.9730080976693932,60.0
55754,3395.931884047956,0.9724926251693066,60.0
55755,3395.9325784924004,0.9734308421682201,60.0
55756,3395.933272936845,0.9731899144945867,60.0
55757,3395.933967381289,0.9721660832342001,60.0
55758,3395.9346618257337,0.9723405569269034,60.0
55759,3395.935356270178,0.97267586006461,60.0
55760,3395.9360507146225,0.97227376528097,60.0
55761,3395.936745159067,0.9729520733546634,60.0
55762,3395.9374396035114,0.9726335018563601,60.0
55763,3395.938134047956,0.9717909879856234,60.0
55764,3395.9388284924003,0.9723299847563833,60.0
55765,3395.9395229368447,0.97331632542855,60.0
55766,3395.940217381289,0.9730828944232033,60.0
55767,3395.9409118257336,0.9724596330456801,60.0
55768,3395.941606270178,0.9728375322440167,60.0
55769,3395.9423007146224,0.97242862042448,60.0
55770,3395.942995159067,0.9722752778127667,60.0
55771,3395.9436896035113,0.9729710714388501,60.0
55772,3395.9443840479557,0.9728643133417533,60.0
55773,3395.9450784924,0.9726905026179734,60.0
55774,3395.9457729368446,0.9720714006265568,60.0
55775,3395.946467381289,0.9726519509542634,60.0
55776,3395.9471618257335,0.9727011540516667,60.0
55777,3395.947856270178,0.9725155360677933,60.0
55778,3395.9485507146223,0.9725214867991333,60.0
55779,3395.949245159067,0.9728087440338168,60.0
55780,3395.949939603511,0.9733535159477568,60.0
55781,3395.9506340479556,0.9726685709147933,60.0
55782,3395.9513284924,0.97266505682117,60.0
55783,3395.9520229368445,0.9738663292230001,60.0
55784,3395.952717381289,0.9727643755853234,60.0
55785,3395.9534118257334,0.97278821838831,60.0
55786,3395.954106270178,0.9736295288024168,60.0
55787,3395.9548007146223,0.9724599094003833,60.0
55788,3395.9554951590667,0.97250944793121,60.0
55789,3395.956189603511,0.97149994277765,60.0
55790,3395.9568840479556,0.9722016859877968,60.0
55791,3395.9575784924,0.9730059496701866,60.0
55792,3395.9582729368444,0.9725404950476667,60.0
55793,3395.958967381289,0.972901686856545,60.0
55794,3395.9596618257333,0.9729589358578767,60.0
55795,3395.9603562701777,0.973655843699085,60.0
55796,3395.961050714622,0.9722426854552234,60.0
55797,3395.9617451590666,0.9729473645583,60.0
55798,3395.962439603511,0.9727555894011433,60.0
55799,3395.9631340479555,0.97345089712096,60.0
55800,3395.9638284924,0.97253198491124,60.0
55801,3395.9645229368443,0.9730312310188634,60.0
55802,3395.9652173812888,0.9730584767045732,60.0
55803,3395.965911825733,0.97291021119443,60.0
55804,3395.9666062701776,0.9739310320562167,60.0
55805,3395.967300714622,0.9723040300791732,60.0
55806,3395.9679951590665,0.9730464950871932,60.0
55807,3395.968689603511,0.9726941226664367,60.0
55808,3395.9693840479554,0.9725605561234101,60.0
55809,3395.9700784924,0.9717044963031399,60.0
55810,3395.9707729368442,0.9724467133504734,60.0
55811,3395.9714673812887,0.97278521517216,60.0
55812,3395.972161825733,0.97275743829023,60.0
55813,3395.9728562701775,0.97263683655811,60.0
55814,3395.973550714622,0.9725214920288167,60.0
55815,3395.9742451590664,0.9734866633718867,60.0
55816,3395.974939603511,0.9721788740684533,60.0
55817,3395.9756340479553,0.9733674225730433,60.0
55818,3395.9763284923997,0.97305628140455,60.0
55819,3395.977022936844,0.97247089205708,60.0
55820,3395.9777173812886,0.9727928290494433,60.0
55821,3395.978411825733,0.97280265590494,60.0
55822,3395.9791062701775,0.9735664370256,60.0
55823,3395.979800714622,0.9735518364654334,60.0
55824,3395.9804951590663,0.9726458977189099,60.0
55825,3395.9811896035108,0.9731421570358499,60.0
55826,3395.981884047955,0.9729195554846434,60.0
55827,3395.9825784923996,0.9733532200646401,60.0
55828,3395.983272936844,0.9738574037890134,60.0
55829,3395.9839673812885,0.9722472370642034,60.0
55830,3395.984661825733,0.9727030398161333,60.0
55831,3395.9853562701774,0.9737788593269633,60.0
55832,3395.986050714622,0.9735527732944034,60.0
55833,3395.9867451590662,0.9733580581867134,60.0
55834,3395.9874396035107,0.9737588872823201,60.0
55835,3395.988134047955,0.9735388965253601,60.0
55836,3395.9888284923995,0.9730126295110267,60.0
55837,3395.989522936844,0.973101861935,60.0
55838,3395.9902173812884,0.9736385686812766,60.0
55839,3395.990911825733,0.9736778613397067,60.0
55840,3395.9916062701773,0.9727540609502833,60.0
55841,3395.9923007146217,0.9732272057195134,60.0
55842,3395.992995159066,0.9735037766371667,60.0
55843,3395.9936896035106,0.97287644338149,60.0
55844,3395.994384047955,0.9732341142649533,60.0
55845,3395.9950784923994,0.9725183012469333,60.0
55846,3395.995772936844,0.9729947313385101,60.0
55847,3395.9964673812883,0.9736817511542334,60.0
55848,3395.9971618257327,0.9730617543690467,60.0
55849,3395.997856270177,0.9729763681103233,60.0
55850,3395.9985507146216,0.9724918263231733,60.0
55851,3395.999245159066,0.9728164536462166,60.0
55852,3395.9999396035105,0.9731082834095499,60.0
55853,3396.000634047955,0.9738291390307633,60.0
55854,3396.0013284923994,0.9735482940980867,60.0
55855,3396.002022936844,0.97263552057567,60.0
55856,3396.002717381288,0.9732097685009601,60.0
55857,3396.0034118257327,0.97220149676656,60.0
55858,3396.004106270177,0.9731534528015033,60.0
55859,3396.0048007146215,0.9737866990920434,60.0
55860,3396.005495159066,0.9743610132790267,60.0
55861,3396.0061896035104,0.9733124091144968,60.0
55862,3396.006884047955,0.97290965945534,60.0
55863,3396.0075784923993,0.9735061457120899,60.0
55864,3396.0082729368437,0.9737107391640666,60.0
55865,3396.008967381288,0.9734220151701067,60.0
55866,3396.0096618257326,0.9746324269689634,60.0
55867,3396.010356270177,0.9733003775497168,60.0
55868,3396.0110507146214,0.9733823147978651,60.0
55869,3396.011745159066,0.9746422321150466,60.0
55870,3396.0124396035103,0.9732479381847101,60.0
55871,3396.0131340479547,0.9728382421943067,60.0
55872,3396.013828492399,0.9738311592952865,60.0
55873,3396.0145229368436,0.9738481917911334,60.0
55874,3396.015217381288,0.9738768730604868,60.0
55875,3396.0159118257325,0.972417761748605,60.0
55876,3396.016606270177,0.9735203926532466,60.0
55877,3396.0173007146213,0.9723457330624901,60.0
55878,3396.017995159066,0.9738214178202567,60.0
55879,3396.01868960351,0.9736628709495901,60.0
55880,3396.0193840479546,0.9734548029399434,60.0
55881,3396.020078492399,0.9736233038268366,60.0
55882,3396.0207729368435,0.9724840944342601,60.0
55883,3396.021467381288,0.9725452694002034,60.0
55884,3396.0221618257324,0.9731883151602101,60.0
55885,3396.022856270177,0.97286194983728,60.0
55886,3396.0235507146213,0.9737169682632434,60.0
55887,3396.0242451590657,0.973298243324905,60.0
55888,3396.02493960351,0.9733628105159701,60.0
55889,3396.0256340479546,0.9736427706275966,60.0
55890,3396.026328492399,0.97336090112343,60.0
55891,3396.0270229368434,0.9737773937854666,60.0
55892,3396.027717381288,0.97366590342201,60.0
55893,3396.0284118257323,0.9753684299011001,60.0
55894,3396.0291062701767,0.9729400353312934,60.0
55895,3396.029800714621,0.973407963754275,60.0
55896,3396.0304951590656,0.9725410394987734,60.0
55897,3396.03118960351,0.9729289030715066,60.0
55898,3396.0318840479545,0.972902247176705,60.0
55899,3396.032578492399,0.9732581724992201,60.0
55900,3396.0332729368433,0.9731311490127933,60.0
55901,3396.0339673812878,0.973648049621045,60.0
55902,3396.034661825732,0.9739607603793466,60.0
55903,3396.0353562701766,0.97346157559985,60.0
55904,3396.036050714621,0.9731771978020166,60.0
55905,3396.0367451590655,0.9741819730790366,60.0
55906,3396.03743960351,0.9735162177377467,60.0
55907,3396.0381340479544,0.9734305741304966,60.0
55908,3396.038828492399,0.9737326167965134,60.0
55909,3396.0395229368432,0.972862784125325,60.0
55910,3396.0402173812877,0.9728254462457001,60.0
55911,3396.040911825732,0.9735387625029667,60.0
55912,3396.0416062701765,0.9729344137496,60.0
55913,3396.042300714621,0.9735954423493967,60.0
55914,3396.0429951590654,0.9732933375779167,60.0
55915,3396.04368960351,0.9738688772746467,60.0
55916,3396.0443840479543,0.9727898987678599,60.0
55917,3396.0450784923987,0.9739409423929667,60.0
55918,3396.045772936843,0.9739033746081832,60.0
55919,3396.0464673812876,0.9742843425390734,60.0
55920,3396.047161825732,0.97294934223376,60.0
55921,3396.0478562701765,0.9738359847100834,60.0
55922,3396.048550714621,0.9729847706259532,60.0
55923,3396.0492451590653,0.97324443593975,60.0
55924,3396.0499396035098,0.9739152170395299,60.0
55925,3396.050634047954,0.97302533039004,60.0
55926,3396.0513284923986,0.9725910442975999,60.0
55927,3396.052022936843,0.9744293645177566,60.0
55928,3396.0527173812875,0.9741314167072334,60.0
55929,3396.053411825732,0.9743785873545433,60.0
55930,3396.0541062701764,0.9738769284909,60.0
55931,3396.054800714621,0.97327999194391,60.0
55932,3396.0554951590652,0.9734736656294333,60.0
55933,3396.0561896035097,0.9729090720315834,60.0
55934,3396.056884047954,0.9738128842028634,60.0
55935,3396.0575784923985,0.9729736653610468,60.0
55936,3396.058272936843,0.973182863531555,60.0
55937,3396.0589673812874,0.9741434721011534,60.0
55938,3396.059661825732,0.9745872244416632,60.0
55939,3396.0603562701763,0.9734389483358034,60.0
55940,3396.0610507146207,0.97340455642849,60.0
55941,3396.061745159065,0.97326073636509,60.0
55942,3396.0624396035096,0.9729035168169899,60.0
55943,3396.063134047954,0.9743670188517933,60.0
55944,3396.0638284923984,0.9738618466965466,60.0
55945,3396.064522936843,0.9734236846562566,60.0
55946,3396.0652173812873,0.9739440187685301,60.0
55947,3396.0659118257317,0.97400728086179,60.0
55948,3396.066606270176,0.97341459849484,60.0
55949,3396.0673007146206,0.9733715453064233,60.0
55950,3396.067995159065,0.9735213789879132,60.0
55951,3396.0686896035095,0.9741504218264067,60.0
55952,3396.069384047954,0.9727937389434533,60.0
55953,3396.0700784923984,0.9730093399050267,60.0
55954,3396.070772936843,0.9734084258775301,60.0
55955,3396.071467381287,0.9735385006123867,60.0
55956,3396.0721618257317,0.9738563327714066,60.0
55957,3396.072856270176,0.9737030726767867,60.0
55958,3396.0735507146205,0.9747090915078868,60.0
55959,3396.074245159065,0.9750806376013234,60.0
55960,3396.0749396035094,0.97464359716118,60.0
55961,3396.075634047954,0.9747694257684033,60.0
55962,3396.0763284923983,0.97313834866497,60.0
55963,3396.0770229368427,0.9744524265329467,60.0
55964,3396.077717381287,0.97393208796001,60.0
55965,3396.0784118257316,0.97368519407269,60.0
55966,3396.079106270176,0.9741247010405166,60.0
55967,3396.0798007146204,0.9742271065799399,60.0
55968,3396.080495159065,0.9735483861798366,60.0
55969,3396.0811896035093,0.9734917799695467,60.0
55970,3396.0818840479537,0.9730543470849433,60.0
55971,3396.082578492398,0.9736624029905467,60.0
55972,3396.0832729368426,0.9731869341448101,60.0
55973,3396.083967381287,0.9733723465874701,60.0
55974,3396.0846618257315,0.9736321263125801,60.0
55975,3396.085356270176,0.9733136227399067,60.0
55976,3396.0860507146203,0.9744808319176667,60.0
55977,3396.086745159065,0.9737617630235033,60.0
55978,3396.087439603509,0.9740302321489166,60.0
55979,3396.0881340479536,0.9745444702218867,60.0
55980,3396.088828492398,0.97363034692743,60.0
55981,3396.0895229368425,0.9740315749656867,60.0
55982,3396.090217381287,0.97426043592302,60.0
55983,3396.0909118257314,0.9729928736696967,60.0
55984,3396.091606270176,0.97402173186398,60.0
55985,3396.0923007146203,0.9739853821111466,60.0
55986,3396.0929951590647,0.972443133027225,60.0
55987,3396.093689603509,0.9739604963015166,60.0
55988,3396.0943840479536,0.9743196895441367,60.0
55989,3396.095078492398,0.9737119701725866,60.0
55990,3396.0957729368424,0.97396301768415,60.0
55991,3396.096467381287,0.9734459201175732,60.0
55992,3396.0971618257313,0.9747457074694568,60.0
55993,3396.0978562701757,0.9759980154161401,60.0
55994,3396.09855071462,0.9742963711430966,60.0
55995,3396.0992451590646,0.9730384874023468,60.0
55996,3396.099939603509,0.9744724916155733,60.0
55997,3396.1006340479535,0.97449631398158,60.0
55998,3396.101328492398,0.97425132254756,60.0
55999,3396.1020229368423,0.97428003544162,60.0
56000,3396.1027173812868,0.9734193205890566,60.0
56001,3396.103411825731,0.9741931512353533,60.0
56002,3396.1041062701756,0.9748674619878166,60.0
56003,3396.10480071462,0.9740867796213334,60.0
56004,3396.1054951590645,0.97370285905797,60.0
56005,3396.106189603509,0.9743636929409433,60.0
56006,3396.1068840479534,0.9748719655687267,60.0
56007,3396.107578492398,0.9735263781234066,60.0
56008,3396.1082729368422,0.9741717042925667,60.0
56009,3396.1089673812867,0.9741920809581801,60.0
56010,3396.109661825731,0.97394885149172,60.0
56011,3396.1103562701755,0.9749019677032399,60.0
56012,3396.11105071462,0.97420451384159,60.0
56013,3396.1117451590644,0.9735451733506467,60.0
56014,3396.112439603509,0.9755169974489167,60.0
56015,3396.1131340479533,0.9750337368540399,60.0
56016,3396.1138284923977,0.97454697216835,60.0
56017,3396.114522936842,0.9743043780573767,60.0
56018,3396.1152173812866,0.9745806430250633,60.0
56019,3396.115911825731,0.9745294114426234,60.0
56020,3396.1166062701755,0.9752505365611133,60.0
56021,3396.11730071462,0.9746699140551,60.0
56022,3396.1179951590643,0.97441709911542,60.0
56023,3396.1186896035088,0.9739713361235866,60.0
56024,3396.119384047953,0.9748326965144499,60.0
56025,3396.1200784923976,0.9741078407282032,60.0
56026,3396.120772936842,0.9736650674233767,60.0
56027,3396.1214673812865,0.9742003992445234,60.0
56028,3396.122161825731,0.97459925606858,60.0
56029,3396.1228562701754,0.9734409161156866,60.0
56030,3396.12355071462,0.9748219598620066,60.0
56031,3396.1242451590642,0.9726955081670567,60.0
56032,3396.1249396035087,0.9746060992476634,60.0
56033,3396.125634047953,0.9745300754774567,60.0
56034,3396.1263284923975,0.9744890570631233,60.0
56035,3396.127022936842,0.9750927115272834,60.0
56036,3396.1277173812864,0.97438159862891,60.0
56037,3396.128411825731,0.9747092161312567,60.0
56038,3396.1291062701753,0.9748081704123267,60.0
56039,3396.1298007146197,0.97503545272152,60.0
56040,3396.130495159064,0.9748133160528832,60.0
56041,3396.1311896035086,0.9744626572781733,60.0
56042,3396.131884047953,0.9742533705639866,60.0
56043,3396.1325784923974,0.9745161354793667,60.0
56044,3396.133272936842,0.9736226080804666,60.0
56045,3396.1339673812863,0.97444955360241,60.0
56046,3396.1346618257307,0.9742871540085968,60.0
56047,3396.135356270175,0.9744464116982733,60.0
56048,3396.1360507146196,0.9735726376713366,60.0
56049,3396.136745159064,0.9739486937550934,60.0
56050,3396.1374396035085,0.9749504575294466,60.0
56051,3396.138134047953,0.9734864128480734,60.0
56052,3396.1388284923974,0.9740233817193733,60.0
56053,3396.139522936842,0.9747495361422768,60.0
56054,3396.140217381286,0.9747194542851334,60.0
56055,3396.1409118257307,0.9744325384671834,60.0
56056,3396.141606270175,0.9746089731589965,60.0
56057,3396.1423007146195,0.9744595670552666,60.0
56058,3396.142995159064,0.97459954870967,60.0
56059,3396.1436896035084,0.9748409786755934,60.0
56060,3396.144384047953,0.9746316181403599,60.0
56061,3396.1450784923973,0.9732667061354933,60.0
56062,3396.1457729368417,0.9747161390118767,60.0
56063,3396.146467381286,0.9747002168520433,60.0
56064,3396.1471618257306,0.9750596679348801,60.0
56065,3396.147856270175,0.9742148131354766,60.0
56066,3396.1485507146194,0.9737321285226,60.0
56067,3396.149245159064,0.9735923025801566,60.0
56068,3396.1499396035083,0.97535165443805,60.0
56069,3396.1506340479527,0.97313879833015,60.0
56070,3396.151328492397,0.9741123280903233,60.0
56071,3396.1520229368416,0.9751905675032533,60.0
56072,3396.152717381286,0.97498193285795,60.0
56073,3396.1534118257305,0.9752585109571034,60.0
56074,3396.154106270175,0.9741410542978199,60.0
56075,3396.1548007146193,0.9744689012522033,60.0
56076,3396.155495159064,0.9748883536234666,60.0
56077,3396.156189603508,0.97463794059125,60.0
56078,3396.1568840479526,0.9744958817435867,60.0
56079,3396.157578492397,0.9753030406628266,60.0
56080,3396.1582729368415,0.9742874130584868,60.0
56081,3396.158967381286,0.9752511094601001,60.0
56082,3396.1596618257304,0.9756259147059633,60.0
56083,3396.160356270175,0.9741148690358367,60.0
56084,3396.1610507146193,0.9744270296504999,60.0
56085,3396.1617451590637,0.9749160010869599,60.0
56086,3396.162439603508,0.9755264045632267,60.0
56087,3396.1631340479526,0.9741500549048266,60.0
56088,3396.163828492397,0.9746103384282166,60.0
56089,3396.1645229368414,0.9746687895318932,60.0
56090,3396.165217381286,0.9751102910582801,60.0
56091,3396.1659118257303,0.974900223273605,60.0
56092,3396.1666062701747,0.9741517902114066,60.0
56093,3396.167300714619,0.9747270621134133,60.0
56094,3396.1679951590636,0.9741526299266532,60.0
56095,3396.168689603508,0.9741157322832633,60.0
56096,3396.1693840479525,0.9749600612366933,60.0
56097,3396.170078492397,0.97354196820171,60.0
56098,3396.1707729368413,0.9742692047252167,60.0
56099,3396.1714673812858,0.97494707989779,60.0
56100,3396.17216182573,0.9751126672330767,60.0
56101,3396.1728562701746,0.974817334607635,60.0
56102,3396.173550714619,0.9750634150021633,60.0
56103,3396.1742451590635,0.9743889961930566,60.0
56104,3396.174939603508,0.9748335801557267,60.0
56105,3396.1756340479524,0.9753706275408233,60.0
56106,3396.176328492397,0.9756344005533233,60.0
56107,3396.1770229368412,0.9746340922052266,60.0
56108,3396.1777173812857,0.9746537595783268,60.0
56109,3396.17841182573,0.9743259608376568,60.0
56110,3396.1791062701745,0.9744196982947867,60.0
56111,3396.179800714619,0.9757970207943534,60.0
56112,3396.1804951590634,0.974713158111085,60.0
56113,3396.181189603508,0.97551917159671,60.0
56114,3396.1818840479523,0.9744762636388268,60.0
56115,3396.1825784923967,0.97407888851649,60.0
56116,3396.183272936841,0.9743221542517734,60.0
56117,3396.1839673812856,0.9745281186181233,60.0
56118,3396.18466182573,0.9750478557561401,60.0
56119,3396.1853562701745,0.9746254846222134,60.0
56120,3396.186050714619,0.9752797892662333,60.0
56121,3396.1867451590633,0.9754177808382266,60.0
56122,3396.1874396035078,0.975678017061735,60.0
56123,3396.188134047952,0.9750159941417768,60.0
56124,3396.1888284923966,0.974950562971695,60.0
56125,3396.189522936841,0.9756797571960266,60.0
56126,3396.1902173812855,0.9744932411968668,60.0
56127,3396.19091182573,0.9746621027212568,60.0
56128,3396.1916062701744,0.9764735898157267,60.0
56129,3396.192300714619,0.9745393441348066,60.0
56130,3396.1929951590632,0.9754951276526033,60.0
56131,3396.1936896035077,0.97502947196998,60.0
56132,3396.194384047952,0.9750587447333899,60.0
56133,3396.1950784923965,0.9748278759532566,60.0
56134,3396.195772936841,0.9745805961392934,60.0
56135,3396.1964673812854,0.9750033769935733,60.0
56136,3396.19716182573,0.9746237242597567,60.0
56137,3396.1978562701743,0.9751029918453668,60.0
56138,3396.1985507146187,0.9752995134569268,60.0
56139,3396.199245159063,0.9754027546519467,60.0
56140,3396.1999396035076,0.97540187641515,60.0
56141,3396.200634047952,0.9749195126883167,60.0
56142,3396.2013284923964,0.9753096233222532,60.0
56143,3396.202022936841,0.9741407357912166,60.0
56144,3396.2027173812853,0.97476945859648,60.0
56145,3396.2034118257297,0.97462253180073,60.0
56146,3396.204106270174,0.9747352319229267,60.0
56147,3396.2048007146186,0.9747716019364567,60.0
56148,3396.205495159063,0.9751108478058833,60.0
56149,3396.2061896035075,0.9761116258667334,60.0
56150,3396.206884047952,0.9758042389578433,60.0
56151,3396.2075784923964,0.9753260469614666,60.0
56152,3396.208272936841,0.9753035205634065,60.0
56153,3396.208967381285,0.9753805737070499,60.0
56154,3396.2096618257297,0.97511261758392,60.0
56155,3396.210356270174,0.97497005127392,60.0
56156,3396.2110507146185,0.9741178825703433,60.0
56157,3396.211745159063,0.9749362851161366,60.0
56158,3396.2124396035074,0.9749488848025566,60.0
56159,3396.213134047952,0.9759701951633367,60.0
56160,3396.2138284923963,0.9756583498611233,60.0
56161,3396.2145229368407,0.975222915805605,60.0
56162,3396.215217381285,0.9760051558944234,60.0
56163,3396.2159118257296,0.9747640764819666,60.0
56164,3396.216606270174,0.9759855776972267,60.0
56165,3396.2173007146184,0.9757888607146133,60.0
56166,3396.217995159063,0.9753325203931533,60.0
56167,3396.2186896035073,0.9755068992492366,60.0
56168,3396.2193840479517,0.9749367206371599,60.0
56169,3396.220078492396,0.97604173588987,60.0
56170,3396.2207729368406,0.9760507806451667,60.0
56171,3396.221467381285,0.9754006686488834,60.0
56172,3396.2221618257295,0.97723015630931,60.0
56173,3396.222856270174,0.9747656281506968,60.0
56174,3396.2235507146183,0.9747126372947233,60.0
56175,3396.224245159063,0.9758005082592067,60.0
56176,3396.224939603507,0.9761275674497667,60.0
56177,3396.2256340479516,0.9752230850721366,60.0
56178,3396.226328492396,0.9751173335314633,60.0
56179,3396.2270229368405,0.97484638317836,60.0
56180,3396.227717381285,0.97564833858904,60.0
56181,3396.2284118257294,0.9755293340661767,60.0
56182,3396.229106270174,0.9754420670594199,60.0
56183,3396.2298007146182,0.974737864875545,60.0
56184,3396.2304951590627,0.97605798302803,60.0
56185,3396.231189603507,0.9754514877929367,60.0
56186,3396.2318840479516,0.9752905081368234,60.0
56187,3396.232578492396,0.9745381631338234,60.0
56188,3396.2332729368404,0.9758708774145234,60.0
56189,3396.233967381285,0.97571540964652,60.0
56190,3396.2346618257293,0.9768300845819701,60.0
56191,3396.2353562701737,0.9755631852257466,60.0
56192,3396.236050714618,0.9764625921709967,60.0
56193,3396.2367451590626,0.9749575377505066,60.0
56194,3396.237439603507,0.97596689828103,60.0
56195,3396.2381340479515,0.9754406149525501,60.0
56196,3396.238828492396,0.9753540267169968,60.0
56197,3396.2395229368403,0.9754660744012367,60.0
56198,3396.2402173812848,0.9758565355250134,60.0
56199,3396.240911825729,0.9762660834595766,60.0
56200,3396.2416062701736,0.97527993528112,60.0
56201,3396.242300714618,0.9755978305419667,60.0
56202,3396.2429951590625,0.9763704615261366,60.0
56203,3396.243689603507,0.9750510619209299,60.0
56204,3396.2443840479514,0.9765043227675833,60.0
56205,3396.245078492396,0.9759327106321734,60.0
56206,3396.2457729368402,0.9744669911738167,60.0
56207,3396.2464673812847,0.9755650527443199,60.0
56208,3396.247161825729,0.9757409306140769,60.0
56209,3396.2478562701735,0.97574733255505,60.0
56210,3396.248550714618,0.9755500254643766,60.0
56211,3396.2492451590624,0.9755540225035534,60.0
56212,3396.249939603507,0.9754542484894201,60.0
56213,3396.2506340479513,0.9757665694376834,60.0
56214,3396.2513284923957,0.97550160976461,60.0
56215,3396.25202293684,0.9764505033085834,60.0
56216,3396.2527173812846,0.9758114382784533,60.0
56217,3396.253411825729,0.97529749168953,60.0
56218,3396.2541062701735,0.9753134684821433,60.0
56219,3396.254800714618,0.9754483369760366,60.0
56220,3396.2554951590623,0.9764968382825333,60.0
56221,3396.2561896035068,0.9749994863462267,60.0
56222,3396.256884047951,0.9748404344644568,60.0
56223,3396.2575784923956,0.9762336101363633,60.0
56224,3396.25827293684,0.9762381520206899,60.0
56225,3396.2589673812845,0.97585800061379,60.0
56226,3396.259661825729,0.97547696476401,60.0
56227,3396.2603562701734,0.9765882849238334,60.0
56228,3396.261050714618,0.9760031328749733,60.0
56229,3396.2617451590622,0.9767220370235599,60.0
56230,3396.2624396035067,0.9749088999824668,60.0
56231,3396.263134047951,0.9753881756787467,60.0
56232,3396.2638284923955,0.9760026805730934,60.0
56233,3396.26452293684,0.9764026006695067,60.0
56234,3396.2652173812844,0.9754144881268599,60.0
56235,3396.265911825729,0.9763499253763867,60.0
56236,3396.2666062701733,0.9759412487768534,60.0
56237,3396.2673007146177,0.9761008512631967,60.0
56238,3396.267995159062,0.9763718735791566,60.0
56239,3396.2686896035066,0.97623791870715,60.0
56240,3396.269384047951,0.9771881037666335,60.0
56241,3396.2700784923954,0.97608084917418,60.0
56242,3396.27077293684,0.97646040999383,60.0
56243,3396.2714673812843,0.9754872822450801,60.0
56244,3396.2721618257287,0.9764217387298934,60.0
56245,3396.272856270173,0.9761118278315433,60.0
56246,3396.2735507146176,0.9752662031559467,60.0
56247,3396.274245159062,0.9751037626542134,60.0
56248,3396.2749396035065,0.976158117932625,60.0
56249,3396.275634047951,0.9753663285124032,60.0
56250,3396.2763284923954,0.9766171502574433,60.0
56251,3396.27702293684,0.9756294808654967,60.0
56252,3396.277717381284,0.97678567754354,60.0
56253,3396.2784118257287,0.97560219519627,60.0
56254,3396.279106270173,0.9754942789941267,60.0
56255,3396.2798007146175,0.97636930630427,60.0
56256,3396.280495159062,0.9765172671646467,60.0
56257,3396.2811896035064,0.9755164954693467,60.0
56258,3396.281884047951,0.9759223835192501,60.0
56259,3396.2825784923953,0.9752159093487767,60.0
56260,3396.2832729368397,0.9761088045361633,60.0
56261,3396.283967381284,0.9758970296458668,60.0
56262,3396.2846618257286,0.9759688725813834,60.0
56263,3396.285356270173,0.97630307043346,60.0
56264,3396.2860507146174,0.9756614051797,60.0
56265,3396.286745159062,0.97632952496522,60.0
56266,3396.2874396035063,0.9770322583709167,60.0
56267,3396.2881340479507,0.9763993709018033,60.0
56268,3396.288828492395,0.9765598543706367,60.0
56269,3396.2895229368396,0.97649389168487,60.0
56270,3396.290217381284,0.9770567615657066,60.0
56271,3396.2909118257285,0.9756420019964733,60.0
56272,3396.291606270173,0.9764101139239066,60.0
56273,3396.2923007146173,0.9763471963886267,60.0
56274,3396.292995159062,0.9765456737030833,60.0
56275,3396.293689603506,0.9762701600470001,60.0
56276,3396.2943840479506,0.9766467511702567,60.0
56277,3396.295078492395,0.9757458508936266,60.0
56278,3396.2957729368395,0.9768878930525533,60.0
56279,3396.296467381284,0.97567955872761,60.0
56280,3396.2971618257284,0.9762527785434566,60.0
56281,3396.297856270173,0.9768328386856266,60.0
56282,3396.2985507146172,0.97652289790436,60.0
56283,3396.2992451590617,0.9760524329679634,60.0
56284,3396.299939603506,0.9765063330369234,60.0
56285,3396.3006340479506,0.9767879577653732,60.0
56286,3396.301328492395,0.9762880170207066,60.0
56287,3396.3020229368394,0.9759595466914366,60.0
56288,3396.302717381284,0.9765951670106167,60.0
56289,3396.3034118257283,0.9775236806282933,60.0
56290,3396.3041062701727,0.9762133997477599,60.0
56291,3396.304800714617,0.9764071309570168,60.0
56292,3396.3054951590616,0.9758740911742066,60.0
56293,3396.306189603506,0.9764925512339465,60.0
56294,3396.3068840479505,0.9766651246778832,60.0
56295,3396.307578492395,0.9768733098603167,60.0
56296,3396.3082729368393,0.9766798010618466,60.0
56297,3396.3089673812838,0.9757607657901399,60.0
56298,3396.309661825728,0.9761978435413733,60.0
56299,3396.3103562701726,0.9770383991993633,60.0
56300,3396.311050714617,0.9768388005166434,60.0
56301,3396.3117451590615,0.9773704301950933,60.0
56302,3396.312439603506,0.9759251166524834,60.0
56303,3396.3131340479504,0.9763955344546066,60.0
56304,3396.313828492395,0.9764416096064134,60.0
56305,3396.3145229368392,0.9764201766894134,60.0
56306,3396.3152173812837,0.97579991343322,60.0
56307,3396.315911825728,0.9762523721833934,60.0
56308,3396.3166062701725,0.9763099717656667,60.0
56309,3396.317300714617,0.97635955806314,60.0
56310,3396.3179951590614,0.97679819272044,60.0
56311,3396.318689603506,0.9768605702923233,60.0
56312,3396.3193840479503,0.97701010822118,60.0
56313,3396.3200784923947,0.9768479125806766,60.0
56314,3396.320772936839,0.9765699298344933,60.0
56315,3396.3214673812836,0.9766334870088299,60.0
56316,3396.322161825728,0.9770081719404399,60.0
56317,3396.3228562701725,0.9759613274128767,60.0
56318,3396.323550714617,0.9767303290011267,60.0
56319,3396.3242451590613,0.97618450197731,60.0
56320,3396.3249396035058,0.975718159564775,60.0
56321,3396.32563404795,0.9763929860887034,60.0
56322,3396.3263284923946,0.9766101156889633,60.0
56323,3396.327022936839,0.9763690586289067,60.0
56324,3396.3277173812835,0.97574177159143,60.0
56325,3396.328411825728,0.9762874755180766,60.0
56326,3396.3291062701724,0.97705825727038,60.0
56327,3396.329800714617,0.9770554023637467,60.0
56328,3396.3304951590612,0.9765623903244333,60.0
56329,3396.3311896035057,0.9764843967452266,60.0
56330,3396.33188404795,0.9765457988584133,60.0
56331,3396.3325784923945,0.97631447315635,60.0
56332,3396.333272936839,0.9773506984232133,60.0
56333,3396.3339673812834,0.9770179448451833,60.0
56334,3396.334661825728,0.97719101416132,60.0
56335,3396.3353562701723,0.9772881386938467,60.0
56336,3396.3360507146167,0.9763830404220301,60.0
56337,3396.336745159061,0.97661879398903,60.0
56338,3396.3374396035056,0.9770661604138766,60.0
56339,3396.33813404795,0.9764164469548599,60.0
56340,3396.3388284923944,0.9759529675030533,60.0
56341,3396.339522936839,0.97682350548965,60.0
56342,3396.3402173812833,0.9765841731287933,60.0
56343,3396.3409118257277,0.9767931374309734,60.0
56344,3396.341606270172,0.97690799821219,60.0
56345,3396.3423007146166,0.9764720971921633,60.0
56346,3396.342995159061,0.9766028754981733,60.0
56347,3396.3436896035055,0.9763591246324467,60.0
56348,3396.34438404795,0.97739333391887,60.0
56349,3396.3450784923944,0.9767916879864599,60.0
56350,3396.345772936839,0.9767196178154034,60.0
56351,3396.346467381283,0.977996797326355,60.0
56352,3396.3471618257277,0.9759799918256901,60.0
56353,3396.347856270172,0.9761478486542533,60.0
56354,3396.3485507146165,0.9767065491157633,60.0
56355,3396.349245159061,0.9773714313709833,60.0
56356,3396.3499396035054,0.9765319039201833,60.0
56357,3396.35063404795,0.9771324455875701,60.0
56358,3396.3513284923943,0.9764321706708633,60.0
56359,3396.3520229368387,0.9773953489022901,60.0
56360,3396.352717381283,0.977175164803415,60.0
56361,3396.3534118257276,0.97683302650303,60.0
56362,3396.354106270172,0.9775612237272367,60.0
56363,3396.3548007146164,0.9774260858370933,60.0
56364,3396.355495159061,0.97762337689328,60.0
56365,3396.3561896035053,0.97721070403628,60.0
56366,3396.3568840479497,0.9772290360660133,60.0
56367,3396.357578492394,0.9773937788990468,60.0
56368,3396.3582729368386,0.9779567666943767,60.0
56369,3396.358967381283,0.9762392258430866,60.0
56370,3396.3596618257275,0.9769295835455835,60.0
56371,3396.360356270172,0.9767095746425434,60.0
56372,3396.3610507146163,0.9772846604285533,60.0
56373,3396.361745159061,0.97747435083176,60.0
56374,3396.362439603505,0.9769581939303099,60.0
56375,3396.3631340479496,0.9766121431017266,60.0
56376,3396.363828492394,0.9776519453611666,60.0
56377,3396.3645229368385,0.9778073790049634,60.0
56378,3396.365217381283,0.9765558746775566,60.0
56379,3396.3659118257274,0.97661506297126,60.0
56380,3396.366606270172,0.9775775794848034,60.0
56381,3396.3673007146162,0.9773920474827801,60.0
56382,3396.3679951590607,0.9780084683138034,60.0
56383,3396.368689603505,0.9772807781651367,60.0
56384,3396.3693840479496,0.9782114996012633,60.0
56385,3396.370078492394,0.9767441898004333,60.0
56386,3396.3707729368384,0.9769545680572366,60.0
56387,3396.371467381283,0.9778590883464032,60.0
56388,3396.3721618257273,0.9770064629707066,60.0
56389,3396.3728562701717,0.9776200919427134,60.0
56390,3396.373550714616,0.9773015459350534,60.0
56391,3396.3742451590606,0.9770419780202151,60.0
56392,3396.374939603505,0.9777817452173467,60.0
56393,3396.3756340479495,0.9774866307288,60.0
56394,3396.376328492394,0.9770612483323765,60.0
56395,3396.3770229368383,0.9777820843917401,60.0
56396,3396.3777173812828,0.9780586827019633,60.0
56397,3396.378411825727,0.97769752803564,60.0
56398,3396.3791062701716,0.9781926769356967,60.0
56399,3396.379800714616,0.9779117902937133,60.0
56400,3396.3804951590605,0.97695890878,60.0
56401,3396.381189603505,0.97824395987392,60.0
56402,3396.3818840479494,0.9772704611064701,60.0
56403,3396.382578492394,0.9772171170286666,60.0
56404,3396.3832729368382,0.9777999675227399,60.0
56405,3396.3839673812827,0.9778087659897566,60.0
56406,3396.384661825727,0.9765315670478533,60.0
56407,3396.3853562701715,0.9775793294314933,60.0
56408,3396.386050714616,0.97839020797871,60.0
56409,3396.3867451590604,0.97761539995896,60.0
56410,3396.387439603505,0.97785857161276,60.0
56411,3396.3881340479493,0.97803272527246,60.0
56412,3396.3888284923937,0.9779359282499501,60.0
56413,3396.389522936838,0.9778262142819734,60.0
56414,3396.3902173812826,0.97691580080833,60.0
56415,3396.390911825727,0.97667188255528,60.0
56416,3396.3916062701715,0.97841773256963,60.0
56417,3396.392300714616,0.9768552160256933,60.0
56418,3396.3929951590603,0.97757877023082,60.0
56419,3396.3936896035048,0.9785339483343899,60.0
56420,3396.394384047949,0.97727261515986,60.0
56421,3396.3950784923936,0.9781976735795633,60.0
56422,3396.395772936838,0.9783068152167833,60.0
56423,3396.3964673812825,0.97809334814528,60.0
56424,3396.397161825727,0.9773820850826,60.0
56425,3396.3978562701714,0.9777982242035099,60.0
56426,3396.398550714616,0.9771931808878166,60.0
56427,3396.3992451590602,0.9782710195965834,60.0
56428,3396.3999396035047,0.9775123050108266,60.0
56429,3396.400634047949,0.9771717751252433,60.0
56430,3396.4013284923935,0.97727285948092,60.0
56431,3396.402022936838,0.97821150355727,60.0
56432,3396.4027173812824,0.9786709830905401,60.0
56433,3396.403411825727,0.9782076761043167,60.0
56434,3396.4041062701713,0.9779177833397567,60.0
56435,3396.4048007146157,0.9777412223206966,60.0
56436,3396.40549515906,0.9778173452329351,60.0
56437,3396.4061896035046,0.9777437324315367,60.0
56438,3396.406884047949,0.9792188701828399,60.0
56439,3396.4075784923934,0.9776875943349267,60.0
56440,3396.408272936838,0.9778015974893833,60.0
56441,3396.4089673812823,0.9781724805006501,60.0
56442,3396.4096618257267,0.97818983054222,60.0
56443,3396.410356270171,0.9780134310025567,60.0
56444,3396.4110507146156,0.9783160711794734,60.0
56445,3396.41174515906,0.9780117690396967,60.0
56446,3396.4124396035045,0.9784350206189499,60.0
56447,3396.413134047949,0.97829426188865,60.0
56448,3396.4138284923933,0.9782907420795732,60.0
56449,3396.414522936838,0.9778202829488801,60.0
56450,3396.415217381282,0.9780859903468699,60.0
56451,3396.4159118257267,0.9789791185939133,60.0
56452,3396.416606270171,0.9776820203514399,60.0
56453,3396.4173007146155,0.9777791760587934,60.0
56454,3396.41799515906,0.97773677216514,60.0
56455,3396.4186896035044,0.9782414658975633,60.0
56456,3396.419384047949,0.9776028073644266,60.0
56457,3396.4200784923933,0.9773501529618834,60.0
56458,3396.4207729368377,0.9774357792286766,60.0
56459,3396.421467381282,0.9781077757965567,60.0
56460,3396.4221618257266,0.97805742671548,60.0
56461,3396.422856270171,0.9778080094408733,60.0
56462,3396.4235507146154,0.97777635147149,60.0
56463,3396.42424515906,0.9779321579916567,60.0
56464,3396.4249396035043,0.9773785176668066,60.0
56465,3396.4256340479487,0.97731108208458,60.0
56466,3396.426328492393,0.9783652437658968,60.0
56467,3396.4270229368376,0.97839675719105,60.0
56468,3396.427717381282,0.9784882085748133,60.0
56469,3396.4284118257265,0.9776126719470367,60.0
56470,3396.429106270171,0.9775833705108266,60.0
56471,3396.4298007146153,0.9780096893453467,60.0
56472,3396.43049515906,0.9772600482403567,60.0
56473,3396.431189603504,0.9796607489952533,60.0
56474,3396.4318840479486,0.9779511679814333,60.0
56475,3396.432578492393,0.9774975191460967,60.0
56476,3396.4332729368375,0.9784874242624467,60.0
56477,3396.433967381282,0.9779467087560333,60.0
56478,3396.4346618257264,0.9769752555053051,60.0
56479,3396.435356270171,0.9773030355690734,60.0
56480,3396.4360507146152,0.9782647577714633,60.0
56481,3396.4367451590597,0.9776664154661466,60.0
56482,3396.437439603504,0.9773789737276233,60.0
56483,3396.4381340479486,0.9788042191037999,60.0
56484,3396.438828492393,0.9789840803550266,60.0
56485,3396.4395229368374,0.9784305328950901,60.0
56486,3396.440217381282,0.9775545639861467,60.0
56487,3396.4409118257263,0.9783559775574,60.0
56488,3396.4416062701707,0.9790244458076867,60.0
56489,3396.442300714615,0.9781602447720467,60.0
56490,3396.4429951590596,0.97816647560914,60.0
56491,3396.443689603504,0.9779744160868534,60.0
56492,3396.4443840479485,0.978563183267855,60.0
56493,3396.445078492393,0.97816565492462,60.0
56494,3396.4457729368373,0.978323973141075,60.0
56495,3396.4464673812818,0.9782013547612033,60.0
56496,3396.447161825726,0.9776792299577366,60.0
56497,3396.4478562701706,0.97804475193726,60.0
56498,3396.448550714615,0.97836770699177,60.0
56499,3396.4492451590595,0.97771273466656,60.0
56500,3396.449939603504,0.978579215633845,60.0
56501,3396.4506340479484,0.9783857044467933,60.0
56502,3396.451328492393,0.9778633969356333,60.0
56503,3396.4520229368372,0.9780253585242801,60.0
56504,3396.4527173812817,0.9781850165425766,60.0
56505,3396.453411825726,0.9777574961141067,60.0
56506,3396.4541062701705,0.9779987359655267,60.0
56507,3396.454800714615,0.9782597695107235,60.0
56508,3396.4554951590594,0.9786513261670966,60.0
56509,3396.456189603504,0.9779578801825067,60.0
56510,3396.4568840479483,0.97847306782346,60.0
56511,3396.4575784923927,0.9786334708407566,60.0
56512,3396.458272936837,0.9780495942357533,60.0
56513,3396.4589673812816,0.9790243435358734,60.0
56514,3396.459661825726,0.9788627868709967,60.0
56515,3396.4603562701705,0.9786561571867399,60.0
56516,3396.461050714615,0.9780351347853101,60.0
56517,3396.4617451590593,0.9793366672883966,60.0
56518,3396.4624396035038,0.9771435173131332,60.0
56519,3396.463134047948,0.9791293967187533,60.0
56520,3396.4638284923926,0.9775779050567399,60.0
56521,3396.464522936837,0.979272795412045,60.0
56522,3396.4652173812815,0.9784007330908567,60.0
56523,3396.465911825726,0.9780208399669666,60.0
56524,3396.4666062701704,0.9788000445702667,60.0
56525,3396.467300714615,0.9785872020148333,60.0
56526,3396.4679951590592,0.9789063857107366,60.0
56527,3396.4686896035037,0.9778821355389233,60.0
56528,3396.469384047948,0.97815997500659,60.0
56529,3396.4700784923925,0.9782221804513167,60.0
56530,3396.470772936837,0.9801169363549632,60.0
56531,3396.4714673812814,0.9785869316828933,60.0
56532,3396.472161825726,0.978850003944965,60.0
56533,3396.4728562701703,0.979080849453225,60.0
56534,3396.4735507146147,0.9787508602773533,60.0
56535,3396.474245159059,0.9783969645841534,60.0
56536,3396.4749396035036,0.97818105530773,60.0
56537,3396.475634047948,0.97872434099091,60.0
56538,3396.4763284923924,0.9780921024989699,60.0
56539,3396.477022936837,0.9791329278536968,60.0
56540,3396.4777173812813,0.9781372270269065,60.0
56541,3396.4784118257257,0.9791633637057434,60.0
56542,3396.47910627017,0.97820085119404,60.0
56543,3396.4798007146146,0.97724540923948,60.0
56544,3396.480495159059,0.9789048501896901,60.0
56545,3396.4811896035035,0.9790621222522033,60.0
56546,3396.481884047948,0.9781597972213399,60.0
56547,3396.4825784923923,0.9782508580642467,60.0
56548,3396.483272936837,0.97831166317372,60.0
56549,3396.483967381281,0.9782951606098033,60.0
56550,3396.4846618257257,0.9788077849733566,60.0
56551,3396.48535627017,0.97877243392964,60.0
56552,3396.4860507146145,0.9783463976377367,60.0
56553,3396.486745159059,0.9783427796513,60.0
56554,3396.4874396035034,0.9789749557590633,60.0
56555,3396.488134047948,0.9793584503440133,60.0
56556,3396.4888284923923,0.9782984952842799,60.0
56557,3396.4895229368367,0.9783690386709233,60.0
56558,3396.490217381281,0.9788393957486533,60.0
56559,3396.4909118257256,0.9785565397120667,60.0
56560,3396.49160627017,0.9773773335743,60.0
56561,3396.4923007146144,0.9802326812838333,60.0
56562,3396.492995159059,0.9790459735553066,60.0
56563,3396.4936896035033,0.97792057575638,60.0
56564,3396.4943840479477,0.9792179950555733,60.0
56565,3396.495078492392,0.97868369830804,60.0
56566,3396.4957729368366,0.97745306457717,60.0
56567,3396.496467381281,0.9782895961081101,60.0
56568,3396.4971618257255,0.9791907827023868,60.0
56569,3396.49785627017,0.9796101773976034,60.0
56570,3396.4985507146143,0.9788448611156433,60.0
56571,3396.499245159059,0.9788118213442533,60.0
56572,3396.499939603503,0.9782038201005633,60.0
56573,3396.5006340479476,0.9790353843987933,60.0
56574,3396.501328492392,0.9785573308172598,60.0
56575,3396.5020229368365,0.9794347458795066,60.0
56576,3396.502717381281,0.9796743748580399,60.0
56577,3396.5034118257254,0.9788411673964967,60.0
56578,3396.50410627017,0.9791763118484001,60.0
56579,3396.5048007146142,0.9797357472565967,60.0
56580,3396.5054951590587,0.9792392312638,60.0
56581,3396.506189603503,0.9783729649318067,60.0
56582,3396.5068840479476,0.97908874139035,60.0
56583,3396.507578492392,0.98004441587913,60.0
56584,3396.5082729368364,0.9783926475005867,60.0
56585,3396.508967381281,0.97820430179751,60.0
56586,3396.5096618257253,0.978781135078,60.0
56587,3396.5103562701697,0.9793144724177502,60.0
56588,3396.511050714614,0.97912523014553,60.0
56589,3396.5117451590586,0.9805422002403367,60.0
56590,3396.512439603503,0.9793363879643966,60.0
56591,3396.5131340479475,0.9781160437799433,60.0
56592,3396.513828492392,0.97882570549823,60.0
56593,3396.5145229368363,0.97857487121647,60.0
56594,3396.5152173812808,0.9793752289602734,60.0
56595,3396.515911825725,0.9788276084272566,60.0
56596,3396.5166062701696,0.9795717790750634,60.0
56597,3396.517300714614,0.9797104908807367,60.0
56598,3396.5179951590585,0.9793952419183801,60.0
56599,3396.518689603503,0.9796608943806066,60.0
56600,3396.5193840479474,0.98031055070207,60.0
56601,3396.520078492392,0.9800096833725732,60.0
56602,3396.5207729368362,0.9784318046172967,60.0
56603,3396.5214673812807,0.9791687355212167,60.0
56604,3396.522161825725,0.9806316277056167,60.0
56605,3396.5228562701695,0.9798782391436633,60.0
56606,3396.523550714614,0.97985405664546,60.0
56607,3396.5242451590584,0.9794404577489467,60.0
56608,3396.524939603503,0.9799274918535366,60.0
56609,3396.5256340479473,0.98054356874799,60.0
56610,3396.5263284923917,0.9797080909050168,60.0
56611,3396.527022936836,0.9792595513247,60.0
56612,3396.5277173812806,0.9791188941437466,60.0
56613,3396.528411825725,0.9798629168797733,60.0
56614,3396.5291062701694,0.9794729869736635,60.0
56615,3396.529800714614,0.9799858695693734,60.0
56616,3396.5304951590583,0.97906318413412,60.0
56617,3396.5311896035028,0.98050233749562,60.0
56618,3396.531884047947,0.9792134163334967,60.0
56619,3396.5325784923916,0.9799845411139834,60.0
56620,3396.533272936836,0.9801502336010434,60.0
56621,3396.5339673812805,0.9799233485534601,60.0
56622,3396.534661825725,0.97885875525554,60.0
56623,3396.5353562701694,0.9793961399613367,60.0
56624,3396.536050714614,0.97911997070632,60.0
56625,3396.5367451590582,0.97961227316605,60.0
56626,3396.5374396035027,0.9798106288314733,60.0
56627,3396.538134047947,0.9797639972751299,60.0
56628,3396.5388284923915,0.9804129247418834,60.0
56629,3396.539522936836,0.9796018764090499,60.0
56630,3396.5402173812804,0.9788328589824634,60.0
56631,3396.540911825725,0.9795661842907166,60.0
56632,3396.5416062701693,0.9801386493451968,60.0
56633,3396.5423007146137,0.9802208072014565,60.0
56634,3396.542995159058,0.9792049186470333,60.0
56635,3396.5436896035026,0.9790052201494633,60.0
56636,3396.544384047947,0.9802064246576968,60.0
56637,3396.5450784923914,0.9802962026321733,60.0
56638,3396.545772936836,0.9793054454184866,60.0
56639,3396.5464673812803,0.9798554020014034,60.0
56640,3396.5471618257247,0.9789038775610633,60.0
56641,3396.547856270169,0.9788292062475134,60.0
56642,3396.5485507146136,0.9794603306668866,60.0
56643,3396.549245159058,0.9806309547085134,60.0
56644,3396.5499396035025,0.9801811623876899,60.0
56645,3396.550634047947,0.9793098636498666,60.0
56646,3396.5513284923913,0.9797167746995633,60.0
56647,3396.552022936836,0.9795158146352633,60.0
56648,3396.55271738128,0.98007644299541,60.0
56649,3396.5534118257247,0.9798430449624999,60.0
56650,3396.554106270169,0.9797942999555467,60.0
56651,3396.5548007146135,0.97986488377482,60.0
56652,3396.555495159058,0.9797060838362733,60.0
56653,3396.5561896035024,0.98008369132415,60.0
56654,3396.556884047947,0.9807537032383951,60.0
56655,3396.5575784923913,0.9800320984833334,60.0
56656,3396.5582729368357,0.9797995396131434,60.0
56657,3396.55896738128,0.9801153677958333,60.0
56658,3396.5596618257246,0.9801199728673899,60.0
56659,3396.560356270169,0.97981617384118,60.0
56660,3396.5610507146134,0.9798065084407299,60.0
56661,3396.561745159058,0.9798636766132501,60.0
56662,3396.5624396035023,0.9798364565055467,60.0
56663,3396.5631340479467,0.9795590332515399,60.0
56664,3396.563828492391,0.9793787009189767,60.0
56665,3396.5645229368356,0.9802003264936433,60.0
56666,3396.56521738128,0.9799526850208168,60.0
56667,3396.5659118257245,0.9800291629173367,60.0
56668,3396.566606270169,0.97981973513137,60.0
56669,3396.5673007146133,0.9792549268997766,60.0
56670,3396.567995159058,0.9803524139972399,60.0
56671,3396.568689603502,0.98092319529851,60.0
56672,3396.5693840479466,0.97996990127692,60.0
56673,3396.570078492391,0.9813977743690933,60.0
56674,3396.5707729368355,0.9806477602992767,60.0
56675,3396.57146738128,0.9809498940350533,60.0
56676,3396.5721618257244,0.979327557129005,60.0
56677,3396.572856270169,0.9799927360908965,60.0
56678,3396.5735507146132,0.9802046044176232,60.0
56679,3396.5742451590577,0.9800447338335233,60.0
56680,3396.574939603502,0.9805034605717666,60.0
56681,3396.5756340479466,0.9801149154502401,60.0
56682,3396.576328492391,0.9808637710452667,60.0
56683,3396.5770229368354,0.98008848562048,60.0
56684,3396.57771738128,0.9805088502359666,60.0
56685,3396.5784118257243,0.9807168058433601,60.0
56686,3396.5791062701687,0.9804049780438334,60.0
56687,3396.579800714613,0.9802099173313733,60.0
56688,3396.5804951590576,0.9807211245796233,60.0
56689,3396.581189603502,0.9812261264575066,60.0
56690,3396.5818840479465,0.97930449555223,60.0
56691,3396.582578492391,0.9790224998796451,60.0
56692,3396.5832729368353,0.9809902959504267,60.0
56693,3396.5839673812798,0.9797052916210299,60.0
56694,3396.584661825724,0.9794175063276033,60.0
56695,3396.5853562701686,0.9814593522566634,60.0
56696,3396.586050714613,0.980586766317825,60.0
56697,3396.5867451590575,0.980787850408265,60.0
56698,3396.587439603502,0.9801091911099133,60.0
56699,3396.5881340479464,0.97993601589522,60.0
56700,3396.588828492391,0.9810611101932499,60.0
56701,3396.5895229368352,0.9807998191682267,60.0
56702,3396.5902173812797,0.9800411366274032,60.0
56703,3396.590911825724,0.979703336723595,60.0
56704,3396.5916062701685,0.9797038821791451,60.0
56705,3396.592300714613,0.9806868424480134,60.0
56706,3396.5929951590574,0.9796224981237366,60.0
56707,3396.593689603502,0.97950327930598,60.0
56708,3396.5943840479463,0.9805110803660133,60.0
56709,3396.5950784923907,0.9806682832033133,60.0
56710,3396.595772936835,0.9813507546430166,60.0
56711,3396.5964673812796,0.98043206633377,60.0
56712,3396.597161825724,0.9806178457205467,60.0
56713,3396.5978562701684,0.97971947021802,60.0
56714,3396.598550714613,0.97974445545203,60.0
56715,3396.5992451590573,0.9814067955173668,60.0
56716,3396.5999396035018,0.9800054952982901,60.0
56717,3396.600634047946,0.9803714736194901,60.0
56718,3396.6013284923906,0.9812031197079167,60.0
56719,3396.602022936835,0.9809081584812867,60.0
56720,3396.6027173812795,0.9800775897624067,60.0
56721,3396.603411825724,0.9797704887806332,60.0
56722,3396.6041062701684,0.9804594313198901,60.0
56723,3396.604800714613,0.9808267350514633,60.0
56724,3396.605495159057,0.9813652503635467,60.0
56725,3396.6061896035017,0.9798546159498568,60.0
56726,3396.606884047946,0.9803811648128465,60.0
56727,3396.6075784923905,0.9806766773251301,60.0
56728,3396.608272936835,0.9805759245684866,60.0
56729,3396.6089673812794,0.98144734064471,60.0
56730,3396.609661825724,0.9804963824620533,60.0
56731,3396.6103562701683,0.9814019470082399,60.0
56732,3396.6110507146127,0.9805893056947234,60.0
56733,3396.611745159057,0.9809160187380134,60.0
56734,3396.6124396035016,0.9806934051543233,60.0
56735,3396.613134047946,0.98176544603712,60.0
56736,3396.6138284923904,0.9810464008820433,60.0
56737,3396.614522936835,0.9812604068379699,60.0
56738,3396.6152173812793,0.9815662488633601,60.0
56739,3396.6159118257237,0.98037377581998,60.0
56740,3396.616606270168,0.9814521325751434,60.0
56741,3396.6173007146126,0.9812809522366334,60.0
56742,3396.617995159057,0.98104557790122,60.0
56743,3396.6186896035015,0.9811042955073866,60.0
56744,3396.619384047946,0.9812528778718335,60.0
56745,3396.6200784923903,0.9815466641727068,60.0
56746,3396.620772936835,0.9807277569517567,60.0
56747,3396.621467381279,0.98000464145592,60.0
56748,3396.6221618257237,0.9813971788475734,60.0
56749,3396.622856270168,0.9809654341499767,60.0
56750,3396.6235507146125,0.9816401279814935,60.0
56751,3396.624245159057,0.9803382929906267,60.0
56752,3396.6249396035014,0.9812680220061133,60.0
56753,3396.625634047946,0.9810537980098301,60.0
56754,3396.6263284923903,0.9814097015897234,60.0
56755,3396.6270229368347,0.98190245386383,60.0
56756,3396.627717381279,0.981201909420535,60.0
56757,3396.6284118257236,0.9816784213766265,60.0
56758,3396.629106270168,0.9808856520364433,60.0
56759,3396.6298007146124,0.981970134400825,60.0
56760,3396.630495159057,0.9801874488513366,60.0
56761,3396.6311896035013,0.9814605222752233,60.0
56762,3396.6318840479457,0.98076692143126,60.0
56763,3396.63257849239,0.97996048329316,60.0
56764,3396.6332729368346,0.9808198782946299,60.0
56765,3396.633967381279,0.9796426180858067,60.0
56766,3396.6346618257235,0.9802170769595201,60.0
56767,3396.635356270168,0.9812673459720701,60.0
56768,3396.6360507146123,0.9809759339467566,60.0
56769,3396.6367451590568,0.9808072028889067,60.0
56770,3396.637439603501,0.9812797388910065,60.0
56771,3396.6381340479456,0.98079375208524,60.0
56772,3396.63882849239,0.980572113358225,60.0
56773,3396.6395229368345,0.98089971657932,60.0
56774,3396.640217381279,0.9813949853585168,60.0
56775,3396.6409118257234,0.9808331425528801,60.0
56776,3396.641606270168,0.9808640896202,60.0
56777,3396.6423007146122,0.9812627460172066,60.0
56778,3396.6429951590567,0.9814153871443599,60.0
56779,3396.643689603501,0.9811720626983367,60.0
56780,3396.6443840479456,0.9816454490629699,60.0
56781,3396.64507849239,0.9809264161130334,60.0
56782,3396.6457729368344,0.9812753703350766,60.0
56783,3396.646467381279,0.9807680823152468,60.0
56784,3396.6471618257233,0.98053722623462,60.0
56785,3396.6478562701677,0.9806668116397,60.0
56786,3396.648550714612,0.9811578456116967,60.0
56787,3396.6492451590566,0.9816513743333967,60.0
56788,3396.649939603501,0.9818101806636866,60.0
56789,3396.6506340479455,0.98342444152397,60.0
56790,3396.65132849239,0.9809096109567433,60.0
56791,3396.6520229368343,0.9807008393610199,60.0
56792,3396.6527173812788,0.9817779718761067,60.0
56793,3396.653411825723,0.98126463766462,60.0
56794,3396.6541062701676,0.9818310927518533,60.0
56795,3396.654800714612,0.9817558285276101,60.0
56796,3396.6554951590565,0.9812566000488167,60.0
56797,3396.656189603501,0.9816269306398167,60.0
56798,3396.6568840479454,0.9814864150622933,60.0
56799,3396.65757849239,0.9813026308652634,60.0
56800,3396.6582729368342,0.98158065707838,60.0
56801,3396.6589673812787,0.981826608173235,60.0
56802,3396.659661825723,0.9828287005180166,60.0
56803,3396.6603562701675,0.9813446797202401,60.0
56804,3396.661050714612,0.9808346589017968,60.0
56805,3396.6617451590564,0.9821296221378232,60.0
56806,3396.662439603501,0.98174549266784,60.0
56807,3396.6631340479453,0.9823447654180434,60.0
56808,3396.6638284923897,0.9824538879861399,60.0
56809,3396.664522936834,0.9812185406622467,60.0
56810,3396.6652173812786,0.9815595175246767,60.0
56811,3396.665911825723,0.9814091477191867,60.0
56812,3396.6666062701674,0.9812755043416901,60.0
56813,3396.667300714612,0.98167499561663,60.0
56814,3396.6679951590563,0.98127286315378,60.0
56815,3396.6686896035008,0.98257205752331,60.0
56816,3396.669384047945,0.9824613871179834,60.0
56817,3396.6700784923896,0.98205311375141,60.0
56818,3396.670772936834,0.9815470195081533,60.0
56819,3396.6714673812785,0.9808189055829533,60.0
56820,3396.672161825723,0.9815732059682101,60.0
56821,3396.6728562701674,0.9825551047557299,60.0
56822,3396.673550714612,0.9826660886550534,60.0
56823,3396.674245159056,0.981569566045,60.0
56824,3396.6749396035007,0.9824114105646767,60.0
56825,3396.675634047945,0.9816821198712667,60.0
56826,3396.6763284923895,0.98147467954165,60.0
56827,3396.677022936834,0.9825309987690166,60.0
56828,3396.6777173812784,0.9804885706440434,60.0
56829,3396.678411825723,0.9813340529387166,60.0
56830,3396.6791062701673,0.9816667099653501,60.0
56831,3396.6798007146117,0.9817537577319834,60.0
56832,3396.680495159056,0.9818242945851999,60.0
56833,3396.6811896035006,0.98070805124402,60.0
56834,3396.681884047945,0.98204631398954,60.0
56835,3396.6825784923894,0.9821538408591167,60.0
56836,3396.683272936834,0.98162540684779,60.0
56837,3396.6839673812783,0.9828708375219867,60.0
56838,3396.6846618257227,0.9820202670731,60.0
56839,3396.685356270167,0.9821893368509667,60.0
56840,3396.6860507146116,0.9820951059350366,60.0
56841,3396.686745159056,0.9823201938455434,60.0
56842,3396.6874396035005,0.98236739708431,60.0
56843,3396.688134047945,0.9821627232907251,60.0
56844,3396.6888284923893,0.9816035368524667,60.0
56845,3396.689522936834,0.98211463808832,60.0
56846,3396.690217381278,0.9815131556535833,60.0
56847,3396.6909118257227,0.9827122516519733,60.0
56848,3396.691606270167,0.9819610468455634,60.0
56849,3396.6923007146115,0.9826481390309499,60.0
56850,3396.692995159056,0.9830250440271551,60.0
56851,3396.6936896035004,0.9820929995529832,60.0
56852,3396.694384047945,0.98155000222039,60.0
56853,3396.6950784923893,0.9828958368359001,60.0
56854,3396.6957729368337,0.98230731121347,60.0
56855,3396.696467381278,0.9816598825196999,60.0
56856,3396.6971618257226,0.9820006863964768,60.0
56857,3396.697856270167,0.9819192431456502,60.0
56858,3396.6985507146114,0.9821283786048066,60.0
56859,3396.699245159056,0.9820433777650334,60.0
56860,3396.6999396035003,0.9826132204058333,60.0
56861,3396.7006340479447,0.98254252616602,60.0
56862,3396.701328492389,0.9819338285073099,60.0
56863,3396.7020229368336,0.98105329700264,60.0
56864,3396.702717381278,0.9826913581513134,60.0
56865,3396.7034118257225,0.9821814981482401,60.0
56866,3396.704106270167,0.9819559424740599,60.0
56867,3396.7048007146113,0.9821088092866567,60.0
56868,3396.7054951590558,0.9818483712449501,60.0
56869,3396.7061896035,0.9816169544168166,60.0
56870,3396.7068840479446,0.98249415485088,60.0
56871,3396.707578492389,0.9818993696784567,60.0
56872,3396.7082729368335,0.9834442274680167,60.0
56873,3396.708967381278,0.9821638206369899,60.0
56874,3396.7096618257224,0.98269329851425,60.0
56875,3396.710356270167,0.9818040331271699,60.0
56876,3396.7110507146112,0.9825554213138133,60.0
56877,3396.7117451590557,0.9828862133291466,60.0
56878,3396.7124396035,0.9824123437804401,60.0
56879,3396.7131340479445,0.9822590196962467,60.0
56880,3396.713828492389,0.9826930918941601,60.0
56881,3396.7145229368334,0.9825586772006899,60.0
56882,3396.715217381278,0.9826869764747533,60.0
56883,3396.7159118257223,0.982313567151835,60.0
56884,3396.7166062701667,0.9825117257185366,60.0
56885,3396.717300714611,0.9826668393387167,60.0
56886,3396.7179951590556,0.98218619450784,60.0
56887,3396.7186896035,0.98172449562202,60.0
56888,3396.7193840479445,0.9826561585141166,60.0
56889,3396.720078492389,0.9818776537676701,60.0
56890,3396.7207729368333,0.9818797275625899,60.0
56891,3396.7214673812778,0.9824858480793534,60.0
56892,3396.722161825722,0.9818032083546967,60.0
56893,3396.7228562701666,0.98253930337655,60.0
56894,3396.723550714611,0.9825421783806433,60.0
56895,3396.7242451590555,0.9831986728136299,60.0
56896,3396.7249396035,0.9834788540167366,60.0
56897,3396.7256340479444,0.9833783500031533,60.0
56898,3396.726328492389,0.98236236821554,60.0
56899,3396.7270229368332,0.9826813061804301,60.0
56900,3396.7277173812777,0.9820791516491734,60.0
56901,3396.728411825722,0.9824364419899366,60.0
56902,3396.7291062701665,0.9831962360599368,60.0
56903,3396.729800714611,0.9822232533911267,60.0
56904,3396.7304951590554,0.9818239536929066,60.0
56905,3396.7311896035,0.9815778283972333,60.0
56906,3396.7318840479443,0.9835189585378533,60.0
56907,3396.7325784923887,0.9833880539057832,60.0
56908,3396.733272936833,0.9827345247704633,60.0
56909,3396.7339673812776,0.9835953462613266,60.0
56910,3396.734661825722,0.981570428898235,60.0
56911,3396.7353562701664,0.9821192831692467,60.0
56912,3396.736050714611,0.9815661572174933,60.0
56913,3396.7367451590553,0.98283488532025,60.0
56914,3396.7374396034998,0.9830195570395533,60.0
56915,3396.738134047944,0.9835599878651801,60.0
56916,3396.7388284923886,0.9833978593392366,60.0
56917,3396.739522936833,0.9822431058584833,60.0
56918,3396.7402173812775,0.9825207339686534,60.0
56919,3396.740911825722,0.9833061253840466,60.0
56920,3396.7416062701664,0.98254622562778,60.0
56921,3396.742300714611,0.9830737920149833,60.0
56922,3396.742995159055,0.9827342475901201,60.0
56923,3396.7436896034997,0.9826381985606334,60.0
56924,3396.744384047944,0.98315709976462,60.0
56925,3396.7450784923885,0.9837049962840867,60.0
56926,3396.745772936833,0.9833398389347633,60.0
56927,3396.7464673812774,0.98312629334965,60.0
56928,3396.747161825722,0.9832638510638549,60.0
56929,3396.7478562701663,0.9821615818037867,60.0
56930,3396.7485507146107,0.98244024873082,60.0
56931,3396.749245159055,0.9830659278803368,60.0
56932,3396.7499396034996,0.9837133288943166,60.0
56933,3396.750634047944,0.9838268755311167,60.0
56934,3396.7513284923884,0.9829526289481034,60.0
56935,3396.752022936833,0.9824927715090567,60.0
56936,3396.7527173812773,0.9829100777423466,60.0
56937,3396.7534118257217,0.98321568796502,60.0
56938,3396.754106270166,0.98254988649849,60.0
56939,3396.7548007146106,0.9831954901047267,60.0
56940,3396.755495159055,0.98347997933551,60.0
56941,3396.7561896034995,0.9827500418641467,60.0
56942,3396.756884047944,0.9831466275602033,60.0
56943,3396.7575784923883,0.9831738088130834,60.0
56944,3396.758272936833,0.98260989549292,60.0
56945,3396.758967381277,0.98179694318264,60.0
56946,3396.7596618257217,0.9836630364327865,60.0
56947,3396.760356270166,0.9836254757208667,60.0
56948,3396.7610507146105,0.9833610126791567,60.0
56949,3396.761745159055,0.9836081662769868,60.0
56950,3396.7624396034994,0.9824842977941967,60.0
56951,3396.763134047944,0.9825217064987234,60.0
56952,3396.7638284923883,0.9826111358249033,60.0
56953,3396.7645229368327,0.9826471667253335,60.0
56954,3396.765217381277,0.9823977645761133,60.0
56955,3396.7659118257216,0.9833375239650067,60.0
56956,3396.766606270166,0.9833725593151433,60.0
56957,3396.7673007146104,0.9824627421044633,60.0
56958,3396.767995159055,0.98319541650471,60.0
56959,3396.7686896034993,0.9834963674520433,60.0
56960,3396.7693840479437,0.9838314725607867,60.0
56961,3396.770078492388,0.9838362556157033,60.0
56962,3396.7707729368326,0.9824528943242333,60.0
56963,3396.771467381277,0.98338115299848,60.0
56964,3396.7721618257215,0.9830240081698066,60.0
56965,3396.772856270166,0.9838572353066567,60.0
56966,3396.7735507146103,0.98336164825812,60.0
56967,3396.7742451590548,0.9833546097122333,60.0
56968,3396.774939603499,0.9832116639000166,60.0
56969,3396.7756340479436,0.9830862838801551,60.0
56970,3396.776328492388,0.9831078107403534,60.0
56971,3396.7770229368325,0.9819024311866866,60.0
56972,3396.777717381277,0.9836715697543,60.0
56973,3396.7784118257214,0.9835299621661667,60.0
56974,3396.779106270166,0.9829564700523467,60.0
56975,3396.7798007146102,0.9836150970983466,60.0
56976,3396.7804951590547,0.9838805497312834,60.0
56977,3396.781189603499,0.9835389523946733,60.0
56978,3396.7818840479435,0.9828747200337067,60.0
56979,3396.782578492388,0.9831568898588833,60.0
56980,3396.7832729368324,0.98356209438273,60.0
56981,3396.783967381277,0.9834318190524334,60.0
56982,3396.7846618257213,0.9843261622262868,60.0
56983,3396.7853562701657,0.9839508142021166,60.0
56984,3396.78605071461,0.9833686651133451,60.0
56985,3396.7867451590546,0.9833792668024133,60.0
56986,3396.787439603499,0.9836253346899834,60.0
56987,3396.7881340479435,0.9830906800759268,60.0
56988,3396.788828492388,0.9827016163758667,60.0
56989,3396.7895229368323,0.9832593556202468,60.0
56990,3396.7902173812768,0.9840426582594667,60.0
56991,3396.790911825721,0.98405572582366,60.0
56992,3396.7916062701656,0.9837171617363634,60.0
56993,3396.79230071461,0.9828453214091399,60.0
56994,3396.7929951590545,0.9833590241675534,60.0
56995,3396.793689603499,0.9836787439591467,60.0
56996,3396.7943840479434,0.9837474995863232,60.0
56997,3396.795078492388,0.98434754403918,60.0
56998,3396.7957729368322,0.9839217198931633,60.0
56999,3396.7964673812767,0.9847188054653401,60.0
57000,3396.797161825721,0.9838745218245967,60.0
57001,3396.7978562701655,0.9834966787395935,60.0
57002,3396.79855071461,0.9839973371790034,60.0
57003,3396.7992451590544,0.98305233049871,60.0
57004,3396.799939603499,0.98355731561168,60.0
57005,3396.8006340479433,0.9837346856503267,60.0
57006,3396.8013284923877,0.9832830871596899,60.0
57007,3396.802022936832,0.9848290173912467,60.0
57008,3396.8027173812766,0.9836128952006034,60.0
57009,3396.803411825721,0.9833603353292265,60.0
57010,3396.8041062701654,0.98340827528222,60.0
57011,3396.80480071461,0.9849690940560833,60.0
57012,3396.8054951590543,0.9842804933628733,60.0
57013,3396.8061896034988,0.98297272289736,60.0
57014,3396.806884047943,0.98390582044975,60.0
57015,3396.8075784923876,0.9843907262316968,60.0
57016,3396.808272936832,0.9840918570193068,60.0
57017,3396.8089673812765,0.98324988028025,60.0
57018,3396.809661825721,0.9835447021201632,60.0
57019,3396.8103562701654,0.9837320887057334,60.0
57020,3396.81105071461,0.9846136376988266,60.0
57021,3396.811745159054,0.9837874632026867,60.0
57022,3396.8124396034987,0.9840800569677867,60.0
57023,3396.813134047943,0.98513785828195,60.0
57024,3396.8138284923875,0.9841112449961367,60.0
57025,3396.814522936832,0.98503609122912,60.0
57026,3396.8152173812764,0.98371147545241,60.0
57027,3396.815911825721,0.9836292785767333,60.0
57028,3396.8166062701653,0.9852716650277166,60.0
57029,3396.8173007146097,0.98378999067147,60.0
57030,3396.817995159054,0.98382275673618,60.0
57031,3396.8186896034986,0.9851100080471,60.0
57032,3396.819384047943,0.98386477673604,60.0
57033,3396.8200784923874,0.9840048824806132,60.0
57034,3396.820772936832,0.9835041148358433,60.0
57035,3396.8214673812763,0.9842502402974768,60.0
57036,3396.8221618257207,0.98320781896936,60.0
57037,3396.822856270165,0.9841794081699334,60.0
57038,3396.8235507146096,0.9849776201861168,60.0
57039,3396.824245159054,0.98373761156997,60.0
57040,3396.8249396034985,0.98418859983564,60.0
57041,3396.825634047943,0.9846462286884999,60.0
57042,3396.8263284923873,0.9842110362682467,60.0
57043,3396.827022936832,0.9837577073967534,60.0
57044,3396.827717381276,0.983890309665405,60.0
57045,3396.8284118257207,0.9839989674289934,60.0
57046,3396.829106270165,0.9833883238161799,60.0
57047,3396.8298007146095,0.9835939947929534,60.0
57048,3396.830495159054,0.9841916093946699,60.0
57049,3396.8311896034984,0.98484178723016,60.0
57050,3396.831884047943,0.98303576208025,60.0
57051,3396.8325784923873,0.9841928118172033,60.0
57052,3396.8332729368317,0.9848035546856932,60.0
57053,3396.833967381276,0.98381481083679,60.0
57054,3396.8346618257206,0.9841842899498566,60.0
57055,3396.835356270165,0.9838740755619867,60.0
57056,3396.8360507146094,0.9832748784659967,60.0
57057,3396.836745159054,0.9835834764207334,60.0
57058,3396.8374396034983,0.9850186488750533,60.0
57059,3396.8381340479427,0.9833073104242467,60.0
57060,3396.838828492387,0.9846223769127699,60.0
57061,3396.8395229368316,0.9844613619984633,60.0
57062,3396.840217381276,0.98422621283237,60.0
57063,3396.8409118257205,0.9838337519201966,60.0
57064,3396.841606270165,0.9829850381706567,60.0
57065,3396.8423007146093,0.9839311154153968,60.0
57066,3396.8429951590538,0.9836699148466134,60.0
57067,3396.843689603498,0.9848910324214799,60.0
57068,3396.8443840479426,0.9848766515758333,60.0
57069,3396.845078492387,0.98424961089873,60.0
57070,3396.8457729368315,0.984662462770355,60.0
57071,3396.846467381276,0.9850906510700733,60.0
57072,3396.8471618257204,0.9842554254203767,60.0
57073,3396.847856270165,0.98439474984731,60.0
57074,3396.8485507146092,0.98492640404204,60.0
57075,3396.8492451590537,0.9837301502396034,60.0
57076,3396.849939603498,0.98541626356775,60.0
57077,3396.8506340479425,0.98391013833838,60.0
57078,3396.851328492387,0.9838297588499666,60.0
57079,3396.8520229368314,0.98521162893205,60.0
57080,3396.852717381276,0.9846296706863665,60.0
57081,3396.8534118257203,0.9852270031019567,60.0
57082,3396.8541062701647,0.9840094137638733,60.0
57083,3396.854800714609,0.9837960466161233,60.0
57084,3396.8554951590536,0.98446700498712,60.0
57085,3396.856189603498,0.9847512087004401,60.0
57086,3396.8568840479425,0.9849877867150734,60.0
57087,3396.857578492387,0.9839495514923734,60.0
57088,3396.8582729368313,0.9847141664304232,60.0
57089,3396.8589673812758,0.9851196434319266,60.0
57090,3396.85966182572,0.98465540116981,60.0
57091,3396.8603562701646,0.98496905841312,60.0
57092,3396.861050714609,0.9846238929802701,60.0
57093,3396.8617451590535,0.9854273845816334,60.0
57094,3396.862439603498,0.9842315873875234,60.0
57095,3396.8631340479424,0.984688420295665,60.0
57096,3396.863828492387,0.9841824268974966,60.0
57097,3396.8645229368312,0.9847451578973666,60.0
57098,3396.8652173812757,0.9849098127815467,60.0
57099,3396.86591182572,0.9849748404619333,60.0
57100,3396.8666062701645,0.9846926175494101,60.0
57101,3396.867300714609,0.9852573708296233,60.0
57102,3396.8679951590534,0.9849050732858567,60.0
57103,3396.868689603498,0.9855264781955401,60.0
57104,3396.8693840479423,0.98482043665891,60.0
57105,3396.8700784923867,0.98513637080547,60.0
57106,3396.870772936831,0.9851349540900801,60.0
57107,3396.8714673812756,0.9851803924730866,60.0
57108,3396.87216182572,0.9840279100794134,60.0
57109,3396.8728562701644,0.9841727629595899,60.0
57110,3396.873550714609,0.98578760974488,60.0
57111,3396.8742451590533,0.98452379143435,60.0
57112,3396.8749396034978,0.98465165891156,60.0
57113,3396.875634047942,0.98560370414365,60.0
57114,3396.8763284923866,0.9851538246210066,60.0
57115,3396.877022936831,0.98502450886355,60.0
57116,3396.8777173812755,0.9851955415548966,60.0
57117,3396.87841182572,0.9847048528638901,60.0
57118,3396.8791062701644,0.98403189205025,60.0
57119,3396.879800714609,0.9848254127839334,60.0
57120,3396.880495159053,0.9847643301460467,60.0
57121,3396.8811896034977,0.9852958552274901,60.0
57122,3396.881884047942,0.98462149476075,60.0
57123,3396.8825784923865,0.9848557690892034,60.0
57124,3396.883272936831,0.9843791848558266,60.0
57125,3396.8839673812754,0.9846522703973101,60.0
57126,3396.88466182572,0.9841979202188367,60.0
57127,3396.8853562701643,0.984195239651505,60.0
57128,3396.8860507146087,0.9856139356855933,60.0
57129,3396.886745159053,0.9832977966864,60.0
57130,3396.8874396034976,0.9853653360395366,60.0
57131,3396.888134047942,0.98555311181715,60.0
57132,3396.8888284923864,0.9861954966657166,60.0
57133,3396.889522936831,0.9848697578289767,60.0
57134,3396.8902173812753,0.9851781392779267,60.0
57135,3396.8909118257197,0.9851424553644134,60.0
57136,3396.891606270164,0.9853009365151267,60.0
57137,3396.8923007146086,0.9853695325892401,60.0
57138,3396.892995159053,0.9852853154628632,60.0
57139,3396.8936896034975,0.9855218282698567,60.0
57140,3396.894384047942,0.9856285638631833,60.0
57141,3396.8950784923863,0.9845982418147267,60.0
57142,3396.895772936831,0.9855134042168233,60.0
57143,3396.896467381275,0.9854837633098333,60.0
57144,3396.8971618257196,0.9848122568376234,60.0
57145,3396.897856270164,0.9860352228185634,60.0
57146,3396.8985507146085,0.985193681533475,60.0
57147,3396.899245159053,0.9855683138420299,60.0
57148,3396.8999396034974,0.9848119155698849,60.0
57149,3396.900634047942,0.9851720914874601,60.0
57150,3396.9013284923863,0.9858829708597466,60.0
57151,3396.9020229368307,0.9841529487688367,60.0
57152,3396.902717381275,0.9847300748284734,60.0
57153,3396.9034118257196,0.9859594944705433,60.0
57154,3396.904106270164,0.9860922359869967,60.0
57155,3396.9048007146084,0.9849036414636467,60.0
57156,3396.905495159053,0.98552561130295,60.0
57157,3396.9061896034973,0.9854152596903066,60.0
57158,3396.9068840479417,0.9846360490210566,60.0
57159,3396.907578492386,0.9842124032109899,60.0
57160,3396.9082729368306,0.9855739170154366,60.0
57161,3396.908967381275,0.9851426800952,60.0
57162,3396.9096618257195,0.9858740090297267,60.0
57163,3396.910356270164,0.9860731853746066,60.0
57164,3396.9110507146083,0.9844093154813566,60.0
57165,3396.9117451590528,0.9851688991636399,60.0
57166,3396.912439603497,0.9849730978453067,60.0
57167,3396.9131340479416,0.9846953043034633,60.0
57168,3396.913828492386,0.9849040670786167,60.0
57169,3396.9145229368305,0.98568477374745,60.0
57170,3396.915217381275,0.9869895484310534,60.0
57171,3396.9159118257194,0.9860826804757767,60.0
57172,3396.916606270164,0.9853024929601967,60.0
57173,3396.9173007146082,0.98549820961877,60.0
57174,3396.9179951590527,0.9856053363103233,60.0
57175,3396.918689603497,0.98621350034168,60.0
57176,3396.9193840479415,0.9853120689301833,60.0
57177,3396.920078492386,0.9863637973308367,60.0
57178,3396.9207729368304,0.9852982284715767,60.0
57179,3396.921467381275,0.9859892643207733,60.0
57180,3396.9221618257193,0.9857005172486835,60.0
57181,3396.9228562701637,0.98405544758959,60.0
57182,3396.923550714608,0.9849543712378733,60.0
57183,3396.9242451590526,0.9856299138437734,60.0
57184,3396.924939603497,0.98557929749621,60.0
57185,3396.9256340479415,0.9851323095965766,60.0
57186,3396.926328492386,0.9864275421729335,60.0
57187,3396.9270229368303,0.98582603038057,60.0
57188,3396.9277173812748,0.9861177410854567,60.0
57189,3396.928411825719,0.9863267244130633,60.0
57190,3396.9291062701636,0.9861030020260667,60.0
57191,3396.929800714608,0.9867887276662434,60.0
57192,3396.9304951590525,0.98519610111406,60.0
57193,3396.931189603497,0.9862062562433933,60.0
57194,3396.9318840479414,0.9862722101028966,60.0
57195,3396.932578492386,0.9850242638174199,60.0
57196,3396.9332729368302,0.98499002607394,60.0
57197,3396.9339673812747,0.9865993802137799,60.0
57198,3396.934661825719,0.9850576608145934,60.0
57199,3396.9353562701635,0.9852304545532699,60.0
57200,3396.936050714608,0.9863378567372934,60.0
57201,3396.9367451590524,0.9856037794744167,60.0
57202,3396.937439603497,0.985416830900615,60.0
57203,3396.9381340479413,0.9856100763344801,60.0
57204,3396.9388284923857,0.9856824911293834,60.0
57205,3396.93952293683,0.9867092239259133,60.0
57206,3396.9402173812746,0.9867754716285333,60.0
57207,3396.940911825719,0.9850821159980566,60.0
57208,3396.9416062701634,0.9855979337466834,60.0
57209,3396.942300714608,0.9860435199945167,60.0
57210,3396.9429951590523,0.9862455783869567,60.0
57211,3396.9436896034968,0.9873908354620999,60.0
57212,3396.944384047941,0.9854730828987966,60.0
57213,3396.9450784923856,0.9857213862258467,60.0
57214,3396.94577293683,0.9862518427518433,60.0
57215,3396.9464673812745,0.9865860369569467,60.0
57216,3396.947161825719,0.98561753216522,60.0
57217,3396.9478562701634,0.9856795221802567,60.0
57218,3396.948550714608,0.9850572954730801,60.0
57219,3396.949245159052,0.98669171783327,60.0
57220,3396.9499396034967,0.9859344001149334,60.0
57221,3396.950634047941,0.9856468300347067,60.0
57222,3396.9513284923855,0.9869479593622433,60.0
57223,3396.95202293683,0.9860329090342832,60.0
57224,3396.9527173812744,0.9852779939177433,60.0
57225,3396.953411825719,0.9847148837403134,60.0
57226,3396.9541062701633,0.9859948705356366,60.0
57227,3396.9548007146077,0.98538140583003,60.0
57228,3396.955495159052,0.9861974716915599,60.0
57229,3396.9561896034966,0.987621531014885,60.0
57230,3396.956884047941,0.98790884598027,60.0
57231,3396.9575784923854,0.9865592950720634,60.0
57232,3396.95827293683,0.9860487132861467,60.0
57233,3396.9589673812743,0.9853807632308834,60.0
57234,3396.9596618257187,0.9852089598049966,60.0
57235,3396.960356270163,0.9862529910904133,60.0
57236,3396.9610507146076,0.9862223363326234,60.0
57237,3396.961745159052,0.9862023884962268,60.0
57238,3396.9624396034965,0.98634125603891,60.0
57239,3396.963134047941,0.98540165041293,60.0
57240,3396.9638284923853,0.9872760274708834,60.0
57241,3396.96452293683,0.9864065419181735,60.0
57242,3396.965217381274,0.9869491607724467,60.0
57243,3396.9659118257186,0.9866753011031734,60.0
57244,3396.966606270163,0.9861128008485668,60.0
57245,3396.9673007146075,0.9859158950368699,60.0
57246,3396.967995159052,0.9862731360113433,60.0
57247,3396.9686896034964,0.9854923307574867,60.0
57248,3396.969384047941,0.98613417130624,60.0
57249,3396.9700784923853,0.9852691916331132,60.0
57250,3396.9707729368297,0.9865405998137134,60.0
57251,3396.971467381274,0.9867331415375666,60.0
57252,3396.9721618257186,0.9867580267684133,60.0
57253,3396.972856270163,0.9866150375241034,60.0
57254,3396.9735507146074,0.9865624376149166,60.0
57255,3396.974245159052,0.9858871315208168,60.0
57256,3396.9749396034963,0.98637131446201,60.0
57257,3396.9756340479407,0.9860872619988367,60.0
57258,3396.976328492385,0.9863273769576767,60.0
57259,3396.9770229368296,0.9876611692307651,60.0
57260,3396.977717381274,0.9856667610224233,60.0
57261,3396.9784118257185,0.9868444530559434,60.0
57262,3396.979106270163,0.985263663984015,60.0
57263,3396.9798007146073,0.9861052402383433,60.0
57264,3396.9804951590518,0.9878733550886266,60.0
57265,3396.981189603496,0.9866755187664634,60.0
57266,3396.9818840479406,0.9865958062566134,60.0
57267,3396.982578492385,0.9864401228815467,60.0
57268,3396.9832729368295,0.98577269446791,60.0
57269,3396.983967381274,0.9859368816191,60.0
57270,3396.9846618257184,0.9862019455861967,60.0
57271,3396.985356270163,0.9875959123875967,60.0
57272,3396.9860507146072,0.98633255585472,60.0
57273,3396.9867451590517,0.9862646091072733,60.0
57274,3396.987439603496,0.9868985337419133,60.0
57275,3396.9881340479405,0.9867011752194234,60.0
57276,3396.988828492385,0.9859854231190733,60.0
57277,3396.9895229368294,0.9867630411439067,60.0
57278,3396.990217381274,0.9868962908533301,60.0
57279,3396.9909118257183,0.9859309862372833,60.0
57280,3396.9916062701627,0.9865391601632467,60.0
57281,3396.992300714607,0.9870104756513634,60.0
57282,3396.9929951590516,0.9862412882916368,60.0
57283,3396.993689603496,0.9870659866508767,60.0
57284,3396.9943840479405,0.9862785376066165,60.0
57285,3396.995078492385,0.9871267295878766,60.0
57286,3396.9957729368293,0.98675017644187,60.0
57287,3396.9964673812738,0.9871902752389801,60.0
57288,3396.997161825718,0.9874145693662832,60.0
57289,3396.9978562701626,0.987575419482495,60.0
57290,3396.998550714607,0.9862049865384434,60.0
57291,3396.9992451590515,0.9854707222014433,60.0
57292,3396.999939603496,0.9864234903629067,60.0
57293,3397.0006340479404,0.9873849370925499,60.0
57294,3397.001328492385,0.98622378048155,60.0
57295,3397.0020229368292,0.9868377493719867,60.0
57296,3397.0027173812737,0.9861339562443333,60.0
57297,3397.003411825718,0.9865338181073233,60.0
57298,3397.0041062701625,0.9870183621461233,60.0
57299,3397.004800714607,0.987324579157435,60.0
57300,3397.0054951590514,0.98695197611993,60.0
57301,3397.006189603496,0.9870357808445233,60.0
57302,3397.0068840479403,0.9864841204206299,60.0
57303,3397.0075784923847,0.9873560312128268,60.0
57304,3397.008272936829,0.98863277888873,60.0
57305,3397.0089673812736,0.987471614323065,60.0
57306,3397.009661825718,0.9866097960921567,60.0
57307,3397.0103562701624,0.9875038976948534,60.0
57308,3397.011050714607,0.9859782449375999,60.0
57309,3397.0117451590513,0.9875987133029699,60.0
57310,3397.0124396034957,0.9873006261594134,60.0
57311,3397.01313404794,0.9871776614120034,60.0
57312,3397.0138284923846,0.9868857407148433,60.0
57313,3397.014522936829,0.9866213548667234,60.0
57314,3397.0152173812735,0.9874541485851833,60.0
57315,3397.015911825718,0.9871306551704132,60.0
57316,3397.0166062701624,0.9865779742757833,60.0
57317,3397.017300714607,0.9880942328642499,60.0
57318,3397.017995159051,0.9870330815469966,60.0
57319,3397.0186896034957,0.9873573322723833,60.0
57320,3397.01938404794,0.9865245276173468,60.0
57321,3397.0200784923845,0.9876042244594067,60.0
57322,3397.020772936829,0.9868093116323632,60.0
57323,3397.0214673812734,0.9878865663785433,60.0
57324,3397.022161825718,0.9871386843266367,60.0
57325,3397.0228562701623,0.9870152572094032,60.0
57326,3397.0235507146067,0.98715383283414,60.0
57327,3397.024245159051,0.9865574784038134,60.0
57328,3397.0249396034956,0.98576650590861,60.0
57329,3397.02563404794,0.9867711870499166,60.0
57330,3397.0263284923844,0.9870363247011232,60.0
57331,3397.027022936829,0.9872031542333,60.0
57332,3397.0277173812733,0.9874288741520066,60.0
57333,3397.0284118257177,0.9870597599755867,60.0
57334,3397.029106270162,0.9859834981388701,60.0
57335,3397.0298007146066,0.98760776669777,60.0
57336,3397.030495159051,0.9879147678781134,60.0
57337,3397.0311896034955,0.98728633993267,60.0
57338,3397.03188404794,0.98746289808599,60.0
57339,3397.0325784923843,0.9874050567739899,60.0
57340,3397.033272936829,0.9874489350705867,60.0
57341,3397.033967381273,0.9877446305827301,60.0
57342,3397.0346618257176,0.9883834718188199,60.0
57343,3397.035356270162,0.9879691271541734,60.0
57344,3397.0360507146065,0.9866093817620266,60.0
57345,3397.036745159051,0.9869284158808199,60.0
57346,3397.0374396034954,0.9873675831598799,60.0
57347,3397.03813404794,0.9870103144848432,60.0
57348,3397.0388284923843,0.9865352289064466,60.0
57349,3397.0395229368287,0.9874234682688866,60.0
57350,3397.040217381273,0.9861809363210999,60.0
57351,3397.0409118257176,0.9874049934081865,60.0
57352,3397.041606270162,0.98698742296554,60.0
57353,3397.0423007146064,0.9880207391515949,60.0
57354,3397.042995159051,0.9874067064354334,60.0
57355,3397.0436896034953,0.98734039920166,60.0
57356,3397.0443840479397,0.9871819593989133,60.0
57357,3397.045078492384,0.9873443569249835,60.0
57358,3397.0457729368286,0.9869633028379167,60.0
57359,3397.046467381273,0.9875698401867467,60.0
57360,3397.0471618257175,0.98720576750513,60.0
57361,3397.047856270162,0.9878444587140834,60.0
57362,3397.0485507146063,0.9874443296570034,60.0
57363,3397.0492451590508,0.98640127058279,60.0
57364,3397.049939603495,0.9885497081638066,60.0
57365,3397.0506340479396,0.9876999131630999,60.0
57366,3397.051328492384,0.9882163252434499,60.0
57367,3397.0520229368285,0.9872296457282767,60.0
57368,3397.052717381273,0.9871888174251966,60.0
57369,3397.0534118257174,0.9875146169552066,60.0
57370,3397.054106270162,0.9873798008009368,60.0
57371,3397.0548007146062,0.9876529909378701,60.0
57372,3397.0554951590507,0.9871658395509767,60.0
57373,3397.056189603495,0.9869610093536934,60.0
57374,3397.0568840479395,0.9877707212762834,60.0
57375,3397.057578492384,0.9878412680908267,60.0
57376,3397.0582729368284,0.9884711158727066,60.0
57377,3397.058967381273,0.9871233932523933,60.0
57378,3397.0596618257173,0.98826925845342,60.0
57379,3397.0603562701617,0.9876132662657601,60.0
57380,3397.061050714606,0.9875900544988233,60.0
57381,3397.0617451590506,0.9887129681033601,60.0
57382,3397.062439603495,0.9876844944889,60.0
57383,3397.0631340479395,0.98751349804765,60.0
57384,3397.063828492384,0.9879374019972467,60.0
57385,3397.0645229368283,0.98813107612403,60.0
57386,3397.0652173812728,0.98810112459707,60.0
57387,3397.065911825717,0.9877416385141634,60.0
57388,3397.0666062701616,0.9878278454898667,60.0
57389,3397.067300714606,0.9874652451677868,60.0
57390,3397.0679951590505,0.9883190028646932,60.0
57391,3397.068689603495,0.9882343267375501,60.0
57392,3397.0693840479394,0.9873237218646768,60.0
57393,3397.070078492384,0.9879746392838166,60.0
57394,3397.0707729368282,0.9880475648542166,60.0
57395,3397.0714673812727,0.9887409839826566,60.0
57396,3397.072161825717,0.9875417225545634,60.0
57397,3397.0728562701615,0.9874246857306667,60.0
57398,3397.073550714606,0.9883044496861,60.0
57399,3397.0742451590504,0.9887595876970735,60.0
57400,3397.074939603495,0.9881302734581734,60.0
57401,3397.0756340479393,0.9881180031085933,60.0
57402,3397.0763284923837,0.9880471091861667,60.0
57403,3397.077022936828,0.9874221536609967,60.0
57404,3397.0777173812726,0.9874602984461601,60.0
57405,3397.078411825717,0.9876545347378234,60.0
57406,3397.0791062701614,0.9872357438446033,60.0
57407,3397.079800714606,0.9883873277353433,60.0
57408,3397.0804951590503,0.9878012922714966,60.0
57409,3397.0811896034947,0.9884704605085632,60.0
57410,3397.081884047939,0.9877021868222466,60.0
57411,3397.0825784923836,0.9880159070905967,60.0
57412,3397.083272936828,0.9883239855503567,60.0
57413,3397.0839673812725,0.9882817068308749,60.0
57414,3397.084661825717,0.98862493299213,60.0
57415,3397.0853562701614,0.9877066269897533,60.0
57416,3397.086050714606,0.9884687069701367,60.0
57417,3397.08674515905,0.98883900532851,60.0
57418,3397.0874396034947,0.9887741879996633,60.0
57419,3397.088134047939,0.9875673256309666,60.0
57420,3397.0888284923835,0.9887630414417833,60.0
57421,3397.089522936828,0.9886892142195266,60.0
57422,3397.0902173812724,0.9877160276833367,60.0
57423,3397.090911825717,0.9878317246443333,60.0
57424,3397.0916062701613,0.9876812974429466,60.0
57425,3397.0923007146057,0.9880912892949634,60.0
57426,3397.09299515905,0.98820822178479,60.0
57427,3397.0936896034946,0.98862634871683,60.0
57428,3397.094384047939,0.9879388065737299,60.0
57429,3397.0950784923834,0.98736656240111,60.0
57430,3397.095772936828,0.9884464436137633,60.0
57431,3397.0964673812723,0.9882292743317299,60.0
57432,3397.0971618257167,0.9877477541141366,60.0
57433,3397.097856270161,0.98763146831093,60.0
57434,3397.0985507146056,0.98698911992817,60.0
57435,3397.09924515905,0.98883118214663,60.0
57436,3397.0999396034945,0.98741075711554,60.0
57437,3397.100634047939,0.9880145344360267,60.0
57438,3397.1013284923833,0.9885477375174133,60.0
57439,3397.102022936828,0.98760590958543,60.0
57440,3397.102717381272,0.98891874553143,60.0
57441,3397.1034118257166,0.9891300876476299,60.0
57442,3397.104106270161,0.9878257287673233,60.0
57443,3397.1048007146055,0.9885658237586433,60.0
57444,3397.10549515905,0.9877008088034134,60.0
57445,3397.1061896034944,0.9886731827724367,60.0
57446,3397.106884047939,0.9883258250385466,60.0
57447,3397.1075784923833,0.9887706892339466,60.0
57448,3397.1082729368277,0.9882476377095201,60.0
57449,3397.108967381272,0.9896363248862067,60.0
57450,3397.1096618257166,0.9887999386260601,60.0
57451,3397.110356270161,0.9884753477254332,60.0
57452,3397.1110507146054,0.9888994285981001,60.0
57453,3397.11174515905,0.9870548379587868,60.0
57454,3397.1124396034943,0.9887503777115799,60.0
57455,3397.1131340479387,0.9883642202010566,60.0
57456,3397.113828492383,0.9882638024142866,60.0
57457,3397.1145229368276,0.9876121784821733,60.0
57458,3397.115217381272,0.9883407564312899,60.0
57459,3397.1159118257165,0.9879728768967966,60.0
57460,3397.116606270161,0.98845812608949,60.0
57461,3397.1173007146053,0.9881742960484866,60.0
57462,3397.1179951590498,0.9888098423966433,60.0
57463,3397.118689603494,0.9882149112495432,60.0
57464,3397.1193840479386,0.98832796145618,60.0
57465,3397.120078492383,0.9879312561596634,60.0
57466,3397.1207729368275,0.9875873777593934,60.0
57467,3397.121467381272,0.9885865732225,60.0
57468,3397.1221618257164,0.9883465472137,60.0
57469,3397.122856270161,0.9893959076672968,60.0
57470,3397.1235507146052,0.9884043883995001,60.0
57471,3397.1242451590497,0.9875855826600034,60.0
57472,3397.124939603494,0.9894241037213201,60.0
57473,3397.1256340479385,0.9887151104675067,60.0
57474,3397.126328492383,0.9879893855164034,60.0
57475,3397.1270229368274,0.988743101856185,60.0
57476,3397.127717381272,0.9875733588452565,60.0
57477,3397.1284118257163,0.9880280279379267,60.0
57478,3397.1291062701607,0.98873630913423,60.0
57479,3397.129800714605,0.98971161872125,60.0
57480,3397.1304951590496,0.9878126557788834,60.0
57481,3397.131189603494,0.98931682402376,60.0
57482,3397.1318840479385,0.9884315478531699,60.0
57483,3397.132578492383,0.9879918117353332,60.0
57484,3397.1332729368273,0.9877711332526133,60.0
57485,3397.1339673812718,0.9887774834044066,60.0
57486,3397.134661825716,0.98855511985457,60.0
57487,3397.1353562701606,0.988558791090015,60.0
57488,3397.136050714605,0.98797200971538,60.0
57489,3397.1367451590495,0.9889871811937533,60.0
57490,3397.137439603494,0.9887085705784767,60.0
57491,3397.1381340479384,0.9886639615158633,60.0
57492,3397.138828492383,0.9891943145991267,60.0
57493,3397.1395229368272,0.9888082719721766,60.0
57494,3397.1402173812717,0.9878107271994366,60.0
57495,3397.140911825716,0.9889768332820332,60.0
57496,3397.1416062701605,0.9888899594386299,60.0
57497,3397.142300714605,0.9891337986180466,60.0
57498,3397.1429951590494,0.98880846566408,60.0
57499,3397.143689603494,0.9884139364742968,60.0
57500,3397.1443840479383,0.9893025266437401,60.0
57501,3397.1450784923827,0.9884520223515234,60.0
57502,3397.145772936827,0.9886707521939767,60.0
57503,3397.1464673812716,0.9889437457270366,60.0
57504,3397.147161825716,0.9884279329821201,60.0
57505,3397.1478562701604,0.9896412222277866,60.0
57506,3397.148550714605,0.9883337627233634,60.0
57507,3397.1492451590493,0.9888761169056832,60.0
57508,3397.1499396034937,0.9889777401200367,60.0
57509,3397.150634047938,0.9892764593416566,60.0
57510,3397.1513284923826,0.9886415115192433,60.0
57511,3397.152022936827,0.9892424114374467,60.0
57512,3397.1527173812715,0.9900149404610367,60.0
57513,3397.153411825716,0.9891487617078633,60.0
57514,3397.1541062701604,0.9892049909036699,60.0
57515,3397.154800714605,0.98861294358302,60.0
57516,3397.155495159049,0.98930382011169,60.0
57517,3397.1561896034937,0.98834971939595,60.0
57518,3397.156884047938,0.9888686427518367,60.0
57519,3397.1575784923825,0.9895489366656066,60.0
57520,3397.158272936827,0.9881656232303465,60.0
57521,3397.1589673812714,0.99003424411789,60.0
57522,3397.159661825716,0.9893806684175134,60.0
57523,3397.1603562701603,0.9887221222655501,60.0
57524,3397.1610507146047,0.9891294822949632,60.0
57525,3397.161745159049,0.9896454093725334,60.0
57526,3397.1624396034936,0.9892918594080701,60.0
57527,3397.163134047938,0.98822815121117,60.0
57528,3397.1638284923824,0.9892703833623733,60.0
57529,3397.164522936827,0.9883508911961499,60.0
57530,3397.1652173812713,0.9890518714515734,60.0
57531,3397.1659118257157,0.9898377162806901,60.0
57532,3397.16660627016,0.9894758818636166,60.0
57533,3397.1673007146046,0.9887481760043734,60.0
57534,3397.167995159049,0.9888411861359366,60.0
57535,3397.1686896034935,0.9895497394453567,60.0
57536,3397.169384047938,0.98889746098574,60.0
57537,3397.1700784923823,0.9892147224019534,60.0
57538,3397.170772936827,0.98951860796525,60.0
57539,3397.171467381271,0.98940259478396,60.0
57540,3397.1721618257156,0.9896799400740801,60.0
57541,3397.17285627016,0.9890554904279633,60.0
57542,3397.1735507146045,0.9893204601830999,60.0
57543,3397.174245159049,0.9903927354237166,60.0
57544,3397.1749396034934,0.9888654915563667,60.0
57545,3397.175634047938,0.9892358739422001,60.0
57546,3397.1763284923823,0.98891526593133,60.0
57547,3397.1770229368267,0.9900618176542899,60.0
57548,3397.177717381271,0.9890203817239632,60.0
57549,3397.1784118257156,0.9878511378616066,60.0
57550,3397.17910627016,0.9890628900248201,60.0
57551,3397.1798007146044,0.9889417303879032,60.0
57552,3397.180495159049,0.9892555231282266,60.0
57553,3397.1811896034933,0.9892421180855533,60.0
57554,3397.1818840479377,0.9888052087031434,60.0
57555,3397.182578492382,0.9896529355903168,60.0
57556,3397.1832729368266,0.9896067591719566,60.0
57557,3397.183967381271,0.9894894482434466,60.0
57558,3397.1846618257155,0.9891237550779101,60.0
57559,3397.18535627016,0.9897779927292201,60.0
57560,3397.1860507146043,0.98962551815473,60.0
57561,3397.1867451590488,0.989667933355035,60.0
57562,3397.187439603493,0.9896863929083733,60.0
57563,3397.1881340479376,0.9890134140000099,60.0
57564,3397.188828492382,0.9895176852315734,60.0
57565,3397.1895229368265,0.9885138250041866,60.0
57566,3397.190217381271,0.9897543425593568,60.0
57567,3397.1909118257154,0.9900336948423201,60.0
57568,3397.19160627016,0.9895234824458466,60.0
57569,3397.1923007146042,0.9896721298730067,60.0
57570,3397.1929951590487,0.9905618391190633,60.0
57571,3397.193689603493,0.9904061639582533,60.0
57572,3397.1943840479375,0.9898178469679166,60.0
57573,3397.195078492382,0.9896923882639,60.0
57574,3397.1957729368264,0.9895033580386701,60.0
57575,3397.196467381271,0.9899164076743033,60.0
57576,3397.1971618257153,0.9900091430997467,60.0
57577,3397.1978562701597,0.9895509674426534,60.0
57578,3397.198550714604,0.98940381106887,60.0
57579,3397.1992451590486,0.9897661184212767,60.0
57580,3397.199939603493,0.99086030558732,60.0
57581,3397.2006340479375,0.9895322578438633,60.0
57582,3397.201328492382,0.9886279867167334,60.0
57583,3397.2020229368263,0.9898816177187832,60.0
57584,3397.2027173812708,0.9898514691844834,60.0
57585,3397.203411825715,0.9896813150987,60.0
57586,3397.2041062701596,0.99008119739528,60.0
57587,3397.204800714604,0.9897890300520299,60.0
57588,3397.2054951590485,0.9907510208630134,60.0
57589,3397.206189603493,0.9897324438481033,60.0
57590,3397.2068840479374,0.9891428531314501,60.0
57591,3397.207578492382,0.9896492953072699,60.0
57592,3397.2082729368262,0.98968929828738,60.0
57593,3397.2089673812707,0.98891548171016,60.0
57594,3397.209661825715,0.9911703012672967,60.0
57595,3397.2103562701595,0.9894979594901967,60.0
57596,3397.211050714604,0.9896250608983767,60.0
57597,3397.2117451590484,0.9896541573152934,60.0
57598,3397.212439603493,0.9906104532610133,60.0
57599,3397.2131340479373,0.98996452273267,60.0
57600,3397.2138284923817,0.9900062352263167,60.0
57601,3397.214522936826,0.9906078221540268,60.0
57602,3397.2152173812706,0.9900527628570001,60.0
57603,3397.215911825715,0.9905354225376733,60.0
57604,3397.2166062701594,0.9908614385627565,60.0
57605,3397.217300714604,0.99033843042623,60.0
57606,3397.2179951590483,0.9915362916219267,60.0
57607,3397.2186896034927,0.9893908584874899,60.0
57608,3397.219384047937,0.9892668618465567,60.0
57609,3397.2200784923816,0.99159782403061,60.0
57610,3397.220772936826,0.9897190441737367,60.0
57611,3397.2214673812705,0.99011311853953,60.0
57612,3397.222161825715,0.9897273994180367,60.0
57613,3397.2228562701594,0.98958112325165,60.0
57614,3397.223550714604,0.9904753348219567,60.0
57615,3397.224245159048,0.9908707914471933,60.0
57616,3397.2249396034927,0.9897988605037066,60.0
57617,3397.225634047937,0.9894821813480866,60.0
57618,3397.2263284923815,0.9898351265759132,60.0
57619,3397.227022936826,0.9901963700920399,60.0
57620,3397.2277173812704,0.9905610775836365,60.0
57621,3397.228411825715,0.9903509557042334,60.0
57622,3397.2291062701593,0.9901888586786832,60.0
57623,3397.2298007146037,0.9900303642138434,60.0
57624,3397.230495159048,0.9898582937089667,60.0
57625,3397.2311896034926,0.9905188955068635,60.0
57626,3397.231884047937,0.9901333311501768,60.0
57627,3397.2325784923814,0.9907725659949899,60.0
57628,3397.233272936826,0.99075558756996,60.0
57629,3397.2339673812703,0.990889638686885,60.0
57630,3397.2346618257147,0.9903581934328766,60.0
57631,3397.235356270159,0.9894776389199166,60.0
57632,3397.2360507146036,0.9903446897454401,60.0
57633,3397.236745159048,0.9909558222300734,60.0
57634,3397.2374396034925,0.9901140579610033,60.0
57635,3397.238134047937,0.9912847588105634,60.0
57636,3397.2388284923813,0.9909774728944366,60.0
57637,3397.239522936826,0.9904623155298901,60.0
57638,3397.24021738127,0.9912987607030667,60.0
57639,3397.2409118257146,0.98959725705844,60.0
57640,3397.241606270159,0.9907360680272301,60.0
57641,3397.2423007146035,0.99021355347602,60.0
57642,3397.242995159048,0.9899405927573833,60.0
57643,3397.2436896034924,0.99035746140927,60.0
57644,3397.244384047937,0.9912146084060166,60.0
57645,3397.2450784923813,0.99170818578538,60.0
57646,3397.2457729368257,0.9901155745470899,60.0
57647,3397.24646738127,0.9906388954311534,60.0
57648,3397.2471618257146,0.9892255081837135,60.0
57649,3397.247856270159,0.99012079118913,60.0
57650,3397.2485507146034,0.9902447505874967,60.0
57651,3397.249245159048,0.9913247656255867,60.0
57652,3397.2499396034923,0.9907404161912967,60.0
57653,3397.2506340479367,0.99040639598072,60.0
57654,3397.251328492381,0.9900602720287967,60.0
57655,3397.2520229368256,0.9898846182834299,60.0
57656,3397.25271738127,0.9897684020622567,60.0
57657,3397.2534118257145,0.9898818719563965,60.0
57658,3397.254106270159,0.9903886185016333,60.0
57659,3397.2548007146033,0.9908521300054166,60.0
57660,3397.2554951590478,0.9907701798126199,60.0
57661,3397.256189603492,0.9913085334064301,60.0
57662,3397.2568840479366,0.98992053521684,60.0
57663,3397.257578492381,0.9899672248598134,60.0
57664,3397.2582729368255,0.9914228772502334,60.0
57665,3397.25896738127,0.9908509573605899,60.0
57666,3397.2596618257144,0.9901856719177067,60.0
57667,3397.260356270159,0.9908369560613467,60.0
57668,3397.2610507146032,0.9906582093150567,60.0
57669,3397.2617451590477,0.99193603003833,60.0
57670,3397.262439603492,0.990621911755755,60.0
57671,3397.2631340479365,0.9909608193763234,60.0
57672,3397.263828492381,0.9904349670452133,60.0
57673,3397.2645229368254,0.9909763199522766,60.0
57674,3397.26521738127,0.9907220137789167,60.0
57675,3397.2659118257143,0.99117593607195,60.0
57676,3397.2666062701587,0.9916677703540634,60.0
57677,3397.267300714603,0.9896744820482866,60.0
57678,3397.2679951590476,0.9905666070253399,60.0
57679,3397.268689603492,0.9906300673538398,60.0
57680,3397.2693840479365,0.9909018060419132,60.0
57681,3397.270078492381,0.9910451951626533,60.0
57682,3397.2707729368253,0.9910929903003,60.0
57683,3397.2714673812698,0.9907599396818749,60.0
57684,3397.272161825714,0.9911455704240967,60.0
57685,3397.2728562701586,0.9903634751117,60.0
57686,3397.273550714603,0.9912992321485833,60.0
57687,3397.2742451590475,0.99099798196799,60.0
57688,3397.274939603492,0.9907039323609633,60.0
57689,3397.2756340479364,0.9903262125290433,60.0
57690,3397.276328492381,0.9899063433997434,60.0
57691,3397.2770229368252,0.9909771209251333,60.0
57692,3397.2777173812697,0.9917510479003034,60.0
57693,3397.278411825714,0.9907809312532967,60.0
57694,3397.2791062701585,0.9900553571673201,60.0
57695,3397.279800714603,0.99139003220122,60.0
57696,3397.2804951590474,0.9910054804175467,60.0
57697,3397.281189603492,0.9911960201957234,60.0
57698,3397.2818840479363,0.9905978045988201,60.0
57699,3397.2825784923807,0.9910647181291901,60.0
57700,3397.283272936825,0.9910987233713966,60.0
57701,3397.2839673812696,0.99073515678538,60.0
57702,3397.284661825714,0.9915656506573699,60.0
57703,3397.2853562701584,0.9909892225573232,60.0
57704,3397.286050714603,0.9915900243527433,60.0
57705,3397.2867451590473,0.9913884246859199,60.0
57706,3397.2874396034917,0.99132941015323,60.0
57707,3397.288134047936,0.9908324906757667,60.0
57708,3397.2888284923806,0.9912067034348734,60.0
57709,3397.289522936825,0.9907960360642201,60.0
57710,3397.2902173812695,0.9903635294023867,60.0
57711,3397.290911825714,0.99137938278393,60.0
57712,3397.2916062701584,0.9914192963725167,60.0
57713,3397.292300714603,0.9913414326061133,60.0
57714,3397.292995159047,0.9909881685926633,60.0
57715,3397.2936896034917,0.9912611665540734,60.0
57716,3397.294384047936,0.9914292402216867,60.0
57717,3397.2950784923805,0.9910000396337599,60.0
57718,3397.295772936825,0.9912506855159651,60.0
57719,3397.2964673812694,0.9906628036758233,60.0
57720,3397.297161825714,0.9913631744016467,60.0
57721,3397.2978562701583,0.9916305162088599,60.0
57722,3397.2985507146027,0.9910644527571151,60.0
57723,3397.299245159047,0.991635852385125,60.0
57724,3397.2999396034916,0.99034306194911,60.0
57725,3397.300634047936,0.9911072362107434,60.0
57726,3397.3013284923804,0.9917810923472032,60.0
57727,3397.302022936825,0.9928854461921367,60.0
57728,3397.3027173812693,0.9908641636831167,60.0
57729,3397.3034118257137,0.9906405468473066,60.0
57730,3397.304106270158,0.9921913846252833,60.0
57731,3397.3048007146026,0.9916439274875867,60.0
57732,3397.305495159047,0.99067376171286,60.0
57733,3397.3061896034915,0.9912721310262699,60.0
57734,3397.306884047936,0.99198677083476,60.0
57735,3397.3075784923803,0.99162225451632,60.0
57736,3397.308272936825,0.9906388088696367,60.0
57737,3397.308967381269,0.9911869455022799,60.0
57738,3397.3096618257136,0.9924491216911834,60.0
57739,3397.310356270158,0.9917281963311032,60.0
57740,3397.3110507146025,0.9912724299442233,60.0
57741,3397.311745159047,0.9922483435742766,60.0
57742,3397.3124396034914,0.9924740217191766,60.0
57743,3397.313134047936,0.9910496786573733,60.0
57744,3397.3138284923803,0.991325929053555,60.0
57745,3397.3145229368247,0.99198280068252,60.0
57746,3397.315217381269,0.9917613362632532,60.0
57747,3397.3159118257136,0.9916641568648933,60.0
57748,3397.316606270158,0.9924031569656367,60.0
57749,3397.3173007146024,0.9917595385218033,60.0
57750,3397.317995159047,0.9918766717871099,60.0
57751,3397.3186896034913,0.9909766374460034,60.0
57752,3397.3193840479357,0.9911071686331799,60.0
57753,3397.32007849238,0.9913571778586667,60.0
57754,3397.3207729368246,0.9920448176812434,60.0
57755,3397.321467381269,0.99198929970292,60.0
57756,3397.3221618257135,0.9925018228124066,60.0
57757,3397.322856270158,0.99168351480748,60.0
57758,3397.3235507146023,0.9912547935985067,60.0
57759,3397.3242451590468,0.9917567346225966,60.0
57760,3397.324939603491,0.9911737280382034,60.0
57761,3397.3256340479356,0.9919642846911566,60.0
57762,3397.32632849238,0.9921456774867666,60.0
57763,3397.3270229368245,0.9925910784950034,60.0
57764,3397.327717381269,0.9916622210937933,60.0
57765,3397.3284118257134,0.99139466385886,60.0
57766,3397.329106270158,0.9912945141695534,60.0
57767,3397.3298007146022,0.9916745016388967,60.0
57768,3397.3304951590467,0.9916752088027633,60.0
57769,3397.331189603491,0.9910944212441901,60.0
57770,3397.3318840479355,0.9921761447435099,60.0
57771,3397.33257849238,0.9915016465283234,60.0
57772,3397.3332729368244,0.9918835620977867,60.0
57773,3397.333967381269,0.9915318021648933,60.0
57774,3397.3346618257133,0.991858851090825,60.0
57775,3397.3353562701577,0.9920675378709434,60.0
57776,3397.336050714602,0.9915418763474566,60.0
57777,3397.3367451590466,0.9915843851882149,60.0
57778,3397.337439603491,0.9925218610823433,60.0
57779,3397.3381340479355,0.9918635918377401,60.0
57780,3397.33882849238,0.9919596868437199,60.0
57781,3397.3395229368243,0.9915138053782165,60.0
57782,3397.3402173812688,0.9929269896790066,60.0
57783,3397.340911825713,0.9923570273150734,60.0
57784,3397.3416062701576,0.9907422586779933,60.0
57785,3397.342300714602,0.99158481844432,60.0
57786,3397.3429951590465,0.99096120245314,60.0
57787,3397.343689603491,0.9918907951675934,60.0
57788,3397.3443840479354,0.99293832937675,60.0
57789,3397.34507849238,0.99161275691554,60.0
57790,3397.3457729368242,0.99232648499034,60.0
57791,3397.3464673812687,0.99123356014882,60.0
57792,3397.347161825713,0.99253473357635,60.0
57793,3397.3478562701575,0.9907683423231967,60.0
57794,3397.348550714602,0.99252330821379,60.0
57795,3397.3492451590464,0.9927134712260134,60.0
57796,3397.349939603491,0.99345665428828,60.0
57797,3397.3506340479353,0.99132317824768,60.0
57798,3397.3513284923797,0.9920014135374501,60.0
57799,3397.352022936824,0.99272049095654,60.0
57800,3397.3527173812686,0.9927639401144767,60.0
57801,3397.353411825713,0.9924948263164466,60.0
57802,3397.3541062701574,0.9932603565226966,60.0
57803,3397.354800714602,0.9914870127377501,60.0
57804,3397.3554951590463,0.9924938968355432,60.0
57805,3397.3561896034907,0.9931056208026567,60.0
57806,3397.356884047935,0.9932829365435101,60.0
57807,3397.3575784923796,0.9920004888653366,60.0
57808,3397.358272936824,0.99209142297991,60.0
57809,3397.3589673812685,0.9922790073246901,60.0
57810,3397.359661825713,0.9927549943388799,60.0
57811,3397.3603562701574,0.9925932493311134,60.0
57812,3397.361050714602,0.9920230705332335,60.0
57813,3397.361745159046,0.99206479229802,60.0
57814,3397.3624396034907,0.9928620180200333,60.0
57815,3397.363134047935,0.9929840589900599,60.0
57816,3397.3638284923795,0.99189838576419,60.0
57817,3397.364522936824,0.9920835374932467,60.0
57818,3397.3652173812684,0.99310758934183,60.0
57819,3397.365911825713,0.99297352481809,60.0
57820,3397.3666062701573,0.99171961373006,60.0
57821,3397.3673007146017,0.9933251138615566,60.0
57822,3397.367995159046,0.9934747017945266,60.0
57823,3397.3686896034906,0.9932452205918233,60.0
57824,3397.369384047935,0.9926448661933233,60.0
57825,3397.3700784923794,0.9924869554314334,60.0
57826,3397.370772936824,0.99202433938936,60.0
57827,3397.3714673812683,0.9925998644239465,60.0
57828,3397.3721618257127,0.9928104199111433,60.0
57829,3397.372856270157,0.9934228665616199,60.0
57830,3397.3735507146016,0.992959502231325,60.0
57831,3397.374245159046,0.9932216895059067,60.0
57832,3397.3749396034905,0.9916263941974667,60.0
57833,3397.375634047935,0.9926604995432466,60.0
57834,3397.3763284923793,0.9924740609518233,60.0
57835,3397.377022936824,0.9920853799449234,60.0
57836,3397.377717381268,0.9918136197439135,60.0
57837,3397.3784118257126,0.9922874341706699,60.0
57838,3397.379106270157,0.99214379963536,60.0
57839,3397.3798007146015,0.9922338009400532,60.0
57840,3397.380495159046,0.9925391390277399,60.0
57841,3397.3811896034904,0.99341440181328,60.0
57842,3397.381884047935,0.9931610446839366,60.0
57843,3397.3825784923793,0.99279259463902,60.0
57844,3397.3832729368237,0.9927051217381567,60.0
57845,3397.383967381268,0.9920835729099234,60.0
57846,3397.3846618257126,0.9930652517904733,60.0
57847,3397.385356270157,0.9923501548768066,60.0
57848,3397.3860507146014,0.99200823222249,60.0
57849,3397.386745159046,0.9930958886017768,60.0
57850,3397.3874396034903,0.9924145042872299,60.0
57851,3397.3881340479347,0.9937954094498732,60.0
57852,3397.388828492379,0.9933040884170034,60.0
57853,3397.3895229368236,0.9920122325733333,60.0
57854,3397.390217381268,0.9917317866780233,60.0
57855,3397.3909118257125,0.99247242309452,60.0
57856,3397.391606270157,0.9930984605006267,60.0
57857,3397.3923007146013,0.9919949942115966,60.0
57858,3397.3929951590458,0.9929134294599334,60.0
57859,3397.39368960349,0.9929474108499666,60.0
57860,3397.3943840479346,0.99276699693264,60.0
57861,3397.395078492379,0.99264094338541,60.0
57862,3397.3957729368235,0.9929835293849599,60.0
57863,3397.396467381268,0.9924495103846134,60.0
57864,3397.3971618257124,0.9925210834914101,60.0
57865,3397.397856270157,0.9930215955428167,60.0
57866,3397.3985507146012,0.9934855292258934,60.0
57867,3397.3992451590457,0.9928313221891033,60.0
57868,3397.39993960349,0.9921709791740533,60.0
57869,3397.4006340479345,0.9924430523808133,60.0
57870,3397.401328492379,0.9929564589775867,60.0
57871,3397.4020229368234,0.9936149990605899,60.0
57872,3397.402717381268,0.9925412700359834,60.0
57873,3397.4034118257123,0.9928703241475767,60.0
57874,3397.4041062701567,0.99357117675031,60.0
57875,3397.404800714601,0.99319651322102,60.0
57876,3397.4054951590456,0.9925953511823534,60.0
57877,3397.40618960349,0.99204989424406,60.0
57878,3397.4068840479345,0.9933418894342667,60.0
57879,3397.407578492379,0.9933944539186532,60.0
57880,3397.4082729368233,0.99262896490835,60.0
57881,3397.4089673812678,0.9927974484380101,60.0
57882,3397.409661825712,0.9923602595223601,60.0
57883,3397.4103562701566,0.99216575278462,60.0
57884,3397.411050714601,0.9929680998281366,60.0
57885,3397.4117451590455,0.9929617862461301,60.0
57886,3397.41243960349,0.9929479160644333,60.0
57887,3397.4131340479344,0.99281296681941,60.0
57888,3397.413828492379,0.9926883196198566,60.0
57889,3397.4145229368232,0.99277324873513,60.0
57890,3397.4152173812677,0.9948436703176666,60.0
57891,3397.415911825712,0.9931179642569532,60.0
57892,3397.4166062701565,0.9932389079900134,60.0
57893,3397.417300714601,0.99340933235253,60.0
57894,3397.4179951590454,0.9920817323307133,60.0
57895,3397.41868960349,0.9926609411074266,60.0
57896,3397.4193840479343,0.9945785605270067,60.0
57897,3397.4200784923787,0.9929638005487665,60.0
57898,3397.420772936823,0.9932294433144334,60.0
57899,3397.4214673812676,0.9932484698574268,60.0
57900,3397.422161825712,0.9930895060277699,60.0
57901,3397.4228562701564,0.9936913622236166,60.0
57902,3397.423550714601,0.9931961599191167,60.0
57903,3397.4242451590453,0.9934118174835432,60.0
57904,3397.4249396034897,0.99269070823745,60.0
57905,3397.425634047934,0.9924208782791833,60.0
57906,3397.4263284923786,0.9930624160149967,60.0
57907,3397.427022936823,0.993755702335325,60.0
57908,3397.4277173812675,0.9930297009981967,60.0
57909,3397.428411825712,0.9933297400828166,60.0
57910,3397.4291062701564,0.9929166925696166,60.0
57911,3397.429800714601,0.9923428961164767,60.0
57912,3397.430495159045,0.992311713032445,60.0
57913,3397.4311896034897,0.9931444641218733,60.0
57914,3397.431884047934,0.9932507049214166,60.0
57915,3397.4325784923785,0.9936630153448167,60.0
57916,3397.433272936823,0.9938870289096368,60.0
57917,3397.4339673812674,0.9930251159002967,60.0
57918,3397.434661825712,0.9941752212274201,60.0
57919,3397.4353562701563,0.9941695073285101,60.0
57920,3397.4360507146007,0.9942009568466367,60.0
57921,3397.436745159045,0.99473487195403,60.0
57922,3397.4374396034896,0.9945731825407934,60.0
57923,3397.438134047934,0.99324015869743,60.0
57924,3397.4388284923784,0.9921747895965568,60.0
57925,3397.439522936823,0.9942474017008532,60.0
57926,3397.4402173812673,0.9938022330294868,60.0
57927,3397.4409118257117,0.99385753808986,60.0
57928,3397.441606270156,0.9934045484040134,60.0
57929,3397.4423007146006,0.9935887476318866,60.0
57930,3397.442995159045,0.99366470403397,60.0
57931,3397.4436896034895,0.9933567054164234,60.0
57932,3397.444384047934,0.99262435354362,60.0
57933,3397.4450784923783,0.9931974686961765,60.0
57934,3397.445772936823,0.9942823141501668,60.0
57935,3397.446467381267,0.9940218809075733,60.0
57936,3397.4471618257116,0.9929872396568232,60.0
57937,3397.447856270156,0.9933309493296401,60.0
57938,3397.4485507146005,0.993932112238835,60.0
57939,3397.449245159045,0.9938153160792567,60.0
57940,3397.4499396034894,0.9939248375400135,60.0
57941,3397.450634047934,0.9938533543557201,60.0
57942,3397.4513284923783,0.9946037093698901,60.0
57943,3397.4520229368227,0.9945422844690968,60.0
57944,3397.452717381267,0.9937060709762133,60.0
57945,3397.4534118257116,0.9935025460971749,60.0
57946,3397.454106270156,0.9944319627246,60.0
57947,3397.4548007146004,0.99422073180305,60.0
57948,3397.455495159045,0.99400655980084,60.0
57949,3397.4561896034893,0.9942584835612466,60.0
57950,3397.4568840479337,0.9952483453189066,60.0
57951,3397.457578492378,0.9937268994038767,60.0
57952,3397.4582729368226,0.9942137639211034,60.0
57953,3397.458967381267,0.99473547323514,60.0
57954,3397.4596618257115,0.9931921585941934,60.0
57955,3397.460356270156,0.9948144668671567,60.0
57956,3397.4610507146003,0.9943759960895333,60.0
57957,3397.4617451590448,0.9939398897739767,60.0
57958,3397.462439603489,0.9940716320797166,60.0
57959,3397.4631340479336,0.9947478560975535,60.0
57960,3397.463828492378,0.9933540190671266,60.0
57961,3397.4645229368225,0.9937658528945633,60.0
57962,3397.465217381267,0.9934957754755701,60.0
57963,3397.4659118257114,0.9934009918777433,60.0
57964,3397.466606270156,0.99368073669319,60.0
57965,3397.4673007146002,0.9937812630761534,60.0
57966,3397.4679951590447,0.99448344690833,60.0
57967,3397.468689603489,0.9947312487155301,60.0
57968,3397.4693840479335,0.9951141528712267,60.0
57969,3397.470078492378,0.9944861409535201,60.0
57970,3397.4707729368224,0.99487537727624,60.0
57971,3397.471467381267,0.9946044918130666,60.0
57972,3397.4721618257113,0.9930939645863166,60.0
57973,3397.4728562701557,0.9943095576113267,60.0
57974,3397.4735507146,0.99357472826343,60.0
57975,3397.4742451590446,0.99411449159374,60.0
57976,3397.474939603489,0.9937034130661534,60.0
57977,3397.4756340479335,0.9942115036703933,60.0
57978,3397.476328492378,0.9939555348001566,60.0
57979,3397.4770229368223,0.9945138921230233,60.0
57980,3397.4777173812668,0.9942472677147466,60.0
57981,3397.478411825711,0.9941806049769233,60.0
57982,3397.4791062701556,0.9947020500554666,60.0
57983,3397.4798007146,0.9941262646154634,60.0
57984,3397.4804951590445,0.9950655263836267,60.0
57985,3397.481189603489,0.9942137828388633,60.0
57986,3397.4818840479334,0.9940103247278765,60.0
57987,3397.482578492378,0.9936416808939567,60.0
57988,3397.4832729368222,0.993627140415305,60.0
57989,3397.4839673812667,0.9941327453119166,60.0
57990,3397.484661825711,0.9938969125264433,60.0
57991,3397.4853562701555,0.99398738845279,60.0
57992,3397.4860507146,0.9955225603456833,60.0
57993,3397.4867451590444,0.9944921182254199,60.0
57994,3397.487439603489,0.9938099754650701,60.0
57995,3397.4881340479333,0.9937856893588667,60.0
57996,3397.4888284923777,0.9947415348419867,60.0
57997,3397.489522936822,0.9973094898775267,60.0
57998,3397.4902173812666,0.9925831245002167,60.0
57999,3397.490911825711,0.9943990189898501,60.0
58000,3397.4916062701554,0.9945180714937267,60.0
58001,3397.4923007146,0.9935502064667032,60.0
58002,3397.4929951590443,0.9951831615976267,60.0
58003,3397.4936896034887,0.9941784143216866,60.0
58004,3397.494384047933,0.9945104660929133,60.0
58005,3397.4950784923776,0.9942357287420199,60.0
58006,3397.495772936822,0.9941364259489666,60.0
58007,3397.4964673812665,0.9937633095380933,60.0
58008,3397.497161825711,0.9942001192027666,60.0
58009,3397.4978562701554,0.9952636805112434,60.0
58010,3397.4985507146,0.9945454156025934,60.0
58011,3397.499245159044,0.9937963192072866,60.0
58012,3397.4999396034887,0.9939967580954933,60.0
58013,3397.500634047933,0.9948347653299333,60.0
58014,3397.5013284923775,0.9945761283551734,60.0
58015,3397.502022936822,0.99407129885134,60.0
58016,3397.5027173812664,0.9947964314805567,60.0
58017,3397.503411825711,0.9951403548872467,60.0
58018,3397.5041062701553,0.9943977608590266,60.0
58019,3397.5048007145997,0.9940234134330134,60.0
58020,3397.505495159044,0.9949708229501134,60.0
58021,3397.5061896034886,0.9948104287251901,60.0
58022,3397.506884047933,0.9948121561403567,60.0
58023,3397.5075784923774,0.994718884183,60.0
58024,3397.508272936822,0.9948185848267966,60.0
58025,3397.5089673812663,0.9943398861348466,60.0
58026,3397.5096618257107,0.9935587970938333,60.0
58027,3397.510356270155,0.9942929570461634,60.0
58028,3397.5110507145996,0.9952120748288166,60.0
58029,3397.511745159044,0.99363795814602,60.0
58030,3397.5124396034885,0.9944543348331566,60.0
58031,3397.513134047933,0.99429477244631,60.0
58032,3397.5138284923773,0.9957202062418834,60.0
58033,3397.514522936822,0.9951299996819735,60.0
58034,3397.515217381266,0.9949975634486333,60.0
58035,3397.5159118257106,0.9948198261031367,60.0
58036,3397.516606270155,0.9946086319601833,60.0
58037,3397.5173007145995,0.9949246474993734,60.0
58038,3397.517995159044,0.99398511413403,60.0
58039,3397.5186896034884,0.9950081811959334,60.0
58040,3397.519384047933,0.9953882695064834,60.0
58041,3397.5200784923773,0.9951907081718335,60.0
58042,3397.5207729368217,0.99403433251967,60.0
58043,3397.521467381266,0.99418480405113,60.0
58044,3397.5221618257106,0.9961669761266566,60.0
58045,3397.522856270155,0.9951444728680999,60.0
58046,3397.5235507145994,0.9952239428978834,60.0
58047,3397.524245159044,0.9958829206782468,60.0
58048,3397.5249396034883,0.9946601641077434,60.0
58049,3397.5256340479327,0.9936425250036499,60.0
58050,3397.526328492377,0.9949331813675067,60.0
58051,3397.5270229368216,0.9954889423789334,60.0
58052,3397.527717381266,0.9947560529139934,60.0
58053,3397.5284118257105,0.9946951979280966,60.0
58054,3397.529106270155,0.9949586375063499,60.0
58055,3397.5298007145993,0.994695455176,60.0
58056,3397.5304951590438,0.9949804631457333,60.0
58057,3397.531189603488,0.994432671135715,60.0
58058,3397.5318840479326,0.9957618698867133,60.0
58059,3397.532578492377,0.9951963415084933,60.0
58060,3397.5332729368215,0.9952144741351132,60.0
58061,3397.533967381266,0.9955637319638866,60.0
58062,3397.5346618257104,0.9946020423733,60.0
58063,3397.535356270155,0.99554242355611,60.0
58064,3397.5360507145992,0.9953858965027335,60.0
58065,3397.5367451590437,0.99516742388936,60.0
58066,3397.537439603488,0.9960082275473301,60.0
58067,3397.5381340479325,0.99403714576265,60.0
58068,3397.538828492377,0.9943400443890199,60.0
58069,3397.5395229368214,0.9950598373155733,60.0
58070,3397.540217381266,0.9946118525885134,60.0
58071,3397.5409118257103,0.99506112401127,60.0
58072,3397.5416062701547,0.9942476971777934,60.0
58073,3397.542300714599,0.99437746436301,60.0
58074,3397.5429951590436,0.9955357510310634,60.0
58075,3397.543689603488,0.9948547739897067,60.0
58076,3397.5443840479325,0.99468912521834,60.0
58077,3397.545078492377,0.9949896914394601,60.0
58078,3397.5457729368213,0.994628324220605,60.0
58079,3397.5464673812658,0.99605470643103,60.0
58080,3397.54716182571,0.9960703371793832,60.0
58081,3397.5478562701546,0.995645832250575,60.0
58082,3397.548550714599,0.99454784964274,60.0
58083,3397.5492451590435,0.9952459118994,60.0
58084,3397.549939603488,0.9958041453090467,60.0
58085,3397.5506340479324,0.9959109227478566,60.0
58086,3397.551328492377,0.9949467251314933,60.0
58087,3397.5520229368212,0.9939384882019334,60.0
58088,3397.5527173812657,0.99565218614609,60.0
58089,3397.55341182571,0.9948046000550933,60.0
58090,3397.5541062701545,0.9948236144492334,60.0
58091,3397.554800714599,0.9944278292652,60.0
58092,3397.5554951590434,0.9943784649566033,60.0
58093,3397.556189603488,0.9945010730531467,60.0
58094,3397.5568840479323,0.9958794241547899,60.0
58095,3397.5575784923767,0.9952004511320934,60.0
58096,3397.558272936821,0.9952322750508568,60.0
58097,3397.5589673812656,0.9960168971136666,60.0
58098,3397.55966182571,0.9960837847288334,60.0
58099,3397.5603562701544,0.9958582111200767,60.0
58100,3397.561050714599,0.99512150692585,60.0
58101,3397.5617451590433,0.99587580249846,60.0
58102,3397.5624396034877,0.9957785898542233,60.0
58103,3397.563134047932,0.9954447135322934,60.0
58104,3397.5638284923766,0.995154896048645,60.0
58105,3397.564522936821,0.9950288180720167,60.0
58106,3397.5652173812655,0.9953855042453333,60.0
58107,3397.56591182571,0.9964870992025633,60.0
58108,3397.5666062701544,0.9955794153411833,60.0
58109,3397.567300714599,0.9955464887080266,60.0
58110,3397.567995159043,0.9959362831613366,60.0
58111,3397.5686896034877,0.9948379588641366,60.0
58112,3397.569384047932,0.9953172609080534,60.0
58113,3397.5700784923765,0.9949368863335434,60.0
58114,3397.570772936821,0.9958303098668,60.0
58115,3397.5714673812654,0.996372233054,60.0
58116,3397.57216182571,0.99582920015889,60.0
58117,3397.5728562701543,0.9956091373640232,60.0
58118,3397.5735507145987,0.9950387706555199,60.0
58119,3397.574245159043,0.9959481357291833,60.0
58120,3397.5749396034876,0.99520557153723,60.0
58121,3397.575634047932,0.99528053067985,60.0
58122,3397.5763284923764,0.9953211575309501,60.0
58123,3397.577022936821,0.9957445403983632,60.0
58124,3397.5777173812653,0.9955479211997966,60.0
58125,3397.5784118257097,0.9955756333538167,60.0
58126,3397.579106270154,0.9961719871146667,60.0
58127,3397.5798007145986,0.9965706095573433,60.0
58128,3397.580495159043,0.9958686389438801,60.0
58129,3397.5811896034875,0.9950942530135833,60.0
58130,3397.581884047932,0.9957491333149701,60.0
58131,3397.5825784923763,0.99572154684609,60.0
58132,3397.583272936821,0.9948274437662133,60.0
58133,3397.583967381265,0.9953245640949734,60.0
58134,3397.5846618257096,0.9962731843160267,60.0
58135,3397.585356270154,0.9966843263121566,60.0
58136,3397.5860507145985,0.99616066073298,60.0
58137,3397.586745159043,0.9954208308135967,60.0
58138,3397.5874396034874,0.9961293874654565,60.0
58139,3397.588134047932,0.99735282513003,60.0
58140,3397.5888284923763,0.9954050558692934,60.0
58141,3397.5895229368207,0.9955158817335267,60.0
58142,3397.590217381265,0.9952356401072766,60.0
58143,3397.5909118257096,0.9958753522920767,60.0
58144,3397.591606270154,0.99646158643428,60.0
58145,3397.5923007145984,0.99613180471263,60.0
58146,3397.592995159043,0.9963132062177166,60.0
58147,3397.5936896034873,0.9959095665002566,60.0
58148,3397.5943840479317,0.9961888811988534,60.0
58149,3397.595078492376,0.99619234550415,60.0
58150,3397.5957729368206,0.9963703132530267,60.0
58151,3397.596467381265,0.99607680660383,60.0
58152,3397.5971618257095,0.9949417063413466,60.0
58153,3397.597856270154,0.99667280044636,60.0
58154,3397.5985507145983,0.9969124537552334,60.0
58155,3397.5992451590428,0.9956968488758333,60.0
58156,3397.599939603487,0.9960444591350633,60.0
58157,3397.6006340479316,0.99676215961717,60.0
58158,3397.601328492376,0.99577279553396,60.0
58159,3397.6020229368205,0.99632294830464,60.0
58160,3397.602717381265,0.99606929856534,60.0
58161,3397.6034118257094,0.9968441369289632,60.0
58162,3397.604106270154,0.9966485154912332,60.0
58163,3397.6048007145982,0.9954630290673,60.0
58164,3397.6054951590427,0.9952849019843234,60.0
58165,3397.606189603487,0.9965320602886067,60.0
58166,3397.6068840479315,0.9965467314192734,60.0
58167,3397.607578492376,0.9967898063665768,60.0
58168,3397.6082729368204,0.9959052447360733,60.0
58169,3397.608967381265,0.9972345100119667,60.0
58170,3397.6096618257093,0.9968450459640966,60.0
58171,3397.6103562701537,0.9965772856030567,60.0
58172,3397.611050714598,0.9959029089602334,60.0
58173,3397.6117451590426,0.9956244626138333,60.0
58174,3397.612439603487,0.9961551082279366,60.0
58175,3397.6131340479315,0.9972614543011851,60.0
58176,3397.613828492376,0.9965514156200267,60.0
58177,3397.6145229368203,0.9961192768960867,60.0
58178,3397.6152173812648,0.9962824290647333,60.0
58179,3397.615911825709,0.9962987924948933,60.0
58180,3397.6166062701536,0.9967728495276934,60.0
58181,3397.617300714598,0.996267466362,60.0
58182,3397.6179951590425,0.9959915549137167,60.0
58183,3397.618689603487,0.9970746864913534,60.0
58184,3397.6193840479314,0.9955061379042865,60.0
58185,3397.620078492376,0.9958504932581,60.0
58186,3397.6207729368202,0.9958832722179434,60.0
58187,3397.6214673812647,0.9975875941745467,60.0
58188,3397.622161825709,0.9967697619297867,60.0
58189,3397.6228562701535,0.9963074996715634,60.0
58190,3397.623550714598,0.9976947489747833,60.0
58191,3397.6242451590424,0.9979474602567999,60.0
58192,3397.624939603487,0.9967890797523901,60.0
58193,3397.6256340479313,0.9988938010965066,60.0
58194,3397.6263284923757,0.9963058603356966,60.0
58195,3397.62702293682,0.99743341355657,60.0
58196,3397.6277173812646,0.9963255714112732,60.0
58197,3397.628411825709,0.9964794743617967,60.0
58198,3397.6291062701534,0.99507597830655,60.0
58199,3397.629800714598,0.9968381188137734,60.0
58200,3397.6304951590423,0.9959231322698433,60.0
58201,3397.6311896034867,0.9970160292312032,60.0
58202,3397.631884047931,0.99616419195003,60.0
58203,3397.6325784923756,0.9957864041840333,60.0
58204,3397.63327293682,0.99690351861114,60.0
58205,3397.6339673812645,0.99610165184722,60.0
58206,3397.634661825709,0.99610498350811,60.0
58207,3397.6353562701534,0.9969225922108467,60.0
58208,3397.636050714598,0.9967290087022233,60.0
58209,3397.636745159042,0.99661442293796,60.0
58210,3397.6374396034867,0.9969249737435133,60.0
58211,3397.638134047931,0.9972024776687367,60.0
58212,3397.6388284923755,0.99749794800362,60.0
58213,3397.63952293682,0.9961079981669799,60.0
58214,3397.6402173812644,0.9977043123681101,60.0
58215,3397.640911825709,0.9965366902575533,60.0
58216,3397.6416062701533,0.99645421775754,60.0
58217,3397.6423007145977,0.9965954766002799,60.0
58218,3397.642995159042,0.9963383846285833,60.0
58219,3397.6436896034866,0.9973114063112201,60.0
58220,3397.644384047931,0.9971062530539633,60.0
58221,3397.6450784923754,0.99712083950525,60.0
58222,3397.64577293682,0.9977618946218166,60.0
58223,3397.6464673812643,0.9971838286775566,60.0
58224,3397.6471618257087,0.9969577929709567,60.0
58225,3397.647856270153,0.9975063539102066,60.0
58226,3397.6485507145976,0.9974708541862499,60.0
58227,3397.649245159042,0.9971859118965534,60.0
58228,3397.6499396034865,0.9966163557074167,60.0
58229,3397.650634047931,0.99683930144452,60.0
58230,3397.6513284923753,0.9972981337875834,60.0
58231,3397.65202293682,0.9968581781475967,60.0
58232,3397.652717381264,0.9976603657744333,60.0
58233,3397.6534118257086,0.996826384500115,60.0
58234,3397.654106270153,0.9975223753528266,60.0
58235,3397.6548007145975,0.9962719382957834,60.0
58236,3397.655495159042,0.99937858494691,60.0
58237,3397.6561896034864,0.9973183454317699,60.0
58238,3397.656884047931,0.99707576033685,60.0
58239,3397.6575784923753,0.99679843557942,60.0
58240,3397.6582729368197,0.9968739445931734,60.0
58241,3397.658967381264,0.99543871219836,60.0
58242,3397.6596618257086,0.99686442914349,60.0
58243,3397.660356270153,0.9965849701583633,60.0
58244,3397.6610507145974,0.9964549888729434,60.0
58245,3397.661745159042,0.9973115243978466,60.0
58246,3397.6624396034863,0.9975310916185801,60.0
58247,3397.6631340479307,0.9974959691816534,60.0
58248,3397.663828492375,0.9962809136777201,60.0
58249,3397.6645229368196,0.9974105660315199,60.0
58250,3397.665217381264,0.9969271056551667,60.0
58251,3397.6659118257085,0.9961296354259733,60.0
58252,3397.666606270153,0.9975847688222466,60.0
58253,3397.6673007145973,0.9971034121965768,60.0
58254,3397.6679951590418,0.99709822458728,60.0
58255,3397.668689603486,0.9978219223885401,60.0
58256,3397.6693840479306,0.9972607667881234,60.0
58257,3397.670078492375,0.9973957176720766,60.0
58258,3397.6707729368195,0.9975819033314567,60.0
58259,3397.671467381264,0.9965304182750634,60.0
58260,3397.6721618257084,0.9970701453094767,60.0
58261,3397.672856270153,0.99720345196793,60.0
58262,3397.6735507145972,0.99826334161716,60.0
58263,3397.6742451590417,0.9975141670883466,60.0
58264,3397.674939603486,0.9970584528589099,60.0
58265,3397.6756340479305,0.9970990150726701,60.0
58266,3397.676328492375,0.9978534161194667,60.0
58267,3397.6770229368194,0.9974061978919466,60.0
58268,3397.677717381264,0.9968912526184467,60.0
58269,3397.6784118257083,0.9970866737600868,60.0
58270,3397.6791062701527,0.9970880716552134,60.0
58271,3397.679800714597,0.9974153131251468,60.0
58272,3397.6804951590416,0.997133425575165,60.0
58273,3397.681189603486,0.9978479243430467,60.0
58274,3397.6818840479305,0.99672984700333,60.0
58275,3397.682578492375,0.9975079040720835,60.0
58276,3397.6832729368193,0.9969496101767966,60.0
58277,3397.6839673812638,0.9976490612466433,60.0
58278,3397.684661825708,0.9970509343941867,60.0
58279,3397.6853562701526,0.9971991853674934,60.0
58280,3397.686050714597,0.99815471891483,60.0
58281,3397.6867451590415,0.9977913520629834,60.0
58282,3397.687439603486,0.9975665406509067,60.0
58283,3397.6881340479304,0.9972661989589667,60.0
58284,3397.688828492375,0.9977961743182032,60.0
58285,3397.6895229368192,0.99768553136969,60.0
58286,3397.6902173812637,0.99673265457987,60.0
58287,3397.690911825708,0.9981575417163899,60.0
58288,3397.6916062701525,0.9976861446986366,60.0
58289,3397.692300714597,0.9974813592327734,60.0
58290,3397.6929951590414,0.9975992217200367,60.0
58291,3397.693689603486,0.9976822029462467,60.0
58292,3397.6943840479303,0.99694392073067,60.0
58293,3397.6950784923747,0.9983128223268,60.0
58294,3397.695772936819,0.9986514949969534,60.0
58295,3397.6964673812636,0.99730069214365,60.0
58296,3397.697161825708,0.99837286444366,60.0
58297,3397.6978562701524,0.9975747615291334,60.0
58298,3397.698550714597,0.9974241294299633,60.0
58299,3397.6992451590413,0.9974151121820567,60.0
58300,3397.6999396034857,0.9981780078126233,60.0
58301,3397.70063404793,0.99769794690526,60.0
58302,3397.7013284923746,0.996795232353215,60.0
58303,3397.702022936819,0.9973199061054601,60.0
58304,3397.7027173812635,0.99662273807512,60.0
58305,3397.703411825708,0.9977423878213,60.0
58306,3397.7041062701524,0.9976005794848234,60.0
58307,3397.704800714597,0.9980937522841135,60.0
58308,3397.705495159041,0.9973922903832,60.0
58309,3397.7061896034857,0.9974596091911,60.0
58310,3397.70688404793,0.9978616867773201,60.0
58311,3397.7075784923745,0.9965737512991667,60.0
58312,3397.708272936819,0.9982125117067834,60.0
58313,3397.7089673812634,0.9978434300807634,60.0
58314,3397.709661825708,0.9978919621221266,60.0
58315,3397.7103562701523,0.9981492166598632,60.0
58316,3397.7110507145967,0.9977755708697801,60.0
58317,3397.711745159041,0.9982266314644367,60.0
58318,3397.7124396034856,0.9986803244449001,60.0
58319,3397.71313404793,0.9975411535005234,60.0
58320,3397.7138284923744,0.9988803873491233,60.0
58321,3397.714522936819,0.9984830423284067,60.0
58322,3397.7152173812633,0.9984431501742234,60.0
58323,3397.7159118257077,0.9978704109129434,60.0
58324,3397.716606270152,1.0000474629826932,60.0
58325,3397.7173007145966,0.99834501158756,60.0
58326,3397.717995159041,0.99789288202766,60.0
58327,3397.7186896034855,0.9977611557518666,60.0
58328,3397.71938404793,0.9982293043245734,60.0
58329,3397.7200784923743,0.9985707715876666,60.0
58330,3397.720772936819,0.9975057541948534,60.0
58331,3397.721467381263,0.9983731885181834,60.0
58332,3397.7221618257076,0.9977084937936832,60.0
58333,3397.722856270152,0.9980104318768767,60.0
58334,3397.7235507145965,0.9970245755386099,60.0
58335,3397.724245159041,0.9981450758944767,60.0
58336,3397.7249396034854,1.00104282331429,60.0
58337,3397.72563404793,0.9981432664808666,60.0
58338,3397.7263284923743,0.9983542431658866,60.0
58339,3397.7270229368187,0.99836925187296,60.0
58340,3397.727717381263,0.99839296298726,60.0
58341,3397.7284118257076,0.9978281474029149,60.0
58342,3397.729106270152,0.9977616569369867,60.0
58343,3397.7298007145964,0.9979807997412634,60.0
58344,3397.730495159041,0.99834713656248,60.0
58345,3397.7311896034853,0.99824854396579,60.0
58346,3397.7318840479297,0.9987716531875432,60.0
58347,3397.732578492374,0.99807316488497,60.0
58348,3397.7332729368186,0.9986829903267199,60.0
58349,3397.733967381263,0.99876904678299,60.0
58350,3397.7346618257075,0.9971885776645534,60.0
58351,3397.735356270152,0.9986739751379634,60.0
58352,3397.7360507145963,0.9978348791991533,60.0
58353,3397.7367451590408,0.99893752371637,60.0
58354,3397.737439603485,0.9972252159253667,60.0
58355,3397.7381340479296,0.9990636506448366,60.0
58356,3397.738828492374,0.9982711342804901,60.0
58357,3397.7395229368185,0.9983824692838467,60.0
58358,3397.740217381263,0.9981968891685667,60.0
58359,3397.7409118257074,0.9983455609693133,60.0
58360,3397.741606270152,0.9974591114501866,60.0
58361,3397.7423007145962,0.99836910894847,60.0
58362,3397.7429951590407,0.9979626630579633,60.0
58363,3397.743689603485,0.9986264876451667,60.0
58364,3397.7443840479295,0.9978500170388666,60.0
58365,3397.745078492374,0.99890422529233,60.0
58366,3397.7457729368184,0.9986732126870134,60.0
58367,3397.746467381263,0.9982056385121499,60.0
58368,3397.7471618257073,0.997669927532305,60.0
58369,3397.7478562701517,0.9992155597253166,60.0
58370,3397.748550714596,0.9989878675886067,60.0
58371,3397.7492451590406,0.9987763293796,60.0
58372,3397.749939603485,0.99782623026694,60.0
58373,3397.7506340479295,0.9981528380815066,60.0
58374,3397.751328492374,0.9977177614536967,60.0
58375,3397.7520229368183,0.99693590690624,60.0
58376,3397.7527173812628,0.9989289500732568,60.0
58377,3397.753411825707,0.9989186335972534,60.0
58378,3397.7541062701516,0.9990075119982634,60.0
58379,3397.754800714596,0.99892761611846,60.0
58380,3397.7554951590405,0.9989534729173634,60.0
58381,3397.756189603485,0.9985473745175367,60.0
58382,3397.7568840479294,0.9987909979884666,60.0
58383,3397.757578492374,0.9979519283605233,60.0
58384,3397.7582729368182,0.9988148269820667,60.0
58385,3397.7589673812627,0.9980260587935232,60.0
58386,3397.759661825707,0.9974929657324267,60.0
58387,3397.7603562701515,0.99764922799134,60.0
58388,3397.761050714596,0.9992827219797767,60.0
58389,3397.7617451590404,0.9983355103675334,60.0
58390,3397.762439603485,0.9993533654289634,60.0
58391,3397.7631340479293,0.9992477365788567,60.0
58392,3397.7638284923737,0.9980297694484066,60.0
58393,3397.764522936818,0.9991111856800634,60.0
58394,3397.7652173812626,0.9981615019244501,60.0
58395,3397.765911825707,0.9985040733541067,60.0
58396,3397.7666062701514,0.99846978989949,60.0
58397,3397.767300714596,0.99800299738195,60.0
58398,3397.7679951590403,0.998423314978125,60.0
58399,3397.7686896034847,0.9991275726958401,60.0
58400,3397.769384047929,0.9991271885250966,60.0
58401,3397.7700784923736,0.99943263138799,60.0
58402,3397.770772936818,0.9982001944679201,60.0
58403,3397.7714673812625,0.9989418950046233,60.0
58404,3397.772161825707,0.9976020527214766,60.0
58405,3397.7728562701514,0.9991682073252167,60.0
58406,3397.773550714596,0.9983245367552867,60.0
58407,3397.77424515904,0.9982885732781867,60.0
58408,3397.7749396034847,0.9981578166698201,60.0
58409,3397.775634047929,0.99875661823213,60.0
58410,3397.7763284923735,0.9987030687753834,60.0
58411,3397.777022936818,0.9982919924488166,60.0
58412,3397.7777173812624,0.9995977544520166,60.0
58413,3397.778411825707,0.9987007027073332,60.0
58414,3397.7791062701513,0.9986330359012401,60.0
58415,3397.7798007145957,0.9995991050093167,60.0
58416,3397.78049515904,0.9984960673591733,60.0
58417,3397.7811896034846,0.9988811823781235,60.0
58418,3397.781884047929,0.9997969363675567,60.0
58419,3397.7825784923734,0.9992026524221167,60.0
58420,3397.783272936818,0.99873218034545,60.0
58421,3397.7839673812623,1.0003062882754301,60.0
58422,3397.7846618257067,0.9997538302192134,60.0
58423,3397.785356270151,0.9981621996170866,60.0
58424,3397.7860507145956,0.9998585658989333,60.0
58425,3397.78674515904,0.9981944695229666,60.0
58426,3397.7874396034845,0.99887016342029,60.0
58427,3397.788134047929,0.9996278831816534,60.0
58428,3397.7888284923733,1.0002998621621666,60.0
58429,3397.789522936818,0.99977537519247,60.0
58430,3397.790217381262,0.9995483482149733,60.0
58431,3397.7909118257066,0.99802589160096,60.0
58432,3397.791606270151,0.99889656476328,60.0
58433,3397.7923007145955,0.9987466080158832,60.0
58434,3397.79299515904,0.9993955544414502,60.0
58435,3397.7936896034844,0.99893253341633,60.0
58436,3397.794384047929,0.9984959383481001,60.0
58437,3397.7950784923732,0.9993582816234902,60.0
58438,3397.7957729368177,0.9989121007264666,60.0
58439,3397.796467381262,0.9991456669982267,60.0
58440,3397.7971618257066,0.9996450706115999,60.0
58441,3397.797856270151,0.9997413976436267,60.0
58442,3397.7985507145954,1.00118389309836,60.0
58443,3397.79924515904,0.9993915070288333,60.0
58444,3397.7999396034843,0.9996847741268299,60.0
58445,3397.8006340479287,0.99997040472763,60.0
58446,3397.801328492373,0.9986746930067066,60.0
58447,3397.8020229368176,0.99874755306917,60.0
58448,3397.802717381262,0.99938937051656,60.0
58449,3397.8034118257065,0.9988605817317667,60.0
58450,3397.804106270151,0.9994539098208567,60.0
58451,3397.8048007145953,1.00018008865167,60.0
58452,3397.8054951590398,0.9984548451008234,60.0
58453,3397.806189603484,0.9995007618258134,60.0
58454,3397.8068840479286,0.9997824976142865,60.0
58455,3397.807578492373,0.99892725669024,60.0
58456,3397.8082729368175,0.99825177812696,60.0
58457,3397.808967381262,0.9987430314648668,60.0
58458,3397.8096618257064,1.00004936425444,60.0
58459,3397.810356270151,0.9996002533246733,60.0
58460,3397.8110507145952,0.9992355537240899,60.0
58461,3397.8117451590397,1.0001664553608334,60.0
58462,3397.812439603484,0.9998934442872699,60.0
58463,3397.8131340479285,0.9985397551099168,60.0
58464,3397.813828492373,0.9989055839612266,60.0
58465,3397.8145229368174,0.9997505301373834,60.0
58466,3397.815217381262,0.9997663570815499,60.0
58467,3397.8159118257063,0.9998062494685901,60.0
58468,3397.8166062701507,0.99970516443892,60.0
58469,3397.817300714595,0.99920673746512,60.0
58470,3397.8179951590396,1.0000344098143266,60.0
58471,3397.818689603484,0.9995343158452332,60.0
58472,3397.8193840479285,1.00094898135213,60.0
58473,3397.820078492373,1.00056008363929,60.0
58474,3397.8207729368173,0.99937047215177,60.0
58475,3397.8214673812618,0.9999706850191901,60.0
58476,3397.822161825706,1.0001210885439467,60.0
58477,3397.8228562701506,1.0002658098679733,60.0
58478,3397.823550714595,0.9997714487504467,60.0
58479,3397.8242451590395,0.9996734962478633,60.0
58480,3397.824939603484,0.9994614541558833,60.0
58481,3397.8256340479284,0.9999408787594133,60.0
58482,3397.826328492373,0.9995106611631733,60.0
58483,3397.8270229368172,0.9996281084339568,60.0
58484,3397.8277173812617,0.99966338872741,60.0
58485,3397.828411825706,0.999822307637465,60.0
58486,3397.8291062701505,0.9994523367479333,60.0
58487,3397.829800714595,1.00068446602373,60.0
58488,3397.8304951590394,0.9990661720605334,60.0
58489,3397.831189603484,0.9995136459126833,60.0
58490,3397.8318840479283,1.0008951108729351,60.0
58491,3397.8325784923727,1.0004093131899234,60.0
58492,3397.833272936817,0.99967438633385,60.0
58493,3397.8339673812616,1.0002953064094,60.0
58494,3397.834661825706,0.9999371332310633,60.0
58495,3397.8353562701504,1.00040132106251,60.0
58496,3397.836050714595,0.9995954771457733,60.0
58497,3397.8367451590393,0.9997691673414767,60.0
58498,3397.8374396034837,1.0001703926676333,60.0
58499,3397.838134047928,1.0005284179176535,60.0
58500,3397.8388284923726,0.9999857700737533,60.0
58501,3397.839522936817,1.0003972119674067,60.0
58502,3397.8402173812615,1.0004041110563666,60.0
58503,3397.840911825706,0.9993334550477434,60.0
58504,3397.8416062701504,0.9997131707879733,60.0
58505,3397.842300714595,1.00002043844093,60.0
58506,3397.842995159039,1.0001142274940467,60.0
58507,3397.8436896034837,1.0004384946714633,60.0
58508,3397.844384047928,1.0001316485689267,60.0
58509,3397.8450784923725,1.00056570869942,60.0
58510,3397.845772936817,1.0005336791153432,60.0
58511,3397.8464673812614,0.9995260205638633,60.0
58512,3397.847161825706,1.0012911949809966,60.0
58513,3397.8478562701503,0.9999588378389666,60.0
58514,3397.8485507145947,1.0001979803845034,60.0
58515,3397.849245159039,1.0001113252393,60.0
58516,3397.8499396034836,0.9997882414477198,60.0
58517,3397.850634047928,1.00058452416473,60.0
58518,3397.8513284923724,0.9999918724509866,60.0
58519,3397.852022936817,0.9997192543120766,60.0
58520,3397.8527173812613,1.0002769162116698,60.0
58521,3397.8534118257057,0.99993577973357,60.0
58522,3397.85410627015,0.9999141167317166,60.0
58523,3397.8548007145946,1.0008380894018933,60.0
58524,3397.855495159039,0.9998648061390835,60.0
58525,3397.8561896034835,0.9994029655527634,60.0
58526,3397.856884047928,1.00044769264076,60.0
58527,3397.8575784923723,1.00063702629093,60.0
58528,3397.858272936817,0.9999460496219433,60.0
58529,3397.858967381261,0.9997890595570134,60.0
58530,3397.8596618257056,1.0008153074729234,60.0
58531,3397.86035627015,1.00033143099735,60.0
58532,3397.8610507145945,1.0002870075015833,60.0
58533,3397.861745159039,1.0004532525656769,60.0
58534,3397.8624396034834,1.00127005448973,60.0
58535,3397.863134047928,1.0000799630221267,60.0
58536,3397.8638284923722,1.0003281379220368,60.0
58537,3397.8645229368167,1.00074893483796,60.0
58538,3397.865217381261,1.0006426998186535,60.0
58539,3397.8659118257056,0.99967467642775,60.0
58540,3397.86660627015,1.0005113591678232,60.0
58541,3397.8673007145944,1.00011549900066,60.0
58542,3397.867995159039,0.9999835123095299,60.0
58543,3397.8686896034833,1.0006853762118435,60.0
58544,3397.8693840479277,1.0001164386211399,60.0
58545,3397.870078492372,0.99872872581122,60.0
58546,3397.8707729368166,1.0007731419757968,60.0
58547,3397.871467381261,1.0001445420656099,60.0
58548,3397.8721618257055,0.9997215025727367,60.0
58549,3397.87285627015,1.0006358732584968,60.0
58550,3397.8735507145943,1.00065723596797,60.0
58551,3397.8742451590388,1.0003065718167399,60.0
58552,3397.874939603483,0.9993607784669466,60.0
58553,3397.8756340479276,0.9996470533672,60.0
58554,3397.876328492372,0.99983010832729,60.0
58555,3397.8770229368165,1.0007348278376067,60.0
58556,3397.877717381261,1.0018954230319999,60.0
58557,3397.8784118257054,1.00005286212299,60.0
58558,3397.87910627015,1.00007373262339,60.0
58559,3397.8798007145942,1.00066057118509,60.0
58560,3397.8804951590387,1.0002812291116732,60.0
58561,3397.881189603483,1.0010785151380532,60.0
58562,3397.8818840479275,1.00079639451323,60.0
58563,3397.882578492372,1.0003941929333333,60.0
58564,3397.8832729368164,1.00110168864913,60.0
58565,3397.883967381261,1.00049403049127,60.0
58566,3397.8846618257053,0.999317410565105,60.0
58567,3397.8853562701497,1.0002302458837733,60.0
58568,3397.886050714594,1.0006586684547134,60.0
58569,3397.8867451590386,1.0007804676692167,60.0
58570,3397.887439603483,1.0003671513693233,60.0
58571,3397.8881340479275,1.0002903801743233,60.0
58572,3397.888828492372,1.0020941351168267,60.0
58573,3397.8895229368163,1.0006681114318765,60.0
58574,3397.8902173812608,1.0007797882736549,60.0
58575,3397.890911825705,1.0006920777025565,60.0
58576,3397.8916062701496,1.00125329482814,60.0
58577,3397.892300714594,1.00120799657759,60.0
58578,3397.8929951590385,1.0008929965317301,60.0
58579,3397.893689603483,0.9996077766618168,60.0
58580,3397.8943840479274,1.00105030138815,60.0
58581,3397.895078492372,1.0009569966397867,60.0
58582,3397.8957729368162,1.0017791249801433,60.0
58583,3397.8964673812607,1.0011601306938467,60.0
58584,3397.897161825705,1.0013023348476564,60.0
58585,3397.8978562701495,0.9996958182184533,60.0
58586,3397.898550714594,1.0007225818911667,60.0
58587,3397.8992451590384,1.0013564653618598,60.0
58588,3397.899939603483,1.0009602129366166,60.0
58589,3397.9006340479273,1.000822014633765,60.0
58590,3397.9013284923717,1.0016962553570599,60.0
58591,3397.902022936816,1.0011677282843499,60.0
58592,3397.9027173812606,0.9995334826132033,60.0
58593,3397.903411825705,1.0008187146926,60.0
58594,3397.9041062701494,1.0014679722389965,60.0
58595,3397.904800714594,1.0012404552830065,60.0
58596,3397.9054951590383,1.0002266203271633,60.0
58597,3397.9061896034827,1.0002261944054833,60.0
58598,3397.906884047927,1.0006961267627432,60.0
58599,3397.9075784923716,1.0017423398807466,60.0
58600,3397.908272936816,1.0010859449230534,60.0
58601,3397.9089673812605,1.0014406874081767,60.0
58602,3397.909661825705,1.0013848652073432,60.0
58603,3397.9103562701494,1.0010146924365166,60.0
58604,3397.911050714594,1.0018656669527501,60.0
58605,3397.911745159038,1.0021026516445999,60.0
58606,3397.9124396034827,1.0007119882474866,60.0
58607,3397.913134047927,1.0006218338073767,60.0
58608,3397.9138284923715,1.0005845982685666,60.0
58609,3397.914522936816,1.0022881163934534,60.0
58610,3397.9152173812604,1.0009738654617832,60.0
58611,3397.915911825705,1.0006164193845268,60.0
58612,3397.9166062701493,1.0021640849030733,60.0
58613,3397.9173007145937,1.00181389005893,60.0
58614,3397.917995159038,1.0007391292753434,60.0
58615,3397.9186896034826,1.0017263534890433,60.0
58616,3397.919384047927,1.00162537864456,60.0
58617,3397.9200784923714,1.0020919579826033,60.0
58618,3397.920772936816,1.0004194664201833,60.0
58619,3397.9214673812603,1.00085916652938,60.0
58620,3397.9221618257047,1.0021629614494765,60.0
58621,3397.922856270149,1.0019741574937167,60.0
58622,3397.9235507145936,1.0018301269399699,60.0
58623,3397.924245159038,1.00140948219044,60.0
58624,3397.9249396034825,1.0010420720221433,60.0
58625,3397.925634047927,1.0022692311722567,60.0
58626,3397.9263284923713,1.0015799518593302,60.0
58627,3397.927022936816,1.00176373170501,60.0
58628,3397.92771738126,1.0020566951705767,60.0
58629,3397.9284118257046,1.0015858488619565,60.0
58630,3397.929106270149,1.0009747277498966,60.0
58631,3397.9298007145935,1.0013202720182501,60.0
58632,3397.930495159038,1.0005780975502199,60.0
58633,3397.9311896034824,1.0009925231764,60.0
58634,3397.931884047927,1.0005662395087065,60.0
58635,3397.9325784923712,1.0008047173180599,60.0
58636,3397.9332729368157,1.0023238948253068,60.0
58637,3397.93396738126,1.00139743522914,60.0
58638,3397.9346618257046,1.0019330691270467,60.0
58639,3397.935356270149,1.00122337261876,60.0
58640,3397.9360507145934,1.0007787542287767,60.0
58641,3397.936745159038,1.0014000254804,60.0
58642,3397.9374396034823,1.0015379750457534,60.0
58643,3397.9381340479267,1.0013417592493268,60.0
58644,3397.938828492371,1.0015916010693535,60.0
58645,3397.9395229368156,1.0015304368850433,60.0
58646,3397.94021738126,1.0008553832304632,60.0
58647,3397.9409118257045,1.0010695229773168,60.0
58648,3397.941606270149,1.0008519631891868,60.0
58649,3397.9423007145933,1.0015059295371633,60.0
58650,3397.9429951590378,1.0019583686497502,60.0
58651,3397.943689603482,1.0012124402416867,60.0
58652,3397.9443840479266,1.00272564790774,60.0
58653,3397.945078492371,1.002405608109515,60.0
58654,3397.9457729368155,1.0003439564281835,60.0
58655,3397.94646738126,1.0013064393282198,60.0
58656,3397.9471618257044,1.00163469831706,60.0
58657,3397.947856270149,1.0014096011367666,60.0
58658,3397.9485507145932,1.0010914904778934,60.0
58659,3397.9492451590377,1.0018742047652167,60.0
58660,3397.949939603482,1.0014718397101199,60.0
58661,3397.9506340479265,1.0022222232138434,60.0
58662,3397.951328492371,1.0028030275786166,60.0
58663,3397.9520229368154,1.0020926321539334,60.0
58664,3397.95271738126,1.0006857694437332,60.0
58665,3397.9534118257043,1.0014095605218367,60.0
58666,3397.9541062701487,1.00148163524315,60.0
58667,3397.954800714593,1.0020274167127967,60.0
58668,3397.9554951590376,1.0023744648469501,60.0
58669,3397.956189603482,1.0011153597154865,60.0
58670,3397.9568840479265,1.0020744347413169,60.0
58671,3397.957578492371,1.0017976614638198,60.0
58672,3397.9582729368153,1.0011215519342602,60.0
58673,3397.9589673812598,1.0013158914499667,60.0
58674,3397.959661825704,1.0018548368065134,60.0
58675,3397.9603562701486,1.0010984538910268,60.0
58676,3397.961050714593,1.00160255500377,60.0
58677,3397.9617451590375,1.00196101165536,60.0
58678,3397.962439603482,1.00188499113464,60.0
58679,3397.9631340479264,1.0017065126665035,60.0
58680,3397.963828492371,1.00123250285343,60.0
58681,3397.9645229368152,1.0011920973361,60.0
58682,3397.9652173812597,1.0016201246648,60.0
58683,3397.965911825704,1.00225890170808,60.0
58684,3397.9666062701485,1.0007964730916,60.0
58685,3397.967300714593,1.0026681376116964,60.0
58686,3397.9679951590374,1.0019109508595,60.0
58687,3397.968689603482,1.0016756371621034,60.0
58688,3397.9693840479263,1.001980394706055,60.0
58689,3397.9700784923707,1.00242730239426,60.0
58690,3397.970772936815,1.0023600005909532,60.0
58691,3397.9714673812596,1.0016406873038133,60.0
58692,3397.972161825704,1.0023032977280866,60.0
58693,3397.9728562701484,1.0021172641606835,60.0
58694,3397.973550714593,1.0020826553113833,60.0
58695,3397.9742451590373,1.0020690101284566,60.0
58696,3397.9749396034817,1.00139072473919,60.0
58697,3397.975634047926,1.0021731643873466,60.0
58698,3397.9763284923706,1.0026423063304302,60.0
58699,3397.977022936815,1.00293043699941,60.0
58700,3397.9777173812595,1.0026643654128067,60.0
58701,3397.978411825704,1.00287014277582,60.0
58702,3397.9791062701483,1.0022875061823466,60.0
58703,3397.979800714593,1.0026465014404051,60.0
58704,3397.980495159037,1.0026210002481233,60.0
58705,3397.9811896034817,1.0027752460887533,60.0
58706,3397.981884047926,1.0020236504109967,60.0
58707,3397.9825784923705,1.0024538106693468,60.0
58708,3397.983272936815,1.0034047765158434,60.0
58709,3397.9839673812594,1.0008047660780266,60.0
58710,3397.984661825704,1.00243514309755,60.0
58711,3397.9853562701483,1.001788256666185,60.0
58712,3397.9860507145927,1.00262610125022,60.0
58713,3397.986745159037,1.0020814570997232,60.0
58714,3397.9874396034816,1.0013512442266166,60.0
58715,3397.988134047926,1.0036318276686034,60.0
58716,3397.9888284923704,1.00260382584419,60.0
58717,3397.989522936815,1.0022302438587165,60.0
58718,3397.9902173812593,1.00135140469311,60.0
58719,3397.9909118257037,1.0016281188577334,60.0
58720,3397.991606270148,1.0030521744354364,60.0
58721,3397.9923007145926,1.00294544947439,60.0
58722,3397.992995159037,1.0023543640797998,60.0
58723,3397.9936896034815,1.0023645375501633,60.0
58724,3397.994384047926,1.0023703663370902,60.0
58725,3397.9950784923703,1.0028879486267266,60.0
58726,3397.995772936815,1.0027059194916468,60.0
58727,3397.996467381259,1.0018612584788849,60.0
58728,3397.9971618257036,1.0019786596538567,60.0
58729,3397.997856270148,1.0030802296769767,60.0
58730,3397.9985507145925,1.0020694826109569,60.0
58731,3397.999245159037,1.0031432705363168,60.0
58732,3397.9999396034814,1.0038839420907901,60.0
58733,3398.000634047926,1.0021787490986067,60.0
58734,3398.0013284923702,1.0034399324714967,60.0
58735,3398.0020229368147,1.0026988877340768,60.0
58736,3398.002717381259,1.00293417236847,60.0
58737,3398.0034118257036,1.0032220467117565,60.0
58738,3398.004106270148,1.00318235620775,60.0
58739,3398.0048007145924,1.0022543357756866,60.0
58740,3398.005495159037,1.0033012577001468,60.0
58741,3398.0061896034813,1.0019292640909232,60.0
58742,3398.0068840479257,1.00293579306469,60.0
58743,3398.00757849237,1.00313837059399,60.0
58744,3398.0082729368146,1.00458991302526,60.0
58745,3398.008967381259,1.00297948871541,60.0
58746,3398.0096618257035,1.00264630064214,60.0
58747,3398.010356270148,1.0028453283165601,60.0
58748,3398.0110507145923,1.00365062997095,60.0
58749,3398.0117451590368,1.0023015600515268,60.0
58750,3398.012439603481,1.0036552306895166,60.0
58751,3398.0131340479256,1.0023247811439966,60.0
58752,3398.01382849237,1.0023917080363434,60.0
58753,3398.0145229368145,1.0022925061986767,60.0
58754,3398.015217381259,1.0030213421300866,60.0
58755,3398.0159118257034,1.0030628480505568,60.0
58756,3398.016606270148,1.00305519324197,60.0
58757,3398.0173007145922,1.00333058047218,60.0
58758,3398.0179951590367,1.0027281248284703,60.0
58759,3398.018689603481,1.0035240805601067,60.0
58760,3398.0193840479255,1.00319385556874,60.0
58761,3398.02007849237,1.0033677514036767,60.0
58762,3398.0207729368144,1.00330473100058,60.0
58763,3398.021467381259,1.0039288260490469,60.0
58764,3398.0221618257033,1.0033966933162433,60.0
58765,3398.0228562701477,1.0031933415322467,60.0
58766,3398.023550714592,1.004190838325465,60.0
58767,3398.0242451590366,1.00305878243291,60.0
58768,3398.024939603481,1.00303757158643,60.0
58769,3398.0256340479255,1.0032345049745635,60.0
58770,3398.02632849237,1.00257675352925,60.0
58771,3398.0270229368143,1.0031307326355634,60.0
58772,3398.0277173812588,1.0038109903650099,60.0
58773,3398.028411825703,1.0024635630184466,60.0
58774,3398.0291062701476,1.0025695676014301,60.0
58775,3398.029800714592,1.0037581525187733,60.0
58776,3398.0304951590365,1.0031958465268467,60.0
58777,3398.031189603481,1.0031398254303001,60.0
58778,3398.0318840479254,1.0020739120970898,60.0
58779,3398.03257849237,1.0031904166709233,60.0
58780,3398.0332729368142,1.00279618886924,60.0
58781,3398.0339673812587,1.0031581788221502,60.0
58782,3398.034661825703,1.0025411928097199,60.0
58783,3398.0353562701475,1.0036656824230332,60.0
58784,3398.036050714592,1.0038801165701068,60.0
58785,3398.0367451590364,1.0030433402135766,60.0
58786,3398.037439603481,1.0043677493112033,60.0
58787,3398.0381340479253,1.0041500681496667,60.0
58788,3398.0388284923697,1.0037553542596733,60.0
58789,3398.039522936814,1.00383034578113,60.0
58790,3398.0402173812586,1.0030288001422267,60.0
58791,3398.040911825703,1.0036030212763498,60.0
58792,3398.0416062701474,1.0035727305422302,60.0
58793,3398.042300714592,1.00395492171757,60.0
58794,3398.0429951590363,1.00327036300989,60.0
58795,3398.0436896034807,1.0039134863363766,60.0
58796,3398.044384047925,1.00365303309607,60.0
58797,3398.0450784923696,1.0031710459836733,60.0
58798,3398.045772936814,1.0036276069936532,60.0
58799,3398.0464673812585,1.0038644999869533,60.0
58800,3398.047161825703,1.00349963028098,60.0
58801,3398.0478562701473,1.00449098721025,60.0
58802,3398.048550714592,1.0035933132628065,60.0
58803,3398.049245159036,1.0035068070489166,60.0
58804,3398.0499396034807,1.0036997190831767,60.0
58805,3398.050634047925,1.0036179481674201,60.0
58806,3398.0513284923695,1.0030534317253668,60.0
58807,3398.052022936814,1.00272712581394,60.0
58808,3398.0527173812584,1.0035746833926869,60.0
58809,3398.053411825703,1.0039708111968066,60.0
58810,3398.0541062701473,1.0041109749965,60.0
58811,3398.0548007145917,1.0032360807112601,60.0
58812,3398.055495159036,1.0047385626833467,60.0
58813,3398.0561896034806,1.0033369920176833,60.0
58814,3398.056884047925,1.0036528027039133,60.0
58815,3398.0575784923694,1.00349602509586,60.0
58816,3398.058272936814,1.00399076783817,60.0
58817,3398.0589673812583,1.0024808324394698,60.0
58818,3398.0596618257027,1.00346244406463,60.0
58819,3398.060356270147,1.0036884321177835,60.0
58820,3398.0610507145916,1.0040699725505833,60.0
58821,3398.061745159036,1.0040530220997268,60.0
58822,3398.0624396034805,1.0027591316222901,60.0
58823,3398.063134047925,1.0033234759847132,60.0
58824,3398.0638284923693,1.00399574017297,60.0
58825,3398.064522936814,1.00392636615071,60.0
58826,3398.065217381258,1.00364981965372,60.0
58827,3398.0659118257026,1.0029129811149067,60.0
58828,3398.066606270147,1.00343768380245,60.0
58829,3398.0673007145915,1.0034446384819702,60.0
58830,3398.067995159036,1.0038871776262932,60.0
58831,3398.0686896034804,1.0048273245193666,60.0
58832,3398.069384047925,1.0041106588511166,60.0
58833,3398.0700784923692,1.00385411792372,60.0
58834,3398.0707729368137,1.0031790637241,60.0
58835,3398.071467381258,1.0041613836619,60.0
58836,3398.0721618257026,1.00320891830522,60.0
58837,3398.072856270147,1.0041255485345901,60.0
58838,3398.0735507145914,1.0045753081780935,60.0
58839,3398.074245159036,1.0033736822477202,60.0
58840,3398.0749396034803,1.0037450949502833,60.0
58841,3398.0756340479247,1.0037823106713735,60.0
58842,3398.076328492369,1.00394102902718,60.0
58843,3398.0770229368136,1.0045587738144632,60.0
58844,3398.077717381258,1.00333883167512,60.0
58845,3398.0784118257025,1.0031309666593533,60.0
58846,3398.079106270147,1.00364864795743,60.0
58847,3398.0798007145913,1.0040965117256433,60.0
58848,3398.0804951590358,1.0033819559334933,60.0
58849,3398.08118960348,1.0032634851366498,60.0
58850,3398.0818840479246,1.00479172324923,60.0
58851,3398.082578492369,1.00309918547162,60.0
58852,3398.0832729368135,1.0044645644489798,60.0
58853,3398.083967381258,1.0047438768310533,60.0
58854,3398.0846618257024,1.0036592909997433,60.0
58855,3398.085356270147,1.0039712154303466,60.0
58856,3398.0860507145912,1.00476523532624,60.0
58857,3398.0867451590357,1.00385275460013,60.0
58858,3398.08743960348,1.0049665478676133,60.0
58859,3398.0881340479245,1.0048510382626035,60.0
58860,3398.088828492369,1.00413018421205,60.0
58861,3398.0895229368134,1.0042322198812432,60.0
58862,3398.090217381258,1.00346555549124,60.0
58863,3398.0909118257023,1.00289638554638,60.0
58864,3398.0916062701467,1.0047616357273133,60.0
58865,3398.092300714591,1.0044284539483366,60.0
58866,3398.0929951590356,1.0038674292782332,60.0
58867,3398.09368960348,1.0041729905982932,60.0
58868,3398.0943840479244,1.0039748956648733,60.0
58869,3398.095078492369,1.00381316445972,60.0
58870,3398.0957729368133,1.0035963908280365,60.0
58871,3398.0964673812578,1.00403733796536,60.0
58872,3398.097161825702,1.0045672585501169,60.0
58873,3398.0978562701466,1.00371140123331,60.0
58874,3398.098550714591,1.00505302504251,60.0
58875,3398.0992451590355,1.0042774270972432,60.0
58876,3398.09993960348,1.0031452491546633,60.0
58877,3398.1006340479244,1.00488487032152,60.0
58878,3398.101328492369,1.00597646648541,60.0
58879,3398.1020229368132,1.00438248318446,60.0
58880,3398.1027173812577,1.00499264411879,60.0
58881,3398.103411825702,1.0033402244330833,60.0
58882,3398.1041062701465,1.0044199291478701,60.0
58883,3398.104800714591,1.00428872851226,60.0
58884,3398.1054951590354,1.0046531952488131,60.0
58885,3398.10618960348,1.0047313502749766,60.0
58886,3398.1068840479243,1.00378918627269,60.0
58887,3398.1075784923687,1.0047413721120402,60.0
58888,3398.108272936813,1.0059297227442798,60.0
58889,3398.1089673812576,1.0044105603651465,60.0
58890,3398.109661825702,1.00366341497708,60.0
58891,3398.1103562701464,1.00532381938197,60.0
58892,3398.111050714591,1.0036161879112766,60.0
58893,3398.1117451590353,1.0045518822689934,60.0
58894,3398.1124396034797,1.0041220961078468,60.0
58895,3398.113134047924,1.0047101245080368,60.0
58896,3398.1138284923686,1.00375681871541,60.0
58897,3398.114522936813,1.0044773039367534,60.0
58898,3398.1152173812575,1.0050097971666834,60.0
58899,3398.115911825702,1.0044643347008835,60.0
58900,3398.1166062701463,1.0051048634562465,60.0
58901,3398.117300714591,1.0036345733362166,60.0
58902,3398.117995159035,1.0043859098482268,60.0
58903,3398.1186896034797,1.0053255038183335,60.0
58904,3398.119384047924,1.0044715057741134,60.0
58905,3398.1200784923685,1.00448447518362,60.0
58906,3398.120772936813,1.0043536214348132,60.0
58907,3398.1214673812574,1.0048091665566432,60.0
58908,3398.122161825702,1.0045299036808266,60.0
58909,3398.1228562701463,1.0051783770425666,60.0
58910,3398.1235507145907,1.0046988628365734,60.0
58911,3398.124245159035,1.0052687431194334,60.0
58912,3398.1249396034796,1.0052215731521266,60.0
58913,3398.125634047924,1.0048875174453966,60.0
58914,3398.1263284923684,1.00524367827338,60.0
58915,3398.127022936813,1.00412036523461,60.0
58916,3398.1277173812573,1.00451164478704,60.0
58917,3398.1284118257017,1.0041832651688332,60.0
58918,3398.129106270146,1.0054331177418565,60.0
58919,3398.1298007145906,1.0053391383467833,60.0
58920,3398.130495159035,1.0048979692319466,60.0
58921,3398.1311896034795,1.0053004896415398,60.0
58922,3398.131884047924,1.0047955298619733,60.0
58923,3398.1325784923683,1.0060986951988733,60.0
58924,3398.133272936813,1.0036146092881235,60.0
58925,3398.133967381257,1.0049106219968233,60.0
58926,3398.1346618257016,1.0048528437548334,60.0
58927,3398.135356270146,1.0071553646039633,60.0
58928,3398.1360507145905,1.00451264454546,60.0
58929,3398.136745159035,1.0041541207465867,60.0
58930,3398.1374396034794,1.00535363413401,60.0
58931,3398.138134047924,1.0047115064217536,60.0
58932,3398.1388284923682,1.005553591084703,60.0
58933,3398.1395229368127,1.0037677680264467,60.0
58934,3398.140217381257,1.0052464952357167,60.0
58935,3398.1409118257016,1.00479196931549,60.0
58936,3398.141606270146,1.0055633869209,60.0
58937,3398.1423007145904,1.0048889869506634,60.0
58938,3398.142995159035,1.0050994025996702,60.0
58939,3398.1436896034793,1.00592049962388,60.0
58940,3398.1443840479237,1.0060766418860165,60.0
58941,3398.145078492368,1.0047349694207635,60.0
58942,3398.1457729368126,1.005576204644135,60.0
58943,3398.146467381257,1.00552099095247,60.0
58944,3398.1471618257015,1.0056605938031702,60.0
58945,3398.147856270146,1.0044339373194136,60.0
58946,3398.1485507145903,1.0061459590799167,60.0
58947,3398.1492451590348,1.00604542481207,60.0
58948,3398.149939603479,1.0061690625881132,60.0
58949,3398.1506340479236,1.00549916496525,60.0
58950,3398.151328492368,1.0057844287589,60.0
58951,3398.1520229368125,1.0061212200638299,60.0
58952,3398.152717381257,1.0067913180996768,60.0
58953,3398.1534118257014,1.0049329914137566,60.0
58954,3398.154106270146,1.0063193087299966,60.0
58955,3398.1548007145902,1.0057306275553366,60.0
58956,3398.1554951590347,1.0058080648815033,60.0
58957,3398.156189603479,1.0050135566871734,60.0
58958,3398.1568840479235,1.0054928798643568,60.0
58959,3398.157578492368,1.0055810048330933,60.0
58960,3398.1582729368124,1.00501570786205,60.0
58961,3398.158967381257,1.00404709470725,60.0
58962,3398.1596618257013,1.00649969808932,60.0
58963,3398.1603562701457,1.0059031247661168,60.0
58964,3398.16105071459,1.00439798718181,60.0
58965,3398.1617451590346,1.0052540042796867,60.0
58966,3398.162439603479,1.0061038995948668,60.0
58967,3398.1631340479234,1.0059633226338367,60.0
58968,3398.163828492368,1.0047636324098932,60.0
58969,3398.1645229368123,1.00596567543742,60.0
58970,3398.1652173812568,1.0051852328348567,60.0
58971,3398.165911825701,1.0050018750736764,60.0
58972,3398.1666062701456,1.0056091725703034,60.0
58973,3398.16730071459,1.0062648318237966,60.0
58974,3398.1679951590345,1.0052404540939932,60.0
58975,3398.168689603479,1.0062425531842065,60.0
58976,3398.1693840479234,1.0054307572460632,60.0
58977,3398.170078492368,1.0054478840924301,60.0
58978,3398.170772936812,1.0066997975949734,60.0
58979,3398.1714673812567,1.0053858324824902,60.0
58980,3398.172161825701,1.0059649711533634,60.0
58981,3398.1728562701455,1.0053370463718065,60.0
58982,3398.17355071459,1.0062813445584566,60.0
58983,3398.1742451590344,1.0058772910894134,60.0
58984,3398.174939603479,1.00604654284437,60.0
58985,3398.1756340479233,1.005557556566,60.0
58986,3398.1763284923677,1.0060915684130765,60.0
58987,3398.177022936812,1.0064922184012366,60.0
58988,3398.1777173812566,1.0063906121200368,60.0
58989,3398.178411825701,1.0061222522536302,60.0
58990,3398.1791062701454,1.0054421713015067,60.0
58991,3398.17980071459,1.005440287079603,60.0
58992,3398.1804951590343,1.0064762142504067,60.0
58993,3398.1811896034787,1.00509517928191,60.0
58994,3398.181884047923,1.00637701864762,60.0
58995,3398.1825784923676,1.00709491461069,60.0
58996,3398.183272936812,1.0057470855543367,60.0
58997,3398.1839673812565,1.0049713122773432,60.0
58998,3398.184661825701,1.0060497666044734,60.0
58999,3398.1853562701453,1.00614602782512,60.0
59000,3398.18605071459,1.0053683174040533,60.0
59001,3398.186745159034,1.0058471809061134,60.0
59002,3398.1874396034787,1.00624267637948,60.0
59003,3398.188134047923,1.0068933647406866,60.0
59004,3398.1888284923675,1.0061871033130767,60.0
59005,3398.189522936812,1.006536088175,60.0
59006,3398.1902173812564,1.0066588426614833,60.0
59007,3398.190911825701,1.0051921739069565,60.0
59008,3398.1916062701453,1.00618315149577,60.0
59009,3398.1923007145897,1.0065813140598499,60.0
59010,3398.192995159034,1.0062159571227365,60.0
59011,3398.1936896034786,1.0061712758738135,60.0
59012,3398.194384047923,1.0058755435629367,60.0
59013,3398.1950784923674,1.0072084154068832,60.0
59014,3398.195772936812,1.0059036668590033,60.0
59015,3398.1964673812563,1.00606945203333,60.0
59016,3398.1971618257007,1.0066672307795166,60.0
59017,3398.197856270145,1.0067929173333434,60.0
59018,3398.1985507145896,1.0069022069166034,60.0
59019,3398.199245159034,1.0068741837085033,60.0
59020,3398.1999396034785,1.007055559039675,60.0
59021,3398.200634047923,1.0071059704796534,60.0
59022,3398.2013284923673,1.0067666311800134,60.0
59023,3398.2020229368118,1.00682864595368,60.0
59024,3398.202717381256,1.0067420872695199,60.0
59025,3398.2034118257006,1.00642918137589,60.0
59026,3398.204106270145,1.00621022902399,60.0
59027,3398.2048007145895,1.0060041875281132,60.0
59028,3398.205495159034,1.0067760589244468,60.0
59029,3398.2061896034784,1.0077582732672365,60.0
59030,3398.206884047923,1.0065434618912266,60.0
59031,3398.2075784923672,1.006695418796827,60.0
59032,3398.2082729368117,1.00661430356622,60.0
59033,3398.208967381256,1.0055315532505833,60.0
59034,3398.2096618257006,1.0058575941329133,60.0
59035,3398.210356270145,1.0063419887017666,60.0
59036,3398.2110507145894,1.00703375192084,60.0
59037,3398.211745159034,1.00707031723714,60.0
59038,3398.2124396034783,1.0066584246524701,60.0
59039,3398.2131340479227,1.0068611846460866,60.0
59040,3398.213828492367,1.0060285273158633,60.0
59041,3398.2145229368116,1.006042415524605,60.0
59042,3398.215217381256,1.00601670651971,60.0
59043,3398.2159118257005,1.0064305048458133,60.0
59044,3398.216606270145,1.0065981592173465,60.0
59045,3398.2173007145893,1.00629524819178,60.0
59046,3398.2179951590338,1.0066809849454401,60.0
59047,3398.218689603478,1.0057477096795067,60.0
59048,3398.2193840479226,1.0066254282479232,60.0
59049,3398.220078492367,1.0063396975632835,60.0
59050,3398.2207729368115,1.0075736942371267,60.0
59051,3398.221467381256,1.00576253342508,60.0
59052,3398.2221618257004,1.00687232232738,60.0
59053,3398.222856270145,1.0071800746903332,60.0
59054,3398.2235507145892,1.0070763383298134,60.0
59055,3398.2242451590337,1.0057473897801767,60.0
59056,3398.224939603478,1.0064334017481535,60.0
59057,3398.2256340479225,1.0063513543287466,60.0
59058,3398.226328492367,1.0064108072059132,60.0
59059,3398.2270229368114,1.0065084448875667,60.0
59060,3398.227717381256,1.0073929529293832,60.0
59061,3398.2284118257003,1.00589399003848,60.0
59062,3398.2291062701447,1.00638645428873,60.0
59063,3398.229800714589,1.0064647775235633,60.0
59064,3398.2304951590336,1.0062159505714934,60.0
59065,3398.231189603478,1.0067470461199133,60.0
59066,3398.2318840479224,1.0077649834273001,60.0
59067,3398.232578492367,1.0077974853501233,60.0
59068,3398.2332729368113,1.0065412031912835,60.0
59069,3398.2339673812558,1.0072750567022133,60.0
59070,3398.2346618257,1.0066481839430967,60.0
59071,3398.2353562701446,1.0073134066943765,60.0
59072,3398.236050714589,1.0072824855806,60.0
59073,3398.2367451590335,1.0065567592719,60.0
59074,3398.237439603478,1.00713546774503,60.0
59075,3398.2381340479224,1.00789550959671,60.0
59076,3398.238828492367,1.0073557731807268,60.0
59077,3398.239522936811,1.0071548806383765,60.0
59078,3398.2402173812557,1.0070738280390132,60.0
59079,3398.2409118257,1.00665591319595,60.0
59080,3398.2416062701445,1.0072192273745635,60.0
59081,3398.242300714589,1.0085355611859468,60.0
59082,3398.2429951590334,1.0072672557888966,60.0
59083,3398.243689603478,1.0071301443403933,60.0
59084,3398.2443840479223,1.0066551023184434,60.0
59085,3398.2450784923667,1.006285479616137,60.0
59086,3398.245772936811,1.00646790617388,60.0
59087,3398.2464673812556,1.0074895221042965,60.0
59088,3398.2471618257,1.0066102143603732,60.0
59089,3398.2478562701444,1.0060817010317948,60.0
59090,3398.248550714589,1.0076798194696932,60.0
59091,3398.2492451590333,1.006236148263797,60.0
59092,3398.2499396034777,1.00636300243421,60.0
59093,3398.250634047922,1.0070856390744432,60.0
59094,3398.2513284923666,1.0073157848487833,60.0
59095,3398.252022936811,1.0069137706322502,60.0
59096,3398.2527173812555,1.00700667092134,60.0
59097,3398.2534118257,1.0074144371391769,60.0
59098,3398.2541062701443,1.0071506921222633,60.0
59099,3398.254800714589,1.0074966645499066,60.0
59100,3398.255495159033,1.0068040003040801,60.0
59101,3398.2561896034777,1.00643858301373,60.0
59102,3398.256884047922,1.0073103916191932,60.0
59103,3398.2575784923665,1.0069029407394299,60.0
59104,3398.258272936811,1.0073938334693133,60.0
59105,3398.2589673812554,1.0068334015731433,60.0
59106,3398.2596618257,1.00778568757176,60.0
59107,3398.2603562701443,1.00815356042861,60.0
59108,3398.2610507145887,1.0070295783796466,60.0
59109,3398.261745159033,1.0071852333598834,60.0
59110,3398.2624396034776,1.00689251339478,60.0
59111,3398.263134047922,1.0074692831547332,60.0
59112,3398.2638284923664,1.00779469036042,60.0
59113,3398.264522936811,1.0079034136489866,60.0
59114,3398.2652173812553,1.0060253785813602,60.0
59115,3398.2659118256997,1.0071424454546734,60.0
59116,3398.266606270144,1.0065685786331733,60.0
59117,3398.2673007145886,1.0063752968140633,60.0
59118,3398.267995159033,1.00716072928839,60.0
59119,3398.2686896034775,1.00850892685602,60.0
59120,3398.269384047922,1.0081372382104432,60.0
59121,3398.2700784923663,1.0084420760449233,60.0
59122,3398.2707729368108,1.00651924083325,60.0
59123,3398.271467381255,1.00792884743016,60.0
59124,3398.2721618256996,1.00692209523658,60.0
59125,3398.272856270144,1.0079747318067467,60.0
59126,3398.2735507145885,1.00660819931702,60.0
59127,3398.274245159033,1.0081349634018835,60.0
59128,3398.2749396034774,1.00699602838684,60.0
59129,3398.275634047922,1.0078404788295166,60.0
59130,3398.2763284923662,1.0076168362475768,60.0
59131,3398.2770229368107,1.0073384733915267,60.0
59132,3398.277717381255,1.0070955283756502,60.0
59133,3398.2784118256995,1.0071536575668567,60.0
59134,3398.279106270144,1.0082700925809733,60.0
59135,3398.2798007145884,1.00751097539748,60.0
59136,3398.280495159033,1.00708766197798,60.0
59137,3398.2811896034773,1.0080369651926169,60.0
59138,3398.2818840479217,1.0070426103370034,60.0
59139,3398.282578492366,1.0077973095758734,60.0
59140,3398.2832729368106,1.0084628257855568,60.0
59141,3398.283967381255,1.00668525435181,60.0
59142,3398.2846618256995,1.00717521321238,60.0
59143,3398.285356270144,1.0069453210984598,60.0
59144,3398.2860507145883,1.00750678881705,60.0
59145,3398.2867451590328,1.00649754052599,60.0
59146,3398.287439603477,1.00815375182603,60.0
59147,3398.2881340479216,1.0071985185035166,60.0
59148,3398.288828492366,1.0083669957279167,60.0
59149,3398.2895229368105,1.0074015975206267,60.0
59150,3398.290217381255,1.0071123575258334,60.0
59151,3398.2909118256994,1.0072332481298767,60.0
59152,3398.291606270144,1.0076571204581266,60.0
59153,3398.2923007145882,1.0075509646726302,60.0
59154,3398.2929951590327,1.00872194862929,60.0
59155,3398.293689603477,1.0080903646433634,60.0
59156,3398.2943840479215,1.00805233901575,60.0
59157,3398.295078492366,1.0079507849468834,60.0
59158,3398.2957729368104,1.0074557409564566,60.0
59159,3398.296467381255,1.0079850261501468,60.0
59160,3398.2971618256993,1.00753003437871,60.0
59161,3398.2978562701437,1.0097009773684067,60.0
59162,3398.298550714588,1.0086268107581902,60.0
59163,3398.2992451590326,1.0071717544321968,60.0
59164,3398.299939603477,1.00890238342106,60.0
59165,3398.3006340479214,1.0089227581921831,60.0
59166,3398.301328492366,1.0074990930699699,60.0
59167,3398.3020229368103,1.0086755779348533,60.0
59168,3398.3027173812548,1.00777321284499,60.0
59169,3398.303411825699,1.00718449729841,60.0
59170,3398.3041062701436,1.0085067915182302,60.0
59171,3398.304800714588,1.0075436741354633,60.0
59172,3398.3054951590325,1.00802716038734,60.0
59173,3398.306189603477,1.0072820236029134,60.0
59174,3398.3068840479214,1.00792845513351,60.0
59175,3398.307578492366,1.0091811484262434,60.0
59176,3398.30827293681,1.008349320867215,60.0
59177,3398.3089673812547,1.0084635651268101,60.0
59178,3398.309661825699,1.0088716326536833,60.0
59179,3398.3103562701435,1.0082516845032734,60.0
59180,3398.311050714588,1.0081680530193733,60.0
59181,3398.3117451590324,1.0082474626545501,60.0
59182,3398.312439603477,1.0071461210139834,60.0
59183,3398.3131340479213,1.0079248648575767,60.0
59184,3398.3138284923657,1.0083416011451733,60.0
59185,3398.31452293681,1.0077193336935033,60.0
59186,3398.3152173812546,1.0078954179584467,60.0
59187,3398.315911825699,1.0080717580006635,60.0
59188,3398.3166062701434,1.00843100178276,60.0
59189,3398.317300714588,1.0087155664461969,60.0
59190,3398.3179951590323,1.00792344382126,60.0
59191,3398.3186896034767,1.0089473652927035,60.0
59192,3398.319384047921,1.0084765725083367,60.0
59193,3398.3200784923656,1.0084480501704667,60.0
59194,3398.32077293681,1.00893125174217,60.0
59195,3398.3214673812545,1.00769662892913,60.0
59196,3398.322161825699,1.0082729956126266,60.0
59197,3398.3228562701433,1.00855460025785,60.0
59198,3398.323550714588,1.0097439789462868,60.0
59199,3398.324245159032,1.0087499198850767,60.0
59200,3398.3249396034767,1.0088581963709433,60.0
59201,3398.325634047921,1.0095726344630567,60.0
59202,3398.3263284923655,1.0094629577263998,60.0
59203,3398.32702293681,1.0087110132217934,60.0
59204,3398.3277173812544,1.0089987723924267,60.0
59205,3398.328411825699,1.00784891365079,60.0
59206,3398.3291062701433,1.0086569060624833,60.0
59207,3398.3298007145877,1.0094582878889633,60.0
59208,3398.330495159032,1.0076521472759734,60.0
59209,3398.3311896034766,1.0098598049330967,60.0
59210,3398.331884047921,1.0095865341647434,60.0
59211,3398.3325784923654,1.0087519463827266,60.0
59212,3398.33327293681,1.01019321073825,60.0
59213,3398.3339673812543,1.0085174320415067,60.0
59214,3398.3346618256987,1.0096154278943166,60.0
59215,3398.335356270143,1.0089901816492535,60.0
59216,3398.3360507145876,1.0092470315684634,60.0
59217,3398.336745159032,1.0085615011703832,60.0
59218,3398.3374396034765,1.0089547225785431,60.0
59219,3398.338134047921,1.0088049859944832,60.0
59220,3398.3388284923653,1.00815520214558,60.0
59221,3398.3395229368098,1.0087080321412965,60.0
59222,3398.340217381254,1.00979121914349,60.0
59223,3398.3409118256986,1.0090444137158465,60.0
59224,3398.341606270143,1.0087277406884798,60.0
59225,3398.3423007145875,1.0088465141171266,60.0
59226,3398.342995159032,1.008302387748635,60.0
59227,3398.3436896034764,1.00856649614642,60.0
59228,3398.344384047921,1.0093295054242433,60.0
59229,3398.3450784923652,1.0088530145768067,60.0
59230,3398.3457729368097,1.0090794060065702,60.0
59231,3398.346467381254,1.00866888544824,60.0
59232,3398.3471618256985,1.0088545051060867,60.0
59233,3398.347856270143,1.0084856212750501,60.0
59234,3398.3485507145874,1.0091001313049632,60.0
59235,3398.349245159032,1.0088943295025166,60.0
59236,3398.3499396034763,1.0085924399843766,60.0
59237,3398.3506340479207,1.0092581950599133,60.0
59238,3398.351328492365,1.0090447176220867,60.0
59239,3398.3520229368096,1.00859906101173,60.0
59240,3398.352717381254,1.0085689578078265,60.0
59241,3398.3534118256985,1.008788616352895,60.0
59242,3398.354106270143,1.00899704329518,60.0
59243,3398.3548007145873,1.0093897178128532,60.0
59244,3398.3554951590318,1.0078310850037633,60.0
59245,3398.356189603476,1.0087513421004533,60.0
59246,3398.3568840479206,1.0084754388345134,60.0
59247,3398.357578492365,1.0088353544697035,60.0
59248,3398.3582729368095,1.0085521533213566,60.0
59249,3398.358967381254,1.00871292992263,60.0
59250,3398.3596618256984,1.0091985161226633,60.0
59251,3398.360356270143,1.009615738988,60.0
59252,3398.3610507145872,1.0102007735461331,60.0
59253,3398.3617451590317,1.0097315284242767,60.0
59254,3398.362439603476,1.0097278985235367,60.0
59255,3398.3631340479205,1.0089099318007066,60.0
59256,3398.363828492365,1.0096318740089951,60.0
59257,3398.3645229368094,1.00893652136607,60.0
59258,3398.365217381254,1.0086586315447865,60.0
59259,3398.3659118256983,1.0099134902879034,60.0
59260,3398.3666062701427,1.0103514898744634,60.0
59261,3398.367300714587,1.0096112972436568,60.0
59262,3398.3679951590316,1.00854471166625,60.0
59263,3398.368689603476,1.0084760752510034,60.0
59264,3398.3693840479204,1.0096816590787832,60.0
59265,3398.370078492365,1.0095371289927533,60.0
59266,3398.3707729368093,1.0100644203479634,60.0
59267,3398.3714673812538,1.0092348144585233,60.0
59268,3398.372161825698,1.0099674614033434,60.0
59269,3398.3728562701426,1.0098720042264266,60.0
59270,3398.373550714587,1.0093617754181634,60.0
59271,3398.3742451590315,1.00937226212003,60.0
59272,3398.374939603476,1.01115517115142,60.0
59273,3398.3756340479204,1.0087975943154432,60.0
59274,3398.376328492365,1.0095641632303165,60.0
59275,3398.377022936809,1.0099014160698934,60.0
59276,3398.3777173812537,1.00905611734179,60.0
59277,3398.378411825698,1.0090400015949834,60.0
59278,3398.3791062701425,1.01013535921619,60.0
59279,3398.379800714587,1.00963236520242,60.0
59280,3398.3804951590314,1.00975946586323,60.0
59281,3398.381189603476,1.0094638730750933,60.0
59282,3398.3818840479203,1.00983068830663,60.0
59283,3398.3825784923647,1.0093569973349967,60.0
59284,3398.383272936809,1.0094320658632767,60.0
59285,3398.3839673812536,1.0099237673345367,60.0
59286,3398.384661825698,1.0091452636759166,60.0
59287,3398.3853562701424,1.01012339937476,60.0
59288,3398.386050714587,1.00931301501534,60.0
59289,3398.3867451590313,1.0105645286172733,60.0
59290,3398.3874396034757,1.0093776155490233,60.0
59291,3398.38813404792,1.00901054183007,60.0
59292,3398.3888284923646,1.01018719144067,60.0
59293,3398.389522936809,1.0094316265814436,60.0
59294,3398.3902173812535,1.0085636859247868,60.0
59295,3398.390911825698,1.0097763032674,60.0
59296,3398.3916062701423,1.00873748702985,60.0
59297,3398.392300714587,1.0087447568067767,60.0
59298,3398.392995159031,1.0090810711368767,60.0
59299,3398.3936896034757,1.00876014771074,60.0
59300,3398.39438404792,1.0088190378924433,60.0
59301,3398.3950784923645,1.01038344867339,60.0
59302,3398.395772936809,1.00995453761279,60.0
59303,3398.3964673812534,1.00932139697367,60.0
59304,3398.397161825698,1.0094261255345633,60.0
59305,3398.3978562701423,1.01015041456892,60.0
59306,3398.3985507145867,1.0105236136246234,60.0
59307,3398.399245159031,1.00898597067153,60.0
59308,3398.3999396034756,1.00949274881325,60.0
59309,3398.40063404792,1.00992848389289,60.0
59310,3398.4013284923644,1.0092844425565435,60.0
59311,3398.402022936809,1.0094397844265102,60.0
59312,3398.4027173812533,1.0087837554782566,60.0
59313,3398.4034118256977,1.01025298397607,60.0
59314,3398.404106270142,1.00962587919461,60.0
59315,3398.4048007145866,1.0093924849603866,60.0
59316,3398.405495159031,1.0101840559290467,60.0
59317,3398.4061896034755,1.00969218280798,60.0
59318,3398.40688404792,1.0100849344016467,60.0
59319,3398.4075784923643,1.0111980568650099,60.0
59320,3398.4082729368088,1.0109846932644968,60.0
59321,3398.408967381253,1.00913541006253,60.0
59322,3398.4096618256976,1.0094878854321434,60.0
59323,3398.410356270142,1.0097566309240533,60.0
59324,3398.4110507145865,1.0099772604237833,60.0
59325,3398.411745159031,1.0098462721124635,60.0
59326,3398.4124396034754,1.00892950330277,60.0
59327,3398.41313404792,1.00960866876434,60.0
59328,3398.4138284923642,1.0101133053792033,60.0
59329,3398.4145229368087,1.0107769764856498,60.0
59330,3398.415217381253,1.0093927606868933,60.0
59331,3398.4159118256975,1.0094969977624435,60.0
59332,3398.416606270142,1.00987716173271,60.0
59333,3398.4173007145864,1.0106332017980832,60.0
59334,3398.417995159031,1.0092219634595767,60.0
59335,3398.4186896034753,1.0103640795808868,60.0
59336,3398.4193840479197,1.0101715069798767,60.0
59337,3398.420078492364,1.0101899330429367,60.0
59338,3398.4207729368086,1.00997918745455,60.0
59339,3398.421467381253,1.0098939522479233,60.0
59340,3398.4221618256975,1.0096558906703335,60.0
59341,3398.422856270142,1.0094857198137899,60.0
59342,3398.4235507145863,1.0101809317841466,60.0
59343,3398.4242451590308,1.0095563684176698,60.0
59344,3398.424939603475,1.008329632344745,60.0
59345,3398.4256340479196,1.0106557907588967,60.0
59346,3398.426328492364,1.0108863176766365,60.0
59347,3398.4270229368085,1.0097823475888632,60.0
59348,3398.427717381253,1.00964291381719,60.0
59349,3398.4284118256974,1.0096093461151199,60.0
59350,3398.429106270142,1.0103623619923168,60.0
59351,3398.4298007145862,1.0100930328686166,60.0
59352,3398.4304951590307,1.0096357132852667,60.0
59353,3398.431189603475,1.0110496101008266,60.0
59354,3398.4318840479195,1.0089341062592034,60.0
59355,3398.432578492364,1.00887667926658,60.0
59356,3398.4332729368084,1.0104482871389966,60.0
59357,3398.433967381253,1.0097501609257866,60.0
59358,3398.4346618256973,1.0110459860985033,60.0
59359,3398.4353562701417,1.0098585685779733,60.0
59360,3398.436050714586,1.0108032833196168,60.0
59361,3398.4367451590306,1.0103782588850432,60.0
59362,3398.437439603475,1.0114367608067332,60.0
59363,3398.4381340479194,1.0116546851760935,60.0
59364,3398.438828492364,1.0109659196990533,60.0
59365,3398.4395229368083,1.0100166014210101,60.0
59366,3398.4402173812528,1.0102650539285134,60.0
59367,3398.440911825697,1.0095784810846233,60.0
59368,3398.4416062701416,1.0108149729675733,60.0
59369,3398.442300714586,1.0110780438926767,60.0
59370,3398.4429951590305,1.0104838720190867,60.0
59371,3398.443689603475,1.0107856773843034,60.0
59372,3398.4443840479194,1.0101070205835068,60.0
59373,3398.445078492364,1.01090427350261,60.0
59374,3398.445772936808,1.0105825413435168,60.0
59375,3398.4464673812527,1.0111126552757066,60.0
59376,3398.447161825697,1.01074659920212,60.0
59377,3398.4478562701415,1.0105882371403967,60.0
59378,3398.448550714586,1.0103938785329298,60.0
59379,3398.4492451590304,1.0097030334542865,60.0
59380,3398.449939603475,1.0109870396445766,60.0
59381,3398.4506340479193,1.0109108397672266,60.0
59382,3398.4513284923637,1.0111717521687933,60.0
59383,3398.452022936808,1.0100696937091667,60.0
59384,3398.4527173812526,1.0096316134977201,60.0
59385,3398.453411825697,1.0112028260986035,60.0
59386,3398.4541062701414,1.01027024883248,60.0
59387,3398.454800714586,1.0110310940038831,60.0
59388,3398.4554951590303,1.0105879858705864,60.0
59389,3398.4561896034747,1.0100864438831565,60.0
59390,3398.456884047919,1.0105047162757632,60.0
59391,3398.4575784923636,1.010852283917843,60.0
59392,3398.458272936808,1.0108814438247864,60.0
59393,3398.4589673812525,1.0104309733719166,60.0
59394,3398.459661825697,1.0100970078249967,60.0
59395,3398.4603562701413,1.01122460924649,60.0
59396,3398.461050714586,1.01101100665209,60.0
59397,3398.46174515903,1.0114180113759066,60.0
59398,3398.4624396034746,1.01100390000761,60.0
59399,3398.463134047919,1.0097591393926,60.0
59400,3398.4638284923635,1.0101751939831332,60.0
59401,3398.464522936808,1.0123173184716767,60.0
59402,3398.4652173812524,1.009762398607445,60.0
59403,3398.465911825697,1.0100917746485167,60.0
59404,3398.4666062701413,1.010190771131565,60.0
59405,3398.4673007145857,1.01023253926719,60.0
59406,3398.46799515903,1.0106422155893,60.0
59407,3398.4686896034746,1.0112398740469801,60.0
59408,3398.469384047919,1.01051991513757,60.0
59409,3398.4700784923634,1.0103163305720602,60.0
59410,3398.470772936808,1.0102386132134267,60.0
59411,3398.4714673812523,1.0108505969428065,60.0
59412,3398.4721618256967,1.01098239564008,60.0
59413,3398.472856270141,1.0110670572714968,60.0
59414,3398.4735507145856,1.0109221201436667,60.0
59415,3398.47424515903,1.0104681817253665,60.0
59416,3398.4749396034745,1.0115631516616066,60.0
59417,3398.475634047919,1.0104670990349265,60.0
59418,3398.4763284923633,1.0107002485737169,60.0
59419,3398.4770229368078,1.0106520842293,60.0
59420,3398.477717381252,1.01089692828847,60.0
59421,3398.4784118256966,1.01114741300782,60.0
59422,3398.479106270141,1.0107060323118133,60.0
59423,3398.4798007145855,1.0105704733624734,60.0
59424,3398.48049515903,1.0118702537816933,60.0
59425,3398.4811896034744,1.01018645780255,60.0
59426,3398.481884047919,1.01150621161813,60.0
59427,3398.4825784923632,1.0113290549594334,60.0
59428,3398.4832729368077,1.0113638672212435,60.0
59429,3398.483967381252,1.0111803736847167,60.0
59430,3398.4846618256965,1.0109156624891733,60.0
59431,3398.485356270141,1.0115674195171767,60.0
59432,3398.4860507145854,1.0113650563714833,60.0
59433,3398.48674515903,1.01172581477156,60.0
59434,3398.4874396034743,1.0118835028907167,60.0
59435,3398.4881340479187,1.01077027029739,60.0
59436,3398.488828492363,1.01154173666354,60.0
59437,3398.4895229368076,1.0130728925165335,60.0
59438,3398.490217381252,1.0110250422192635,60.0
59439,3398.4909118256965,1.01081069504924,60.0
59440,3398.491606270141,1.0108308168521734,60.0
59441,3398.4923007145853,1.0102877677172435,60.0
59442,3398.4929951590298,1.0114302434486067,60.0
59443,3398.493689603474,1.0111690309425765,60.0
59444,3398.4943840479186,1.0117557260909,60.0
59445,3398.495078492363,1.0122049244640465,60.0
59446,3398.4957729368075,1.01180627562691,60.0
59447,3398.496467381252,1.0118443585737567,60.0
59448,3398.4971618256964,1.0122070591591832,60.0
59449,3398.497856270141,1.01178013237614,60.0
59450,3398.4985507145852,1.0123179393940767,60.0
59451,3398.4992451590297,1.0118946317199533,60.0
59452,3398.499939603474,1.01121544252554,60.0
59453,3398.5006340479185,1.0106570993290833,60.0
59454,3398.501328492363,1.0114821096738733,60.0
59455,3398.5020229368074,1.01237889608539,60.0
59456,3398.502717381252,1.01223024149016,60.0
59457,3398.5034118256963,1.010522768167855,60.0
59458,3398.5041062701407,1.0111532301864434,60.0
59459,3398.504800714585,1.0133166608147333,60.0
59460,3398.5054951590296,1.0118713762237002,60.0
59461,3398.506189603474,1.01092667491137,60.0
59462,3398.5068840479184,1.0107717580092566,60.0
59463,3398.507578492363,1.0113337763233001,60.0
59464,3398.5082729368073,1.0105864148348969,60.0
59465,3398.5089673812518,1.0114794075036733,60.0
59466,3398.509661825696,1.0116211992114035,60.0
59467,3398.5103562701406,1.0115809816108934,60.0
59468,3398.511050714585,1.0110248852171502,60.0
59469,3398.5117451590295,1.011283218389805,60.0
59470,3398.512439603474,1.0107565781072132,60.0
59471,3398.5131340479184,1.0115623577912134,60.0
59472,3398.513828492363,1.0113330986266966,60.0
59473,3398.514522936807,1.01021382899971,60.0
59474,3398.5152173812517,1.0116959357422868,60.0
59475,3398.515911825696,1.0110160189910466,60.0
59476,3398.5166062701405,1.0120353957006865,60.0
59477,3398.517300714585,1.01210994164022,60.0
59478,3398.5179951590294,1.01197552260831,60.0
59479,3398.518689603474,1.0110964886035667,60.0
59480,3398.5193840479183,1.0108331611876833,60.0
59481,3398.5200784923627,1.0118301842705202,60.0
59482,3398.520772936807,1.011382939450605,60.0
59483,3398.5214673812516,1.0116071203920567,60.0
59484,3398.522161825696,1.01224871657487,60.0
59485,3398.5228562701404,1.0107515914151701,60.0
59486,3398.523550714585,1.01157599278047,60.0
59487,3398.5242451590293,1.0123402359348133,60.0
59488,3398.5249396034737,1.0116835820131,60.0
59489,3398.525634047918,1.01120667466164,60.0
59490,3398.5263284923626,1.0110430004522601,60.0
59491,3398.527022936807,1.01182350060602,60.0
59492,3398.5277173812515,1.0121740995254334,60.0
59493,3398.528411825696,1.0119930635298402,60.0
59494,3398.5291062701403,1.0109995546869033,60.0
59495,3398.529800714585,1.0110894516379665,60.0
59496,3398.530495159029,1.01151737521252,60.0
59497,3398.5311896034736,1.0115506342023401,60.0
59498,3398.531884047918,1.012797525117785,60.0
59499,3398.5325784923625,1.0125254604139402,60.0
59500,3398.533272936807,1.0121464030843965,60.0
59501,3398.5339673812514,1.011731287057235,60.0
59502,3398.534661825696,1.0122390472155531,60.0
59503,3398.5353562701403,1.0118921395947098,60.0
59504,3398.5360507145847,1.0129427976735734,60.0
59505,3398.536745159029,1.0109409040211066,60.0
59506,3398.5374396034736,1.01180099533577,60.0
59507,3398.538134047918,1.01284573677952,60.0
59508,3398.5388284923624,1.0115127208839068,60.0
59509,3398.539522936807,1.0110606281983234,60.0
59510,3398.5402173812513,1.0109863754648734,60.0
59511,3398.5409118256957,1.0115959606173066,60.0
59512,3398.54160627014,1.0119906461597599,60.0
59513,3398.5423007145846,1.0117597538869034,60.0
59514,3398.542995159029,1.0122316865002932,60.0
59515,3398.5436896034735,1.0117179464388733,60.0
59516,3398.544384047918,1.0116870260678532,60.0
59517,3398.5450784923623,1.01115065821823,60.0
59518,3398.5457729368068,1.0123046071748167,60.0
59519,3398.546467381251,1.01204987172001,60.0
59520,3398.5471618256956,1.01167483092907,60.0
59521,3398.54785627014,1.0119340607983098,60.0
59522,3398.5485507145845,1.0117733760721166,60.0
59523,3398.549245159029,1.0118976288071,60.0
59524,3398.5499396034734,1.01243166588151,60.0
59525,3398.550634047918,1.0119075794765833,60.0
59526,3398.5513284923622,1.0117797065257934,60.0
59527,3398.5520229368067,1.0116578304400967,60.0
59528,3398.552717381251,1.0123244057022267,60.0
59529,3398.5534118256955,1.01185738766343,60.0
59530,3398.55410627014,1.0115153228394635,60.0
59531,3398.5548007145844,1.0108654769719552,60.0
59532,3398.555495159029,1.0117034968667802,60.0
59533,3398.5561896034733,1.0107844384915599,60.0
59534,3398.5568840479177,1.0112872651448332,60.0
59535,3398.557578492362,1.01210143764957,60.0
59536,3398.5582729368066,1.0121539550650602,60.0
59537,3398.558967381251,1.01195152829422,60.0
59538,3398.5596618256955,1.0120962994135,60.0
59539,3398.56035627014,1.0115345459829765,60.0
59540,3398.5610507145843,1.012792992887905,60.0
59541,3398.5617451590288,1.0124018610213967,60.0
59542,3398.562439603473,1.0135145941854233,60.0
59543,3398.5631340479176,1.0118333753772601,60.0
59544,3398.563828492362,1.0121976201330398,60.0
59545,3398.5645229368065,1.0126589173892402,60.0
59546,3398.565217381251,1.0115916664465532,60.0
59547,3398.5659118256954,1.0131069373666368,60.0
59548,3398.56660627014,1.0116376976997135,60.0
59549,3398.5673007145842,1.0121607621813833,60.0
59550,3398.5679951590287,1.0118587475030265,60.0
59551,3398.568689603473,1.011907603460885,60.0
59552,3398.5693840479175,1.0109918825751134,60.0
59553,3398.570078492362,1.0121973392631833,60.0
59554,3398.5707729368064,1.0126173525598965,60.0
59555,3398.571467381251,1.0124266837545368,60.0
59556,3398.5721618256953,1.0117262342946465,60.0
59557,3398.5728562701397,1.01158918257469,60.0
59558,3398.573550714584,1.0116871498112265,60.0
59559,3398.5742451590286,1.0124087557920298,60.0
59560,3398.574939603473,1.0117998613362769,60.0
59561,3398.5756340479174,1.0116291832908466,60.0
59562,3398.576328492362,1.01171396763524,60.0
59563,3398.5770229368063,1.01314584702599,60.0
59564,3398.5777173812507,1.0120764261205635,60.0
59565,3398.578411825695,1.0122600501801633,60.0
59566,3398.5791062701396,1.01336426589077,60.0
59567,3398.579800714584,1.0107590745540367,60.0
59568,3398.5804951590285,1.0117974852269134,60.0
59569,3398.581189603473,1.0118846783067734,60.0
59570,3398.5818840479174,1.0132681225378668,60.0
59571,3398.582578492362,1.0120052614151802,60.0
59572,3398.583272936806,1.0120231266282567,60.0
59573,3398.5839673812507,1.0121084616912535,60.0
59574,3398.584661825695,1.0126301023699897,60.0
59575,3398.5853562701395,1.0122119525167967,60.0
59576,3398.586050714584,1.0113049367970433,60.0
59577,3398.5867451590284,1.0124458522117468,60.0
59578,3398.587439603473,1.0128964043917332,60.0
59579,3398.5881340479173,1.0120528587905666,60.0
59580,3398.5888284923617,1.0120970907275033,60.0
59581,3398.589522936806,1.0120623325472833,60.0
59582,3398.5902173812506,1.0120799776990301,60.0
59583,3398.590911825695,1.0123045567355164,60.0
59584,3398.5916062701394,1.0129483281722367,60.0
59585,3398.592300714584,1.0115464881571066,60.0
59586,3398.5929951590283,1.01207820460678,60.0
59587,3398.5936896034727,1.01269036465082,60.0
59588,3398.594384047917,1.01220375343315,60.0
59589,3398.5950784923616,1.0112402049962501,60.0
59590,3398.595772936806,1.0121765399158866,60.0
59591,3398.5964673812505,1.0120816003937,60.0
59592,3398.597161825695,1.0125050330063432,60.0
59593,3398.5978562701393,1.0119675457204433,60.0
59594,3398.598550714584,1.0121944512477168,60.0
59595,3398.599245159028,1.0122226401648033,60.0
59596,3398.5999396034726,1.0126085926488033,60.0
59597,3398.600634047917,1.0125881367075935,60.0
59598,3398.6013284923615,1.0112409953315467,60.0
59599,3398.602022936806,1.0127872574319865,60.0
59600,3398.6027173812504,1.0119356598459868,60.0
59601,3398.603411825695,1.0121238437319033,60.0
59602,3398.6041062701393,1.012807218065285,60.0
59603,3398.6048007145837,1.01270997349154,60.0
59604,3398.605495159028,1.0126315937270634,60.0
59605,3398.6061896034726,1.01322330077506,60.0
59606,3398.606884047917,1.01306695687594,60.0
59607,3398.6075784923614,1.01222273334523,60.0
59608,3398.608272936806,1.0132305795106098,60.0
59609,3398.6089673812503,1.0118627793105432,60.0
59610,3398.6096618256947,1.0127314739061266,60.0
59611,3398.610356270139,1.0127808864636767,60.0
59612,3398.6110507145836,1.01308950489933,60.0
59613,3398.611745159028,1.0119416346135,60.0
59614,3398.6124396034725,1.0120715179540067,60.0
59615,3398.613134047917,1.0121634450440766,60.0
59616,3398.6138284923613,1.0118012519784367,60.0
59617,3398.6145229368058,1.0122568020880436,60.0
59618,3398.61521738125,1.0124827370938665,60.0
59619,3398.6159118256946,1.0120294026316,60.0
59620,3398.616606270139,1.01255530968934,60.0
59621,3398.6173007145835,1.0131113844506834,60.0
59622,3398.617995159028,1.0121565763409899,60.0
59623,3398.6186896034724,1.0121144459259568,60.0
59624,3398.619384047917,1.01149006783002,60.0
59625,3398.6200784923612,1.01181374496248,60.0
59626,3398.6207729368057,1.01206040354726,60.0
59627,3398.62146738125,1.01251636443183,60.0
59628,3398.6221618256945,1.0125494180390235,60.0
59629,3398.622856270139,1.0121310931888166,60.0
59630,3398.6235507145834,1.0124620396912067,60.0
59631,3398.624245159028,1.01235914332377,60.0
59632,3398.6249396034723,1.0127776635671235,60.0
59633,3398.6256340479167,1.0129585739087366,60.0
59634,3398.626328492361,1.0128252503027901,60.0
59635,3398.6270229368056,1.0118489827197632,60.0
59636,3398.62771738125,1.0125827617676668,60.0
59637,3398.6284118256945,1.0127551108792334,60.0
59638,3398.629106270139,1.01363696963978,60.0
59639,3398.6298007145833,1.0129414221939734,60.0
59640,3398.6304951590278,1.0127773691881299,60.0
59641,3398.631189603472,1.0128625904986033,60.0
59642,3398.6318840479166,1.0129697324476667,60.0
59643,3398.632578492361,1.01294700002927,60.0
59644,3398.6332729368055,1.0124578666701967,60.0
59645,3398.63396738125,1.0138711468466266,60.0
59646,3398.6346618256944,1.0122480200754567,60.0
59647,3398.635356270139,1.0123465840612733,60.0
59648,3398.6360507145832,1.0121234964895598,60.0
59649,3398.6367451590277,1.01371880224488,60.0
59650,3398.637439603472,1.0132393000918165,60.0
59651,3398.6381340479165,1.01270022699814,60.0
59652,3398.638828492361,1.01320922937378,60.0
59653,3398.6395229368054,1.0127923754677002,60.0
59654,3398.64021738125,1.01253783023883,60.0
59655,3398.6409118256943,1.01270128688351,60.0
59656,3398.6416062701387,1.013201095574705,60.0
59657,3398.642300714583,1.0137345143420136,60.0
59658,3398.6429951590276,1.0137738238855232,60.0
59659,3398.643689603472,1.0128628897652867,60.0
59660,3398.6443840479164,1.013693766542975,60.0
59661,3398.645078492361,1.0121532387777565,60.0
59662,3398.6457729368053,1.0137429350134066,60.0
59663,3398.6464673812497,1.0135259054710468,60.0
59664,3398.647161825694,1.0123333683540767,60.0
59665,3398.6478562701386,1.0135344607308268,60.0
59666,3398.648550714583,1.0139065228480366,60.0
59667,3398.6492451590275,1.0134147558084499,60.0
59668,3398.649939603472,1.0126387817796167,60.0
59669,3398.6506340479164,1.0131512284540634,60.0
59670,3398.651328492361,1.0139307777544635,60.0
59671,3398.652022936805,1.0132154042100001,60.0
59672,3398.6527173812497,1.013995990768945,60.0
59673,3398.653411825694,1.0121267045045634,60.0
59674,3398.6541062701385,1.0131616561483534,60.0
59675,3398.654800714583,1.01379227633162,60.0
59676,3398.6554951590274,1.0126804228549835,60.0
59677,3398.656189603472,1.01339616327402,60.0
59678,3398.6568840479163,1.012941751681845,60.0
59679,3398.6575784923607,1.0137191939638035,60.0
59680,3398.658272936805,1.01478423608365,60.0
59681,3398.6589673812496,1.0133913568010366,60.0
59682,3398.659661825694,1.0141436737518867,60.0
59683,3398.6603562701384,1.01406267250569,60.0
59684,3398.661050714583,1.0142679863033768,60.0
59685,3398.6617451590273,1.0148917648250066,60.0
59686,3398.6624396034717,1.01354143465797,60.0
59687,3398.663134047916,1.0129327882996033,60.0
59688,3398.6638284923606,1.0140532066754833,60.0
59689,3398.664522936805,1.0135905621179966,60.0
59690,3398.6652173812495,1.0138765369294933,60.0
59691,3398.665911825694,1.0139730858517033,60.0
59692,3398.6666062701383,1.013356071667595,60.0
59693,3398.667300714583,1.0137483420463933,60.0
59694,3398.667995159027,1.01413375227708,60.0
59695,3398.6686896034716,1.0139057022508668,60.0
59696,3398.669384047916,1.01428552486332,60.0
59697,3398.6700784923605,1.01261632636906,60.0
59698,3398.670772936805,1.0144191762748,60.0
59699,3398.6714673812494,1.0132424284071033,60.0
59700,3398.672161825694,1.01275759322023,60.0
59701,3398.6728562701383,1.0138024293105168,60.0
59702,3398.6735507145827,1.0128578117494234,60.0
59703,3398.674245159027,1.01338174066788,60.0
59704,3398.6749396034716,1.0129009123053068,60.0
59705,3398.675634047916,1.0141698302735849,60.0
59706,3398.6763284923604,1.0138891879095233,60.0
59707,3398.677022936805,1.01358036334934,60.0
59708,3398.6777173812493,1.0130776345787333,60.0
59709,3398.6784118256937,1.0138106283002066,60.0
59710,3398.679106270138,1.01369758016346,60.0
59711,3398.6798007145826,1.0138435676447166,60.0
59712,3398.680495159027,1.012946109118005,60.0
59713,3398.6811896034715,1.0144379941039035,60.0
59714,3398.681884047916,1.0137533946869401,60.0
59715,3398.6825784923603,1.0135638665024167,60.0
59716,3398.6832729368048,1.0130216038933302,60.0
59717,3398.683967381249,1.01388467208459,60.0
59718,3398.6846618256936,1.0137721299811835,60.0
59719,3398.685356270138,1.0134763041185133,60.0
59720,3398.6860507145825,1.0141328009420365,60.0
59721,3398.686745159027,1.0130196817619566,60.0
59722,3398.6874396034714,1.01363322955495,60.0
59723,3398.688134047916,1.0133433584167832,60.0
59724,3398.6888284923602,1.01372090563399,60.0
59725,3398.6895229368047,1.0132192443386066,60.0
59726,3398.690217381249,1.01369385241717,60.0
59727,3398.6909118256935,1.0134253502917367,60.0
59728,3398.691606270138,1.0148062270185267,60.0
59729,3398.6923007145824,1.01387939922788,60.0
59730,3398.692995159027,1.0144684128956432,60.0
59731,3398.6936896034713,1.0140718350318165,60.0
59732,3398.6943840479157,1.0137401575256166,60.0
59733,3398.69507849236,1.0134081691212966,60.0
59734,3398.6957729368046,1.01381639895843,60.0
59735,3398.696467381249,1.0130303355913532,60.0
59736,3398.6971618256935,1.0131882541143167,60.0
59737,3398.697856270138,1.0135436369525601,60.0
59738,3398.6985507145823,1.0132924600587965,60.0
59739,3398.6992451590268,1.01352390051178,60.0
59740,3398.699939603471,1.0135107559002565,60.0
59741,3398.7006340479156,1.01297246720393,60.0
59742,3398.70132849236,1.0134119535105734,60.0
59743,3398.7020229368045,1.0145848772495365,60.0
59744,3398.702717381249,1.0131496794918,60.0
59745,3398.7034118256934,1.0135132487666234,60.0
59746,3398.704106270138,1.0139670565739032,60.0
59747,3398.7048007145822,1.0143821830738533,60.0
59748,3398.7054951590267,1.0132771644508367,60.0
59749,3398.706189603471,1.01333036438124,60.0
59750,3398.7068840479155,1.0135987208034167,60.0
59751,3398.70757849236,1.0134904116688002,60.0
59752,3398.7082729368044,1.0134840544606634,60.0
59753,3398.708967381249,1.0145947019217736,60.0
59754,3398.7096618256933,1.01402176381946,60.0
59755,3398.7103562701377,1.0135892920302434,60.0
59756,3398.711050714582,1.01431359222849,60.0
59757,3398.7117451590266,1.0131832807688501,60.0
59758,3398.712439603471,1.01346062397931,60.0
59759,3398.7131340479154,1.01416270954842,60.0
59760,3398.71382849236,1.01360586970866,60.0
59761,3398.7145229368043,1.0144048142183932,60.0
59762,3398.7152173812487,1.0144048492812,60.0
59763,3398.715911825693,1.0137252041116034,60.0
59764,3398.7166062701376,1.0143725537936932,60.0
59765,3398.717300714582,1.0132722858117067,60.0
59766,3398.7179951590265,1.0141611830723367,60.0
59767,3398.718689603471,1.0129514440851901,60.0
59768,3398.7193840479154,1.0141780722595533,60.0
59769,3398.72007849236,1.0140803343728002,60.0
59770,3398.720772936804,1.01435798881132,60.0
59771,3398.7214673812487,1.0146086675940003,60.0
59772,3398.722161825693,1.01322080070438,60.0
59773,3398.7228562701375,1.0137671729464868,60.0
59774,3398.723550714582,1.0139883890479033,60.0
59775,3398.7242451590264,1.014220231240335,60.0
59776,3398.724939603471,1.0134192632645334,60.0
59777,3398.7256340479153,1.0150103666257635,60.0
59778,3398.7263284923597,1.01428091610887,60.0
59779,3398.727022936804,1.01372572858455,60.0
59780,3398.7277173812486,1.0143991695984333,60.0
59781,3398.728411825693,1.0134029965140068,60.0
59782,3398.7291062701374,1.0135439902118435,60.0
59783,3398.729800714582,1.01428883763137,60.0
59784,3398.7304951590263,1.0131763972830632,60.0
59785,3398.7311896034707,1.0142591301066366,60.0
59786,3398.731884047915,1.01335176027835,60.0
59787,3398.7325784923596,1.01331169721253,60.0
59788,3398.733272936804,1.0142898443307633,60.0
59789,3398.7339673812485,1.0137519812651667,60.0
59790,3398.734661825693,1.0137265909403632,60.0
59791,3398.7353562701373,1.0132922491204899,60.0
59792,3398.736050714582,1.01461532261304,60.0
59793,3398.736745159026,1.0133859853088867,60.0
59794,3398.7374396034706,1.0130406880764333,60.0
59795,3398.738134047915,1.01385551208296,60.0
59796,3398.7388284923595,1.01384843155561,60.0
59797,3398.739522936804,1.01370065098524,60.0
59798,3398.7402173812484,1.0136818877170668,60.0
59799,3398.740911825693,1.0139821069069266,60.0
59800,3398.7416062701373,1.0146266769055068,60.0
59801,3398.7423007145817,1.0147766803548866,60.0
59802,3398.742995159026,1.0144419145873134,60.0
59803,3398.7436896034706,1.01491592699643,60.0
59804,3398.744384047915,1.0132176776586335,60.0
59805,3398.7450784923594,1.0133842869018135,60.0
59806,3398.745772936804,1.012392369436715,60.0
59807,3398.7464673812483,1.0132662978555234,60.0
59808,3398.7471618256927,1.0134204579538766,60.0
59809,3398.747856270137,1.01336202305728,60.0
59810,3398.7485507145816,1.01418178338104,60.0
59811,3398.749245159026,1.0142666568813132,60.0
59812,3398.7499396034705,1.0144363565678967,60.0
59813,3398.750634047915,1.0139764156625002,60.0
59814,3398.7513284923593,1.0144463012866665,60.0
59815,3398.7520229368038,1.01364846526091,60.0
59816,3398.752717381248,1.0144389991668568,60.0
59817,3398.7534118256926,1.0139545332169468,60.0
59818,3398.754106270137,1.0141427149488966,60.0
59819,3398.7548007145815,1.01352914154118,60.0
59820,3398.755495159026,1.0145566680640166,60.0
59821,3398.7561896034704,1.0135217968749233,60.0
59822,3398.756884047915,1.0139502372973,60.0
59823,3398.7575784923592,1.0140116144770202,60.0
59824,3398.7582729368037,1.0136753595937769,60.0
59825,3398.758967381248,1.0145578071170764,60.0
59826,3398.7596618256925,1.0140041362107934,60.0
59827,3398.760356270137,1.0149583059728733,60.0
59828,3398.7610507145814,1.014145490711335,60.0
59829,3398.761745159026,1.01366341850728,60.0
59830,3398.7624396034703,1.0145174396487333,60.0
59831,3398.7631340479147,1.0146910487194367,60.0
59832,3398.763828492359,1.0134175924299964,60.0
59833,3398.7645229368036,1.0147842613653333,60.0
59834,3398.765217381248,1.0139014090901435,60.0
59835,3398.7659118256925,1.01442133512749,60.0
59836,3398.766606270137,1.0144631102996167,60.0
59837,3398.7673007145813,1.0139708348994232,60.0
59838,3398.7679951590258,1.013878809474993,60.0
59839,3398.76868960347,1.01373123956339,60.0
59840,3398.7693840479146,1.0135377798193799,60.0
59841,3398.770078492359,1.0139603177633634,60.0
59842,3398.7707729368035,1.0153357894274766,60.0
59843,3398.771467381248,1.01407030357758,60.0
59844,3398.7721618256924,1.0138470254908765,60.0
59845,3398.772856270137,1.0136995894105,60.0
59846,3398.7735507145812,1.0144659832305465,60.0
59847,3398.7742451590257,1.0135293109879135,60.0
59848,3398.77493960347,1.01409622830027,60.0
59849,3398.7756340479145,1.01357372756168,60.0
59850,3398.776328492359,1.0141481263593302,60.0
59851,3398.7770229368034,1.0142604755753302,60.0
59852,3398.777717381248,1.0144942849628835,60.0
59853,3398.7784118256923,1.013895086845,60.0
59854,3398.7791062701367,1.0142389554713351,60.0
59855,3398.779800714581,1.01454333045468,60.0
59856,3398.7804951590256,1.0139471672337699,60.0
59857,3398.78118960347,1.01398176651316,60.0
59858,3398.7818840479144,1.0138304999540433,60.0
59859,3398.782578492359,1.0147371684282733,60.0
59860,3398.7832729368033,1.01434576221221,60.0
59861,3398.7839673812477,1.01435947177602,60.0
59862,3398.784661825692,1.0147112597485366,60.0
59863,3398.7853562701366,1.01459171555686,60.0
59864,3398.786050714581,1.0141740162906299,60.0
59865,3398.7867451590255,1.0145413667651766,60.0
59866,3398.78743960347,1.0142119870205668,60.0
59867,3398.7881340479144,1.0146352934761131,60.0
59868,3398.788828492359,1.01459559915505,60.0
59869,3398.789522936803,1.0151657703852832,60.0
59870,3398.7902173812477,1.0138204421024366,60.0
59871,3398.790911825692,1.0151578627421767,60.0
59872,3398.7916062701365,1.01714235210727,60.0
59873,3398.792300714581,1.0149078483989769,60.0
59874,3398.7929951590254,1.01381877504973,60.0
59875,3398.79368960347,1.0141258992590434,60.0
59876,3398.7943840479143,1.01393673984622,60.0
59877,3398.7950784923587,1.0143176325752032,60.0
59878,3398.795772936803,1.0145922138444232,60.0
59879,3398.7964673812476,1.0141189802463535,60.0
59880,3398.797161825692,1.0136086404032667,60.0
59881,3398.7978562701364,1.0143619999870002,60.0
59882,3398.798550714581,1.0138522850469567,60.0
59883,3398.7992451590253,1.0144979456936967,60.0
59884,3398.7999396034697,1.0154832100018834,60.0
59885,3398.800634047914,1.0138027208341467,60.0
59886,3398.8013284923586,1.0146115507803601,60.0
59887,3398.802022936803,1.0142222754421735,60.0
59888,3398.8027173812475,1.0150252999676102,60.0
59889,3398.803411825692,1.01485396107471,60.0
59890,3398.8041062701363,1.0166959458874867,60.0
59891,3398.804800714581,1.0151353106467667,60.0
59892,3398.805495159025,1.0149009929948365,60.0
59893,3398.8061896034696,1.014156945295645,60.0
59894,3398.806884047914,1.013539408259485,60.0
59895,3398.8075784923585,1.0139086388093068,60.0
59896,3398.808272936803,1.0135656651007665,60.0
59897,3398.8089673812474,1.01440074298555,60.0
59898,3398.809661825692,1.0149243553400666,60.0
59899,3398.8103562701363,1.0148045224396236,60.0
59900,3398.8110507145807,1.015075839707615,60.0
59901,3398.811745159025,1.01381671821342,60.0
59902,3398.8124396034696,1.0135821597648735,60.0
59903,3398.813134047914,1.0143620042553232,60.0
59904,3398.8138284923584,1.01455188489815,60.0
59905,3398.814522936803,1.0147237275424767,60.0
59906,3398.8152173812473,1.01526515092507,60.0
59907,3398.8159118256917,1.01444952315887,60.0
59908,3398.816606270136,1.0139458332281965,60.0
59909,3398.8173007145806,1.01528347946489,60.0
59910,3398.817995159025,1.01506679917202,60.0
59911,3398.8186896034695,1.0146997175964534,60.0
59912,3398.819384047914,1.01369642636585,60.0
59913,3398.8200784923583,1.0146060635013898,60.0
59914,3398.8207729368028,1.0141860723142802,60.0
59915,3398.821467381247,1.0160023792806967,60.0
59916,3398.8221618256916,1.0156088701730832,60.0
59917,3398.822856270136,1.01507372642663,60.0
59918,3398.8235507145805,1.01409221819711,60.0
59919,3398.824245159025,1.0145619989503099,60.0
59920,3398.8249396034694,1.0157896630074332,60.0
59921,3398.825634047914,1.0156432929563632,60.0
59922,3398.8263284923582,1.0155042085461066,60.0
59923,3398.8270229368027,1.0152828384007535,60.0
59924,3398.827717381247,1.0147428195195964,60.0
59925,3398.8284118256915,1.0141542383180264,60.0
59926,3398.829106270136,1.0149784543204567,60.0
59927,3398.8298007145804,1.0155267449138465,60.0
59928,3398.830495159025,1.0151575472822234,60.0
59929,3398.8311896034693,1.0142544855609932,60.0
59930,3398.8318840479137,1.014634291136405,60.0
59931,3398.832578492358,1.01390366761113,60.0
59932,3398.8332729368026,1.0145506676495069,60.0
59933,3398.833967381247,1.0142513706704601,60.0
59934,3398.8346618256915,1.0144739154513267,60.0
59935,3398.835356270136,1.0148924918407198,60.0
59936,3398.8360507145803,1.0156670093355034,60.0
59937,3398.8367451590248,1.0154175240590966,60.0
59938,3398.837439603469,1.01466323868097,60.0
59939,3398.8381340479136,1.01460348469878,60.0
59940,3398.838828492358,1.01501004421962,60.0
59941,3398.8395229368025,1.01415375588334,60.0
59942,3398.840217381247,1.0156033922602066,60.0
59943,3398.8409118256914,1.0150812522312502,60.0
59944,3398.841606270136,1.0153160718065932,60.0
59945,3398.8423007145802,1.0147901913482336,60.0
59946,3398.8429951590247,1.0148432058751602,60.0
59947,3398.843689603469,1.0145177013884799,60.0
59948,3398.8443840479135,1.0149514966826667,60.0
59949,3398.845078492358,1.0140377125267868,60.0
59950,3398.8457729368024,1.0148335162252167,60.0
59951,3398.846467381247,1.01606208809274,60.0
59952,3398.8471618256913,1.0154364541181167,60.0
59953,3398.8478562701357,1.0151989239989831,60.0
59954,3398.84855071458,1.0148039506512168,60.0
59955,3398.8492451590246,1.014628287663565,60.0
59956,3398.849939603469,1.0149298152332034,60.0
59957,3398.8506340479134,1.01495497227295,60.0
59958,3398.851328492358,1.0151671006815066,60.0
59959,3398.8520229368023,1.0145441993760966,60.0
59960,3398.8527173812467,1.0152850361340366,60.0
59961,3398.853411825691,1.0163632432102467,60.0
59962,3398.8541062701356,1.0146433133737165,60.0
59963,3398.85480071458,1.0153349375647966,60.0
59964,3398.8554951590245,1.0158595649001534,60.0
59965,3398.856189603469,1.01525779072941,60.0
59966,3398.8568840479134,1.01555904252256,60.0
59967,3398.857578492358,1.0149912746929368,60.0
59968,3398.858272936802,1.0153723578700535,60.0
59969,3398.8589673812467,1.0148451395177698,60.0
59970,3398.859661825691,1.0149048229530402,60.0
59971,3398.8603562701355,1.016479661179785,60.0
59972,3398.86105071458,1.0148629428398868,60.0
59973,3398.8617451590244,1.0149187945010967,60.0
59974,3398.862439603469,1.0145365000453166,60.0
59975,3398.8631340479133,1.0164617706250698,60.0
59976,3398.8638284923577,1.0152702834615168,60.0
59977,3398.864522936802,1.0161206090498498,60.0
59978,3398.8652173812466,1.0154919796565867,60.0
59979,3398.865911825691,1.0154776037221034,60.0
59980,3398.8666062701354,1.01551121293491,60.0
59981,3398.86730071458,1.01448694152586,60.0
59982,3398.8679951590243,1.01567939169773,60.0
59983,3398.8686896034687,1.0150443253093935,60.0
59984,3398.869384047913,1.0149858062542398,60.0
59985,3398.8700784923576,1.01577347054816,60.0
59986,3398.870772936802,1.0155480053283235,60.0
59987,3398.8714673812465,1.0150381194424802,60.0
59988,3398.872161825691,1.0150580998037533,60.0
59989,3398.8728562701353,1.0149009452815834,60.0
59990,3398.87355071458,1.01582319571259,60.0
59991,3398.874245159024,1.0149609396413302,60.0
59992,3398.8749396034686,1.0153846825787698,60.0
59993,3398.875634047913,1.0156746347858434,60.0
59994,3398.8763284923575,1.0146196751486467,60.0
59995,3398.877022936802,1.0159718754360734,60.0
59996,3398.8777173812464,1.01475658672773,60.0
59997,3398.878411825691,1.01540197008573,60.0
59998,3398.8791062701353,1.0150257516169567,60.0
59999,3398.8798007145797,1.0161141662690933,60.0
60000,3398.880495159024,1.01481851403792,60.0
60001,3398.8811896034686,1.0155827706339067,60.0
60002,3398.881884047913,1.0154033560585833,60.0
60003,3398.8825784923574,1.0154359288467731,60.0
60004,3398.883272936802,1.0158537588382466,60.0
60005,3398.8839673812463,1.0149476307567566,60.0
60006,3398.8846618256907,1.0155174183290567,60.0
60007,3398.885356270135,1.01554061286038,60.0
60008,3398.8860507145796,1.0153013889012001,60.0
60009,3398.886745159024,1.0160048097618801,60.0
60010,3398.8874396034685,1.01529026516049,60.0
60011,3398.888134047913,1.0143002087446467,60.0
60012,3398.8888284923573,1.0161714813932734,60.0
60013,3398.8895229368018,1.01530691444772,60.0
60014,3398.890217381246,1.0150345570380435,60.0
60015,3398.8909118256906,1.0144216127468666,60.0
60016,3398.891606270135,1.0139366483248333,60.0
60017,3398.8923007145795,1.0147923172623534,60.0
60018,3398.892995159024,1.0152703765246567,60.0
60019,3398.8936896034684,1.0159991330043368,60.0
60020,3398.894384047913,1.0154044512889702,60.0
60021,3398.8950784923572,1.0150801020384899,60.0
60022,3398.8957729368017,1.0153375899245367,60.0
60023,3398.896467381246,1.01443278321135,60.0
60024,3398.8971618256905,1.0152241686815067,60.0
60025,3398.897856270135,1.0161187791124,60.0
60026,3398.8985507145794,1.0155023631371298,60.0
60027,3398.899245159024,1.0161190030839033,60.0
60028,3398.8999396034683,1.0149241834743166,60.0
60029,3398.9006340479127,1.0152603935463367,60.0
60030,3398.901328492357,1.0150303969598233,60.0
60031,3398.9020229368016,1.0155086301368899,60.0
60032,3398.902717381246,1.01508799456851,60.0
60033,3398.9034118256905,1.0147376253422666,60.0
60034,3398.904106270135,1.0155758829934067,60.0
60035,3398.9048007145793,1.0155279818045402,60.0
60036,3398.9054951590238,1.0166031588558,60.0
60037,3398.906189603468,1.0164552627198167,60.0
60038,3398.9068840479126,1.0156417891772735,60.0
60039,3398.907578492357,1.01455287220534,60.0
60040,3398.9082729368015,1.0149216945789166,60.0
60041,3398.908967381246,1.0148910699624032,60.0
60042,3398.9096618256904,1.0155652461487235,60.0
60043,3398.910356270135,1.0141752629990668,60.0
60044,3398.9110507145792,1.0153320816737132,60.0
60045,3398.9117451590237,1.01493067001889,60.0
60046,3398.912439603468,1.0142111376512932,60.0
60047,3398.9131340479125,1.015420756771,60.0
60048,3398.913828492357,1.0155766642838167,60.0
60049,3398.9145229368014,1.0159505701492366,60.0
60050,3398.915217381246,1.01495027034982,60.0
60051,3398.9159118256903,1.0150866838458266,60.0
60052,3398.9166062701347,1.01480746271256,60.0
60053,3398.917300714579,1.0155370577985934,60.0
60054,3398.9179951590236,1.01557844826224,60.0
60055,3398.918689603468,1.01505729528155,60.0
60056,3398.9193840479124,1.0165283467703234,60.0
60057,3398.920078492357,1.0155027651065265,60.0
60058,3398.9207729368013,1.0144316374536166,60.0
60059,3398.9214673812457,1.01556354578779,60.0
60060,3398.92216182569,1.0165109735040165,60.0
60061,3398.9228562701346,1.0148656135565732,60.0
60062,3398.923550714579,1.0159578854179865,60.0
60063,3398.9242451590235,1.0150034248268167,60.0
60064,3398.924939603468,1.0154632779938935,60.0
60065,3398.9256340479124,1.0155036667496333,60.0
60066,3398.926328492357,1.01568930971464,60.0
60067,3398.927022936801,1.0144675050883334,60.0
60068,3398.9277173812457,1.0153349861873198,60.0
60069,3398.92841182569,1.0150442754647768,60.0
60070,3398.9291062701345,1.01552051521662,60.0
60071,3398.929800714579,1.0146698355135366,60.0
60072,3398.9304951590234,1.0159776782745766,60.0
60073,3398.931189603468,1.01385959647823,60.0
60074,3398.9318840479123,1.0154059842995167,60.0
60075,3398.9325784923567,1.0150502030805566,60.0
60076,3398.933272936801,1.01396678845031,60.0
60077,3398.9339673812456,1.0166375539992833,60.0
60078,3398.93466182569,1.016230275200125,60.0
60079,3398.9353562701344,1.01531912316602,60.0
60080,3398.936050714579,1.0153937251515666,60.0
60081,3398.9367451590233,1.01509992652666,60.0
60082,3398.9374396034677,1.0149317211308568,60.0
60083,3398.938134047912,1.0155718440447699,60.0
60084,3398.9388284923566,1.0147727074964568,60.0
60085,3398.939522936801,1.0155307963435,60.0
60086,3398.9402173812455,1.015257880715505,60.0
60087,3398.94091182569,1.01612353714523,60.0
60088,3398.9416062701343,1.01446716232284,60.0
60089,3398.942300714579,1.0155724819662233,60.0
60090,3398.942995159023,1.0145577512249866,60.0
60091,3398.9436896034676,1.01509399162342,60.0
60092,3398.944384047912,1.01510583558546,60.0
60093,3398.9450784923565,1.0144977459138331,60.0
60094,3398.945772936801,1.0151494174406432,60.0
60095,3398.9464673812454,1.0152482020852966,60.0
60096,3398.94716182569,1.01511658430058,60.0
60097,3398.9478562701343,1.0155666381956099,60.0
60098,3398.9485507145787,1.0144277812681601,60.0
60099,3398.949245159023,1.01606871136151,60.0
60100,3398.9499396034676,1.0152651417814835,60.0
60101,3398.950634047912,1.0149834298486167,60.0
60102,3398.9513284923564,1.0159780234112834,60.0
60103,3398.952022936801,1.013922373819345,60.0
60104,3398.9527173812453,1.0151682865396299,60.0
60105,3398.9534118256897,1.0153778197855134,60.0
60106,3398.954106270134,1.01464962767542,60.0
60107,3398.9548007145786,1.0149730435601068,60.0
60108,3398.955495159023,1.0154152706204633,60.0
60109,3398.9561896034675,1.0165367123989333,60.0
60110,3398.956884047912,1.0156752201221766,60.0
60111,3398.9575784923563,1.0162560941027599,60.0
60112,3398.9582729368008,1.0156537729216435,60.0
60113,3398.958967381245,1.01550812784379,60.0
60114,3398.9596618256896,1.0148025370711033,60.0
60115,3398.960356270134,1.0154490527973399,60.0
60116,3398.9610507145785,1.01561256281573,60.0
60117,3398.961745159023,1.0155765592831234,60.0
60118,3398.9624396034674,1.0160043957601232,60.0
60119,3398.963134047912,1.0157676693070001,60.0
60120,3398.9638284923562,1.0144186476388766,60.0
60121,3398.9645229368007,1.01561613729053,60.0
60122,3398.965217381245,1.0150964309445765,60.0
60123,3398.9659118256895,1.0144298315704334,60.0
60124,3398.966606270134,1.0163318076348933,60.0
60125,3398.9673007145784,1.0155647716744267,60.0
60126,3398.967995159023,1.01457566237792,60.0
60127,3398.9686896034673,1.0155687412536034,60.0
60128,3398.9693840479117,1.0147743583389366,60.0
60129,3398.970078492356,1.0149616504181767,60.0
60130,3398.9707729368006,1.0161125620549734,60.0
60131,3398.971467381245,1.01517900829327,60.0
60132,3398.9721618256895,1.0154241248359999,60.0
60133,3398.972856270134,1.01484096134698,60.0
60134,3398.9735507145783,1.0151730538858568,60.0
60135,3398.9742451590228,1.015918730622703,60.0
60136,3398.974939603467,1.0164737974208766,60.0
60137,3398.9756340479116,1.0152169612941833,60.0
60138,3398.976328492356,1.01599634368125,60.0
60139,3398.9770229368005,1.01670523340624,60.0
60140,3398.977717381245,1.0150725391680133,60.0
60141,3398.9784118256894,1.0152874220590669,60.0
60142,3398.979106270134,1.0152636909944066,60.0
60143,3398.9798007145782,1.0153344712604,60.0
60144,3398.9804951590227,1.01505717308488,60.0
60145,3398.981189603467,1.0148670382121534,60.0
60146,3398.9818840479115,1.0162407076791633,60.0
60147,3398.982578492356,1.01588705949834,60.0
60148,3398.9832729368004,1.0154536477701,60.0
60149,3398.983967381245,1.0165452815367768,60.0
60150,3398.9846618256893,1.0160215652867535,60.0
60151,3398.9853562701337,1.01554705003168,60.0
60152,3398.986050714578,1.0158098095520767,60.0
60153,3398.9867451590226,1.0154108948698968,60.0
60154,3398.987439603467,1.01551974305086,60.0
60155,3398.9881340479114,1.0150358342798533,60.0
60156,3398.988828492356,1.0159126016456967,60.0
60157,3398.9895229368003,1.0159463420104202,60.0
60158,3398.9902173812447,1.0158946317782898,60.0
60159,3398.990911825689,1.0155036265861834,60.0
60160,3398.9916062701336,1.0152977551832534,60.0
60161,3398.992300714578,1.0157716698930634,60.0
60162,3398.9929951590225,1.0170886192420765,60.0
60163,3398.993689603467,1.01547035159085,60.0
60164,3398.9943840479114,1.01546741421305,60.0
60165,3398.995078492356,1.01677891561423,60.0
60166,3398.9957729368,1.01575875566503,60.0
60167,3398.9964673812447,1.0164402154514234,60.0
60168,3398.997161825689,1.0161197770005799,60.0
60169,3398.9978562701335,1.01624866610618,60.0
60170,3398.998550714578,1.0152454073948334,60.0
60171,3398.9992451590224,1.0153343283663099,60.0
60172,3398.999939603467,1.015639620574285,60.0
60173,3399.0006340479113,1.0162993600238732,60.0
60174,3399.0013284923557,1.0161420716771732,60.0
60175,3399.0020229368,1.0163186698065398,60.0
60176,3399.0027173812446,1.0158841132478835,60.0
60177,3399.003411825689,1.0152614316595134,60.0
60178,3399.0041062701334,1.0155129450944633,60.0
60179,3399.004800714578,1.0147805448309033,60.0
60180,3399.0054951590223,1.01582037199895,60.0
60181,3399.0061896034667,1.01639437656211,60.0
60182,3399.006884047911,1.0162391039555834,60.0
60183,3399.0075784923556,1.01537663069319,60.0
60184,3399.0082729368,1.0165718704321434,60.0
60185,3399.0089673812445,1.01584255526883,60.0
60186,3399.009661825689,1.01646297696141,60.0
60187,3399.0103562701333,1.01663975931899,60.0
60188,3399.011050714578,1.0160363547047,60.0
60189,3399.011745159022,1.0163427455118532,60.0
60190,3399.0124396034666,1.0163453189755733,60.0
60191,3399.013134047911,1.01586811497448,60.0
60192,3399.0138284923555,1.0149936259448802,60.0
60193,3399.0145229368,1.0157009245441497,60.0
60194,3399.0152173812444,1.0156501001668834,60.0
60195,3399.015911825689,1.0159716348215333,60.0
60196,3399.0166062701333,1.0156713969145734,60.0
60197,3399.0173007145777,1.0157381818540199,60.0
60198,3399.017995159022,1.01572452355958,60.0
60199,3399.0186896034666,1.0170162359298434,60.0
60200,3399.019384047911,1.0165016634818735,60.0
60201,3399.0200784923554,1.01620916670802,60.0
60202,3399.0207729368,1.0157663281332565,60.0
60203,3399.0214673812443,1.01620617834905,60.0
60204,3399.0221618256887,1.0153232856915133,60.0
60205,3399.022856270133,1.0174868070069651,60.0
60206,3399.0235507145776,1.016354196995135,60.0
60207,3399.024245159022,1.0160826561624567,60.0
60208,3399.0249396034665,1.0157196272531968,60.0
60209,3399.025634047911,1.0154492087106766,60.0
60210,3399.0263284923553,1.0160075663105168,60.0
60211,3399.0270229367998,1.0169217677899232,60.0
60212,3399.027717381244,1.01627463025899,60.0
60213,3399.0284118256886,1.0152605849061334,60.0
60214,3399.029106270133,1.0166014736502602,60.0
60215,3399.0298007145775,1.0157081855421033,60.0
60216,3399.030495159022,1.0152530292818367,60.0
60217,3399.0311896034664,1.0157392264400869,60.0
60218,3399.031884047911,1.0155672539590668,60.0
60219,3399.0325784923552,1.0164723310367068,60.0
60220,3399.0332729367997,1.0153977087948867,60.0
60221,3399.033967381244,1.01591593110336,60.0
60222,3399.0346618256885,1.01660150174027,60.0
60223,3399.035356270133,1.01556053634853,60.0
60224,3399.0360507145774,1.0162530529525167,60.0
60225,3399.036745159022,1.0162400936559732,60.0
60226,3399.0374396034663,1.01605212699032,60.0
60227,3399.0381340479107,1.0169159670950467,60.0
60228,3399.038828492355,1.01699565415598,60.0
60229,3399.0395229367996,1.0157729786574434,60.0
60230,3399.040217381244,1.0171615212717766,60.0
60231,3399.0409118256885,1.0178132526870634,60.0
60232,3399.041606270133,1.0160812260679934,60.0
60233,3399.0423007145773,1.0169057468171334,60.0
60234,3399.0429951590218,1.0157697666265832,60.0
60235,3399.043689603466,1.01661895374812,60.0
60236,3399.0443840479106,1.0161580760287299,60.0
60237,3399.045078492355,1.0159508096182035,60.0
60238,3399.0457729367995,1.0160325678321664,60.0
60239,3399.046467381244,1.0155804858299267,60.0
60240,3399.0471618256884,1.0168286518140233,60.0
60241,3399.047856270133,1.01553644342481,60.0
60242,3399.0485507145772,1.0169056050080798,60.0
60243,3399.0492451590217,1.014275343798775,60.0
60244,3399.049939603466,1.01672296539543,60.0
60245,3399.0506340479105,1.0169577876798601,60.0
60246,3399.051328492355,1.0162476324406433,60.0
60247,3399.0520229367994,1.01641323759187,60.0
60248,3399.052717381244,1.0151687978838766,60.0
60249,3399.0534118256883,1.01547908046635,60.0
60250,3399.0541062701327,1.01642694897162,60.0
60251,3399.054800714577,1.0159490552950468,60.0
60252,3399.0554951590216,1.0149777947465735,60.0
60253,3399.056189603466,1.01649630674683,60.0
60254,3399.0568840479104,1.0152235345841498,60.0
60255,3399.057578492355,1.0162615796874033,60.0
60256,3399.0582729367993,1.01552791886722,60.0
60257,3399.0589673812437,1.0166792285667434,60.0
60258,3399.059661825688,1.016052986068675,60.0
60259,3399.0603562701326,1.01652086498887,60.0
60260,3399.061050714577,1.0166045006918267,60.0
60261,3399.0617451590215,1.0154492370556234,60.0
60262,3399.062439603466,1.0159729691784967,60.0
60263,3399.0631340479104,1.01593777730994,60.0
60264,3399.063828492355,1.01545300531871,60.0
60265,3399.064522936799,1.0160619021975699,60.0
60266,3399.0652173812437,1.0158150879581533,60.0
60267,3399.065911825688,1.0158489806604367,60.0
60268,3399.0666062701325,1.0167078538622099,60.0
60269,3399.067300714577,1.0155547382698134,60.0
60270,3399.0679951590214,1.0158591431844266,60.0
60271,3399.068689603466,1.0158797243923032,60.0
60272,3399.0693840479103,1.0159542496364633,60.0
60273,3399.0700784923547,1.0162660692062735,60.0
60274,3399.070772936799,1.0154747204075667,60.0
60275,3399.0714673812436,1.0159515585468801,60.0
60276,3399.072161825688,1.0162887477911269,60.0
60277,3399.0728562701324,1.01468437005041,60.0
60278,3399.073550714577,1.01700581224787,60.0
60279,3399.0742451590213,1.01570677695936,60.0
60280,3399.0749396034657,1.0161427200588802,60.0
60281,3399.07563404791,1.01520770747891,60.0
60282,3399.0763284923546,1.0156110026902334,60.0
60283,3399.077022936799,1.015904204898945,60.0
60284,3399.0777173812435,1.0167652334162967,60.0
60285,3399.078411825688,1.0165693965618667,60.0
60286,3399.0791062701323,1.0158840740566466,60.0
60287,3399.079800714577,1.0155885228335866,60.0
60288,3399.080495159021,1.0149457876965,60.0
60289,3399.0811896034656,1.0165341469496634,60.0
60290,3399.08188404791,1.01547477025179,60.0
60291,3399.0825784923545,1.0157742667165566,60.0
60292,3399.083272936799,1.0151293483856134,60.0
60293,3399.0839673812434,1.016341360688845,60.0
60294,3399.084661825688,1.0159966635521502,60.0
60295,3399.0853562701323,1.0158094215114366,60.0
60296,3399.0860507145767,1.0156259168961652,60.0
60297,3399.086745159021,1.0157717615040367,60.0
60298,3399.0874396034656,1.0164037372604333,60.0
60299,3399.08813404791,1.01663257399556,60.0
60300,3399.0888284923544,1.0162233393148734,60.0
60301,3399.089522936799,1.0151860448708032,60.0
60302,3399.0902173812433,1.0150124060677235,60.0
60303,3399.0909118256877,1.01641087038012,60.0
60304,3399.091606270132,1.0156201854964633,60.0
60305,3399.0923007145766,1.0173113440961565,60.0
60306,3399.092995159021,1.0170527833176835,60.0
60307,3399.0936896034655,1.0154264309536234,60.0
60308,3399.09438404791,1.0164950665870869,60.0
60309,3399.0950784923543,1.0166265986428467,60.0
60310,3399.0957729367988,1.0155490308214767,60.0
60311,3399.096467381243,1.0163298888839367,60.0
60312,3399.0971618256876,1.0167104056461265,60.0
60313,3399.097856270132,1.0150541847641599,60.0
60314,3399.0985507145765,1.0162229119412132,60.0
60315,3399.099245159021,1.0162882526672468,60.0
60316,3399.0999396034654,1.0164972128728367,60.0
60317,3399.10063404791,1.0156646163516934,60.0
60318,3399.1013284923542,1.0150165985939232,60.0
60319,3399.1020229367987,1.0157121744258901,60.0
60320,3399.102717381243,1.0158036203697967,60.0
60321,3399.1034118256875,1.0167210196908532,60.0
60322,3399.104106270132,1.0162182079050035,60.0
60323,3399.1048007145764,1.0173878511179602,60.0
60324,3399.105495159021,1.0156322505717768,60.0
60325,3399.1061896034653,1.0162242343028034,60.0
60326,3399.1068840479097,1.0166949219226866,60.0
60327,3399.107578492354,1.01524914329081,60.0
60328,3399.1082729367986,1.0151860645745434,60.0
60329,3399.108967381243,1.0148503989951365,60.0
60330,3399.1096618256875,1.01627565202745,60.0
60331,3399.110356270132,1.0162021557107268,60.0
60332,3399.1110507145763,1.0162196429391235,60.0
60333,3399.1117451590208,1.0158949937742234,60.0
60334,3399.112439603465,1.0158890695252634,60.0
60335,3399.1131340479096,1.0152281302883899,60.0
60336,3399.113828492354,1.0158613807306065,60.0
60337,3399.1145229367985,1.0149088496660001,60.0
60338,3399.115217381243,1.0160151975227467,60.0
60339,3399.1159118256874,1.01532198188152,60.0
60340,3399.116606270132,1.01632527873967,60.0
60341,3399.1173007145762,1.0148355743513067,60.0
60342,3399.1179951590207,1.0156860185677268,60.0
60343,3399.118689603465,1.0171177632397235,60.0
60344,3399.1193840479095,1.01559966910673,60.0
60345,3399.120078492354,1.0172468675723934,60.0
60346,3399.1207729367984,1.0159884671410602,60.0
60347,3399.121467381243,1.0165421618379133,60.0
60348,3399.1221618256873,1.01556378890894,60.0
60349,3399.1228562701317,1.01587706662588,60.0
60350,3399.123550714576,1.01531898283042,60.0
60351,3399.1242451590206,1.0151862983800002,60.0
60352,3399.124939603465,1.0159348608578467,60.0
60353,3399.1256340479094,1.0155330109706464,60.0
60354,3399.126328492354,1.0165060277380966,60.0
60355,3399.1270229367983,1.0157960750880133,60.0
60356,3399.1277173812427,1.0157895221294602,60.0
60357,3399.128411825687,1.0166313300676733,60.0
60358,3399.1291062701316,1.0156938813843899,60.0
60359,3399.129800714576,1.0154247391006799,60.0
60360,3399.1304951590205,1.01743573534761,60.0
60361,3399.131189603465,1.0162162538454567,60.0
60362,3399.1318840479094,1.0162833837762602,60.0
60363,3399.132578492354,1.0159573557555968,60.0
60364,3399.133272936798,1.0164511755430634,60.0
60365,3399.1339673812427,1.0167285803153134,60.0
60366,3399.134661825687,1.0158054687728832,60.0
60367,3399.1353562701315,1.0158910146890665,60.0
60368,3399.136050714576,1.0162768853219502,60.0
60369,3399.1367451590204,1.01555767491688,60.0
60370,3399.137439603465,1.0152316138918034,60.0
60371,3399.1381340479093,1.01658989391047,60.0
60372,3399.1388284923537,1.0153797483479101,60.0
60373,3399.139522936798,1.0161260599733035,60.0
60374,3399.1402173812426,1.01686628255839,60.0
60375,3399.140911825687,1.0160044578368568,60.0
60376,3399.1416062701314,1.01598344368773,60.0
60377,3399.142300714576,1.0158952151013636,60.0
60378,3399.1429951590203,1.0159971380817667,60.0
60379,3399.1436896034647,1.01563100847137,60.0
60380,3399.144384047909,1.0162871006341667,60.0
60381,3399.1450784923536,1.0146734686710366,60.0
60382,3399.145772936798,1.01466589520869,60.0
60383,3399.1464673812425,1.0156967333592233,60.0
60384,3399.147161825687,1.01600097714008,60.0
60385,3399.1478562701313,1.01592982054143,60.0
60386,3399.148550714576,1.0161359795948899,60.0
60387,3399.14924515902,1.0163716608946767,60.0
60388,3399.1499396034646,1.0155655713314433,60.0
60389,3399.150634047909,1.0157216300712235,60.0
60390,3399.1513284923535,1.0147804706151602,60.0
60391,3399.152022936798,1.01602691543348,60.0
60392,3399.1527173812424,1.0162069349086167,60.0
60393,3399.153411825687,1.0157533989157133,60.0
60394,3399.1541062701313,1.0163582928891866,60.0
60395,3399.1548007145757,1.01560079906943,60.0
60396,3399.15549515902,1.01568721472641,60.0
60397,3399.1561896034646,1.0165559375253232,60.0
60398,3399.156884047909,1.0162193822026733,60.0
60399,3399.1575784923534,1.0162982651489367,60.0
60400,3399.158272936798,1.0163517665224933,60.0
60401,3399.1589673812423,1.01601315664465,60.0
60402,3399.1596618256867,1.0167314456590433,60.0
60403,3399.160356270131,1.0163063063253166,60.0
60404,3399.1610507145756,1.01438891300026,60.0
60405,3399.16174515902,1.0147260673789165,60.0
60406,3399.1624396034645,1.0164474810092867,60.0
60407,3399.163134047909,1.0163253639956733,60.0
60408,3399.1638284923533,1.0150286930877301,60.0
60409,3399.1645229367978,1.016398021792835,60.0
60410,3399.165217381242,1.01561776009199,60.0
60411,3399.1659118256866,1.0153935351197734,60.0
60412,3399.166606270131,1.0171542495344532,60.0
60413,3399.1673007145755,1.0166200434903567,60.0
60414,3399.16799515902,1.0168104463673449,60.0
60415,3399.1686896034644,1.0157999594917066,60.0
60416,3399.169384047909,1.01552152243247,60.0
60417,3399.1700784923532,1.0157556117813369,60.0
60418,3399.1707729367977,1.01489519812233,60.0
60419,3399.171467381242,1.0159816901987533,60.0
60420,3399.1721618256865,1.0164227003201267,60.0
60421,3399.172856270131,1.0168137713599634,60.0
60422,3399.1735507145754,1.0162760559707134,60.0
60423,3399.17424515902,1.0164281484107567,60.0
60424,3399.1749396034643,1.0172093081406832,60.0
60425,3399.1756340479087,1.01587536839797,60.0
60426,3399.176328492353,1.0145433212349566,60.0
60427,3399.1770229367976,1.0163001871259565,60.0
60428,3399.177717381242,1.0164122525362733,60.0
60429,3399.1784118256865,1.0159429574864032,60.0
60430,3399.179106270131,1.0168724949137802,60.0
60431,3399.1798007145753,1.0152332709133067,60.0
60432,3399.1804951590198,1.0159439475228167,60.0
60433,3399.181189603464,1.0155639022951766,60.0
60434,3399.1818840479086,1.0151381934802066,60.0
60435,3399.182578492353,1.0164436252382534,60.0
60436,3399.1832729367975,1.0155920533079035,60.0
60437,3399.183967381242,1.0162160492620533,60.0
60438,3399.1846618256864,1.0162405004102766,60.0
60439,3399.185356270131,1.0168686401214966,60.0
60440,3399.1860507145752,1.0158735273298967,60.0
60441,3399.1867451590197,1.0152750119725766,60.0
60442,3399.187439603464,1.0151059829833502,60.0
60443,3399.1881340479085,1.01620513586787,60.0
60444,3399.188828492353,1.0169327757654465,60.0
60445,3399.1895229367974,1.01634965887081,60.0
60446,3399.190217381242,1.016569134925395,60.0
60447,3399.1909118256863,1.0156508371271633,60.0
60448,3399.1916062701307,1.01551297944945,60.0
60449,3399.192300714575,1.0159238677001134,60.0
60450,3399.1929951590196,1.01592671421528,60.0
60451,3399.193689603464,1.0161263931390234,60.0
60452,3399.1943840479084,1.0153706357963568,60.0
60453,3399.195078492353,1.015605193763207,60.0
60454,3399.1957729367973,1.015546988639485,60.0
60455,3399.1964673812417,1.0160488393561635,60.0
60456,3399.197161825686,1.0154379136687566,60.0
60457,3399.1978562701306,1.01651200700415,60.0
60458,3399.198550714575,1.01652226650135,60.0
60459,3399.1992451590195,1.0157393167346433,60.0
60460,3399.199939603464,1.0163110259674668,60.0
60461,3399.2006340479084,1.0161670199780202,60.0
60462,3399.201328492353,1.01522507664287,60.0
60463,3399.202022936797,1.0164695819369267,60.0
60464,3399.2027173812417,1.01661332690472,60.0
60465,3399.203411825686,1.016092204717,60.0
60466,3399.2041062701305,1.0154419321329267,60.0
60467,3399.204800714575,1.0159168660395368,60.0
60468,3399.2054951590194,1.0160048795519199,60.0
60469,3399.206189603464,1.0159363316326833,60.0
60470,3399.2068840479083,1.0157624741378066,60.0
60471,3399.2075784923527,1.016219552014305,60.0
60472,3399.208272936797,1.01484596950382,60.0
60473,3399.2089673812416,1.0170548353470166,60.0
60474,3399.209661825686,1.01547280906373,60.0
60475,3399.2103562701304,1.0159791905508349,60.0
60476,3399.211050714575,1.0159918387772966,60.0
60477,3399.2117451590193,1.0169712474804833,60.0
60478,3399.2124396034637,1.0163201467848066,60.0
60479,3399.213134047908,1.0167400045707733,60.0
60480,3399.2138284923526,1.0156053942283467,60.0
60481,3399.214522936797,1.0148442613791666,60.0
60482,3399.2152173812415,1.0161957843184932,60.0
60483,3399.215911825686,1.0161675226774534,60.0
60484,3399.2166062701303,1.0164316534197666,60.0
60485,3399.217300714575,1.01613855372794,60.0
60486,3399.217995159019,1.0155713098423098,60.0
60487,3399.2186896034636,1.0159950047425534,60.0
60488,3399.219384047908,1.016268397205187,60.0
60489,3399.2200784923525,1.01634053402502,60.0
60490,3399.220772936797,1.0163327434369234,60.0
60491,3399.2214673812414,1.01619820719076,60.0
60492,3399.222161825686,1.0160580641055033,60.0
60493,3399.2228562701303,1.0155533778127934,60.0
60494,3399.2235507145747,1.01628547177886,60.0
60495,3399.224245159019,1.0154968981498766,60.0
60496,3399.2249396034636,1.01450925953195,60.0
60497,3399.225634047908,1.015050532437887,60.0
60498,3399.2263284923524,1.0153736989684632,60.0
60499,3399.227022936797,1.0157809566508,60.0
60500,3399.2277173812413,1.015513957867825,60.0
60501,3399.2284118256857,1.015581695092385,60.0
60502,3399.22910627013,1.0165094102757601,60.0
60503,3399.2298007145746,1.0150940023027901,60.0
60504,3399.230495159019,1.0155112913650166,60.0
60505,3399.2311896034635,1.01578205273963,60.0
60506,3399.231884047908,1.0148729594480166,60.0
60507,3399.2325784923523,1.01604743039724,60.0
60508,3399.2332729367968,1.0157436577328367,60.0
60509,3399.233967381241,1.01609505754367,60.0
60510,3399.2346618256856,1.0149071605705233,60.0
60511,3399.23535627013,1.0154141266268466,60.0
60512,3399.2360507145745,1.0155357993343366,60.0
60513,3399.236745159019,1.01635187517062,60.0
60514,3399.2374396034634,1.0167133751512032,60.0
60515,3399.238134047908,1.0153644913141868,60.0
60516,3399.2388284923522,1.01627993581657,60.0
60517,3399.2395229367967,1.0158448089525467,60.0
60518,3399.240217381241,1.0159723240659202,60.0
60519,3399.2409118256855,1.0159199070467702,60.0
60520,3399.24160627013,1.01544154543974,60.0
60521,3399.2423007145744,1.014580035928725,60.0
60522,3399.242995159019,1.0159380945416931,60.0
60523,3399.2436896034633,1.0157549044534633,60.0
60524,3399.2443840479077,1.0152113816340134,60.0
60525,3399.245078492352,1.01525536743417,60.0
60526,3399.2457729367966,1.0151816817871533,60.0
60527,3399.246467381241,1.0153044150974968,60.0
60528,3399.2471618256855,1.0148057399529433,60.0
60529,3399.24785627013,1.0158057148683366,60.0
60530,3399.2485507145743,1.01501040358118,60.0
60531,3399.2492451590188,1.01463701687409,60.0
60532,3399.249939603463,1.016320911879255,60.0
60533,3399.2506340479076,1.01481115584786,60.0
60534,3399.251328492352,1.0156569594337899,60.0
60535,3399.2520229367965,1.01555408618899,60.0
60536,3399.252717381241,1.01540578617096,60.0
60537,3399.2534118256854,1.01644664591208,60.0
60538,3399.25410627013,1.0150433567538035,60.0
60539,3399.2548007145742,1.0153563771691632,60.0
60540,3399.2554951590187,1.0154970228710067,60.0
60541,3399.256189603463,1.0155238870201402,60.0
60542,3399.2568840479075,1.0155290810030768,60.0
60543,3399.257578492352,1.01593204768234,60.0
60544,3399.2582729367964,1.01591524645092,60.0
60545,3399.258967381241,1.0149352530732,60.0
60546,3399.2596618256853,1.0152126297164366,60.0
60547,3399.2603562701297,1.0157958632945767,60.0
60548,3399.261050714574,1.0161146191285535,60.0
60549,3399.2617451590186,1.0149921200987766,60.0
60550,3399.262439603463,1.01584319379985,60.0
60551,3399.2631340479074,1.0155998155734167,60.0
60552,3399.263828492352,1.0153634673368666,60.0
60553,3399.2645229367963,1.0157951363620399,60.0
60554,3399.2652173812407,1.0154897549026167,60.0
60555,3399.265911825685,1.0144114463124032,60.0
60556,3399.2666062701296,1.0152812943996399,60.0
60557,3399.267300714574,1.016071603255435,60.0
60558,3399.2679951590185,1.0153016493552434,60.0
60559,3399.268689603463,1.0151545792256766,60.0
60560,3399.2693840479074,1.0154547742643034,60.0
60561,3399.270078492352,1.0162173315015532,60.0
60562,3399.270772936796,1.01560683903133,60.0
60563,3399.2714673812407,1.0159912971241434,60.0
60564,3399.272161825685,1.0159832091555965,60.0
60565,3399.2728562701295,1.0153868242475668,60.0
60566,3399.273550714574,1.01549794313723,60.0
60567,3399.2742451590184,1.0160337942040933,60.0
60568,3399.274939603463,1.0159352754912367,60.0
60569,3399.2756340479073,1.0150462557561768,60.0
60570,3399.2763284923517,1.0157049818406534,60.0
60571,3399.277022936796,1.01535444892289,60.0
60572,3399.2777173812406,1.01497730220992,60.0
60573,3399.278411825685,1.0155975291733634,60.0
60574,3399.2791062701294,1.0147271444255666,60.0
60575,3399.279800714574,1.0160634024340767,60.0
60576,3399.2804951590183,1.0161956379972832,60.0
60577,3399.2811896034627,1.0158790588736368,60.0
60578,3399.281884047907,1.0155054681742535,60.0
60579,3399.2825784923516,1.0159193877435633,60.0
60580,3399.283272936796,1.0149575633033534,60.0
60581,3399.2839673812405,1.0159669005491667,60.0
60582,3399.284661825685,1.0149859973454,60.0
60583,3399.2853562701293,1.01465036495654,60.0
60584,3399.286050714574,1.0156643371885068,60.0
60585,3399.286745159018,1.0153752073647533,60.0
60586,3399.2874396034626,1.0152072891656132,60.0
60587,3399.288134047907,1.0163499967448433,60.0
60588,3399.2888284923515,1.0151926590804967,60.0
60589,3399.289522936796,1.0151895927764636,60.0
60590,3399.2902173812404,1.01466821001219,60.0
60591,3399.290911825685,1.0153384809366066,60.0
60592,3399.2916062701293,1.01533551090117,60.0
60593,3399.2923007145737,1.0162675713062765,60.0
60594,3399.292995159018,1.0161709485880899,60.0
60595,3399.2936896034626,1.01613715107575,60.0
60596,3399.294384047907,1.0154686382882698,60.0
60597,3399.2950784923514,1.0153342926523434,60.0
60598,3399.295772936796,1.0156292228644366,60.0
60599,3399.2964673812403,1.0140331660009936,60.0
60600,3399.2971618256847,1.01556293270779,60.0
60601,3399.297856270129,1.0152192085388634,60.0
60602,3399.2985507145736,1.0154674912225499,60.0
60603,3399.299245159018,1.01474981693763,60.0
60604,3399.2999396034625,1.0162395910423065,60.0
60605,3399.300634047907,1.0151613942108202,60.0
60606,3399.3013284923513,1.0152065735205966,60.0
60607,3399.3020229367958,1.0143116787293567,60.0
60608,3399.30271738124,1.01573646368036,60.0
60609,3399.3034118256846,1.0164595515841734,60.0
60610,3399.304106270129,1.0143512828534031,60.0
60611,3399.3048007145735,1.0151152815904834,60.0
60612,3399.305495159018,1.0157672771696966,60.0
60613,3399.3061896034624,1.0150170932951699,60.0
60614,3399.306884047907,1.01472053264976,60.0
60615,3399.3075784923512,1.0159197820058599,60.0
60616,3399.3082729367957,1.0162395024491635,60.0
60617,3399.30896738124,1.0147997044285868,60.0
60618,3399.3096618256845,1.0148937426849567,60.0
60619,3399.310356270129,1.0156359630196032,60.0
60620,3399.3110507145734,1.01571756252632,60.0
60621,3399.311745159018,1.0151607589456466,60.0
60622,3399.3124396034623,1.01667760076754,60.0
60623,3399.3131340479067,1.0150885316704132,60.0
60624,3399.313828492351,1.0157218649233235,60.0
60625,3399.3145229367956,1.0152263352272701,60.0
60626,3399.31521738124,1.014231934345707,60.0
60627,3399.3159118256845,1.0150321268628835,60.0
60628,3399.316606270129,1.0152469622276235,60.0
60629,3399.3173007145733,1.01525624895895,60.0
60630,3399.3179951590178,1.0147701917895866,60.0
60631,3399.318689603462,1.0147660247248933,60.0
60632,3399.3193840479066,1.0146218009356698,60.0
60633,3399.320078492351,1.0145828503073533,60.0
60634,3399.3207729367955,1.01572472639372,60.0
60635,3399.32146738124,1.0158657635929733,60.0
60636,3399.3221618256844,1.01599549196411,60.0
60637,3399.322856270129,1.0158286236338734,60.0
60638,3399.3235507145732,1.01529550261181,60.0
60639,3399.3242451590177,1.0157311748436635,60.0
60640,3399.324939603462,1.01591966814242,60.0
60641,3399.3256340479065,1.0154183253758433,60.0
60642,3399.326328492351,1.0153521271046333,60.0
60643,3399.3270229367954,1.0144109058913533,60.0
60644,3399.32771738124,1.01575557846839,60.0
60645,3399.3284118256843,1.016658973525145,60.0
60646,3399.3291062701287,1.0156171026632965,60.0
60647,3399.329800714573,1.0145081642129332,60.0
60648,3399.3304951590176,1.0152311781312566,60.0
60649,3399.331189603462,1.0151470289183233,60.0
60650,3399.3318840479064,1.01447642469936,60.0
60651,3399.332578492351,1.0150311885450634,60.0
60652,3399.3332729367953,1.0155628584790934,60.0
60653,3399.3339673812397,1.0139744152625998,60.0
60654,3399.334661825684,1.0149880286625568,60.0
60655,3399.3353562701286,1.0156415089305335,60.0
60656,3399.336050714573,1.0155343098846001,60.0
60657,3399.3367451590175,1.01456029899059,60.0
60658,3399.337439603462,1.0149240398275032,60.0
60659,3399.3381340479064,1.015124980820505,60.0
60660,3399.338828492351,1.01440092065967,60.0
60661,3399.339522936795,1.0153638117191566,60.0
60662,3399.3402173812397,1.01595330601132,60.0
60663,3399.340911825684,1.0152340472211565,60.0
60664,3399.3416062701285,1.0156170659201167,60.0
60665,3399.342300714573,1.01480435189135,60.0
60666,3399.3429951590174,1.0148274904167933,60.0
60667,3399.343689603462,1.01477805126361,60.0
60668,3399.3443840479063,1.0151837580998568,60.0
60669,3399.3450784923507,1.0142909794608568,60.0
60670,3399.345772936795,1.01616117634647,60.0
60671,3399.3464673812396,1.0153225142197735,60.0
60672,3399.347161825684,1.0150779157458567,60.0
60673,3399.3478562701284,1.0150570109528834,60.0
60674,3399.348550714573,1.0138584534339066,60.0
60675,3399.3492451590173,1.015596376556075,60.0
60676,3399.3499396034617,1.0142671481220968,60.0
60677,3399.350634047906,1.0157653137461933,60.0
60678,3399.3513284923506,1.0142029420654934,60.0
60679,3399.352022936795,1.0147351893130032,60.0
60680,3399.3527173812395,1.01472168683293,60.0
60681,3399.353411825684,1.01603529045245,60.0
60682,3399.3541062701283,1.0149177354764767,60.0
60683,3399.354800714573,1.0147767852025866,60.0
60684,3399.355495159017,1.0153879480778667,60.0
60685,3399.3561896034616,1.014425756812395,60.0
60686,3399.356884047906,1.0154729175842032,60.0
60687,3399.3575784923505,1.0149174956822966,60.0
60688,3399.358272936795,1.0147999216436168,60.0
60689,3399.3589673812394,1.0142061871677932,60.0
60690,3399.359661825684,1.0142136539785966,60.0
60691,3399.3603562701282,1.0151141125876,60.0
60692,3399.3610507145727,1.0149489536440532,60.0
60693,3399.361745159017,1.0148645332403168,60.0
60694,3399.3624396034616,1.01520348534164,60.0
60695,3399.363134047906,1.0147837035631768,60.0
60696,3399.3638284923504,1.0142825489865668,60.0
60697,3399.364522936795,1.01462157864577,60.0
60698,3399.3652173812393,1.0145189507057,60.0
60699,3399.3659118256837,1.01466740395809,60.0
60700,3399.366606270128,1.0152602477447867,60.0
60701,3399.3673007145726,1.0136439360184035,60.0
60702,3399.367995159017,1.0151679646894702,60.0
60703,3399.3686896034615,1.0136472196061332,60.0
60704,3399.369384047906,1.0143388417287966,60.0
60705,3399.3700784923503,1.01488368842271,60.0
60706,3399.3707729367948,1.0143361542768565,60.0
60707,3399.371467381239,1.01423213274131,60.0
60708,3399.3721618256836,1.01494212259054,60.0
60709,3399.372856270128,1.0154583233984134,60.0
60710,3399.3735507145725,1.0140203605066,60.0
60711,3399.374245159017,1.01496866607107,60.0
60712,3399.3749396034614,1.01501631741662,60.0
60713,3399.375634047906,1.01479387222651,60.0
60714,3399.3763284923502,1.0149505609479401,60.0
60715,3399.3770229367947,1.01491128587129,60.0
60716,3399.377717381239,1.01300830386867,60.0
60717,3399.3784118256835,1.0151650046265366,60.0
60718,3399.379106270128,1.0151215969626965,60.0
60719,3399.3798007145724,1.0132985587973233,60.0
60720,3399.380495159017,1.0151032887598435,60.0
60721,3399.3811896034613,1.0135732125509167,60.0
60722,3399.3818840479057,1.01461095749754,60.0
60723,3399.38257849235,1.0155972816595533,60.0
60724,3399.3832729367946,1.01414929050321,60.0
60725,3399.383967381239,1.01381488140592,60.0
60726,3399.3846618256835,1.0140162129326251,60.0
60727,3399.385356270128,1.01366361824323,60.0
60728,3399.3860507145723,1.0133462564636901,60.0
60729,3399.3867451590168,1.0147698405706167,60.0
60730,3399.387439603461,1.0147903150576434,60.0
60731,3399.3881340479056,1.014544448907163,60.0
60732,3399.38882849235,1.0139124984952834,60.0
60733,3399.3895229367945,1.0147214272114802,60.0
60734,3399.390217381239,1.0136380020854066,60.0
60735,3399.3909118256834,1.0145108056539867,60.0
60736,3399.391606270128,1.0149054022548067,60.0
60737,3399.3923007145722,1.0155203226614233,60.0
60738,3399.3929951590167,1.0150181341364932,60.0
60739,3399.393689603461,1.0145887727747598,60.0
60740,3399.3943840479055,1.01514578603528,60.0
60741,3399.39507849235,1.01458470369118,60.0
60742,3399.3957729367944,1.0147099979006533,60.0
60743,3399.396467381239,1.0151372985188598,60.0
60744,3399.3971618256833,1.0143808431876902,60.0
60745,3399.3978562701277,1.01344886358014,60.0
60746,3399.398550714572,1.0145140840534934,60.0
60747,3399.3992451590166,1.0134321396366568,60.0
60748,3399.399939603461,1.0130410238131367,60.0
60749,3399.4006340479054,1.0138418940959932,60.0
60750,3399.40132849235,1.01602257703728,60.0
60751,3399.4020229367943,1.0146926045402036,60.0
60752,3399.4027173812387,1.0147867948824167,60.0
60753,3399.403411825683,1.0151773379892635,60.0
60754,3399.4041062701276,1.013621214904465,60.0
60755,3399.404800714572,1.0142784054033969,60.0
60756,3399.4054951590165,1.0135958887864234,60.0
60757,3399.406189603461,1.0131634574086765,60.0
60758,3399.4068840479054,1.0141682949289932,60.0
60759,3399.40757849235,1.0137093119812333,60.0
60760,3399.408272936794,1.0138841228599869,60.0
60761,3399.4089673812387,1.0146900150674034,60.0
60762,3399.409661825683,1.01401781294056,60.0
60763,3399.4103562701275,1.0141687883652866,60.0
60764,3399.411050714572,1.0148422599900069,60.0
60765,3399.4117451590164,1.0151115689576566,60.0
60766,3399.412439603461,1.0135640860063402,60.0
60767,3399.4131340479053,1.0135998737449798,60.0
60768,3399.4138284923497,1.0142458843212732,60.0
60769,3399.414522936794,1.0143689726198366,60.0
60770,3399.4152173812386,1.0161843755030668,60.0
60771,3399.415911825683,1.0144500262432967,60.0
60772,3399.4166062701274,1.0151028361767234,60.0
60773,3399.417300714572,1.0141427155635467,60.0
60774,3399.4179951590163,1.0150418854674599,60.0
60775,3399.4186896034607,1.0150764107629267,60.0
60776,3399.419384047905,1.01478991009055,60.0
60777,3399.4200784923496,1.01330465509971,60.0
60778,3399.420772936794,1.0136734662934834,60.0
60779,3399.4214673812385,1.0144692427261768,60.0
60780,3399.422161825683,1.01453800613704,60.0
60781,3399.4228562701273,1.0139716553636733,60.0
60782,3399.423550714572,1.0134824382235068,60.0
60783,3399.424245159016,1.0143705778682566,60.0
60784,3399.4249396034606,1.0140844935979934,60.0
60785,3399.425634047905,1.0142399079831532,60.0
60786,3399.4263284923495,1.01525536422307,60.0
60787,3399.427022936794,1.0147930945291435,60.0
60788,3399.4277173812384,1.0140777803752934,60.0
60789,3399.428411825683,1.0136111766340898,60.0
60790,3399.4291062701272,1.0136207786937899,60.0
60791,3399.4298007145717,1.0147054670631401,60.0
60792,3399.430495159016,1.0132140714540165,60.0
60793,3399.4311896034606,1.0150371158626965,60.0
60794,3399.431884047905,1.0133056693234548,60.0
60795,3399.4325784923494,1.0129948835005964,60.0
60796,3399.433272936794,1.01384040021437,60.0
60797,3399.4339673812383,1.01332493954008,60.0
60798,3399.4346618256827,1.01442053630051,60.0
60799,3399.435356270127,1.0138606872715965,60.0
60800,3399.4360507145716,1.0131447743259867,60.0
60801,3399.436745159016,1.01460796759878,60.0
60802,3399.4374396034605,1.013059171920625,60.0
60803,3399.438134047905,1.01445564136698,60.0
60804,3399.4388284923493,1.0137624530625866,60.0
60805,3399.4395229367938,1.0132828362623798,60.0
60806,3399.440217381238,1.0134405490048468,60.0
60807,3399.4409118256826,1.0136971420533534,60.0
60808,3399.441606270127,1.0131525467178433,60.0
60809,3399.4423007145715,1.0135047282083998,60.0
60810,3399.442995159016,1.01365927844727,60.0
60811,3399.4436896034604,1.0140156945041365,60.0
60812,3399.444384047905,1.01467024984229,60.0
60813,3399.4450784923492,1.0138176738068867,60.0
60814,3399.4457729367937,1.012931059068035,60.0
60815,3399.446467381238,1.0134621302476068,60.0
60816,3399.4471618256825,1.0142562644664732,60.0
60817,3399.447856270127,1.0136029627939633,60.0
60818,3399.4485507145714,1.0134140921865733,60.0
60819,3399.449245159016,1.0136405710404868,60.0
60820,3399.4499396034603,1.0140582423155866,60.0
60821,3399.4506340479047,1.01355309156914,60.0
60822,3399.451328492349,1.0134161027389035,60.0
60823,3399.4520229367936,1.0135402617206768,60.0
60824,3399.452717381238,1.0134091097290232,60.0
60825,3399.4534118256825,1.0133922154261266,60.0
60826,3399.454106270127,1.01434984675688,60.0
60827,3399.4548007145713,1.0139023352132435,60.0
60828,3399.4554951590158,1.0133358571371833,60.0
60829,3399.45618960346,1.0140452055156366,60.0
60830,3399.4568840479046,1.01317178025677,60.0
60831,3399.457578492349,1.01361343986198,60.0
60832,3399.4582729367935,1.0145297856555633,60.0
60833,3399.458967381238,1.0137428480097934,60.0
60834,3399.4596618256824,1.0140292351088234,60.0
60835,3399.460356270127,1.0130843220497667,60.0
60836,3399.4610507145712,1.0130065790809135,60.0
60837,3399.4617451590157,1.0127922772277833,60.0
60838,3399.46243960346,1.01344258462964,60.0
60839,3399.4631340479045,1.0145569397345666,60.0
60840,3399.463828492349,1.0126788700938334,60.0
60841,3399.4645229367934,1.0136526296159367,60.0
60842,3399.465217381238,1.0137376587035798,60.0
60843,3399.4659118256823,1.0136486894535932,60.0
60844,3399.4666062701267,1.0134996829993035,60.0
60845,3399.467300714571,1.0131369311804568,60.0
60846,3399.4679951590156,1.01290173091891,60.0
60847,3399.46868960346,1.0136886958718332,60.0
60848,3399.4693840479044,1.0121966409063967,60.0
60849,3399.470078492349,1.01314874703591,60.0
60850,3399.4707729367933,1.0130662680551765,60.0
60851,3399.4714673812377,1.0139210696247598,60.0
60852,3399.472161825682,1.0123438457443434,60.0
60853,3399.4728562701266,1.01355821464054,60.0
60854,3399.473550714571,1.0136502179605567,60.0
60855,3399.4742451590155,1.0133012527893166,60.0
60856,3399.47493960346,1.0136187574813966,60.0
60857,3399.4756340479044,1.0128096775862,60.0
60858,3399.476328492349,1.0138178755329867,60.0
60859,3399.477022936793,1.01362541835468,60.0
60860,3399.4777173812377,1.0142530596224868,60.0
60861,3399.478411825682,1.01256138706694,60.0
60862,3399.4791062701265,1.0134299870381167,60.0
60863,3399.479800714571,1.01276682451117,60.0
60864,3399.4804951590154,1.01387878129787,60.0
60865,3399.48118960346,1.0131978381210134,60.0
60866,3399.4818840479043,1.01292055774624,60.0
60867,3399.4825784923487,1.0146718245838633,60.0
60868,3399.483272936793,1.0118637997203832,60.0
60869,3399.4839673812376,1.0118573191873368,60.0
60870,3399.484661825682,1.0138746396076799,60.0
60871,3399.4853562701264,1.0139765331181168,60.0
60872,3399.486050714571,1.01314075600809,60.0
60873,3399.4867451590153,1.01334736508511,60.0
60874,3399.4874396034597,1.0133843137931966,60.0
60875,3399.488134047904,1.0138021976660199,60.0
60876,3399.4888284923486,1.01363542477924,60.0
60877,3399.489522936793,1.01394902512407,60.0
60878,3399.4902173812375,1.0139874933771234,60.0
60879,3399.490911825682,1.01426554093572,60.0
60880,3399.4916062701263,1.01256570495745,60.0
60881,3399.492300714571,1.0128758699972733,60.0
60882,3399.492995159015,1.01283604563926,60.0
60883,3399.4936896034596,1.0138605894022332,60.0
60884,3399.494384047904,1.01377723336305,60.0
60885,3399.4950784923485,1.0133469303429734,60.0
60886,3399.495772936793,1.0125318922901367,60.0
60887,3399.4964673812374,1.0143956246479033,60.0
60888,3399.497161825682,1.0130520182562066,60.0
60889,3399.4978562701262,1.01456667222673,60.0
60890,3399.4985507145707,1.01283907842193,60.0
60891,3399.499245159015,1.0134690373910267,60.0
60892,3399.4999396034596,1.0134404507857167,60.0
60893,3399.500634047904,1.0126559991100998,60.0
60894,3399.5013284923484,1.0128977767723397,60.0
60895,3399.502022936793,1.0131265405947032,60.0
60896,3399.5027173812373,1.0134717013318033,60.0
60897,3399.5034118256817,1.0126021388876234,60.0
60898,3399.504106270126,1.0130137198676465,60.0
60899,3399.5048007145706,1.0130946517366768,60.0
60900,3399.505495159015,1.0126409862287034,60.0
60901,3399.5061896034595,1.013266074553615,60.0
60902,3399.506884047904,1.0128858565623533,60.0
60903,3399.5075784923483,1.01369412350967,60.0
60904,3399.5082729367928,1.0138003862004068,60.0
60905,3399.508967381237,1.0135454621517666,60.0
60906,3399.5096618256816,1.01279828299389,60.0
60907,3399.510356270126,1.01315345661329,60.0
60908,3399.5110507145705,1.0127980093950233,60.0
60909,3399.511745159015,1.01290521295615,60.0
60910,3399.5124396034594,1.0134947685157751,60.0
60911,3399.513134047904,1.0138604871250099,60.0
60912,3399.5138284923482,1.0133644391173633,60.0
60913,3399.5145229367927,1.0141596427720432,60.0
60914,3399.515217381237,1.0121917470192365,60.0
60915,3399.5159118256815,1.0133542855626132,60.0
60916,3399.516606270126,1.0136490548451864,60.0
60917,3399.5173007145704,1.0130293047236467,60.0
60918,3399.517995159015,1.0127844991679866,60.0
60919,3399.5186896034593,1.0119411119728798,60.0
60920,3399.5193840479037,1.0127230121810002,60.0
60921,3399.520078492348,1.0133018044615165,60.0
60922,3399.5207729367926,1.0120012934440565,60.0
60923,3399.521467381237,1.01229380637111,60.0
60924,3399.5221618256815,1.0119942554268702,60.0
60925,3399.522856270126,1.0125722585237833,60.0
60926,3399.5235507145703,1.0126304037928666,60.0
60927,3399.5242451590148,1.0127164925443166,60.0
60928,3399.524939603459,1.0138033413906151,60.0
60929,3399.5256340479036,1.0124020055625333,60.0
60930,3399.526328492348,1.0126465894252135,60.0
60931,3399.5270229367925,1.0145256285351367,60.0
60932,3399.527717381237,1.0130887964839932,60.0
60933,3399.5284118256814,1.0138044298503532,60.0
60934,3399.529106270126,1.0126888098399933,60.0
60935,3399.5298007145702,1.0146957352170265,60.0
60936,3399.5304951590147,1.01204218114592,60.0
60937,3399.531189603459,1.01306358002887,60.0
60938,3399.5318840479035,1.0139398016985532,60.0
60939,3399.532578492348,1.0130447029340033,60.0
60940,3399.5332729367924,1.0126092808114968,60.0
60941,3399.533967381237,1.0143693304827466,60.0
60942,3399.5346618256813,1.01326222038782,60.0
60943,3399.5353562701257,1.01235809882388,60.0
60944,3399.53605071457,1.01277757953786,60.0
60945,3399.5367451590146,1.01221632695872,60.0
60946,3399.537439603459,1.0130048135388299,60.0
60947,3399.5381340479034,1.0130793205859832,60.0
60948,3399.538828492348,1.0136381622682067,60.0
60949,3399.5395229367923,1.0128849272349434,60.0
60950,3399.5402173812367,1.0131258685074067,60.0
60951,3399.540911825681,1.01308710099716,60.0
60952,3399.5416062701256,1.0144597399086301,60.0
60953,3399.54230071457,1.0123299383773552,60.0
60954,3399.5429951590145,1.01325432498482,60.0
60955,3399.543689603459,1.0124699173159601,60.0
60956,3399.5443840479033,1.0128601665802865,60.0
60957,3399.545078492348,1.01353075212064,60.0
60958,3399.545772936792,1.0183747781145367,60.0
60959,3399.5464673812367,1.0135314532520034,60.0
60960,3399.547161825681,1.01265019097446,60.0
60961,3399.5478562701255,1.0127354249278768,60.0
60962,3399.54855071457,1.0127348306053734,60.0
60963,3399.5492451590144,1.01384088248892,60.0
60964,3399.549939603459,1.0126149883584101,60.0
60965,3399.5506340479033,1.0123355423092135,60.0
60966,3399.5513284923477,1.0121619356114366,60.0
60967,3399.552022936792,1.0132103958563499,60.0
60968,3399.5527173812366,1.0126491401874733,60.0
60969,3399.553411825681,1.0123889488771034,60.0
60970,3399.5541062701254,1.0127245972000167,60.0
60971,3399.55480071457,1.0121206100157132,60.0
60972,3399.5554951590143,1.0135526197602134,60.0
60973,3399.5561896034587,1.0128539282923401,60.0
60974,3399.556884047903,1.01137623432813,60.0
60975,3399.5575784923476,1.0126804408537866,60.0
60976,3399.558272936792,1.0129234152528233,60.0
60977,3399.5589673812365,1.0121464108179667,60.0
60978,3399.559661825681,1.0119093705221,60.0
60979,3399.5603562701253,1.0123340183911433,60.0
60980,3399.56105071457,1.01273321547562,60.0
60981,3399.561745159014,1.01235349368864,60.0
60982,3399.5624396034586,1.0133685985843435,60.0
60983,3399.563134047903,1.0127899440514765,60.0
60984,3399.5638284923475,1.0122962709740535,60.0
60985,3399.564522936792,1.0127038101034633,60.0
60986,3399.5652173812364,1.0125271296938834,60.0
60987,3399.565911825681,1.0116445666265765,60.0
60988,3399.5666062701252,1.0122841255834567,60.0
60989,3399.5673007145697,1.0122510711475698,60.0
60990,3399.567995159014,1.0119156352879233,60.0
60991,3399.5686896034586,1.0113921485205768,60.0
60992,3399.569384047903,1.0134841966687267,60.0
60993,3399.5700784923474,1.01193306281247,60.0
60994,3399.570772936792,1.0128668005142067,60.0
60995,3399.5714673812363,1.0131427680237033,60.0
60996,3399.5721618256807,1.0121114193778267,60.0
60997,3399.572856270125,1.0117189164942166,60.0
60998,3399.5735507145696,1.0122908069854801,60.0
60999,3399.574245159014,1.0134179957751266,60.0
61000,3399.5749396034585,1.011932696530645,60.0
61001,3399.575634047903,1.0119322659575634,60.0
61002,3399.5763284923473,1.0121637125726701,60.0
61003,3399.5770229367918,1.0119795671518201,60.0
61004,3399.577717381236,1.012918620725433,60.0
61005,3399.5784118256806,1.0120822786595534,60.0
61006,3399.579106270125,1.01301055893052,60.0
61007,3399.5798007145695,1.0127189890034534,60.0
61008,3399.580495159014,1.0118414135100633,60.0
61009,3399.5811896034584,1.0115177554453034,60.0
61010,3399.581884047903,1.01166029756685,60.0
61011,3399.5825784923472,1.0117171917537766,60.0
61012,3399.5832729367917,1.0119405700803032,60.0
61013,3399.583967381236,1.0116764407237733,60.0
61014,3399.5846618256805,1.0116511663717034,60.0
61015,3399.585356270125,1.0120732943181368,60.0
61016,3399.5860507145694,1.0121678013167967,60.0
61017,3399.586745159014,1.01297360953372,60.0
61018,3399.5874396034583,1.0112588320310565,60.0
61019,3399.5881340479027,1.01299354981125,60.0
61020,3399.588828492347,1.0111066449514,60.0
61021,3399.5895229367916,1.0114801515390768,60.0
61022,3399.590217381236,1.0129603647469467,60.0
61023,3399.5909118256805,1.0117727916051733,60.0
61024,3399.591606270125,1.01160262209776,60.0
61025,3399.5923007145693,1.0113959493052767,60.0
61026,3399.5929951590138,1.01090614167906,60.0
61027,3399.593689603458,1.0108417610047766,60.0
61028,3399.5943840479026,1.0106658892259432,60.0
61029,3399.595078492347,1.01228346117916,60.0
61030,3399.5957729367915,1.0126992039285434,60.0
61031,3399.596467381236,1.01186459812886,60.0
61032,3399.5971618256804,1.0121275467845834,60.0
61033,3399.597856270125,1.011289666507895,60.0
61034,3399.5985507145692,1.0115509650373034,60.0
61035,3399.5992451590137,1.0126039485245333,60.0
61036,3399.599939603458,1.0116358716784932,60.0
61037,3399.6006340479025,1.0117509161111402,60.0
61038,3399.601328492347,1.0127248286572033,60.0
61039,3399.6020229367914,1.0111612054117352,60.0
61040,3399.602717381236,1.0111190513173567,60.0
61041,3399.6034118256803,1.0113627305727533,60.0
61042,3399.6041062701247,1.01163781919361,60.0
61043,3399.604800714569,1.0123501033335967,60.0
61044,3399.6054951590136,1.01073486130341,60.0
61045,3399.606189603458,1.0113194262534633,60.0
61046,3399.6068840479024,1.0114608950701767,60.0
61047,3399.607578492347,1.0110333028994465,60.0
61048,3399.6082729367913,1.0124888334548032,60.0
61049,3399.6089673812357,1.0109751794692798,60.0
61050,3399.60966182568,1.01092039253517,60.0
61051,3399.6103562701246,1.0125615178837999,60.0
61052,3399.611050714569,1.01180433457953,60.0
61053,3399.6117451590135,1.01169006721978,60.0
61054,3399.612439603458,1.0108749504459933,60.0
61055,3399.6131340479023,1.0109637967648768,60.0
61056,3399.613828492347,1.0113708407318234,60.0
61057,3399.614522936791,1.0119035606479867,60.0
61058,3399.6152173812357,1.01047417845354,60.0
61059,3399.61591182568,1.011896195507845,60.0
61060,3399.6166062701245,1.0115454812761202,60.0
61061,3399.617300714569,1.0107281637822731,60.0
61062,3399.6179951590134,1.0102104534970866,60.0
61063,3399.618689603458,1.0113650823152334,60.0
61064,3399.6193840479023,1.0114895923052931,60.0
61065,3399.6200784923467,1.01161483708687,60.0
61066,3399.620772936791,1.0113916487896397,60.0
61067,3399.6214673812356,1.0108521335091667,60.0
61068,3399.62216182568,1.0119420764651965,60.0
61069,3399.6228562701244,1.01195031753114,60.0
61070,3399.623550714569,1.0119547263011701,60.0
61071,3399.6242451590133,1.0118411446855868,60.0
61072,3399.6249396034577,1.0116985630993334,60.0
61073,3399.625634047902,1.0123984899264868,60.0
61074,3399.6263284923466,1.0112952500139067,60.0
61075,3399.627022936791,1.01200609242082,60.0
61076,3399.6277173812355,1.0109303515026002,60.0
61077,3399.62841182568,1.0109665246586899,60.0
61078,3399.6291062701243,1.0103410997028568,60.0
61079,3399.629800714569,1.01171823676706,60.0
61080,3399.630495159013,1.0110478683646167,60.0
61081,3399.6311896034576,1.0109887502668133,60.0
61082,3399.631884047902,1.01165453348026,60.0
61083,3399.6325784923465,1.011064090716893,60.0
61084,3399.633272936791,1.0120738282175799,60.0
61085,3399.6339673812354,1.011560587612645,60.0
61086,3399.63466182568,1.0113735859254733,60.0
61087,3399.6353562701242,1.0114600680745232,60.0
61088,3399.6360507145687,1.0120287899736067,60.0
61089,3399.636745159013,1.0109747059023466,60.0
61090,3399.6374396034576,1.01134674438232,60.0
61091,3399.638134047902,1.01182951451308,60.0
61092,3399.6388284923464,1.01092987113859,60.0
61093,3399.639522936791,1.0109404004858902,60.0
61094,3399.6402173812353,1.0117527416961667,60.0
61095,3399.6409118256797,1.0113363504552602,60.0
61096,3399.641606270124,1.0122179481823632,60.0
61097,3399.6423007145686,1.01195149944224,60.0
61098,3399.642995159013,1.0112276429138767,60.0
61099,3399.6436896034575,1.01049671392777,60.0
61100,3399.644384047902,1.0122946853249033,60.0
61101,3399.6450784923463,1.0117419989408267,60.0
61102,3399.6457729367908,1.01102953639331,60.0
61103,3399.646467381235,1.0106582966137334,60.0
61104,3399.6471618256796,1.0116676105285267,60.0
61105,3399.647856270124,1.0109666664691066,60.0
61106,3399.6485507145685,1.0112928912843466,60.0
61107,3399.649245159013,1.0107449838042766,60.0
61108,3399.6499396034574,1.0112345351315002,60.0
61109,3399.650634047902,1.0103308148042067,60.0
61110,3399.6513284923462,1.0103506767263701,60.0
61111,3399.6520229367907,1.01120973082559,60.0
61112,3399.652717381235,1.0112451625167698,60.0
61113,3399.6534118256795,1.01163814070061,60.0
61114,3399.654106270124,1.01097415760648,60.0
61115,3399.6548007145684,1.0104919474794098,60.0
61116,3399.655495159013,1.0105267587231632,60.0
61117,3399.6561896034573,1.0113531419004667,60.0
61118,3399.6568840479017,1.011082549848945,60.0
61119,3399.657578492346,1.0115792408604267,60.0
61120,3399.6582729367906,1.0104747160306533,60.0
61121,3399.658967381235,1.0110323487072466,60.0
61122,3399.6596618256794,1.0115788455911598,60.0
61123,3399.660356270124,1.0114169457701332,60.0
61124,3399.6610507145683,1.010388055516545,60.0
61125,3399.6617451590128,1.0101200815684799,60.0
61126,3399.662439603457,1.01077321961382,60.0
61127,3399.6631340479016,1.0113212691104934,60.0
61128,3399.663828492346,1.0116134080679802,60.0
61129,3399.6645229367905,1.0113145149451566,60.0
61130,3399.665217381235,1.0113863003680101,60.0
61131,3399.6659118256794,1.0099621926187832,60.0
61132,3399.666606270124,1.01123939090486,60.0
61133,3399.6673007145682,1.01093606850692,60.0
61134,3399.6679951590127,1.0123946614914798,60.0
61135,3399.668689603457,1.01134595604914,60.0
61136,3399.6693840479015,1.0107576649076868,60.0
61137,3399.670078492346,1.01069045405501,60.0
61138,3399.6707729367904,1.0099214117253201,60.0
61139,3399.671467381235,1.0115695864542034,60.0
61140,3399.6721618256793,1.0121021597712367,60.0
61141,3399.6728562701237,1.0110871192337199,60.0
61142,3399.673550714568,1.0102377616831402,60.0
61143,3399.6742451590126,1.0110035194914868,60.0
61144,3399.674939603457,1.0109936907437067,60.0
61145,3399.6756340479014,1.0117199776327033,60.0
61146,3399.676328492346,1.0112545054403734,60.0
61147,3399.6770229367903,1.0110174331666368,60.0
61148,3399.6777173812347,1.0109412727770366,60.0
61149,3399.678411825679,1.01169996605776,60.0
61150,3399.6791062701236,1.0116546673137699,60.0
61151,3399.679800714568,1.01060802400431,60.0
61152,3399.6804951590125,1.0113715628492066,60.0
61153,3399.681189603457,1.0111425719493266,60.0
61154,3399.6818840479013,1.0107646635507765,60.0
61155,3399.682578492346,1.0107299925886701,60.0
61156,3399.68327293679,1.01081964346633,60.0
61157,3399.6839673812347,1.0114707568572234,60.0
61158,3399.684661825679,1.0115086671084499,60.0
61159,3399.6853562701235,1.0110410933204865,60.0
61160,3399.686050714568,1.0110668037236632,60.0
61161,3399.6867451590124,1.01060967901952,60.0
61162,3399.687439603457,1.0094693189380401,60.0
61163,3399.6881340479013,1.01041020920338,60.0
61164,3399.6888284923457,1.0100058103229668,60.0
61165,3399.68952293679,1.01053681939994,60.0
61166,3399.6902173812346,1.0114994098146766,60.0
61167,3399.690911825679,1.0109410811850232,60.0
61168,3399.6916062701234,1.0114759300984633,60.0
61169,3399.692300714568,1.0104369993582,60.0
61170,3399.6929951590123,1.0106855710974767,60.0
61171,3399.6936896034567,1.0099868828711032,60.0
61172,3399.694384047901,1.011742993567565,60.0
61173,3399.6950784923456,1.01108336239702,60.0
61174,3399.69577293679,1.01027925477403,60.0
61175,3399.6964673812345,1.01036938809855,60.0
61176,3399.697161825679,1.0114472837216733,60.0
61177,3399.6978562701233,1.0107066577348434,60.0
61178,3399.698550714568,1.0109257307452066,60.0
61179,3399.699245159012,1.0111676438551667,60.0
61180,3399.6999396034566,1.0105265658188867,60.0
61181,3399.700634047901,1.0110392780481832,60.0
61182,3399.7013284923455,1.0100098938159168,60.0
61183,3399.70202293679,1.0099273419482167,60.0
61184,3399.7027173812344,1.0109668891788133,60.0
61185,3399.703411825679,1.0104869470223232,60.0
61186,3399.7041062701232,1.010957143263925,60.0
61187,3399.7048007145677,1.009626590969455,60.0
61188,3399.705495159012,1.01000035978434,60.0
61189,3399.7061896034566,1.0099667903466634,60.0
61190,3399.706884047901,1.0102955130670868,60.0
61191,3399.7075784923454,1.0103992385665366,60.0
61192,3399.70827293679,1.0099237896917834,60.0
61193,3399.7089673812343,1.0102684237638868,60.0
61194,3399.7096618256787,1.0098611855586002,60.0
61195,3399.710356270123,1.01140931746512,60.0
61196,3399.7110507145676,1.0108944073051567,60.0
61197,3399.711745159012,1.01110092835354,60.0
61198,3399.7124396034565,1.011015630719685,60.0
61199,3399.713134047901,1.0100659159929732,60.0
61200,3399.7138284923453,1.0102153428064833,60.0
61201,3399.7145229367898,1.0109546549013466,60.0
61202,3399.715217381234,1.0104518563242932,60.0
61203,3399.7159118256786,1.01154562477927,60.0
61204,3399.716606270123,1.0117477190653865,60.0
61205,3399.7173007145675,1.0106950777913168,60.0
61206,3399.717995159012,1.011031242257165,60.0
61207,3399.7186896034564,1.0101498444389267,60.0
61208,3399.719384047901,1.0100896665465633,60.0
61209,3399.7200784923452,1.0101139805353434,60.0
61210,3399.7207729367897,1.0110308475150467,60.0
61211,3399.721467381234,1.0100519728094566,60.0
61212,3399.7221618256785,1.0110772990797399,60.0
61213,3399.722856270123,1.0105522314899034,60.0
61214,3399.7235507145674,1.0097015199149733,60.0
61215,3399.724245159012,1.0090965703833232,60.0
61216,3399.7249396034563,1.01014789645302,60.0
61217,3399.7256340479007,1.0096261541512233,60.0
61218,3399.726328492345,1.0093123444743033,60.0
61219,3399.7270229367896,1.0098399613740334,60.0
61220,3399.727717381234,1.01024112062597,60.0
61221,3399.7284118256784,1.0095302142048599,60.0
61222,3399.729106270123,1.01109921743047,60.0
61223,3399.7298007145673,1.0106628996691551,60.0
61224,3399.7304951590118,1.0101630560696402,60.0
61225,3399.731189603456,1.0099308212550502,60.0
61226,3399.7318840479006,1.0105954166630233,60.0
61227,3399.732578492345,1.0099877976863068,60.0
61228,3399.7332729367895,1.0098912509952633,60.0
61229,3399.733967381234,1.0101291603132834,60.0
61230,3399.7346618256784,1.0093236435734,60.0
61231,3399.735356270123,1.0106879149098333,60.0
61232,3399.736050714567,1.0094708685626366,60.0
61233,3399.7367451590117,1.00871754481196,60.0
61234,3399.737439603456,1.0091936186860666,60.0
61235,3399.7381340479005,1.0100953911829167,60.0
61236,3399.738828492345,1.0105890826298733,60.0
61237,3399.7395229367894,1.0101539317449835,60.0
61238,3399.740217381234,1.0102320235581768,60.0
61239,3399.7409118256783,1.0099827793197436,60.0
61240,3399.7416062701227,1.0094283897783167,60.0
61241,3399.742300714567,1.00919276615196,60.0
61242,3399.7429951590116,1.0094387990248432,60.0
61243,3399.743689603456,1.0095842607250598,60.0
61244,3399.7443840479004,1.0095088852169767,60.0
61245,3399.745078492345,1.00910349369465,60.0
61246,3399.7457729367893,1.0101802092134666,60.0
61247,3399.7464673812337,1.00950253204578,60.0
61248,3399.747161825678,1.0086176049123468,60.0
61249,3399.7478562701226,1.0107175853693333,60.0
61250,3399.748550714567,1.010431140097955,60.0
61251,3399.7492451590115,1.0103444050044565,60.0
61252,3399.749939603456,1.01008013618232,60.0
61253,3399.7506340479003,1.0094626889016851,60.0
61254,3399.751328492345,1.0101839752479067,60.0
61255,3399.752022936789,1.0102526255236601,60.0
61256,3399.7527173812337,1.00998549840764,60.0
61257,3399.753411825678,1.0090946106730465,60.0
61258,3399.7541062701225,1.0097168678768866,60.0
61259,3399.754800714567,1.0095368404911165,60.0
61260,3399.7554951590114,1.00961941077143,60.0
61261,3399.756189603456,1.0093500010702667,60.0
61262,3399.7568840479003,1.00915321887477,60.0
61263,3399.7575784923447,1.0098960811842466,60.0
61264,3399.758272936789,1.0086548885149034,60.0
61265,3399.7589673812336,1.00971425075096,60.0
61266,3399.759661825678,1.0091116290981066,60.0
61267,3399.7603562701224,1.0094681828824033,60.0
61268,3399.761050714567,1.00999777760483,60.0
61269,3399.7617451590113,1.0099266086828835,60.0
61270,3399.7624396034557,1.0096096996203168,60.0
61271,3399.7631340479,1.00937902774698,60.0
61272,3399.7638284923446,1.0090928785053965,60.0
61273,3399.764522936789,1.0087722056840933,60.0
61274,3399.7652173812335,1.0081632078173968,60.0
61275,3399.765911825678,1.0083012655085033,60.0
61276,3399.7666062701223,1.0092783558263767,60.0
61277,3399.7673007145668,1.0094933229141032,60.0
61278,3399.767995159011,1.0090340733508534,60.0
61279,3399.7686896034556,1.0089917060667835,60.0
61280,3399.7693840479,1.00953101091632,60.0
61281,3399.7700784923445,1.0083903984012734,60.0
61282,3399.770772936789,1.0095037073828568,60.0
61283,3399.7714673812334,1.0100648534955134,60.0
61284,3399.772161825678,1.0104911398047234,60.0
61285,3399.7728562701222,1.0093036051973934,60.0
61286,3399.7735507145667,1.0089823659173534,60.0
61287,3399.774245159011,1.0093276644650133,60.0
61288,3399.7749396034556,1.0083087101510133,60.0
61289,3399.7756340479,1.0095862649613467,60.0
61290,3399.7763284923444,1.00898839425886,60.0
61291,3399.777022936789,1.0091498262971468,60.0
61292,3399.7777173812333,1.0096821100972833,60.0
61293,3399.7784118256777,1.0093785001174,60.0
61294,3399.779106270122,1.00942258896003,60.0
61295,3399.7798007145666,1.00844724224919,60.0
61296,3399.780495159011,1.0105316914487632,60.0
61297,3399.7811896034555,1.0087102930615333,60.0
61298,3399.7818840479,1.0093665905657634,60.0
61299,3399.7825784923443,1.00914535386296,60.0
61300,3399.7832729367888,1.0080789392809266,60.0
61301,3399.783967381233,1.0095407890383266,60.0
61302,3399.7846618256776,1.0095246966972233,60.0
61303,3399.785356270122,1.0095460545201902,60.0
61304,3399.7860507145665,1.009459393832593,60.0
61305,3399.786745159011,1.0095868003006803,60.0
61306,3399.7874396034554,1.008678526243155,60.0
61307,3399.7881340479,1.0088954398016268,60.0
61308,3399.7888284923442,1.0085163041793102,60.0
61309,3399.7895229367887,1.00924177556678,60.0
61310,3399.790217381233,1.0085456364550567,60.0
61311,3399.7909118256775,1.00825084262714,60.0
61312,3399.791606270122,1.0090929941238134,60.0
61313,3399.7923007145664,1.0079992997614633,60.0
61314,3399.792995159011,1.0086208461613901,60.0
61315,3399.7936896034553,1.00887381301392,60.0
61316,3399.7943840478997,1.0085850785027566,60.0
61317,3399.795078492344,1.00792072654181,60.0
61318,3399.7957729367886,1.0083907583425167,60.0
61319,3399.796467381233,1.0091564305286667,60.0
61320,3399.7971618256774,1.0087588932607665,60.0
61321,3399.797856270122,1.0092153703056,60.0
61322,3399.7985507145663,1.00893135473692,60.0
61323,3399.7992451590108,1.0077566181628166,60.0
61324,3399.799939603455,1.0088525263392534,60.0
61325,3399.8006340478996,1.0085523992531498,60.0
61326,3399.801328492344,1.0088334796198735,60.0
61327,3399.8020229367885,1.00917071252875,60.0
61328,3399.802717381233,1.0093940123498102,60.0
61329,3399.8034118256774,1.008261024619525,60.0
61330,3399.804106270122,1.0085535227407798,60.0
61331,3399.804800714566,1.0096376539379601,60.0
61332,3399.8054951590107,1.0086428741703,60.0
61333,3399.806189603455,1.0085180449744333,60.0
61334,3399.8068840478995,1.0094552743750533,60.0
61335,3399.807578492344,1.0105587844603168,60.0
61336,3399.8082729367884,1.0088273395820033,60.0
61337,3399.808967381233,1.00923804318425,60.0
61338,3399.8096618256773,1.00904714282398,60.0
61339,3399.8103562701217,1.0082480837152568,60.0
61340,3399.811050714566,1.00937901612766,60.0
61341,3399.8117451590106,1.00888703358981,60.0
61342,3399.812439603455,1.00885209618364,60.0
61343,3399.8131340478994,1.0089068514581434,60.0
61344,3399.813828492344,1.0086397274876233,60.0
61345,3399.8145229367883,1.0097232371362501,60.0
61346,3399.8152173812327,1.008757890570355,60.0
61347,3399.815911825677,1.0084633951885367,60.0
61348,3399.8166062701216,1.0083931234631633,60.0
61349,3399.817300714566,1.0086120189206933,60.0
61350,3399.8179951590105,1.00833679331253,60.0
61351,3399.818689603455,1.0086600966426031,60.0
61352,3399.8193840478993,1.0091994357667933,60.0
61353,3399.820078492344,1.00861882900196,60.0
61354,3399.820772936788,1.0096267024743033,60.0
61355,3399.8214673812327,1.0092083916998533,60.0
61356,3399.822161825677,1.0091198708504898,60.0
61357,3399.8228562701215,1.0090049635034333,60.0
61358,3399.823550714566,1.0083806758163434,60.0
61359,3399.8242451590104,1.0071574289957133,60.0
61360,3399.824939603455,1.0078914506961698,60.0
61361,3399.8256340478993,1.008891319771905,60.0
61362,3399.8263284923437,1.009028555700607,60.0
61363,3399.827022936788,1.008604981007,60.0
61364,3399.8277173812326,1.0084755559531533,60.0
61365,3399.828411825677,1.0089805655429334,60.0
61366,3399.8291062701214,1.00927122298337,60.0
61367,3399.829800714566,1.00852427383692,60.0
61368,3399.8304951590103,1.00926885669483,60.0
61369,3399.8311896034547,1.00882993688392,60.0
61370,3399.831884047899,1.0093902127691468,60.0
61371,3399.8325784923436,1.00745726290493,60.0
61372,3399.833272936788,1.0088184735925567,60.0
61373,3399.8339673812325,1.0089884328948702,60.0
61374,3399.834661825677,1.0094210782194901,60.0
61375,3399.8353562701213,1.0080820038101301,60.0
61376,3399.8360507145658,1.0088661734848532,60.0
61377,3399.83674515901,1.0090427527342734,60.0
61378,3399.8374396034546,1.0082148346323252,60.0
61379,3399.838134047899,1.00731774907701,60.0
61380,3399.8388284923435,1.0079970140410335,60.0
61381,3399.839522936788,1.0084725792665532,60.0
61382,3399.8402173812324,1.0082008005042333,60.0
61383,3399.840911825677,1.0088304540869666,60.0
61384,3399.8416062701212,1.0081667845226867,60.0
61385,3399.8423007145657,1.00832177940572,60.0
61386,3399.84299515901,1.0083798042171732,60.0
61387,3399.8436896034545,1.00816560979142,60.0
61388,3399.844384047899,1.0077414139384402,60.0
61389,3399.8450784923434,1.0086295219291233,60.0
61390,3399.845772936788,1.0087776082115065,60.0
61391,3399.8464673812323,1.0087008874363066,60.0
61392,3399.8471618256767,1.00923286409046,60.0
61393,3399.847856270121,1.0083649783753568,60.0
61394,3399.8485507145656,1.0085519240358667,60.0
61395,3399.84924515901,1.0083058190991665,60.0
61396,3399.8499396034545,1.0082515842094935,60.0
61397,3399.850634047899,1.00791429793448,60.0
61398,3399.8513284923433,1.0091953107337832,60.0
61399,3399.8520229367878,1.0088689987201267,60.0
61400,3399.852717381232,1.0091960284617767,60.0
61401,3399.8534118256766,1.0078481446474,60.0
61402,3399.854106270121,1.00824571183039,60.0
61403,3399.8548007145655,1.009253985334315,60.0
61404,3399.85549515901,1.0074091070059132,60.0
61405,3399.8561896034544,1.0082157677500632,60.0
61406,3399.856884047899,1.00784236789282,60.0
61407,3399.8575784923432,1.0080527658000167,60.0
61408,3399.8582729367877,1.0082924620892635,60.0
61409,3399.858967381232,1.0091335314208967,60.0
61410,3399.8596618256765,1.00927276643226,60.0
61411,3399.860356270121,1.00900199687429,60.0
61412,3399.8610507145654,1.0082905004998401,60.0
61413,3399.86174515901,1.0080507157388734,60.0
61414,3399.8624396034543,1.0095598862448567,60.0
61415,3399.8631340478987,1.0082905356457232,60.0
61416,3399.863828492343,1.0073922291026467,60.0
61417,3399.8645229367876,1.0094604074921167,60.0
61418,3399.865217381232,1.00928686972155,60.0
61419,3399.8659118256764,1.0083269958425367,60.0
61420,3399.866606270121,1.0080644015809164,60.0
61421,3399.8673007145653,1.0099255227096433,60.0
61422,3399.8679951590098,1.0083489538205868,60.0
61423,3399.868689603454,1.00867400514934,60.0
61424,3399.8693840478986,1.0083346418792567,60.0
61425,3399.870078492343,1.0078212440070733,60.0
61426,3399.8707729367875,1.00889308763928,60.0
61427,3399.871467381232,1.0089322454762935,60.0
61428,3399.8721618256764,1.00758522349003,60.0
61429,3399.872856270121,1.0087729670386467,60.0
61430,3399.873550714565,1.0087506098205665,60.0
61431,3399.8742451590097,1.0092348473857669,60.0
61432,3399.874939603454,1.0091200705672634,60.0
61433,3399.8756340478985,1.0076860998700035,60.0
61434,3399.876328492343,1.0083019744952333,60.0
61435,3399.8770229367874,1.0081697189948633,60.0
61436,3399.877717381232,1.0069553072845834,60.0
61437,3399.8784118256763,1.0075928544474033,60.0
61438,3399.8791062701207,1.00784504949932,60.0
61439,3399.879800714565,1.0090378311426234,60.0
61440,3399.8804951590096,1.00896741792896,60.0
61441,3399.881189603454,1.0080347610623401,60.0
61442,3399.8818840478984,1.0072788840653366,60.0
61443,3399.882578492343,1.00797505889324,60.0
61444,3399.8832729367873,1.0079926045221101,60.0
61445,3399.8839673812317,1.007404966189153,60.0
61446,3399.884661825676,1.0094536179402334,60.0
61447,3399.8853562701206,1.0086510933944932,60.0
61448,3399.886050714565,1.0087881932332599,60.0
61449,3399.8867451590095,1.0079723502847233,60.0
61450,3399.887439603454,1.0072501387591133,60.0
61451,3399.8881340478983,1.0081983229749298,60.0
61452,3399.888828492343,1.0088036169535366,60.0
61453,3399.889522936787,1.0072959937241934,60.0
61454,3399.8902173812317,1.0079735419363334,60.0
61455,3399.890911825676,1.0081637524035667,60.0
61456,3399.8916062701205,1.0088138412610332,60.0
61457,3399.892300714565,1.0075322068952566,60.0
61458,3399.8929951590094,1.0079594765522668,60.0
61459,3399.893689603454,1.00742102146411,60.0
61460,3399.8943840478983,1.0083450480295233,60.0
61461,3399.8950784923427,1.00852714623375,60.0
61462,3399.895772936787,1.0087772224293834,60.0
61463,3399.8964673812316,1.0083466860041768,60.0
61464,3399.897161825676,1.0078555123789268,60.0
61465,3399.8978562701204,1.0088293803839867,60.0
61466,3399.898550714565,1.0077389144011535,60.0
61467,3399.8992451590093,1.0079188349622468,60.0
61468,3399.8999396034537,1.0081987069304101,60.0
61469,3399.900634047898,1.00806225187312,60.0
61470,3399.9013284923426,1.0071845172889067,60.0
61471,3399.902022936787,1.0093677209351,60.0
61472,3399.9027173812315,1.00742269383651,60.0
61473,3399.903411825676,1.00732693540567,60.0
61474,3399.9041062701203,1.00806856336434,60.0
61475,3399.9048007145648,1.0078963492672968,60.0
61476,3399.905495159009,1.0075303420555268,60.0
61477,3399.9061896034536,1.007504941871,60.0
61478,3399.906884047898,1.0080690712084233,60.0
61479,3399.9075784923425,1.0080400457662197,60.0
61480,3399.908272936787,1.0068103555921333,60.0
61481,3399.9089673812314,1.0091188109802234,60.0
61482,3399.909661825676,1.0068558383438966,60.0
61483,3399.9103562701202,1.0077966657922932,60.0
61484,3399.9110507145647,1.00746645648912,60.0
61485,3399.911745159009,1.0068947344011234,60.0
61486,3399.9124396034535,1.00811528675791,60.0
61487,3399.913134047898,1.00709516096333,60.0
61488,3399.9138284923424,1.0074784058675401,60.0
61489,3399.914522936787,1.0064854235730634,60.0
61490,3399.9152173812313,1.0067532903699632,60.0
61491,3399.9159118256757,1.0082158929459968,60.0
61492,3399.91660627012,1.0079927382132332,60.0
61493,3399.9173007145646,1.0078825393528534,60.0
61494,3399.917995159009,1.0070775528856066,60.0
61495,3399.9186896034535,1.0069170127024234,60.0
61496,3399.919384047898,1.0071475892383666,60.0
61497,3399.9200784923423,1.0079018127253765,60.0
61498,3399.9207729367868,1.00744307964818,60.0
61499,3399.921467381231,1.0065875565307434,60.0
61500,3399.9221618256756,1.0070619639168232,60.0
61501,3399.92285627012,1.0086644600843,60.0
61502,3399.9235507145645,1.0073691492059333,60.0
61503,3399.924245159009,1.0066253317673066,60.0
61504,3399.9249396034534,1.00796870141092,60.0
61505,3399.925634047898,1.00839310625693,60.0
61506,3399.9263284923422,1.00764136221054,60.0
61507,3399.9270229367867,1.0071056901280766,60.0
61508,3399.927717381231,1.0067750339972268,60.0
61509,3399.9284118256755,1.0075274093544102,60.0
61510,3399.92910627012,1.0061460439335699,60.0
61511,3399.9298007145644,1.0080070853912033,60.0
61512,3399.930495159009,1.008100237189745,60.0
61513,3399.9311896034533,1.0070650100811702,60.0
61514,3399.9318840478977,1.0071375400227551,60.0
61515,3399.932578492342,1.00662130970255,60.0
61516,3399.9332729367866,1.00754465047849,60.0
61517,3399.933967381231,1.00803899047118,60.0
61518,3399.9346618256754,1.00690273452159,60.0
61519,3399.93535627012,1.00796272629101,60.0
61520,3399.9360507145643,1.00752826536431,60.0
61521,3399.9367451590088,1.0064701476038131,60.0
61522,3399.937439603453,1.00700056076436,60.0
61523,3399.9381340478976,1.00711382058567,60.0
61524,3399.938828492342,1.0083733072005698,60.0
61525,3399.9395229367865,1.00689831173458,60.0
61526,3399.940217381231,1.006535027794487,60.0
61527,3399.9409118256754,1.0075005007354332,60.0
61528,3399.94160627012,1.00690715876193,60.0
61529,3399.942300714564,1.0069582714876668,60.0
61530,3399.9429951590087,1.0075787535314067,60.0
61531,3399.943689603453,1.0068660127459534,60.0
61532,3399.9443840478975,1.00590984364748,60.0
61533,3399.945078492342,1.0076732215175568,60.0
61534,3399.9457729367864,1.0061903770221468,60.0
61535,3399.946467381231,1.0071480032528768,60.0
61536,3399.9471618256753,1.0067856209796069,60.0
61537,3399.9478562701197,1.0080532996354852,60.0
61538,3399.948550714564,1.0082771935804933,60.0
61539,3399.9492451590086,1.0070380698270267,60.0
61540,3399.949939603453,1.0075215514285067,60.0
61541,3399.9506340478974,1.0073738840801434,60.0
61542,3399.951328492342,1.0064959912282,60.0
61543,3399.9520229367863,1.0071670718379935,60.0
61544,3399.9527173812307,1.00707696831429,60.0
61545,3399.953411825675,1.0070976514769798,60.0
61546,3399.9541062701196,1.0072363451151567,60.0
61547,3399.954800714564,1.00644878433492,60.0
61548,3399.9554951590085,1.00713074883742,60.0
61549,3399.956189603453,1.0071318375945,60.0
61550,3399.9568840478973,1.0069359300636533,60.0
61551,3399.957578492342,1.00651241157182,60.0
61552,3399.958272936786,1.0073926695410067,60.0
61553,3399.9589673812307,1.00672781637085,60.0
61554,3399.959661825675,1.0066880373268334,60.0
61555,3399.9603562701195,1.0071540320272299,60.0
61556,3399.961050714564,1.00649173050853,60.0
61557,3399.9617451590084,1.00666271103518,60.0
61558,3399.962439603453,1.0066489656046766,60.0
61559,3399.9631340478973,1.0065098745246102,60.0
61560,3399.9638284923417,1.0069334866239565,60.0
61561,3399.964522936786,1.0069522935084,60.0
61562,3399.9652173812306,1.0054984038477934,60.0
61563,3399.965911825675,1.0065239726631,60.0
61564,3399.9666062701194,1.0071436812580201,60.0
61565,3399.967300714564,1.00606412143341,60.0
61566,3399.9679951590083,1.00728535051537,60.0
61567,3399.9686896034527,1.0070010702112169,60.0
61568,3399.969384047897,1.0062872243869665,60.0
61569,3399.9700784923416,1.0064900803911367,60.0
61570,3399.970772936786,1.0061279922441166,60.0
61571,3399.9714673812305,1.00679443792949,60.0
61572,3399.972161825675,1.0073296812576633,60.0
61573,3399.9728562701193,1.0065064999603301,60.0
61574,3399.9735507145638,1.0066128107967665,60.0
61575,3399.974245159008,1.0061692546448948,60.0
61576,3399.9749396034526,1.0065135827534368,60.0
61577,3399.975634047897,1.0068411537216966,60.0
61578,3399.9763284923415,1.0059557177389333,60.0
61579,3399.977022936786,1.0068578916722466,60.0
61580,3399.9777173812304,1.0073170077040166,60.0
61581,3399.978411825675,1.0064712950043067,60.0
61582,3399.9791062701192,1.0068905022320267,60.0
61583,3399.9798007145637,1.0061391829941566,60.0
61584,3399.980495159008,1.0070939178968101,60.0
61585,3399.9811896034525,1.007113099986485,60.0
61586,3399.981884047897,1.00717373765947,60.0
61587,3399.9825784923414,1.00665540079793,60.0
61588,3399.983272936786,1.0068366548629335,60.0
61589,3399.9839673812303,1.0067180632469532,60.0
61590,3399.9846618256747,1.00530247115751,60.0
61591,3399.985356270119,1.0079185610485233,60.0
61592,3399.9860507145636,1.0072805004794334,60.0
61593,3399.986745159008,1.0066860493324499,60.0
61594,3399.9874396034525,1.0062719303899665,60.0
61595,3399.988134047897,1.00644615094476,60.0
61596,3399.9888284923413,1.0061017781213633,60.0
61597,3399.9895229367858,1.0070617560375401,60.0
61598,3399.99021738123,1.00618148514034,60.0
61599,3399.9909118256746,1.007216078109683,60.0
61600,3399.991606270119,1.0064584079311933,60.0
61601,3399.9923007145635,1.0057685479333498,60.0
61602,3399.992995159008,1.0065974444905168,60.0
61603,3399.9936896034524,1.0066060348667634,60.0
61604,3399.994384047897,1.0067934419169167,60.0
61605,3399.9950784923412,1.0065672841254567,60.0
61606,3399.9957729367857,1.0062635074725066,60.0
61607,3399.99646738123,1.0062661964105368,60.0
61608,3399.9971618256745,1.00665696201572,60.0
61609,3399.997856270119,1.00630081508027,60.0
61610,3399.9985507145634,1.0070726734617799,60.0
61611,3399.999245159008,1.0069310191658964,60.0
61612,3399.9999396034523,1.0060704764288533,60.0
61613,3400.0006340478967,1.0060471732382432,60.0
61614,3400.001328492341,1.0064222000287735,60.0
61615,3400.0020229367856,1.0066342120993168,60.0
61616,3400.00271738123,1.00577736545873,60.0
61617,3400.0034118256744,1.0062216608489265,60.0
61618,3400.004106270119,1.00685879870434,60.0
61619,3400.0048007145633,1.0060142363474733,60.0
61620,3400.0054951590078,1.0065854677399735,60.0
61621,3400.006189603452,1.00751985894001,60.0
61622,3400.0068840478966,1.0072963238043469,60.0
61623,3400.007578492341,1.00607706446689,60.0
61624,3400.0082729367855,1.0072632421905834,60.0
61625,3400.00896738123,1.0070153451848631,60.0
61626,3400.0096618256744,1.0065190892488933,60.0
61627,3400.010356270119,1.0067147673989432,60.0
61628,3400.011050714563,1.0074589724965768,60.0
61629,3400.0117451590077,1.0059361811987235,60.0
61630,3400.012439603452,1.0061818622844034,60.0
61631,3400.0131340478965,1.00719248358497,60.0
61632,3400.013828492341,1.00676821597943,60.0
61633,3400.0145229367854,1.0065642423091201,60.0
61634,3400.01521738123,1.0063825520953567,60.0
61635,3400.0159118256743,1.00674310449366,60.0
61636,3400.0166062701187,1.00633347256381,60.0
61637,3400.017300714563,1.0062287767617366,60.0
61638,3400.0179951590076,1.00681478119136,60.0
61639,3400.018689603452,1.0064111329908132,60.0
61640,3400.0193840478964,1.0059399326122,60.0
61641,3400.020078492341,1.0069268243045035,60.0
61642,3400.0207729367853,1.0062172983957,60.0
61643,3400.0214673812297,1.0062354402442901,60.0
61644,3400.022161825674,1.0054864139795767,60.0
61645,3400.0228562701186,1.0049395864760566,60.0
61646,3400.023550714563,1.0052657577039465,60.0
61647,3400.0242451590075,1.0063724900941666,60.0
61648,3400.024939603452,1.0064137121334902,60.0
61649,3400.0256340478963,1.00666610306632,60.0
61650,3400.026328492341,1.0060266317823998,60.0
61651,3400.027022936785,1.0056820433116667,60.0
61652,3400.0277173812296,1.00394075641693,60.0
61653,3400.028411825674,1.00658826611367,60.0
61654,3400.0291062701185,1.0064919459715467,60.0
61655,3400.029800714563,1.0057418558281432,60.0
61656,3400.0304951590074,1.00612750873693,60.0
61657,3400.031189603452,1.0060656444436367,60.0
61658,3400.0318840478963,1.0066657586642866,60.0
61659,3400.0325784923407,1.0055427214948132,60.0
61660,3400.033272936785,1.0055255032608132,60.0
61661,3400.0339673812296,1.0050908068059035,60.0
61662,3400.034661825674,1.0065720485259269,60.0
61663,3400.0353562701184,1.0060561003102566,60.0
61664,3400.036050714563,1.0067375303269934,60.0
61665,3400.0367451590073,1.007059426323465,60.0
61666,3400.0374396034517,1.0063085526170499,60.0
61667,3400.038134047896,1.00545178368923,60.0
61668,3400.0388284923406,1.0060596990433301,60.0
61669,3400.039522936785,1.0058388696581735,60.0
61670,3400.0402173812295,1.006726176096225,60.0
61671,3400.040911825674,1.0062280624407733,60.0
61672,3400.0416062701183,1.00607043030874,60.0
61673,3400.0423007145628,1.0050777897189733,60.0
61674,3400.042995159007,1.0058609090539268,60.0
61675,3400.0436896034516,1.0059830105204433,60.0
61676,3400.044384047896,1.00548218680909,60.0
61677,3400.0450784923405,1.00554266310617,60.0
61678,3400.045772936785,1.0060518543980266,60.0
61679,3400.0464673812294,1.00576365164528,60.0
61680,3400.047161825674,1.0059724802252668,60.0
61681,3400.0478562701182,1.0054974818250833,60.0
61682,3400.0485507145627,1.0057780003062033,60.0
61683,3400.049245159007,1.0062043582839897,60.0
61684,3400.0499396034515,1.00595150551517,60.0
61685,3400.050634047896,1.00588788954385,60.0
61686,3400.0513284923404,1.0061646448258166,60.0
61687,3400.052022936785,1.00582811676596,60.0
61688,3400.0527173812293,1.0064057491571434,60.0
61689,3400.0534118256737,1.0068803165005067,60.0
61690,3400.054106270118,1.00662933742623,60.0
61691,3400.0548007145626,1.0065684439251132,60.0
61692,3400.055495159007,1.0072942756865766,60.0
61693,3400.0561896034515,1.0074809220025767,60.0
61694,3400.056884047896,1.0069644676344067,60.0
61695,3400.0575784923403,1.0056855391553732,60.0
61696,3400.0582729367848,1.0077521910355964,60.0
61697,3400.058967381229,1.0067462022020965,60.0
61698,3400.0596618256736,1.0065358467124466,60.0
61699,3400.060356270118,1.0062392454396298,60.0
61700,3400.0610507145625,1.0063101075244,60.0
61701,3400.061745159007,1.0060191767224869,60.0
61702,3400.0624396034514,1.0053956095814434,60.0
61703,3400.063134047896,1.004794852988665,60.0
61704,3404.1735507145027,0.9810378763623867,60.0
61705,3404.174245158947,0.9807897291301251,60.0
61706,3404.1749396033915,0.9807014764715333,60.0
61707,3404.175634047836,0.9815376672570967,60.0
61708,3404.1763284922804,0.9805867685037167,60.0
61709,3404.177022936725,0.9805908524475266,60.0
61710,3404.1777173811693,0.9811715606672466,60.0
61711,3404.1784118256137,0.98119118481337,60.0
61712,3404.179106270058,0.9798313572715234,60.0
61713,3404.1798007145026,0.9811208213767366,60.0
61714,3404.180495158947,0.9798448851704,60.0
61715,3404.1811896033914,0.9798623440072,60.0
61716,3404.181884047836,0.9800739364806234,60.0
61717,3404.1825784922803,0.9801794173490933,60.0
61718,3404.1832729367247,0.9802626002754001,60.0
61719,3404.183967381169,0.9796241632687801,60.0
61720,3404.1846618256136,0.9800082744529801,60.0
61721,3404.185356270058,0.9819258993732533,60.0
61722,3404.1860507145025,0.9811492564777998,60.0
61723,3404.186745158947,0.9814613916638667,60.0
61724,3404.1874396033913,0.9817669492238,60.0
61725,3404.188134047836,0.98123551586165,60.0
61726,3404.18882849228,0.9804694212261232,60.0
61727,3404.1895229367246,0.9808162715835435,60.0
61728,3404.190217381169,0.9814225378211434,60.0
61729,3404.1909118256135,0.9818136312179501,60.0
61730,3404.191606270058,0.98092041845472,60.0
61731,3404.1923007145024,0.9809725222243065,60.0
61732,3404.192995158947,0.9812223901059066,60.0
61733,3404.1936896033912,0.9817570947990899,60.0
61734,3404.1943840478357,0.98119046622094,60.0
61735,3404.19507849228,0.9805654420025934,60.0
61736,3404.1957729367246,0.9812416214222534,60.0
61737,3404.196467381169,0.9825295786296467,60.0
61738,3404.1971618256134,0.9809408985461766,60.0
61739,3404.197856270058,0.981373821421995,60.0
61740,3404.1985507145023,0.9821342391521766,60.0
61741,3404.1992451589467,0.9810274374836334,60.0
61742,3404.199939603391,0.98213871846145,60.0
61743,3404.2006340478356,0.9824270292324767,60.0
61744,3404.20132849228,0.9814045805694467,60.0
61745,3404.2020229367245,0.9812807569994767,60.0
61746,3404.202717381169,0.9809166284223267,60.0
61747,3404.2034118256133,0.9812850529576833,60.0
61748,3404.2041062700578,0.9810002049805867,60.0
61749,3404.204800714502,0.98109477119783,60.0
61750,3404.2054951589466,0.9814949921155299,60.0
61751,3404.206189603391,0.98187005925727,60.0
61752,3404.2068840478355,0.9819773243232767,60.0
61753,3404.20757849228,0.9817794588299567,60.0
61754,3404.2082729367244,0.9816590028513333,60.0
61755,3404.208967381169,0.9824465797014533,60.0
61756,3404.2096618256132,0.98105985091197,60.0
61757,3404.2103562700577,0.9824602537875067,60.0
61758,3404.211050714502,0.9816606244989767,60.0
61759,3404.2117451589465,0.9807718860961799,60.0
61760,3404.212439603391,0.982369730440845,60.0
61761,3404.2131340478354,0.98205300614666,60.0
61762,3404.21382849228,0.9817840279136166,60.0
61763,3404.2145229367243,0.9811566399967632,60.0
61764,3404.2152173811687,0.9812720767963167,60.0
61765,3404.215911825613,0.98221456138735,60.0
61766,3404.2166062700576,0.9826981989872566,60.0
61767,3404.217300714502,0.9826474895281434,60.0
61768,3404.2179951589465,0.98180120170902,60.0
61769,3404.218689603391,0.9822426668045999,60.0
61770,3404.2193840478353,0.9821605309866133,60.0
61771,3404.2200784922798,0.9810989636207733,60.0
61772,3404.220772936724,0.9820037782991934,60.0
61773,3404.2214673811686,0.9808447930941601,60.0
61774,3404.222161825613,0.98284476603633,60.0
61775,3404.2228562700575,0.9814973824592167,60.0
61776,3404.223550714502,0.9819836545336433,60.0
61777,3404.2242451589464,0.9823124205766766,60.0
61778,3404.224939603391,0.9821096722076733,60.0
61779,3404.2256340478352,0.9822634543834935,60.0
61780,3404.2263284922797,0.98205219436824,60.0
61781,3404.227022936724,0.9814146004477133,60.0
61782,3404.2277173811685,0.9822261345954534,60.0
61783,3404.228411825613,0.9824792759894101,60.0
61784,3404.2291062700574,0.9829128960547733,60.0
61785,3404.229800714502,0.9823653388225498,60.0
61786,3404.2304951589463,0.9815341154928267,60.0
61787,3404.2311896033907,0.9811490561557034,60.0
61788,3404.231884047835,0.98105017140086,60.0
61789,3404.2325784922796,0.9832361592159801,60.0
61790,3404.233272936724,0.9830176669188834,60.0
61791,3404.2339673811684,0.9822614048620033,60.0
61792,3404.234661825613,0.9817478746884266,60.0
61793,3404.2353562700573,0.9832545710566934,60.0
61794,3404.2360507145017,0.98264604428135,60.0
61795,3404.236745158946,0.98206120439047,60.0
61796,3404.2374396033906,0.98245040274044,60.0
61797,3404.238134047835,0.9824140137903568,60.0
61798,3404.2388284922795,0.9824276120817901,60.0
61799,3404.239522936724,0.9818013038865433,60.0
61800,3404.2402173811683,0.9818410064096866,60.0
61801,3404.240911825613,0.9812297426774034,60.0
61802,3404.241606270057,0.9814823246315401,60.0
61803,3404.2423007145017,0.9817192012644833,60.0
61804,3404.242995158946,0.9821503755675667,60.0
61805,3404.2436896033905,0.9817579371342267,60.0
61806,3404.244384047835,0.98286048094687,60.0
61807,3404.2450784922794,0.98218122296762,60.0
61808,3404.245772936724,0.982667063088255,60.0
61809,3404.2464673811683,0.9833791247561999,60.0
61810,3404.2471618256127,0.982528847302065,60.0
61811,3404.247856270057,0.9821693868997033,60.0
61812,3404.2485507145016,0.98149044356828,60.0
61813,3404.249245158946,0.9811279096135433,60.0
61814,3404.2499396033904,0.9818174988061168,60.0
61815,3404.250634047835,0.9824558161935933,60.0
61816,3404.2513284922793,0.9820782667633567,60.0
61817,3404.2520229367237,0.9822141205284933,60.0
61818,3404.252717381168,0.98272124479266,60.0
61819,3404.2534118256126,0.9819433720851167,60.0
61820,3404.254106270057,0.9818267909499366,60.0
61821,3404.2548007145015,0.9820890979540233,60.0
61822,3404.255495158946,0.9815640016831034,60.0
61823,3404.2561896033903,0.9827342857608133,60.0
61824,3404.256884047835,0.9812797667082599,60.0
61825,3404.257578492279,0.9826900281601166,60.0
61826,3404.2582729367236,0.98252372459768,60.0
61827,3404.258967381168,0.9827448832269666,60.0
61828,3404.2596618256125,0.9823708140249133,60.0
61829,3404.260356270057,0.9834870275704967,60.0
61830,3404.2610507145014,0.98183400557549,60.0
61831,3404.261745158946,0.9829565204355334,60.0
61832,3404.2624396033902,0.9821306563400934,60.0
61833,3404.2631340478347,0.9829220139397367,60.0
61834,3404.263828492279,0.9818166449193834,60.0
61835,3404.2645229367236,0.9827495319370833,60.0
61836,3404.265217381168,0.98283586322972,60.0
61837,3404.2659118256124,0.98155239268491,60.0
61838,3404.266606270057,0.98181202133644,60.0
61839,3404.2673007145013,0.98199942388428,60.0
61840,3404.2679951589457,0.9817470687627933,60.0
61841,3404.26868960339,0.9826102553842734,60.0
61842,3404.2693840478346,0.9823045018527466,60.0
61843,3404.270078492279,0.9823327037271466,60.0
61844,3404.2707729367235,0.9819741571113366,60.0
61845,3404.271467381168,0.9821559084533833,60.0
61846,3404.2721618256123,0.9828359855708401,60.0
61847,3404.2728562700568,0.9823277904820632,60.0
61848,3404.273550714501,0.9831030054005866,60.0
61849,3404.2742451589456,0.9821800181895001,60.0
61850,3404.27493960339,0.9818073928820633,60.0
61851,3404.2756340478345,0.9825667888312534,60.0
61852,3404.276328492279,0.9826091538874567,60.0
61853,3404.2770229367234,0.98283744651925,60.0
61854,3404.277717381168,0.9831458730355932,60.0
61855,3404.2784118256122,0.9819192072979633,60.0
61856,3404.2791062700567,0.9823401608228832,60.0
61857,3404.279800714501,0.9827509422175401,60.0
61858,3404.2804951589455,0.9823090061748233,60.0
61859,3404.28118960339,0.9826765757359,60.0
61860,3404.2818840478344,0.9835459058840299,60.0
61861,3404.282578492279,0.9825017861213833,60.0
61862,3404.2832729367233,0.9822902664391701,60.0
61863,3404.2839673811677,0.98262521833812,60.0
61864,3404.284661825612,0.9830273305447167,60.0
61865,3404.2853562700566,0.98283313463831,60.0
61866,3404.286050714501,0.9827855378481166,60.0
61867,3404.2867451589455,0.9823256831923768,60.0
61868,3404.28743960339,0.9832914944266866,60.0
61869,3404.2881340478343,0.9827326254842467,60.0
61870,3404.2888284922788,0.9822889975142334,60.0
61871,3404.289522936723,0.9825022094417534,60.0
61872,3404.2902173811676,0.98325638451423,60.0
61873,3404.290911825612,0.9825658997830601,60.0
61874,3404.2916062700565,0.9829867017149266,60.0
61875,3404.292300714501,0.9832692642030333,60.0
61876,3404.2929951589454,0.9826365356133899,60.0
61877,3404.29368960339,0.9830972948684132,60.0
61878,3404.2943840478342,0.9841146822311767,60.0
61879,3404.2950784922787,0.9816909853211899,60.0
61880,3404.295772936723,0.9831383537420434,60.0
61881,3404.2964673811675,0.9833823390947133,60.0
61882,3404.297161825612,0.9829211032126599,60.0
61883,3404.2978562700564,0.9836390454813401,60.0
61884,3404.298550714501,0.9832433427170534,60.0
61885,3404.2992451589453,0.9837547975541333,60.0
61886,3404.2999396033897,0.9833518779066299,60.0
61887,3404.300634047834,0.9828971630956334,60.0
61888,3404.3013284922786,0.98273070993508,60.0
61889,3404.302022936723,0.9837128866607466,60.0
61890,3404.3027173811674,0.9834091402843367,60.0
61891,3404.303411825612,0.98343953417644,60.0
61892,3404.3041062700563,0.9826926952712434,60.0
61893,3404.3048007145007,0.9830558292492634,60.0
61894,3404.305495158945,0.9833127621761033,60.0
61895,3404.3061896033896,0.9835974902190866,60.0
61896,3404.306884047834,0.9837259029707033,60.0
61897,3404.3075784922785,0.9825208678024101,60.0
61898,3404.308272936723,0.9843918210132033,60.0
61899,3404.3089673811673,0.98286754128122,60.0
61900,3404.309661825612,0.9838201663487732,60.0
61901,3404.310356270056,0.9831314515045401,60.0
61902,3404.3110507145007,0.98404854687801,60.0
61903,3404.311745158945,0.9829880018252767,60.0
61904,3404.3124396033895,0.9839561441363034,60.0
61905,3404.313134047834,0.98340993456912,60.0
61906,3404.3138284922784,0.9839242355985066,60.0
61907,3404.314522936723,0.9834326815447666,60.0
61908,3404.3152173811673,0.9840558067542567,60.0
61909,3404.3159118256117,0.9842531568158833,60.0
61910,3404.316606270056,0.9844672730131533,60.0
61911,3404.3173007145006,0.98286715226365,60.0
61912,3404.317995158945,0.9828971718478167,60.0
61913,3404.3186896033894,0.9823988121700267,60.0
61914,3404.319384047834,0.98313115305081,60.0
61915,3404.3200784922783,0.9835271412055934,60.0
61916,3404.3207729367227,0.9827988664385466,60.0
61917,3404.321467381167,0.98423407341852,60.0
61918,3404.3221618256116,0.9828712553828166,60.0
61919,3404.322856270056,0.9843644608259767,60.0
61920,3404.3235507145005,0.9838108043027901,60.0
61921,3404.324245158945,0.9840800802737667,60.0
61922,3404.3249396033893,0.9831627793238132,60.0
61923,3404.325634047834,0.9840688414538433,60.0
61924,3404.326328492278,0.9836939969842501,60.0
61925,3404.3270229367226,0.9838119842173799,60.0
61926,3404.327717381167,0.9834758955402633,60.0
61927,3404.3284118256115,0.98396538583009,60.0
61928,3404.329106270056,0.9841908740810533,60.0
61929,3404.3298007145004,0.9826127409075868,60.0
61930,3404.330495158945,0.9833381197067866,60.0
61931,3404.3311896033892,0.98379740438995,60.0
61932,3404.3318840478337,0.9840250410591951,60.0
61933,3404.332578492278,0.9827592353068834,60.0
61934,3404.3332729367226,0.9827784304180432,60.0
61935,3404.333967381167,0.9831786696078867,60.0
61936,3404.3346618256114,0.9836726496150234,60.0
61937,3404.335356270056,0.98441395524214,60.0
61938,3404.3360507145003,0.9834212911350434,60.0
61939,3404.3367451589447,0.9841483782879267,60.0
61940,3404.337439603389,0.9838798774232433,60.0
61941,3404.3381340478336,0.9836648333871733,60.0
61942,3404.338828492278,0.9848926568404,60.0
61943,3404.3395229367225,0.9849211702671967,60.0
61944,3404.340217381167,0.9844389406219767,60.0
61945,3404.3409118256113,0.98392635788099,60.0
61946,3404.3416062700558,0.9838965092947299,60.0
61947,3404.3423007145,0.9840757262903633,60.0
61948,3404.3429951589446,0.9837229035952401,60.0
61949,3404.343689603389,0.98446078495286,60.0
61950,3404.3443840478335,0.9837397491790334,60.0
61951,3404.345078492278,0.98476610830422,60.0
61952,3404.3457729367224,0.98428454749285,60.0
61953,3404.346467381167,0.9837004143900266,60.0
61954,3404.3471618256112,0.9833771604080533,60.0
61955,3404.3478562700557,0.9839650359753765,60.0
61956,3404.3485507145,0.9843492847755367,60.0
61957,3404.3492451589445,0.9836669954668501,60.0
61958,3404.349939603389,0.9839540275740699,60.0
61959,3404.3506340478334,0.9845072365774267,60.0
61960,3404.351328492278,0.9839204580375333,60.0
61961,3404.3520229367223,0.9851218858308233,60.0
61962,3404.3527173811667,0.9841635946650434,60.0
61963,3404.353411825611,0.98451115240261,60.0
61964,3404.3541062700556,0.9841310201415601,60.0
61965,3404.3548007145,0.9842283032359399,60.0
61966,3404.3554951589444,0.9842313667944232,60.0
61967,3404.356189603389,0.983576618949,60.0
61968,3404.3568840478333,0.9850314307747533,60.0
61969,3404.3575784922778,0.9840867247284101,60.0
61970,3404.358272936722,0.9844115600044067,60.0
61971,3404.3589673811666,0.9847462147215733,60.0
61972,3404.359661825611,0.9833735115342267,60.0
61973,3404.3603562700555,0.9845361378078034,60.0
61974,3404.3610507145,0.9844862233397733,60.0
61975,3404.3617451589444,0.9840453213267867,60.0
61976,3404.362439603389,0.98377235364641,60.0
61977,3404.3631340478332,0.9836540703585199,60.0
61978,3404.3638284922777,0.9842488059905333,60.0
61979,3404.364522936722,0.9848903119756632,60.0
61980,3404.3652173811665,0.9843828698779733,60.0
61981,3404.365911825611,0.9845142927523233,60.0
61982,3404.3666062700554,0.98394421427185,60.0
61983,3404.3673007145,0.9836250605253166,60.0
61984,3404.3679951589443,0.9834320758234266,60.0
61985,3404.3686896033887,0.9845567467973967,60.0
61986,3404.369384047833,0.98400472054188,60.0
61987,3404.3700784922776,0.9848156093733834,60.0
61988,3404.370772936722,0.9838437737520467,60.0
61989,3404.3714673811664,0.9831982455853999,60.0
61990,3404.372161825611,0.9849301674741667,60.0
61991,3404.3728562700553,0.98432970465277,60.0
61992,3404.3735507144997,0.98394597940133,60.0
61993,3404.374245158944,0.9849206781837333,60.0
61994,3404.3749396033886,0.9846983935107266,60.0
61995,3404.375634047833,0.9845719155323499,60.0
61996,3404.3763284922775,0.9844525362010134,60.0
61997,3404.377022936722,0.9852675313943232,60.0
61998,3404.3777173811663,0.98460919338302,60.0
61999,3404.378411825611,0.98445293836161,60.0
62000,3404.379106270055,0.9835712653621833,60.0
62001,3404.3798007144997,0.98436390119689,60.0
62002,3404.380495158944,0.9837362942437232,60.0
62003,3404.3811896033885,0.98428547799928,60.0
62004,3404.381884047833,0.9850077660950799,60.0
62005,3404.3825784922774,0.98402988172156,60.0
62006,3404.383272936722,0.9847317872865632,60.0
62007,3404.3839673811663,0.9849018088554132,60.0
62008,3404.3846618256107,0.9840268893995601,60.0
62009,3404.385356270055,0.9840433909510066,60.0
62010,3404.3860507144996,0.9842668964101468,60.0
62011,3404.386745158944,0.9850495993212466,60.0
62012,3404.3874396033884,0.98465096151181,60.0
62013,3404.388134047833,0.9850392052695701,60.0
62014,3404.3888284922773,0.98524213768947,60.0
62015,3404.3895229367217,0.9852042115796898,60.0
62016,3404.390217381166,0.9836376119049066,60.0
62017,3404.3909118256106,0.9836326715008132,60.0
62018,3404.391606270055,0.98484260804975,60.0
62019,3404.3923007144995,0.9845553964815733,60.0
62020,3404.392995158944,0.9848993431312967,60.0
62021,3404.3936896033883,0.9846748718937367,60.0
62022,3404.394384047833,0.9851520920544901,60.0
62023,3404.395078492277,0.9855434386268301,60.0
62024,3404.3957729367216,0.9855242906665533,60.0
62025,3404.396467381166,0.98535638035348,60.0
62026,3404.3971618256105,0.98435157691129,60.0
62027,3404.397856270055,0.9846018017329167,60.0
62028,3404.3985507144994,0.98468890011155,60.0
62029,3404.399245158944,0.9849971081482733,60.0
62030,3404.3999396033882,0.98484445908359,60.0
62031,3404.4006340478327,0.9848125130558599,60.0
62032,3404.401328492277,0.9845295902957566,60.0
62033,3404.4020229367216,0.9862185511857966,60.0
62034,3404.402717381166,0.9840156433803866,60.0
62035,3404.4034118256104,0.9853854300000634,60.0
62036,3404.404106270055,0.9855841606461766,60.0
62037,3404.4048007144993,0.9852592022187966,60.0
62038,3404.4054951589437,0.9858168522229233,60.0
62039,3404.406189603388,0.9844896280018133,60.0
62040,3404.4068840478326,0.9848962397689066,60.0
62041,3404.407578492277,0.9844009113069067,60.0
62042,3404.4082729367215,0.9847645357039566,60.0
62043,3404.408967381166,0.9845825247646167,60.0
62044,3404.4096618256103,0.9851775313532167,60.0
62045,3404.4103562700548,0.9843369755530267,60.0
62046,3404.411050714499,0.98561990422653,60.0
62047,3404.4117451589436,0.98524255519471,60.0
62048,3404.412439603388,0.9844266328908734,60.0
62049,3404.4131340478325,0.9840582460392167,60.0
62050,3404.413828492277,0.9854800481827,60.0
62051,3404.4145229367214,0.9844121558976466,60.0
62052,3404.415217381166,0.9848864206648332,60.0
62053,3404.4159118256102,0.98403156288242,60.0
62054,3404.4166062700547,0.9857930308749133,60.0
62055,3404.417300714499,0.9856152153208999,60.0
62056,3404.4179951589435,0.9855601810445199,60.0
62057,3404.418689603388,0.9851565499591833,60.0
62058,3404.4193840478324,0.9856031666583099,60.0
62059,3404.420078492277,0.9854078819517933,60.0
62060,3404.4207729367213,0.9848137752815367,60.0
62061,3404.4214673811657,0.9860451391042,60.0
62062,3404.42216182561,0.9858288032775899,60.0
62063,3404.4228562700546,0.9849651352608633,60.0
62064,3404.423550714499,0.9852328401390533,60.0
62065,3404.4242451589434,0.9859299711822267,60.0
62066,3404.424939603388,0.98562956114195,60.0
62067,3404.4256340478323,0.9851069315889466,60.0
62068,3404.4263284922768,0.9853440920472633,60.0
62069,3404.427022936721,0.985942956147,60.0
62070,3404.4277173811656,0.9847469835092734,60.0
62071,3404.42841182561,0.9851038771601467,60.0
62072,3404.4291062700545,0.98563731473224,60.0
62073,3404.429800714499,0.9852166126373234,60.0
62074,3404.4304951589434,0.9849813878166632,60.0
62075,3404.431189603388,0.9844505376953,60.0
62076,3404.431884047832,0.9854322273693,60.0
62077,3404.4325784922767,0.9854308778655434,60.0
62078,3404.433272936721,0.9862875152303466,60.0
62079,3404.4339673811655,0.9860016271622166,60.0
62080,3404.43466182561,0.98489083513491,60.0
62081,3404.4353562700544,0.98496006537842,60.0
62082,3404.436050714499,0.98608423197024,60.0
62083,3404.4367451589433,0.9847973970551532,60.0
62084,3404.4374396033877,0.9862002718517099,60.0
62085,3404.438134047832,0.9853456699999933,60.0
62086,3404.4388284922766,0.9870121447265001,60.0
62087,3404.439522936721,0.9850945090451999,60.0
62088,3404.4402173811654,0.9859315195828899,60.0
62089,3404.44091182561,0.9859881544008067,60.0
62090,3404.4416062700543,0.9856083061524733,60.0
62091,3404.4423007144987,0.9859815590775867,60.0
62092,3404.442995158943,0.98589150885097,60.0
62093,3404.4436896033876,0.98586729294225,60.0
62094,3404.444384047832,0.98616841272673,60.0
62095,3404.4450784922765,0.9855451821098434,60.0
62096,3404.445772936721,0.9857952195601399,60.0
62097,3404.4464673811653,0.9857598753918068,60.0
62098,3404.44716182561,0.9856623752680033,60.0
62099,3404.447856270054,0.9862880142791334,60.0
62100,3404.4485507144987,0.9850464512743268,60.0
62101,3404.449245158943,0.9866875358536499,60.0
62102,3404.4499396033875,0.98564598202525,60.0
62103,3404.450634047832,0.9859452876376901,60.0
62104,3404.4513284922764,0.9857173079920768,60.0
62105,3404.452022936721,0.9855853568849766,60.0
62106,3404.4527173811653,0.98545851378391,60.0
62107,3404.4534118256097,0.9850494187578867,60.0
62108,3404.454106270054,0.98449932556654,60.0
62109,3404.4548007144986,0.9866660586348667,60.0
62110,3404.455495158943,0.9860483200286866,60.0
62111,3404.4561896033874,0.9866468080866967,60.0
62112,3404.456884047832,0.9867084862401466,60.0
62113,3404.4575784922763,0.98573158609381,60.0
62114,3404.4582729367207,0.9849112664394933,60.0
62115,3404.458967381165,0.9862428112366367,60.0
62116,3404.4596618256096,0.9864499691033667,60.0
62117,3404.460356270054,0.9864966948192734,60.0
62118,3404.4610507144985,0.9868795472545367,60.0
62119,3404.461745158943,0.9859134629353433,60.0
62120,3404.4624396033873,0.98600820900722,60.0
62121,3404.4631340478318,0.9856891265198167,60.0
62122,3404.463828492276,0.9856536316451067,60.0
62123,3404.4645229367206,0.98589460486907,60.0
62124,3404.465217381165,0.9861685744595533,60.0
62125,3404.4659118256095,0.9856128466325633,60.0
62126,3404.466606270054,0.9852300312972799,60.0
62127,3404.4673007144984,0.98664718077556,60.0
62128,3404.467995158943,0.9852820099603666,60.0
62129,3404.4686896033872,0.9870788748143401,60.0
62130,3404.4693840478317,0.9866764091218667,60.0
62131,3404.470078492276,0.9863508989520233,60.0
62132,3404.4707729367206,0.9858150440457568,60.0
62133,3404.471467381165,0.9856045328686367,60.0
62134,3404.4721618256094,0.9859455155809199,60.0
62135,3404.472856270054,0.98715182227399,60.0
62136,3404.4735507144983,0.9866919746995233,60.0
62137,3404.4742451589427,0.9860694961004532,60.0
62138,3404.474939603387,0.9850826116573499,60.0
62139,3404.4756340478316,0.9868972089944532,60.0
62140,3404.476328492276,0.9862325394362766,60.0
62141,3404.4770229367205,0.98593208486722,60.0
62142,3404.477717381165,0.9871163583655967,60.0
62143,3404.4784118256093,0.9861588027716633,60.0
62144,3404.4791062700538,0.9861729680356633,60.0
62145,3404.479800714498,0.9858957903920368,60.0
62146,3404.4804951589426,0.98617877137522,60.0
62147,3404.481189603387,0.9871485043838034,60.0
62148,3404.4818840478315,0.9859166475622533,60.0
62149,3404.482578492276,0.98637688241111,60.0
62150,3404.4832729367204,0.9869612314205433,60.0
62151,3404.483967381165,0.9854184409742667,60.0
62152,3404.4846618256092,0.9868630343859367,60.0
62153,3404.4853562700537,0.98650776424634,60.0
62154,3404.486050714498,0.9873481939550034,60.0
62155,3404.4867451589425,0.98646948869568,60.0
62156,3404.487439603387,0.9861378267864435,60.0
62157,3404.4881340478314,0.9859887108385834,60.0
62158,3404.488828492276,0.9860481295976301,60.0
62159,3404.4895229367203,0.9877193134794032,60.0
62160,3404.4902173811647,0.9868782532609967,60.0
62161,3404.490911825609,0.9873123977888935,60.0
62162,3404.4916062700536,0.98638908182624,60.0
62163,3404.492300714498,0.9867983490908601,60.0
62164,3404.4929951589424,0.9873659982163834,60.0
62165,3404.493689603387,0.9869443709537933,60.0
62166,3404.4943840478313,0.9867297657296566,60.0
62167,3404.4950784922758,0.9865954472286766,60.0
62168,3404.49577293672,0.9873779721232167,60.0
62169,3404.4964673811646,0.98738470963087,60.0
62170,3404.497161825609,0.9876144088442501,60.0
62171,3404.4978562700535,0.9853392540395234,60.0
62172,3404.498550714498,0.9872680965877733,60.0
62173,3404.4992451589424,0.98632848843401,60.0
62174,3404.499939603387,0.9858108915438667,60.0
62175,3404.500634047831,0.98712988199718,60.0
62176,3404.5013284922757,0.98667584133531,60.0
62177,3404.50202293672,0.98588495894601,60.0
62178,3404.5027173811645,0.9881122371849833,60.0
62179,3404.503411825609,0.9872717856272101,60.0
62180,3404.5041062700534,0.9873834318624333,60.0
62181,3404.504800714498,0.9858300528648901,60.0
62182,3404.5054951589423,0.9864597600057833,60.0
62183,3404.5061896033867,0.98763202749983,60.0
62184,3404.506884047831,0.98825459023918,60.0
62185,3404.5075784922756,0.9873893880609067,60.0
62186,3404.50827293672,0.9869049191840734,60.0
62187,3404.5089673811644,0.9870076452981267,60.0
62188,3404.509661825609,0.9868919438288165,60.0
62189,3404.5103562700533,0.98694220842752,60.0
62190,3404.5110507144977,0.98793039298141,60.0
62191,3404.511745158942,0.98710160083258,60.0
62192,3404.5124396033866,0.98650281534841,60.0
62193,3404.513134047831,0.98732531191184,60.0
62194,3404.5138284922755,0.9876733501829634,60.0
62195,3404.51452293672,0.98792690973755,60.0
62196,3404.5152173811643,0.986004270103165,60.0
62197,3404.515911825609,0.9875219607392567,60.0
62198,3404.516606270053,0.9879214009577167,60.0
62199,3404.5173007144977,0.9865155239426132,60.0
62200,3404.517995158942,0.98640217289037,60.0
62201,3404.5186896033865,0.9864373217717833,60.0
62202,3404.519384047831,0.9868701634470267,60.0
62203,3404.5200784922754,0.9872960871843633,60.0
62204,3404.52077293672,0.9874836819676599,60.0
62205,3404.5214673811643,0.9879174333988167,60.0
62206,3404.5221618256087,0.9875183154008367,60.0
62207,3404.522856270053,0.9863381738479533,60.0
62208,3404.5235507144976,0.9878626238119234,60.0
62209,3404.524245158942,0.9868861818084099,60.0
62210,3404.5249396033864,0.9878712141573599,60.0
62211,3404.525634047831,0.9871964719523367,60.0
62212,3404.5263284922753,0.9869377515753799,60.0
62213,3404.5270229367197,0.9871548388232833,60.0
62214,3404.527717381164,0.9876330233116767,60.0
62215,3404.5284118256086,0.9864966016469,60.0
62216,3404.529106270053,0.9876755755700298,60.0
62217,3404.5298007144975,0.98818395569372,60.0
62218,3404.530495158942,0.9878965421863399,60.0
62219,3404.5311896033863,0.9875562768673367,60.0
62220,3404.5318840478308,0.9879174419471267,60.0
62221,3404.532578492275,0.9874361876209767,60.0
62222,3404.5332729367196,0.9876946129387033,60.0
62223,3404.533967381164,0.9881097398331766,60.0
62224,3404.5346618256085,0.98833173476988,60.0
62225,3404.535356270053,0.9868538839445566,60.0
62226,3404.5360507144974,0.9882234795364,60.0
62227,3404.536745158942,0.9877668570082901,60.0
62228,3404.5374396033862,0.9871730733436733,60.0
62229,3404.5381340478307,0.9876420266758599,60.0
62230,3404.538828492275,0.98766528423891,60.0
62231,3404.5395229367195,0.9865162529781699,60.0
62232,3404.540217381164,0.9877835415964235,60.0
62233,3404.5409118256084,0.9874075650715767,60.0
62234,3404.541606270053,0.9880029602249033,60.0
62235,3404.5423007144973,0.9877893133610467,60.0
62236,3404.5429951589417,0.9867637031406934,60.0
62237,3404.543689603386,0.9881571471845234,60.0
62238,3404.5443840478306,0.987120147208125,60.0
62239,3404.545078492275,0.9875025564485599,60.0
62240,3404.5457729367195,0.9866774707969134,60.0
62241,3404.546467381164,0.9873719213339868,60.0
62242,3404.5471618256083,0.9881863513326966,60.0
62243,3404.5478562700528,0.98736562073893,60.0
62244,3404.548550714497,0.9877837112516668,60.0
62245,3404.5492451589416,0.9877038105196068,60.0
62246,3404.549939603386,0.9884511593414033,60.0
62247,3404.5506340478305,0.9872079783933634,60.0
62248,3404.551328492275,0.98745642185502,60.0
62249,3404.5520229367194,0.98728862346906,60.0
62250,3404.552717381164,0.9872552320520099,60.0
62251,3404.5534118256082,0.9876609718542699,60.0
62252,3404.5541062700527,0.9865878874175134,60.0
62253,3404.554800714497,0.9875456558498934,60.0
62254,3404.5554951589415,0.9878821591862267,60.0
62255,3404.556189603386,0.9873010065953,60.0
62256,3404.5568840478304,0.98811883882821,60.0
62257,3404.557578492275,0.9878465589091799,60.0
62258,3404.5582729367193,0.9880605812072334,60.0
62259,3404.5589673811637,0.9883849413841433,60.0
62260,3404.559661825608,0.9875614370228366,60.0
62261,3404.5603562700526,0.9880380453673899,60.0
62262,3404.561050714497,0.9875156683285851,60.0
62263,3404.5617451589414,0.9882864753957367,60.0
62264,3404.562439603386,0.9877757089960134,60.0
62265,3404.5631340478303,0.9873756484798899,60.0
62266,3404.5638284922748,0.98769277605666,60.0
62267,3404.564522936719,0.98831882547805,60.0
62268,3404.5652173811636,0.9882978343861367,60.0
62269,3404.565911825608,0.9870877071027433,60.0
62270,3404.5666062700525,0.9878590667225566,60.0
62271,3404.567300714497,0.98812002695121,60.0
62272,3404.5679951589414,0.9880297936666067,60.0
62273,3404.568689603386,0.9887805392595467,60.0
62274,3404.56938404783,0.9877946948864267,60.0
62275,3404.5700784922747,0.9887576572605733,60.0
62276,3404.570772936719,0.9872675072715533,60.0
62277,3404.5714673811635,0.9888433215142299,60.0
62278,3404.572161825608,0.9875692384104133,60.0
62279,3404.5728562700524,0.9873948043766667,60.0
62280,3404.573550714497,0.9883140954836166,60.0
62281,3404.5742451589413,0.9880114145552633,60.0
62282,3404.5749396033857,0.98764102272452,60.0
62283,3404.57563404783,0.98762699110532,60.0
62284,3404.5763284922746,0.9889713524967932,60.0
62285,3404.577022936719,0.9879742709750466,60.0
62286,3404.5777173811634,0.9887569423583166,60.0
62287,3404.578411825608,0.9884873851172801,60.0
62288,3404.5791062700523,0.98826136498867,60.0
62289,3404.5798007144967,0.9883974591319634,60.0
62290,3404.580495158941,0.9886545033076933,60.0
62291,3404.5811896033856,0.9892512299048466,60.0
62292,3404.58188404783,0.9882464584522334,60.0
62293,3404.5825784922745,0.9893289146581568,60.0
62294,3404.583272936719,0.98900584368491,60.0
62295,3404.5839673811633,0.9873562436452934,60.0
62296,3404.584661825608,0.98810234978636,60.0
62297,3404.585356270052,0.9886015840471067,60.0
62298,3404.5860507144967,0.9888066315405366,60.0
62299,3404.586745158941,0.9892719748836866,60.0
62300,3404.5874396033855,0.98848899493604,60.0
62301,3404.58813404783,0.9888307288577001,60.0
62302,3404.5888284922744,0.9885360401285234,60.0
62303,3404.589522936719,0.9891887303340066,60.0
62304,3404.5902173811633,0.9886810897796866,60.0
62305,3404.5909118256077,0.9881622372650467,60.0
62306,3404.591606270052,0.9883088541996266,60.0
62307,3404.5923007144966,0.9884360197786767,60.0
62308,3404.592995158941,0.9881009563483866,60.0
62309,3404.5936896033854,0.9883423916347933,60.0
62310,3404.59438404783,0.98965184292441,60.0
62311,3404.5950784922743,0.9886981449383533,60.0
62312,3404.5957729367187,0.9882128121881467,60.0
62313,3404.596467381163,0.9884930715230933,60.0
62314,3404.5971618256076,0.9889440785109,60.0
62315,3404.597856270052,0.9892593527363767,60.0
62316,3404.5985507144965,0.9882458887236766,60.0
62317,3404.599245158941,0.9896690885931133,60.0
62318,3404.5999396033853,0.9899887612650167,60.0
62319,3404.6006340478298,0.9888226252387966,60.0
62320,3404.601328492274,0.9900335919200233,60.0
62321,3404.6020229367186,0.9893929266171301,60.0
62322,3404.602717381163,0.98831030764077,60.0
62323,3404.6034118256075,0.98885326297932,60.0
62324,3404.604106270052,0.9904132700303366,60.0
62325,3404.6048007144964,0.98974062024532,60.0
62326,3404.605495158941,0.98914437315455,60.0
62327,3404.6061896033852,0.98977591920853,60.0
62328,3404.6068840478297,0.98844622935737,60.0
62329,3404.607578492274,0.9899519018184333,60.0
62330,3404.6082729367185,0.9885371447569135,60.0
62331,3404.608967381163,0.9888569705227134,60.0
62332,3404.6096618256074,0.9895856382525968,60.0
62333,3404.610356270052,0.9889301312948634,60.0
62334,3404.6110507144963,0.9890014013635433,60.0
62335,3404.6117451589407,0.9899028701491567,60.0
62336,3404.612439603385,0.99023728935625,60.0
62337,3404.6131340478296,0.989767537577515,60.0
62338,3404.613828492274,0.9886786978418968,60.0
62339,3404.6145229367185,0.9892689126761134,60.0
62340,3404.615217381163,0.9891426430398201,60.0
62341,3404.6159118256073,0.9889500444816334,60.0
62342,3404.6166062700518,0.9893173357401167,60.0
62343,3404.617300714496,0.9888658962954867,60.0
62344,3404.6179951589406,0.9886617567087367,60.0
62345,3404.618689603385,0.9885462004420367,60.0
62346,3404.6193840478295,0.989209300669595,60.0
62347,3404.620078492274,0.9887150153950532,60.0
62348,3404.6207729367184,0.9902176819801833,60.0
62349,3404.621467381163,0.9896802134184634,60.0
62350,3404.6221618256072,0.9884551000866034,60.0
62351,3404.6228562700517,0.9891769736498134,60.0
62352,3404.623550714496,0.9889294358862734,60.0
62353,3404.6242451589405,0.9892026127333601,60.0
62354,3404.624939603385,0.9891133095027067,60.0
62355,3404.6256340478294,0.9902144524327866,60.0
62356,3404.626328492274,0.9889295117527134,60.0
62357,3404.6270229367183,0.988382276743505,60.0
62358,3404.6277173811627,0.9893532487977099,60.0
62359,3404.628411825607,0.98974598039844,60.0
62360,3404.6291062700516,0.9883070583410266,60.0
62361,3404.629800714496,0.9883671266971533,60.0
62362,3404.6304951589404,0.9886841832943801,60.0
62363,3404.631189603385,0.98934753499528,60.0
62364,3404.6318840478293,0.98934555105197,60.0
62365,3404.6325784922738,0.9894630584137301,60.0
62366,3404.633272936718,0.9883948992412499,60.0
62367,3404.6339673811626,0.9896736925876133,60.0
62368,3404.634661825607,0.9886386018014933,60.0
62369,3404.6353562700515,0.98909049085895,60.0
62370,3404.636050714496,0.9887979001061801,60.0
62371,3404.6367451589404,0.9885308860666666,60.0
62372,3404.637439603385,0.98927751051465,60.0
62373,3404.638134047829,0.9893116104341667,60.0
62374,3404.6388284922737,0.9881175833100398,60.0
62375,3404.639522936718,0.9892080740872634,60.0
62376,3404.6402173811625,0.9902184347211834,60.0
62377,3404.640911825607,0.9894715219756766,60.0
62378,3404.6416062700514,0.9890609936234535,60.0
62379,3404.642300714496,0.9903323241199633,60.0
62380,3404.6429951589403,0.9896232538219866,60.0
62381,3404.6436896033847,0.9896835095196267,60.0
62382,3404.644384047829,0.98963570079634,60.0
62383,3404.6450784922736,0.98942713330842,60.0
62384,3404.645772936718,0.9891521677292866,60.0
62385,3404.6464673811624,0.9896506084114499,60.0
62386,3404.647161825607,0.9893290332815567,60.0
62387,3404.6478562700513,0.99024050428189,60.0
62388,3404.6485507144957,0.9893424649925967,60.0
62389,3404.64924515894,0.98947255295032,60.0
62390,3404.6499396033846,0.9901389048046867,60.0
62391,3404.650634047829,0.9900042427720833,60.0
62392,3404.6513284922735,0.9899817353929534,60.0
62393,3404.652022936718,0.9900080350662899,60.0
62394,3404.6527173811623,0.98842174019518,60.0
62395,3404.653411825607,0.98947850632814,60.0
62396,3404.654106270051,0.9891939512635034,60.0
62397,3404.6548007144957,0.9891382122071167,60.0
62398,3404.65549515894,0.9892318165078751,60.0
62399,3404.6561896033845,0.98996268169698,60.0
62400,3404.656884047829,0.9890940020953001,60.0
62401,3404.6575784922734,0.9887804380388999,60.0
62402,3404.658272936718,0.99063537375929,60.0
62403,3404.6589673811623,0.98854976133573,60.0
62404,3404.6596618256067,0.9890676493259166,60.0
62405,3404.660356270051,0.9879061838095199,60.0
62406,3404.6610507144956,0.98874767851939,60.0
62407,3404.66174515894,0.98903718053074,60.0
62408,3404.6624396033844,0.98845211315617,60.0
62409,3404.663134047829,0.9897645114313199,60.0
62410,3404.6638284922733,0.9892127834486,60.0
62411,3404.6645229367177,0.9893658453558999,60.0
62412,3404.665217381162,0.9894180016986701,60.0
62413,3404.6659118256066,0.9887445684840367,60.0
62414,3404.666606270051,0.9886841710461033,60.0
62415,3404.6673007144955,0.9891692212016068,60.0
62416,3404.66799515894,0.9898777197150733,60.0
62417,3404.6686896033843,0.9901054738411367,60.0
62418,3404.6693840478288,0.9899927015368867,60.0
62419,3404.670078492273,0.9893487124727134,60.0
62420,3404.6707729367176,0.990806470802015,60.0
62421,3404.671467381162,0.9902133331997067,60.0
62422,3404.6721618256065,0.98926290632809,60.0
62423,3404.672856270051,0.990043383102865,60.0
62424,3404.6735507144954,0.9902425133872433,60.0
62425,3404.67424515894,0.98924978459058,60.0
62426,3404.6749396033842,0.9897983581861434,60.0
62427,3404.6756340478287,0.98987409566439,60.0
62428,3404.676328492273,0.9904061277375367,60.0
62429,3404.6770229367175,0.9899593774124934,60.0
62430,3404.677717381162,0.9902320727741399,60.0
62431,3404.6784118256064,0.9905504126191049,60.0
62432,3404.679106270051,0.9896721379277634,60.0
62433,3404.6798007144953,0.98970327641839,60.0
62434,3404.6804951589397,0.98983781744387,60.0
62435,3404.681189603384,0.9903652532235133,60.0
62436,3404.6818840478286,0.9895015390060666,60.0
62437,3404.682578492273,0.9897355716839766,60.0
62438,3404.6832729367175,0.9895067399207167,60.0
62439,3404.683967381162,0.9902896939613167,60.0
62440,3404.6846618256063,0.9897644639866101,60.0
62441,3404.6853562700508,0.9910353056751451,60.0
62442,3404.686050714495,0.9896621228450599,60.0
62443,3404.6867451589396,0.9906049469210968,60.0
62444,3404.687439603384,0.9902866988209666,60.0
62445,3404.6881340478285,0.9894542995967467,60.0
62446,3404.688828492273,0.9903129755133551,60.0
62447,3404.6895229367174,0.9900225515739965,60.0
62448,3404.690217381162,0.9914273664153,60.0
62449,3404.6909118256062,0.98967470742059,60.0
62450,3404.6916062700507,0.99122147505473,60.0
62451,3404.692300714495,0.990098954929565,60.0
62452,3404.6929951589395,0.9929512231899933,60.0
62453,3404.693689603384,0.99018097269119,60.0
62454,3404.6943840478284,0.99131642603395,60.0
62455,3404.695078492273,0.9912084247892233,60.0
62456,3404.6957729367173,0.9909870850718266,60.0
62457,3404.6964673811617,0.99104300937051,60.0
62458,3404.697161825606,0.9902010567211167,60.0
62459,3404.6978562700506,0.99039777727494,60.0
62460,3404.698550714495,0.9911114351357165,60.0
62461,3404.6992451589394,0.9909785040138134,60.0
62462,3404.699939603384,0.9908379015507799,60.0
62463,3404.7006340478283,0.9916054489677167,60.0
62464,3404.7013284922728,0.9903014717595567,60.0
62465,3404.702022936717,0.9909531019732,60.0
62466,3404.7027173811616,0.9906023877675866,60.0
62467,3404.703411825606,0.9903826335655568,60.0
62468,3404.7041062700505,0.9906385369289934,60.0
62469,3404.704800714495,0.9905565404785799,60.0
62470,3404.7054951589394,0.9910607918674,60.0
62471,3404.706189603384,0.9903492582044167,60.0
62472,3404.706884047828,0.98991936623355,60.0
62473,3404.7075784922727,0.99084075235095,60.0
62474,3404.708272936717,0.9907154270624167,60.0
62475,3404.7089673811615,0.9898015147756732,60.0
62476,3404.709661825606,0.9904095658318967,60.0
62477,3404.7103562700504,0.9913118711482767,60.0
62478,3404.711050714495,0.9898261338961599,60.0
62479,3404.7117451589393,0.99073659477099,60.0
62480,3404.7124396033837,0.9914584163879,60.0
62481,3404.713134047828,0.99173082314281,60.0
62482,3404.7138284922726,0.9904282284376565,60.0
62483,3404.714522936717,0.9909050779533,60.0
62484,3404.7152173811614,0.99099732380771,60.0
62485,3404.715911825606,0.9908369037295967,60.0
62486,3404.7166062700503,0.9909863531873601,60.0
62487,3404.7173007144947,0.99140696953563,60.0
62488,3404.717995158939,0.991224952770555,60.0
62489,3404.7186896033836,0.9927784996351233,60.0
62490,3404.719384047828,0.99078549398087,60.0
62491,3404.7200784922725,0.9915058719838866,60.0
62492,3404.720772936717,0.9915715084639434,60.0
62493,3404.7214673811613,0.9911292456975299,60.0
62494,3404.722161825606,0.99082504636212,60.0
62495,3404.72285627005,0.99147648065364,60.0
62496,3404.7235507144946,0.9906738473491866,60.0
62497,3404.724245158939,0.99228587776509,60.0
62498,3404.7249396033835,0.9919285010317449,60.0
62499,3404.725634047828,0.9912371292425867,60.0
62500,3404.7263284922724,0.9907554935670833,60.0
62501,3404.727022936717,0.9903048446750401,60.0
62502,3404.7277173811613,0.99140750183888,60.0
62503,3404.7284118256057,0.9910020615204433,60.0
62504,3404.72910627005,0.9919732242061766,60.0
62505,3404.7298007144946,0.99035186869654,60.0
62506,3404.730495158939,0.9917062682133033,60.0
62507,3404.7311896033834,0.9921803265875934,60.0
62508,3404.731884047828,0.991986014162945,60.0
62509,3404.7325784922723,0.9910046404608234,60.0
62510,3404.7332729367167,0.9912306800279099,60.0
62511,3404.733967381161,0.9914406029536801,60.0
62512,3404.7346618256056,0.99221571894895,60.0
62513,3404.73535627005,0.99190650677566,60.0
62514,3404.7360507144945,0.9915518618847866,60.0
62515,3404.736745158939,0.9916775291331333,60.0
62516,3404.7374396033833,0.9910494895284333,60.0
62517,3404.7381340478278,0.9924099851256102,60.0
62518,3404.738828492272,0.991300992384565,60.0
62519,3404.7395229367166,0.9905037383099433,60.0
62520,3404.740217381161,0.9918163059893234,60.0
62521,3404.7409118256055,0.9921371300004734,60.0
62522,3404.74160627005,0.99170773104253,60.0
62523,3404.7423007144944,0.9911603355434866,60.0
62524,3404.742995158939,0.9909879372331134,60.0
62525,3404.7436896033832,0.9913574903371734,60.0
62526,3404.7443840478277,0.9913833647547666,60.0
62527,3404.745078492272,0.9923170024100134,60.0
62528,3404.7457729367165,0.9923795734148966,60.0
62529,3404.746467381161,0.9921306240745701,60.0
62530,3404.7471618256054,0.99063725671258,60.0
62531,3404.74785627005,0.9916686836189701,60.0
62532,3404.7485507144943,0.9914449389122867,60.0
62533,3404.7492451589387,0.9919558781262934,60.0
62534,3404.749939603383,0.9920591132409301,60.0
62535,3404.7506340478276,0.9924328069943901,60.0
62536,3404.751328492272,0.9920101488180401,60.0
62537,3404.7520229367165,0.9914030454348666,60.0
62538,3404.752717381161,0.9922944136469001,60.0
62539,3404.7534118256053,0.992214291084,60.0
62540,3404.7541062700498,0.9920089050742468,60.0
62541,3404.754800714494,0.9921065472527467,60.0
62542,3404.7554951589386,0.99158513944597,60.0
62543,3404.756189603383,0.992458313855255,60.0
62544,3404.7568840478275,0.9912969252916467,60.0
62545,3404.757578492272,0.9920930859671868,60.0
62546,3404.7582729367164,0.9913732371224033,60.0
62547,3404.758967381161,0.9907955996989299,60.0
62548,3404.7596618256052,0.9925456253280401,60.0
62549,3404.7603562700497,0.99170315267292,60.0
62550,3404.761050714494,0.9919381051387699,60.0
62551,3404.7617451589385,0.9920400761728766,60.0
62552,3404.762439603383,0.9922587746098367,60.0
62553,3404.7631340478274,0.99168819194959,60.0
62554,3404.763828492272,0.9924754667069967,60.0
62555,3404.7645229367163,0.9922466174745767,60.0
62556,3404.7652173811607,0.99203900868568,60.0
62557,3404.765911825605,0.991602013863935,60.0
62558,3404.7666062700496,0.9932808395501435,60.0
62559,3404.767300714494,0.99190891156864,60.0
62560,3404.7679951589384,0.9913860568089,60.0
62561,3404.768689603383,0.9915989012154999,60.0
62562,3404.7693840478273,0.9920954480813232,60.0
62563,3404.7700784922718,0.9936697806998765,60.0
62564,3404.770772936716,0.9922357657348967,60.0
62565,3404.7714673811606,0.9922621952644867,60.0
62566,3404.772161825605,0.9923984170180167,60.0
62567,3404.7728562700495,0.9926265876472066,60.0
62568,3404.773550714494,0.9919570177080334,60.0
62569,3404.7742451589384,0.9925333817643635,60.0
62570,3404.774939603383,0.9913956318650433,60.0
62571,3404.775634047827,0.9917502824345233,60.0
62572,3404.7763284922717,0.99341907192201,60.0
62573,3404.777022936716,0.9933864172347001,60.0
62574,3404.7777173811605,0.9926420419289034,60.0
62575,3404.778411825605,0.99289026410112,60.0
62576,3404.7791062700494,0.9925315662375,60.0
62577,3404.779800714494,0.9918159242776566,60.0
62578,3404.7804951589383,0.9921180237153434,60.0
62579,3404.7811896033827,0.9921719302481433,60.0
62580,3404.781884047827,0.9919058121997134,60.0
62581,3404.7825784922716,0.9924899777161067,60.0
62582,3404.783272936716,0.9921910776906268,60.0
62583,3404.7839673811604,0.9916228803813535,60.0
62584,3404.784661825605,0.9923996894654,60.0
62585,3404.7853562700493,0.9924663689893666,60.0
62586,3404.7860507144937,0.9924665612257967,60.0
62587,3404.786745158938,0.9921562512360866,60.0
62588,3404.7874396033826,0.9929722509434401,60.0
62589,3404.788134047827,0.9921826756048066,60.0
62590,3404.7888284922715,0.9914109879111233,60.0
62591,3404.789522936716,0.99318169683259,60.0
62592,3404.7902173811603,0.9924654293525034,60.0
62593,3404.790911825605,0.99235484444383,60.0
62594,3404.791606270049,0.99307081796369,60.0
62595,3404.7923007144936,0.99207156795361,60.0
62596,3404.792995158938,0.9923929211685,60.0
62597,3404.7936896033825,0.9917347305905068,60.0
62598,3404.794384047827,0.9925686500085732,60.0
62599,3404.7950784922714,0.9924455788354133,60.0
62600,3404.795772936716,0.9927452795795867,60.0
62601,3404.7964673811603,0.9927390525458467,60.0
62602,3404.7971618256047,0.9924789913927033,60.0
62603,3404.797856270049,0.9920838832419401,60.0
62604,3404.7985507144936,0.9921807647764332,60.0
62605,3404.799245158938,0.9922352430225599,60.0
62606,3404.7999396033824,0.9928717093259266,60.0
62607,3404.800634047827,0.9926247896747032,60.0
62608,3404.8013284922713,0.99179983012847,60.0
62609,3404.8020229367157,0.9918820335448867,60.0
62610,3404.80271738116,0.9918972484433167,60.0
62611,3404.8034118256046,0.9921432760324965,60.0
62612,3404.804106270049,0.99173981447438,60.0
62613,3404.8048007144935,0.9927032390914333,60.0
62614,3404.805495158938,0.9922133067096333,60.0
62615,3404.8061896033823,0.9926680155531633,60.0
62616,3404.8068840478268,0.9924360092618066,60.0
62617,3404.807578492271,0.9927197917558467,60.0
62618,3404.8082729367156,0.9936884407176,60.0
62619,3404.80896738116,0.9932684214206833,60.0
62620,3404.8096618256045,0.9917311806508833,60.0
62621,3404.810356270049,0.99262954807006,60.0
62622,3404.8110507144934,0.9925549296058667,60.0
62623,3404.811745158938,0.9918082527286834,60.0
62624,3404.8124396033822,0.9918602809107032,60.0
62625,3404.8131340478267,0.9920243964412633,60.0
62626,3404.813828492271,0.9922331132825833,60.0
62627,3404.8145229367155,0.9920614607650234,60.0
62628,3404.81521738116,0.9919475914027599,60.0
62629,3404.8159118256044,0.991931807675225,60.0
62630,3404.816606270049,0.9922657268591832,60.0
62631,3404.8173007144933,0.9933186277452933,60.0
62632,3404.8179951589377,0.9930483420836267,60.0
62633,3404.818689603382,0.9923684468297665,60.0
62634,3404.8193840478266,0.99328091099074,60.0
62635,3404.820078492271,0.9930576367487951,60.0
62636,3404.8207729367155,0.9928126673853733,60.0
62637,3404.82146738116,0.9941218439856733,60.0
62638,3404.8221618256043,0.99231946790485,60.0
62639,3404.8228562700488,0.9931838200358133,60.0
62640,3404.823550714493,0.9926921055315567,60.0
62641,3404.8242451589376,0.9920410816054833,60.0
62642,3404.824939603382,0.9923148622924667,60.0
62643,3404.8256340478265,0.99245251965878,60.0
62644,3404.826328492271,0.9931972832186733,60.0
62645,3404.8270229367154,0.9914520309841267,60.0
62646,3404.82771738116,0.99359449032623,60.0
62647,3404.8284118256042,0.9932653198571467,60.0
62648,3404.8291062700487,0.9920586892184601,60.0
62649,3404.829800714493,0.99310978476352,60.0
62650,3404.8304951589375,0.99288980642322,60.0
62651,3404.831189603382,0.993042684292085,60.0
62652,3404.8318840478264,0.9933257715926199,60.0
62653,3404.832578492271,0.9924503110032132,60.0
62654,3404.8332729367153,0.9923544047170433,60.0
62655,3404.8339673811597,0.9922055092989166,60.0
62656,3404.834661825604,0.9935945930814934,60.0
62657,3404.8353562700486,0.9926962849899299,60.0
62658,3404.836050714493,0.9922123882750333,60.0
62659,3404.8367451589374,0.99345088280945,60.0
62660,3404.837439603382,0.9929258944176368,60.0
62661,3404.8381340478263,0.99278437283945,60.0
62662,3404.8388284922707,0.9933858891267966,60.0
62663,3404.839522936715,0.9930528639091833,60.0
62664,3404.8402173811596,0.9928239054675566,60.0
62665,3404.840911825604,0.99328589746825,60.0
62666,3404.8416062700485,0.9924528849798134,60.0
62667,3404.842300714493,0.9929965556645567,60.0
62668,3404.8429951589374,0.9929303822590866,60.0
62669,3404.843689603382,0.9928242067686767,60.0
62670,3404.844384047826,0.9931774577483,60.0
62671,3404.8450784922707,0.9920755073847599,60.0
62672,3404.845772936715,0.9920251611678665,60.0
62673,3404.8464673811595,0.99296621110464,60.0
62674,3404.847161825604,0.9934539067079733,60.0
62675,3404.8478562700484,0.9935597070260833,60.0
62676,3404.848550714493,0.9930106632948833,60.0
62677,3404.8492451589373,0.9920366794698067,60.0
62678,3404.8499396033817,0.9935877715959266,60.0
62679,3404.850634047826,0.99338272520091,60.0
62680,3404.8513284922706,0.99221085607381,60.0
62681,3404.852022936715,0.9935615554811533,60.0
62682,3404.8527173811594,0.9917120388239766,60.0
62683,3404.853411825604,0.993511779657055,60.0
62684,3404.8541062700483,0.99326659724248,60.0
62685,3404.8548007144927,0.99372211449147,60.0
62686,3404.855495158937,0.9938254110495167,60.0
62687,3404.8561896033816,0.9912064676869067,60.0
62688,3404.856884047826,0.9941451060412799,60.0
62689,3404.8575784922705,0.9930675967468966,60.0
62690,3404.858272936715,0.99238728017985,60.0
62691,3404.8589673811593,0.9932840157897532,60.0
62692,3404.859661825604,0.9929549384555001,60.0
62693,3404.860356270048,0.99350116529667,60.0
62694,3404.8610507144926,0.9931802416864134,60.0
62695,3404.861745158937,0.99333154343282,60.0
62696,3404.8624396033815,0.9937023105648634,60.0
62697,3404.863134047826,0.9936328528580965,60.0
62698,3404.8638284922704,0.9944598591085849,60.0
62699,3404.864522936715,0.9924666769407132,60.0
62700,3404.8652173811593,0.9942015105500867,60.0
62701,3404.8659118256037,0.99337847780085,60.0
62702,3404.866606270048,0.9945722487430834,60.0
62703,3404.8673007144926,0.99275969352415,60.0
62704,3404.867995158937,0.9933526555039967,60.0
62705,3404.8686896033814,0.9931618727549499,60.0
62706,3404.869384047826,0.99315583597479,60.0
62707,3404.8700784922703,0.9937737870864033,60.0
62708,3404.8707729367147,0.9937167134046868,60.0
62709,3404.871467381159,0.99404618527624,60.0
62710,3404.8721618256036,0.99458630793445,60.0
62711,3404.872856270048,0.9941642635251267,60.0
62712,3404.8735507144925,0.9929157380775733,60.0
62713,3404.874245158937,0.99402773226647,60.0
62714,3404.8749396033813,0.9935753868623367,60.0
62715,3404.8756340478258,0.9941551795629667,60.0
62716,3404.87632849227,0.9945454845730367,60.0
62717,3404.8770229367146,0.9937985964398166,60.0
62718,3404.877717381159,0.9938447653318666,60.0
62719,3404.8784118256035,0.99372948517818,60.0
62720,3404.879106270048,0.99386846915228,60.0
62721,3404.8798007144924,0.9940220969607033,60.0
62722,3404.880495158937,0.9961545427466599,60.0
62723,3404.8811896033812,0.9947784366650666,60.0
62724,3404.8818840478257,0.9940506630493634,60.0
62725,3404.88257849227,0.9939494918289866,60.0
62726,3404.8832729367145,0.9946383065466801,60.0
62727,3404.883967381159,0.9939852471152499,60.0
62728,3404.8846618256034,0.9940361187190033,60.0
62729,3404.885356270048,0.9938145345920866,60.0
62730,3404.8860507144923,0.9956737758687,60.0
62731,3404.8867451589367,0.9943424419519501,60.0
62732,3404.887439603381,0.9940884746240402,60.0
62733,3404.8881340478256,0.9937933233911066,60.0
62734,3404.88882849227,0.9950729316045733,60.0
62735,3404.8895229367145,0.9948405752556867,60.0
62736,3404.890217381159,0.99418800359184,60.0
62737,3404.8909118256033,0.9938794194416367,60.0
62738,3404.8916062700478,0.9938009560088067,60.0
62739,3404.892300714492,0.9935892390303435,60.0
62740,3404.8929951589366,0.9935153021958967,60.0
62741,3404.893689603381,0.9943548388519533,60.0
62742,3404.8943840478255,0.9947868518084398,60.0
62743,3404.89507849227,0.994320088238885,60.0
62744,3404.8957729367144,0.9952095017405734,60.0
62745,3404.896467381159,0.9942032881617834,60.0
62746,3404.8971618256032,0.994197421042455,60.0
62747,3404.8978562700477,0.9951177311274367,60.0
62748,3404.898550714492,0.9937585569227433,60.0
62749,3404.8992451589365,0.99466411411661,60.0
62750,3404.899939603381,0.9949810136754467,60.0
62751,3404.9006340478254,0.9949088649791267,60.0
62752,3404.90132849227,0.995148439980355,60.0
62753,3404.9020229367143,0.9941365572950701,60.0
62754,3404.9027173811587,0.9948068201917767,60.0
62755,3404.903411825603,0.9945613101823567,60.0
62756,3404.9041062700476,0.9947777564663399,60.0
62757,3404.904800714492,0.9958760350350033,60.0
62758,3404.9054951589364,0.9948233307871167,60.0
62759,3404.906189603381,0.9950575771469033,60.0
62760,3404.9068840478253,0.99402738751856,60.0
62761,3404.9075784922697,0.9943556843492101,60.0
62762,3404.908272936714,0.9937169044055801,60.0
62763,3404.9089673811586,0.9947098174003367,60.0
62764,3404.909661825603,0.9931699397071899,60.0
62765,3404.9103562700475,0.9943092047368066,60.0
62766,3404.911050714492,0.9946437529517501,60.0
62767,3404.9117451589364,0.9950808004282433,60.0
62768,3404.912439603381,0.99517997346743,60.0
62769,3404.913134047825,0.9956555725172768,60.0
62770,3404.9138284922697,0.99472875113886,60.0
62771,3404.914522936714,0.9951969249013466,60.0
62772,3404.9152173811585,0.9944910213454401,60.0
62773,3404.915911825603,0.9951929101508233,60.0
62774,3404.9166062700474,0.99481454554872,60.0
62775,3404.917300714492,0.9958694722646566,60.0
62776,3404.9179951589363,0.99504131094189,60.0
62777,3404.9186896033807,0.9944655688819867,60.0
62778,3404.919384047825,0.9952941247050967,60.0
62779,3404.9200784922696,0.99540793829587,60.0
62780,3404.920772936714,0.9955156001806733,60.0
62781,3404.9214673811584,0.9955455552884667,60.0
62782,3404.922161825603,0.9955885547292166,60.0
62783,3404.9228562700473,0.9954023841787834,60.0
62784,3404.9235507144917,0.9948280865360367,60.0
62785,3404.924245158936,0.9948529855012866,60.0
62786,3404.9249396033806,0.99499253849595,60.0
62787,3404.925634047825,0.9959861618756101,60.0
62788,3404.9263284922695,0.9941932636914467,60.0
62789,3404.927022936714,0.9949141975122666,60.0
62790,3404.9277173811583,0.99579417870768,60.0
62791,3404.928411825603,0.9961966407143565,60.0
62792,3404.929106270047,0.9959060318977033,60.0
62793,3404.9298007144916,0.9948039797801801,60.0
62794,3404.930495158936,0.9949699383515767,60.0
62795,3404.9311896033805,0.9955598903588934,60.0
62796,3404.931884047825,0.9959586067362135,60.0
62797,3404.9325784922694,0.99556238614513,60.0
62798,3404.933272936714,0.9949565189072933,60.0
62799,3404.9339673811583,0.9955999347974833,60.0
62800,3404.9346618256027,0.9954395959125634,60.0
62801,3404.935356270047,0.9952250117987934,60.0
62802,3404.9360507144916,0.9945842236463199,60.0
62803,3404.936745158936,0.9962247849762633,60.0
62804,3404.9374396033804,0.9949933850546001,60.0
62805,3404.938134047825,0.99505102081407,60.0
62806,3404.9388284922693,0.9948481345949567,60.0
62807,3404.9395229367137,0.99498985908289,60.0
62808,3404.940217381158,0.99460453014118,60.0
62809,3404.9409118256026,0.9951013811237067,60.0
62810,3404.941606270047,0.99635405807099,60.0
62811,3404.9423007144915,0.996324000721605,60.0
62812,3404.942995158936,0.9945816235327066,60.0
62813,3404.9436896033803,0.9961793856570367,60.0
62814,3404.9443840478248,0.99580786026737,60.0
62815,3404.945078492269,0.9962766578159634,60.0
62816,3404.9457729367136,0.9959802013176834,60.0
62817,3404.946467381158,0.99660604641967,60.0
62818,3404.9471618256025,0.9956098966408667,60.0
62819,3404.947856270047,0.9954537875486432,60.0
62820,3404.9485507144914,0.9946902402422068,60.0
62821,3404.949245158936,0.99584928884464,60.0
62822,3404.9499396033802,0.9953030724833299,60.0
62823,3404.9506340478247,0.9954832500509267,60.0
62824,3404.951328492269,0.9964679760527934,60.0
62825,3404.9520229367135,0.99512328423456,60.0
62826,3404.952717381158,0.9954788629422667,60.0
62827,3404.9534118256024,0.9958482251285634,60.0
62828,3404.954106270047,0.9958585338174366,60.0
62829,3404.9548007144913,0.9958178082246533,60.0
62830,3404.9554951589357,0.9951211395098833,60.0
62831,3404.95618960338,0.9957361490331049,60.0
62832,3404.9568840478246,0.9953356310737865,60.0
62833,3404.957578492269,0.9951370704836751,60.0
62834,3404.9582729367135,0.99581527679854,60.0
62835,3404.958967381158,0.9957383308247666,60.0
62836,3404.9596618256023,0.9948749101806901,60.0
62837,3404.9603562700468,0.9952069349700366,60.0
62838,3404.961050714491,0.9951153892601466,60.0
62839,3404.9617451589356,0.9951429340744999,60.0
62840,3404.96243960338,0.9947111005168033,60.0
62841,3404.9631340478245,0.9958576124574733,60.0
62842,3404.963828492269,0.9954857159381233,60.0
62843,3404.9645229367134,0.9953130376876099,60.0
62844,3404.965217381158,0.99430914400995,60.0
62845,3404.9659118256022,0.9949501109430866,60.0
62846,3404.9666062700467,0.9959530006063133,60.0
62847,3404.967300714491,0.99542560167181,60.0
62848,3404.9679951589355,0.99519589711233,60.0
62849,3404.96868960338,0.99521103495191,60.0
62850,3404.9693840478244,0.9957225787216766,60.0
62851,3404.970078492269,0.9953609424993101,60.0
62852,3404.9707729367133,0.9951895488054601,60.0
62853,3404.9714673811577,0.99535432537884,60.0
62854,3404.972161825602,0.9956955076155366,60.0
62855,3404.9728562700466,0.99531245369456,60.0
62856,3404.973550714491,0.9949725935284066,60.0
62857,3404.9742451589354,0.995497109651315,60.0
62858,3404.97493960338,0.9950358888234967,60.0
62859,3404.9756340478243,0.9960064071321032,60.0
62860,3404.9763284922687,0.9955551663535833,60.0
62861,3404.977022936713,0.9950000688345999,60.0
62862,3404.9777173811576,0.9961192097483399,60.0
62863,3404.978411825602,0.9959731359489666,60.0
62864,3404.9791062700465,0.995756489355435,60.0
62865,3404.979800714491,0.9963921382786934,60.0
62866,3404.9804951589354,0.9954060324415966,60.0
62867,3404.98118960338,0.9948291674139433,60.0
62868,3404.981884047824,0.996361905433405,60.0
62869,3404.9825784922687,0.9948904341888767,60.0
62870,3404.983272936713,0.994441550357985,60.0
62871,3404.9839673811575,0.99601288133439,60.0
62872,3404.984661825602,0.99622525803231,60.0
62873,3404.9853562700464,0.99680247299438,60.0
62874,3404.986050714491,0.99642060234275,60.0
62875,3404.9867451589353,0.99579092767777,60.0
62876,3404.9874396033797,0.9964234105747166,60.0
62877,3404.988134047824,0.997083617304015,60.0
62878,3404.9888284922686,0.9959429115310433,60.0
62879,3404.989522936713,0.9961727472043066,60.0
62880,3404.9902173811574,0.99636532839786,60.0
62881,3404.990911825602,0.9950830153432534,60.0
62882,3404.9916062700463,0.9962551802704733,60.0
62883,3404.9923007144907,0.9955322193623733,60.0
62884,3404.992995158935,0.9945789471689267,60.0
62885,3404.9936896033796,0.9963686871281466,60.0
62886,3404.994384047824,0.9971065014449567,60.0
62887,3404.9950784922685,0.9966853581109234,60.0
62888,3404.995772936713,0.99690279769378,60.0
62889,3404.9964673811573,0.9963544121753932,60.0
62890,3404.997161825602,0.9962199386708366,60.0
62891,3404.997856270046,0.9954026494283333,60.0
62892,3404.9985507144906,0.9962579238498434,60.0
62893,3404.999245158935,0.9964058728099633,60.0
62894,3404.9999396033795,0.9958409155579466,60.0
62895,3405.000634047824,0.9960282062171267,60.0
62896,3405.0013284922684,0.9963315807065868,60.0
62897,3405.002022936713,0.9960459990451033,60.0
62898,3405.0027173811573,0.9974783743006933,60.0
62899,3405.0034118256017,0.99611766602539,60.0
62900,3405.004106270046,0.9956334459047568,60.0
62901,3405.0048007144906,0.99605100969583,60.0
62902,3405.005495158935,0.9967603836068933,60.0
62903,3405.0061896033794,0.9957847562805967,60.0
62904,3405.006884047824,0.9970983287248766,60.0
62905,3405.0075784922683,0.99629232435258,60.0
62906,3405.0082729367127,0.9966199288154134,60.0
62907,3405.008967381157,0.9965766684679167,60.0
62908,3405.0096618256016,0.9950683242199734,60.0
62909,3405.010356270046,0.9962447383745167,60.0
62910,3405.0110507144905,0.9968346828559701,60.0
62911,3405.011745158935,0.9967963891621267,60.0
62912,3405.0124396033793,0.9960621257401368,60.0
62913,3405.0131340478238,0.9952771006309167,60.0
62914,3405.013828492268,0.9969812376218466,60.0
62915,3405.0145229367126,0.9972231568183334,60.0
62916,3405.015217381157,0.9965215261843566,60.0
62917,3405.0159118256015,0.99689257374984,60.0
62918,3405.016606270046,0.9969859889369667,60.0
62919,3405.0173007144904,0.9964397202803267,60.0
62920,3405.017995158935,0.9961895231020833,60.0
62921,3405.0186896033792,0.997089099665025,60.0
62922,3405.0193840478237,0.9962610959356734,60.0
62923,3405.020078492268,0.9972084500508333,60.0
62924,3405.0207729367125,0.9971448484799667,60.0
62925,3405.021467381157,0.9957304600426035,60.0
62926,3405.0221618256014,0.9965658429318633,60.0
62927,3405.022856270046,0.995629072342135,60.0
62928,3405.0235507144903,0.99668990189995,60.0
62929,3405.0242451589347,0.9966827015276932,60.0
62930,3405.024939603379,0.9960390054839934,60.0
62931,3405.0256340478236,0.9973743553672033,60.0
62932,3405.026328492268,0.9977548409238,60.0
62933,3405.0270229367125,0.9971302966930566,60.0
62934,3405.027717381157,0.9966080583494433,60.0
62935,3405.0284118256013,0.99676471041732,60.0
62936,3405.0291062700458,0.9967658606454299,60.0
62937,3405.02980071449,0.997567205053785,60.0
62938,3405.0304951589346,0.99686015574938,60.0
62939,3405.031189603379,0.99776315863217,60.0
62940,3405.0318840478235,0.9963861645123434,60.0
62941,3405.032578492268,0.9960380837930067,60.0
62942,3405.0332729367124,0.9978713286675133,60.0
62943,3405.033967381157,0.99581974150037,60.0
62944,3405.0346618256012,0.9963983557565733,60.0
62945,3405.0353562700457,0.99603030287616,60.0
62946,3405.03605071449,0.9965247743462351,60.0
62947,3405.0367451589345,0.9962929609451933,60.0
62948,3405.037439603379,0.99685497851821,60.0
62949,3405.0381340478234,0.9978962101388632,60.0
62950,3405.038828492268,0.9965971359453034,60.0
62951,3405.0395229367123,0.9962077755837834,60.0
62952,3405.0402173811567,0.9963978000376733,60.0
62953,3405.040911825601,0.9968977740210533,60.0
62954,3405.0416062700456,0.9972465645805667,60.0
62955,3405.04230071449,0.99707669479935,60.0
62956,3405.0429951589344,0.99684304435889,60.0
62957,3405.043689603379,0.9974494764903733,60.0
62958,3405.0443840478233,0.997652428026795,60.0
62959,3405.0450784922677,0.99752649133712,60.0
62960,3405.045772936712,0.9975586049069234,60.0
62961,3405.0464673811566,0.9970895655327899,60.0
62962,3405.047161825601,0.99775501180539,60.0
62963,3405.0478562700455,0.99688835606058,60.0
62964,3405.04855071449,0.9975987402490333,60.0
62965,3405.0492451589344,0.99689219811698,60.0
62966,3405.049939603379,0.9979461405786033,60.0
62967,3405.050634047823,0.99735970368927,60.0
62968,3405.0513284922677,0.9978761524884799,60.0
62969,3405.052022936712,0.99905440616758,60.0
62970,3405.0527173811565,0.9982273434056667,60.0
62971,3405.053411825601,0.9958756651583199,60.0
62972,3405.0541062700454,0.9972856223613634,60.0
62973,3405.05480071449,0.99764393774009,60.0
62974,3405.0554951589343,0.9980402466633232,60.0
62975,3405.0561896033787,0.997625195289265,60.0
62976,3405.056884047823,0.9969992731026833,60.0
62977,3405.0575784922676,0.9972010411428934,60.0
62978,3405.058272936712,0.9979592063659051,60.0
62979,3405.0589673811564,0.9965047013708866,60.0
62980,3405.059661825601,0.9981994712187766,60.0
62981,3405.0603562700453,0.99869937932717,60.0
62982,3405.0610507144897,0.9971692325408666,60.0
62983,3405.061745158934,0.9973751101054266,60.0
62984,3405.0624396033786,0.99744316283084,60.0
62985,3405.063134047823,0.99816313595992,60.0
62986,3405.0638284922675,0.9974857059421134,60.0
62987,3405.064522936712,0.9973232654234767,60.0
62988,3405.0652173811563,0.9986484766422566,60.0
62989,3405.065911825601,0.9978762599997534,60.0
62990,3405.066606270045,0.9982511846309167,60.0
62991,3405.0673007144896,0.9974046036792333,60.0
62992,3405.067995158934,0.99713157366887,60.0
62993,3405.0686896033785,0.9968164367548766,60.0
62994,3405.069384047823,0.997826402453275,60.0
62995,3405.0700784922674,0.9980668292232466,60.0
62996,3405.070772936712,0.9967627851783201,60.0
62997,3405.0714673811563,0.9978903362197901,60.0
62998,3405.0721618256007,0.99898892200143,60.0
62999,3405.072856270045,0.9980540938362233,60.0
63000,3405.0735507144896,0.99756448546262,60.0
63001,3405.074245158934,0.9980959200155001,60.0
63002,3405.0749396033784,0.99711140812984,60.0
63003,3405.075634047823,0.9982950894056399,60.0
63004,3405.0763284922673,0.9985714617267568,60.0
63005,3405.0770229367117,0.9977989210029966,60.0
63006,3405.077717381156,0.9987315338720401,60.0
63007,3405.0784118256006,0.9983515951113233,60.0
63008,3405.079106270045,0.9980567628946967,60.0
63009,3405.0798007144895,0.9973070130805567,60.0
63010,3405.080495158934,0.9977100343256433,60.0
63011,3405.0811896033783,0.9975744358266301,60.0
63012,3405.0818840478228,0.9974695623210666,60.0
63013,3405.082578492267,0.997778007851815,60.0
63014,3405.0832729367116,0.9982506387519366,60.0
63015,3405.083967381156,0.9978861558529334,60.0
63016,3405.0846618256005,0.99832263297636,60.0
63017,3405.085356270045,0.9986514312074366,60.0
63018,3405.0860507144894,0.9973613581595634,60.0
63019,3405.086745158934,0.9971327688536099,60.0
63020,3405.0874396033782,0.9977731380139001,60.0
63021,3405.0881340478227,0.9978911954206167,60.0
63022,3405.088828492267,0.9980128619723599,60.0
63023,3405.0895229367115,0.9975104808707768,60.0
63024,3405.090217381156,0.9971662019205402,60.0
63025,3405.0909118256004,0.9973795188094999,60.0
63026,3405.091606270045,0.9977660857099699,60.0
63027,3405.0923007144893,0.99859616768155,60.0
63028,3405.0929951589337,0.9981730412316034,60.0
63029,3405.093689603378,0.9985014118121667,60.0
63030,3405.0943840478226,0.9990036551666233,60.0
63031,3405.095078492267,0.99828287712677,60.0
63032,3405.0957729367115,0.9972079105466234,60.0
63033,3405.096467381156,0.9981686649701232,60.0
63034,3405.0971618256003,0.99847768094019,60.0
63035,3405.0978562700448,0.9972992831486366,60.0
63036,3405.098550714489,0.9974973010967534,60.0
63037,3405.0992451589336,0.9984503472601732,60.0
63038,3405.099939603378,0.9978032361216034,60.0
63039,3405.1006340478225,0.9979977426614199,60.0
63040,3405.101328492267,0.99773396751127,60.0
63041,3405.1020229367114,0.9978746717231967,60.0
63042,3405.102717381156,0.9985609391320832,60.0
63043,3405.1034118256002,0.9986388778317501,60.0
63044,3405.1041062700447,0.9988994008256299,60.0
63045,3405.104800714489,0.9982676004399049,60.0
63046,3405.1054951589335,0.9978629082077433,60.0
63047,3405.106189603378,0.9978457532667268,60.0
63048,3405.1068840478224,0.998683439054695,60.0
63049,3405.107578492267,0.9989174954130666,60.0
63050,3405.1082729367113,0.99856853417396,60.0
63051,3405.1089673811557,0.9979620069147334,60.0
63052,3405.1096618256,0.9973901928926034,60.0
63053,3405.1103562700446,0.9989257239900066,60.0
63054,3405.111050714489,0.9978665836757933,60.0
63055,3405.1117451589334,0.9978987465893733,60.0
63056,3405.112439603378,0.9986498809373767,60.0
63057,3405.1131340478223,0.99848348074888,60.0
63058,3405.1138284922667,0.99841772828395,60.0
63059,3405.114522936711,0.9989634762544166,60.0
63060,3405.1152173811556,0.9984511460693367,60.0
63061,3405.1159118256,0.9988897780101,60.0
63062,3405.1166062700445,0.9982424117059266,60.0
63063,3405.117300714489,0.9974926648531532,60.0
63064,3405.1179951589334,0.9986772889394332,60.0
63065,3405.118689603378,0.99790736594076,60.0
63066,3405.119384047822,0.9986742000836134,60.0
63067,3405.1200784922667,0.9989766672502101,60.0
63068,3405.120772936711,0.998467554900955,60.0
63069,3405.1214673811555,0.9981053819141467,60.0
63070,3405.1221618256,0.9981479596102734,60.0
63071,3405.1228562700444,0.9984033387433966,60.0
63072,3405.123550714489,0.9973774522205133,60.0
63073,3405.1242451589333,0.9990893079770166,60.0
63074,3405.1249396033777,0.9987650991601266,60.0
63075,3405.125634047822,0.9977185735308266,60.0
63076,3405.1263284922666,0.9978893570059867,60.0
63077,3405.127022936711,0.9978544135755333,60.0
63078,3405.1277173811554,0.99854364792726,60.0
63079,3405.1284118256,0.9978269823715666,60.0
63080,3405.1291062700443,0.9989646278221967,60.0
63081,3405.1298007144887,0.99790215527133,60.0
63082,3405.130495158933,0.9988760958401967,60.0
63083,3405.1311896033776,0.99905701836663,60.0
63084,3405.131884047822,0.99805232815927,60.0
63085,3405.1325784922665,0.9984447124651233,60.0
63086,3405.133272936711,0.9991317390396635,60.0
63087,3405.1339673811553,0.9990454705878333,60.0
63088,3405.1346618256,0.9990160487636034,60.0
63089,3405.135356270044,0.9998624744920933,60.0
63090,3405.1360507144886,0.99875716690423,60.0
63091,3405.136745158933,0.9987160420831267,60.0
63092,3405.1374396033775,0.9992323664815433,60.0
63093,3405.138134047822,0.99938158550978,60.0
63094,3405.1388284922664,1.0007367778875467,60.0
63095,3405.139522936711,0.9991545891208666,60.0
63096,3405.1402173811553,0.9993913251360834,60.0
63097,3405.1409118255997,0.99771421020496,60.0
63098,3405.141606270044,0.9984179007433133,60.0
63099,3405.1423007144886,0.9986417678384499,60.0
63100,3405.142995158933,0.9994304178715967,60.0
63101,3405.1436896033774,0.99824571519944,60.0
63102,3405.144384047822,0.9989527880151933,60.0
63103,3405.1450784922663,0.9992089342604666,60.0
63104,3405.1457729367107,0.99977908935398,60.0
63105,3405.146467381155,0.9994089651975967,60.0
63106,3405.1471618255996,0.9984806175246467,60.0
63107,3405.147856270044,0.9986753338703199,60.0
63108,3405.1485507144885,0.9982859713700667,60.0
63109,3405.149245158933,0.99877061731094,60.0
63110,3405.1499396033773,0.99840883820805,60.0
63111,3405.1506340478218,0.9991509315888867,60.0
63112,3405.151328492266,0.999596167902835,60.0
63113,3405.1520229367106,0.9985345014585066,60.0
63114,3405.152717381155,0.9988929513044233,60.0
63115,3405.1534118255995,0.9987405987410433,60.0
63116,3405.154106270044,0.9977308729898233,60.0
63117,3405.1548007144884,0.99841553788677,60.0
63118,3405.155495158933,0.99930430918613,60.0
63119,3405.1561896033772,0.9987879418463367,60.0
63120,3405.1568840478217,0.9982261954258651,60.0
63121,3405.157578492266,0.9979522118245967,60.0
63122,3405.1582729367105,0.9982684279152833,60.0
63123,3405.158967381155,0.9994231621897433,60.0
63124,3405.1596618255994,0.9984735460630733,60.0
63125,3405.160356270044,0.99886182634051,60.0
63126,3405.1610507144883,0.9986312605429067,60.0
63127,3405.1617451589327,0.9993459287873033,60.0
63128,3405.162439603377,0.9999916275730799,60.0
63129,3405.1631340478216,0.9988043352122867,60.0
63130,3405.163828492266,0.9989819453516834,60.0
63131,3405.1645229367105,0.9997373394858101,60.0
63132,3405.165217381155,0.9997987297152866,60.0
63133,3405.1659118255993,0.9996840402780266,60.0
63134,3405.1666062700438,0.99980782911744,60.0
63135,3405.167300714488,0.9992469988764333,60.0
63136,3405.1679951589326,0.9993392636543966,60.0
63137,3405.168689603377,0.99896096477294,60.0
63138,3405.1693840478215,0.9994196783959133,60.0
63139,3405.170078492266,0.998791551967915,60.0
63140,3405.1707729367104,0.99867850538556,60.0
63141,3405.171467381155,1.0004610812399266,60.0
63142,3405.1721618255992,0.9988651388060167,60.0
63143,3405.1728562700437,0.9997062223929533,60.0
63144,3405.173550714488,0.9995581535210732,60.0
63145,3405.1742451589325,1.0001276904655634,60.0
63146,3405.174939603377,1.00038453740996,60.0
63147,3405.1756340478214,1.0005021979239401,60.0
63148,3405.176328492266,0.9990957946542833,60.0
63149,3405.1770229367103,0.9987477628797633,60.0
63150,3405.1777173811547,0.9994189903794567,60.0
63151,3405.178411825599,0.9996711524051201,60.0
63152,3405.1791062700436,0.99888618733945,60.0
63153,3405.179800714488,1.0002967053993033,60.0
63154,3405.1804951589324,0.9994981399643734,60.0
63155,3405.181189603377,0.9994288254136835,60.0
63156,3405.1818840478213,0.9994738436758266,60.0
63157,3405.1825784922657,0.99871054527055,60.0
63158,3405.18327293671,0.9998312003896133,60.0
63159,3405.1839673811546,1.0006406937119767,60.0
63160,3405.184661825599,0.99932746126076,60.0
63161,3405.1853562700435,0.99912408212882,60.0
63162,3405.186050714488,0.99926482127688,60.0
63163,3405.1867451589324,0.9994357661316066,60.0
63164,3405.187439603377,1.0000186266800533,60.0
63165,3405.188134047821,1.000006959516585,60.0
63166,3405.1888284922657,0.9991521860271266,60.0
63167,3405.18952293671,1.0000950824350598,60.0
63168,3405.1902173811545,0.99894802159336,60.0
63169,3405.190911825599,1.0003149685629766,60.0
63170,3405.1916062700434,1.0002648976934534,60.0
63171,3405.192300714488,0.9993496689198533,60.0
63172,3405.1929951589323,1.0000831876876033,60.0
63173,3405.1936896033767,1.00006702642713,60.0
63174,3405.194384047821,0.9992923897842134,60.0
63175,3405.1950784922656,1.0006405913357967,60.0
63176,3405.19577293671,1.0003686124831566,60.0
63177,3405.1964673811544,0.9995325088365866,60.0
63178,3405.197161825599,0.9993430594574367,60.0
63179,3405.1978562700433,1.0001947797114201,60.0
63180,3405.1985507144877,1.00000031689609,60.0
63181,3405.199245158932,0.9991073165224668,60.0
63182,3405.1999396033766,1.0002198743347268,60.0
63183,3405.200634047821,0.9989983431807467,60.0
63184,3405.2013284922655,0.99996543066391,60.0
63185,3405.20202293671,1.0003570538999567,60.0
63186,3405.2027173811543,1.0002984152930499,60.0
63187,3405.203411825599,1.00020009906522,60.0
63188,3405.204106270043,0.9993628177595933,60.0
63189,3405.2048007144876,0.9995917800941833,60.0
63190,3405.205495158932,0.9981934871976134,60.0
63191,3405.2061896033765,1.00132688096163,60.0
63192,3405.206884047821,1.0001866181802568,60.0
63193,3405.2075784922654,0.99992065755385,60.0
63194,3405.20827293671,1.00066501823096,60.0
63195,3405.2089673811543,0.9998975866961533,60.0
63196,3405.2096618255987,1.0000396558555633,60.0
63197,3405.210356270043,0.9999639824905465,60.0
63198,3405.2110507144876,1.0007406992886134,60.0
63199,3405.211745158932,0.9998427115063601,60.0
63200,3405.2124396033764,0.9994407513782066,60.0
63201,3405.213134047821,0.9998493144830566,60.0
63202,3405.2138284922653,1.0002675995184667,60.0
63203,3405.2145229367097,1.0003781068525532,60.0
63204,3405.215217381154,1.0000003225270433,60.0
63205,3405.2159118255986,1.0003908615495567,60.0
63206,3405.216606270043,1.0005437295288302,60.0
63207,3405.2173007144875,1.00082926909594,60.0
63208,3405.217995158932,0.9996333666757967,60.0
63209,3405.2186896033763,1.0010757146779632,60.0
63210,3405.2193840478208,1.00005417094049,60.0
63211,3405.220078492265,1.0003175874729533,60.0
63212,3405.2207729367096,1.0009208204169133,60.0
63213,3405.221467381154,1.00099731650519,60.0
63214,3405.2221618255985,1.00012963665211,60.0
63215,3405.222856270043,1.00054043054794,60.0
63216,3405.2235507144874,1.0000155138749298,60.0
63217,3405.224245158932,0.9998947888604235,60.0
63218,3405.2249396033762,1.00072598640937,60.0
63219,3405.2256340478207,1.00079662472549,60.0
63220,3405.226328492265,1.0004603189543866,60.0
63221,3405.2270229367095,1.0023277880983235,60.0
63222,3405.227717381154,1.0006446718695967,60.0
63223,3405.2284118255984,1.0003672309519034,60.0
63224,3405.229106270043,1.0005054677817633,60.0
63225,3405.2298007144873,1.0016167841934969,60.0
63226,3405.2304951589317,1.0012230048330233,60.0
63227,3405.231189603376,1.0004395395095267,60.0
63228,3405.2318840478206,1.0007667913089433,60.0
63229,3405.232578492265,1.0003227788908367,60.0
63230,3405.2332729367095,1.0004503083075267,60.0
63231,3405.233967381154,1.0011005259245633,60.0
63232,3405.2346618255983,1.0016268817780767,60.0
63233,3405.2353562700428,1.0006811072685968,60.0
63234,3405.236050714487,1.0013483188591998,60.0
63235,3405.2367451589316,0.9995111688370767,60.0
63236,3405.237439603376,1.00024686875751,60.0
63237,3405.2381340478205,1.0010944033008335,60.0
63238,3405.238828492265,1.00095279547066,60.0
63239,3405.2395229367094,1.0017179783177232,60.0
63240,3405.240217381154,1.0008672595807233,60.0
63241,3405.2409118255982,1.0018163717234598,60.0
63242,3405.2416062700427,1.0016883600599635,60.0
63243,3405.242300714487,1.00056053008358,60.0
63244,3405.2429951589315,1.00081011608848,60.0
63245,3405.243689603376,1.0013965425895435,60.0
63246,3405.2443840478204,1.0020049178525599,60.0
63247,3405.245078492265,1.0013004618267367,60.0
63248,3405.2457729367093,1.0015358734695232,60.0
63249,3405.2464673811537,1.0008330315973302,60.0
63250,3405.247161825598,1.0005188523952333,60.0
63251,3405.2478562700426,1.0002628961118867,60.0
63252,3405.248550714487,1.00066527605626,60.0
63253,3405.2492451589314,1.0009022986637532,60.0
63254,3405.249939603376,1.0007870378558268,60.0
63255,3405.2506340478203,1.0015685891005868,60.0
63256,3405.2513284922647,1.0011856367449434,60.0
63257,3405.252022936709,1.0010838678474798,60.0
63258,3405.2527173811536,1.0018062496866833,60.0
63259,3405.253411825598,1.0019259413515835,60.0
63260,3405.2541062700425,1.0006201019298702,60.0
63261,3405.254800714487,1.0012055834518232,60.0
63262,3405.2554951589314,1.0010900554053932,60.0
63263,3405.256189603376,1.00110135101613,60.0
63264,3405.25688404782,1.0014685177398635,60.0
63265,3405.2575784922647,1.0009331219737767,60.0
63266,3405.258272936709,1.00087524428818,60.0
63267,3405.2589673811535,1.0010716922383864,60.0
63268,3405.259661825598,1.0018911725181898,60.0
63269,3405.2603562700424,1.0019772977786199,60.0
63270,3405.261050714487,1.00160494765525,60.0
63271,3405.2617451589313,1.00111241334519,60.0
63272,3405.2624396033757,1.0009832839169066,60.0
63273,3405.26313404782,1.00201859167346,60.0
63274,3405.2638284922646,1.0020774054554966,60.0
63275,3405.264522936709,1.0015666623967034,60.0
63276,3405.2652173811534,1.0013430032494934,60.0
63277,3405.265911825598,1.0012520980738968,60.0
63278,3405.2666062700423,1.0003614564831633,60.0
63279,3405.2673007144867,1.000212750898105,60.0
63280,3405.267995158931,1.0019749195270033,60.0
63281,3405.2686896033756,1.00107528169841,60.0
63282,3405.26938404782,1.00191105098311,60.0
63283,3405.2700784922645,1.00261231709292,60.0
63284,3405.270772936709,1.0014745456685865,60.0
63285,3405.2714673811533,1.0010127676907565,60.0
63286,3405.272161825598,1.0011363756290368,60.0
63287,3405.272856270042,1.0014450643005401,60.0
63288,3405.2735507144866,1.0009170928257933,60.0
63289,3405.274245158931,1.0011080935586734,60.0
63290,3405.2749396033755,1.0016605479916834,60.0
63291,3405.27563404782,1.0015855863375733,60.0
63292,3405.2763284922644,1.00164973865724,60.0
63293,3405.277022936709,1.0008661796876834,60.0
63294,3405.2777173811533,1.0012113478458966,60.0
63295,3405.2784118255977,1.0017725971900966,60.0
63296,3405.279106270042,1.00227346664639,60.0
63297,3405.2798007144866,1.0019141566833965,60.0
63298,3405.280495158931,1.00254718598345,60.0
63299,3405.2811896033754,1.0021311604108931,60.0
63300,3405.28188404782,1.0007538227064965,60.0
63301,3405.2825784922643,1.0020959082920633,60.0
63302,3405.2832729367087,1.00173082934325,60.0
63303,3405.283967381153,1.001549606006775,60.0
63304,3405.2846618255976,1.001842981944225,60.0
63305,3405.285356270042,1.0008919260188398,60.0
63306,3405.2860507144865,1.0012083834328565,60.0
63307,3405.286745158931,1.0011416530035433,60.0
63308,3405.2874396033753,1.0020330508816233,60.0
63309,3405.2881340478198,1.0018814522146833,60.0
63310,3405.288828492264,1.00180846900159,60.0
63311,3405.2895229367086,1.0016306593217632,60.0
63312,3405.290217381153,1.0015906337915998,60.0
63313,3405.2909118255975,1.0013012609630267,60.0
63314,3405.291606270042,1.0009990403574434,60.0
63315,3405.2923007144864,1.0018326428761835,60.0
63316,3405.292995158931,1.00208034000269,60.0
63317,3405.2936896033752,1.0023416733164066,60.0
63318,3405.2943840478197,1.0020321030364334,60.0
63319,3405.295078492264,1.0016827311336067,60.0
63320,3405.2957729367085,1.00176004395509,60.0
63321,3405.296467381153,1.00108546115558,60.0
63322,3405.2971618255974,1.00307880343109,60.0
63323,3405.297856270042,1.0007765877609034,60.0
63324,3405.2985507144863,1.0014376580548632,60.0
63325,3405.2992451589307,1.0015515677568099,60.0
63326,3405.299939603375,1.002634716548185,60.0
63327,3405.3006340478196,1.0011575703838034,60.0
63328,3405.301328492264,1.0019724929889868,60.0
63329,3405.3020229367085,1.0021042431171534,60.0
63330,3405.302717381153,1.00113006369025,60.0
63331,3405.3034118255973,1.0017194300313335,60.0
63332,3405.3041062700418,1.00113280399801,60.0
63333,3405.304800714486,1.0013309263625068,60.0
63334,3405.3054951589306,1.0026204415536666,60.0
63335,3405.306189603375,1.0027443319757898,60.0
63336,3405.3068840478195,1.00221069836583,60.0
63337,3405.307578492264,1.0023500521845001,60.0
63338,3405.3082729367084,1.0016341714111967,60.0
63339,3405.308967381153,1.00271974483496,60.0
63340,3405.3096618255972,1.0016870430232934,60.0
63341,3405.3103562700417,1.0020103447392898,60.0
63342,3405.311050714486,1.0017597787849366,60.0
63343,3405.3117451589305,1.00275609801463,60.0
63344,3405.312439603375,1.0030469625899567,60.0
63345,3405.3131340478194,1.0023929490922165,60.0
63346,3405.313828492264,1.0020806842068068,60.0
63347,3405.3145229367083,1.0026828807495998,60.0
63348,3405.3152173811527,1.0023139103493166,60.0
63349,3405.315911825597,1.00126021683454,60.0
63350,3405.3166062700416,1.00195583797385,60.0
63351,3405.317300714486,1.00263912413604,60.0
63352,3405.3179951589304,1.0031763437670966,60.0
63353,3405.318689603375,1.0023841817406434,60.0
63354,3405.3193840478193,1.000986161139515,60.0
63355,3405.3200784922637,1.0012563556862766,60.0
63356,3405.320772936708,1.0021467738588534,60.0
63357,3405.3214673811526,1.0021330454453699,60.0
63358,3405.322161825597,1.0015616343918066,60.0
63359,3405.3228562700415,1.0023305999623535,60.0
63360,3405.323550714486,1.0021049537937934,60.0
63361,3405.3242451589304,1.00249754195906,60.0
63362,3405.324939603375,1.0016666372378167,60.0
63363,3405.325634047819,1.001757282897075,60.0
63364,3405.3263284922637,1.00379841947821,60.0
63365,3405.327022936708,1.00168766053503,60.0
63366,3405.3277173811525,1.002797684846695,60.0
63367,3405.328411825597,1.0023680627616434,60.0
63368,3405.3291062700414,1.0019301068598034,60.0
63369,3405.329800714486,1.0022443783450232,60.0
63370,3405.3304951589303,1.0018956349863166,60.0
63371,3405.3311896033747,1.0036490597182066,60.0
63372,3405.331884047819,1.0019991041076135,60.0
63373,3405.3325784922636,1.0023246759422533,60.0
63374,3405.333272936708,1.0027139018246767,60.0
63375,3405.3339673811524,1.0023233539972167,60.0
63376,3405.334661825597,1.0017764643674167,60.0
63377,3405.3353562700413,1.0028764724031667,60.0
63378,3405.3360507144857,1.0029464113054134,60.0
63379,3405.33674515893,1.0017459513198765,60.0
63380,3405.3374396033746,1.00269873196676,60.0
63381,3405.338134047819,1.0019115435873365,60.0
63382,3405.3388284922635,1.0026038603868768,60.0
63383,3405.339522936708,1.0032264816755567,60.0
63384,3405.3402173811523,1.00195393799972,60.0
63385,3405.340911825597,1.0020871360008068,60.0
63386,3405.341606270041,1.0013838177961232,60.0
63387,3405.3423007144856,1.0017044874631167,60.0
63388,3405.34299515893,1.0015423782307766,60.0
63389,3405.3436896033745,1.0029078678222099,60.0
63390,3405.344384047819,1.0021664550880667,60.0
63391,3405.3450784922634,1.0023189855763135,60.0
63392,3405.345772936708,1.0021969493664,60.0
63393,3405.3464673811523,1.00315947331749,60.0
63394,3405.3471618255967,1.00302507483593,60.0
63395,3405.347856270041,1.0027383302245167,60.0
63396,3405.3485507144856,1.0023653085742634,60.0
63397,3405.34924515893,1.00320213487392,60.0
63398,3405.3499396033744,1.0032945644076066,60.0
63399,3405.350634047819,1.0025678440563268,60.0
63400,3405.3513284922633,1.00369858967534,60.0
63401,3405.3520229367077,1.0023085233729268,60.0
63402,3405.352717381152,1.0031461866773135,60.0
63403,3405.3534118255966,1.003520060930035,60.0
63404,3405.354106270041,1.0024902820666732,60.0
63405,3405.3548007144855,1.00310749716477,60.0
63406,3405.35549515893,1.0025281704734768,60.0
63407,3405.3561896033743,1.00336147973378,60.0
63408,3405.3568840478188,1.004591269096005,60.0
63409,3405.357578492263,1.0034208849651867,60.0
63410,3405.3582729367076,1.0012494443467501,60.0
63411,3405.358967381152,1.0019610893096302,60.0
63412,3405.3596618255965,1.00264511722004,60.0
63413,3405.360356270041,1.0029393686112633,60.0
63414,3405.3610507144854,1.0026588804944367,60.0
63415,3405.36174515893,1.00273154796931,60.0
63416,3405.3624396033742,1.0031693639034434,60.0
63417,3405.3631340478187,1.0024975202888369,60.0
63418,3405.363828492263,1.0030718637612868,60.0
63419,3405.3645229367075,1.0026683715148834,60.0
63420,3405.365217381152,1.001732337008225,60.0
63421,3405.3659118255964,1.0029877594020034,60.0
63422,3405.366606270041,1.0025647416333332,60.0
63423,3405.3673007144853,1.002053084031995,60.0
63424,3405.3679951589297,1.0027863158564434,60.0
63425,3405.368689603374,1.0022258313210533,60.0
63426,3405.3693840478186,1.00282001955066,60.0
63427,3405.370078492263,1.0033637713849766,60.0
63428,3405.3707729367075,1.0042750504286169,60.0
63429,3405.371467381152,1.00287673309256,60.0
63430,3405.3721618255963,1.0034398898015067,60.0
63431,3405.3728562700408,1.00275613482739,60.0
63432,3405.373550714485,1.00277651875272,60.0
63433,3405.3742451589296,1.00348295077759,60.0
63434,3405.374939603374,1.0034931107502099,60.0
63435,3405.3756340478185,1.0034151056440768,60.0
63436,3405.376328492263,1.0040006046041798,60.0
63437,3405.3770229367074,1.0023493054264867,60.0
63438,3405.377717381152,1.0027813421068135,60.0
63439,3405.3784118255962,1.0036089310601533,60.0
63440,3405.3791062700407,1.0034894272683532,60.0
63441,3405.379800714485,1.0030895305800833,60.0
63442,3405.3804951589295,1.0026699861889001,60.0
63443,3405.381189603374,1.0041860439025732,60.0
63444,3405.3818840478184,1.0036109245978535,60.0
63445,3405.382578492263,1.00300697788704,60.0
63446,3405.3832729367073,1.0046316139734732,60.0
63447,3405.3839673811517,1.0027302811008731,60.0
63448,3405.384661825596,1.00319372329442,60.0
63449,3405.3853562700406,1.0034840743807198,60.0
63450,3405.386050714485,1.00330539178413,60.0
63451,3405.3867451589294,1.0037937147652867,60.0
63452,3405.387439603374,1.00418461273342,60.0
63453,3405.3881340478183,1.0041549152588736,60.0
63454,3405.3888284922627,1.0042802940760265,60.0
63455,3405.389522936707,1.0038044071072232,60.0
63456,3405.3902173811516,1.0028109304411434,60.0
63457,3405.390911825596,1.0037243978144965,60.0
63458,3405.3916062700405,1.00355350761908,60.0
63459,3405.392300714485,1.0044128093478033,60.0
63460,3405.3929951589294,1.0032443204221735,60.0
63461,3405.393689603374,1.0033681369026632,60.0
63462,3405.394384047818,1.0036544478326002,60.0
63463,3405.3950784922627,1.0036922802027635,60.0
63464,3405.395772936707,1.00352728074569,60.0
63465,3405.3964673811515,1.0032060226926067,60.0
63466,3405.397161825596,1.0032539685861235,60.0
63467,3405.3978562700404,1.0024446147270731,60.0
63468,3405.398550714485,1.0036680769812232,60.0
63469,3405.3992451589293,1.0043562797165766,60.0
63470,3405.3999396033737,1.0033217839120598,60.0
63471,3405.400634047818,1.00425672392276,60.0
63472,3405.4013284922626,1.0031994293010797,60.0
63473,3405.402022936707,1.0031510205336134,60.0
63474,3405.4027173811514,1.0038331541045833,60.0
63475,3405.403411825596,1.002937926021625,60.0
63476,3405.4041062700403,1.002726463222365,60.0
63477,3405.4048007144847,1.003051186823475,60.0
63478,3405.405495158929,1.0045862610777532,60.0
63479,3405.4061896033736,1.0042835115816835,60.0
63480,3405.406884047818,1.0035790572586167,60.0
63481,3405.4075784922625,1.0030144342399934,60.0
63482,3405.408272936707,1.00416364371928,60.0
63483,3405.4089673811513,1.0035342722586031,60.0
63484,3405.409661825596,1.0040320131379368,60.0
63485,3405.41035627004,1.0045706717293867,60.0
63486,3405.4110507144846,1.00237000004504,60.0
63487,3405.411745158929,1.00409483043819,60.0
63488,3405.4124396033735,1.004184993152005,60.0
63489,3405.413134047818,1.0042524220563098,60.0
63490,3405.4138284922624,1.00432916445399,60.0
63491,3405.414522936707,1.0043646707515002,60.0
63492,3405.4152173811513,1.003777854728887,60.0
63493,3405.4159118255957,1.0047291585432834,60.0
63494,3405.41660627004,1.00389150450933,60.0
63495,3405.4173007144846,1.00411124116739,60.0
63496,3405.417995158929,1.0036181795131167,60.0
63497,3405.4186896033734,1.0044635254698833,60.0
63498,3405.419384047818,1.0038290126021567,60.0
63499,3405.4200784922623,1.0041143702211466,60.0
63500,3405.4207729367067,1.0040249725537835,60.0
63501,3405.421467381151,1.00328012240932,60.0
63502,3405.4221618255956,1.0048988411913233,60.0
63503,3405.42285627004,1.0048571842999967,60.0
63504,3405.4235507144845,1.00447409846233,60.0
63505,3405.424245158929,1.0036597243391367,60.0
63506,3405.4249396033733,1.0042721286216498,60.0
63507,3405.4256340478178,1.0039718017054167,60.0
63508,3405.426328492262,1.0036975625732967,60.0
63509,3405.4270229367066,1.0040963950614232,60.0
63510,3405.427717381151,1.0045733214129966,60.0
63511,3405.4284118255955,1.0043878651502869,60.0
63512,3405.42910627004,1.004236718184875,60.0
63513,3405.4298007144844,1.0043544383032466,60.0
63514,3405.430495158929,1.0037869311138035,60.0
63515,3405.4311896033732,1.0044964456358234,60.0
63516,3405.4318840478177,1.00348520574157,60.0
63517,3405.432578492262,1.00442228082538,60.0
63518,3405.4332729367065,1.0041223944369901,60.0
63519,3405.433967381151,1.0053549465431368,60.0
63520,3405.4346618255954,1.0037766929426133,60.0
63521,3405.43535627004,1.0038642069951231,60.0
63522,3405.4360507144843,1.0047000148516467,60.0
63523,3405.4367451589287,1.0044980866788533,60.0
63524,3405.437439603373,1.00494534312413,60.0
63525,3405.4381340478176,1.00486776466809,60.0
63526,3405.438828492262,1.0053078291217035,60.0
63527,3405.4395229367065,1.0058139569043734,60.0
63528,3405.440217381151,1.0048144875824665,60.0
63529,3405.4409118255953,1.0044429433017434,60.0
63530,3405.4416062700398,1.0043892031133332,60.0
63531,3405.442300714484,1.00487601919507,60.0
63532,3405.4429951589286,1.00397931951055,60.0
63533,3405.443689603373,1.0044889722941348,60.0
63534,3405.4443840478175,1.0045484706069798,60.0
63535,3405.445078492262,1.0040455665699968,60.0
63536,3405.4457729367064,1.0047483286976469,60.0
63537,3405.446467381151,1.0047909776247868,60.0
63538,3405.4471618255952,1.0045989281235865,60.0
63539,3405.4478562700397,1.0046220780520099,60.0
63540,3405.448550714484,1.00418148964644,60.0
63541,3405.4492451589285,1.0040390345010966,60.0
63542,3405.449939603373,1.004728451721695,60.0
63543,3405.4506340478174,1.0046626715992766,60.0
63544,3405.451328492262,1.0046317496626633,60.0
63545,3405.4520229367063,1.0037277769549702,60.0
63546,3405.4527173811507,1.0054945240269735,60.0
63547,3405.453411825595,1.0043205746475066,60.0
63548,3405.4541062700396,1.00463667350319,60.0
63549,3405.454800714484,1.0044175048082833,60.0
63550,3405.4554951589284,1.0046402028257566,60.0
63551,3405.456189603373,1.0048354051708335,60.0
63552,3405.4568840478173,1.0050711697566834,60.0
63553,3405.4575784922617,1.0044656169917834,60.0
63554,3405.458272936706,1.00588137732139,60.0
63555,3405.4589673811506,1.00489194093465,60.0
63556,3405.459661825595,1.003733443311945,60.0
63557,3405.4603562700395,1.0054192144376868,60.0
63558,3405.461050714484,1.0048201035596733,60.0
63559,3405.4617451589284,1.00518741380509,60.0
63560,3405.462439603373,1.0051688692216634,60.0
63561,3405.463134047817,1.0055997771911767,60.0
63562,3405.4638284922617,1.0036941578259635,60.0
63563,3405.464522936706,1.0055719247117967,60.0
63564,3405.4652173811505,1.00519004007231,60.0
63565,3405.465911825595,1.0050260999555667,60.0
63566,3405.4666062700394,1.0042754657159834,60.0
63567,3405.467300714484,1.0042358835840632,60.0
63568,3405.4679951589283,1.00443872527444,60.0
63569,3405.4686896033727,1.0051405194042233,60.0
63570,3405.469384047817,1.0054203319209634,60.0
63571,3405.4700784922616,1.00588904203478,60.0
63572,3405.470772936706,1.0057395226110064,60.0
63573,3405.4714673811504,1.00495676795358,60.0
63574,3405.472161825595,1.00535063063485,60.0
63575,3405.4728562700393,1.0051474629600734,60.0
63576,3405.4735507144837,1.0054514657601665,60.0
63577,3405.474245158928,1.0060358309072732,60.0
63578,3405.4749396033726,1.0047301146654768,60.0
63579,3405.475634047817,1.0049790531565401,60.0
63580,3405.4763284922615,1.0048529132920998,60.0
63581,3405.477022936706,1.0063264742268467,60.0
63582,3405.4777173811503,1.0057523135342799,60.0
63583,3405.478411825595,1.0060052128534867,60.0
63584,3405.479106270039,1.0052940869401032,60.0
63585,3405.4798007144836,1.0047259270242066,60.0
63586,3405.480495158928,1.00567296945655,60.0
63587,3405.4811896033725,1.0060536617742166,60.0
63588,3405.481884047817,1.0050895353399698,60.0
63589,3405.4825784922614,1.0037662177475166,60.0
63590,3405.483272936706,1.0049283863297134,60.0
63591,3405.4839673811503,1.0048923528731601,60.0
63592,3405.4846618255947,1.0049470704385968,60.0
63593,3405.485356270039,1.0049032300005933,60.0
63594,3405.4860507144836,1.0059880652801232,60.0
63595,3405.486745158928,1.00484548466347,60.0
63596,3405.4874396033724,1.0055708996858999,60.0
63597,3405.488134047817,1.0058516611237467,60.0
63598,3405.4888284922613,1.0051899957271166,60.0
63599,3405.4895229367057,1.0054029348670233,60.0
63600,3405.49021738115,1.0063403301997,60.0
63601,3405.4909118255946,1.0045611686805367,60.0
63602,3405.491606270039,1.00527931765853,60.0
63603,3405.4923007144835,1.0043220890746867,60.0
63604,3405.492995158928,1.00446808677229,60.0
63605,3405.4936896033723,1.0055634816080465,60.0
63606,3405.4943840478168,1.0054702588263666,60.0
63607,3405.495078492261,1.0051211633346033,60.0
63608,3405.4957729367056,1.0055214215310633,60.0
63609,3405.49646738115,1.0052378680265166,60.0
63610,3405.4971618255945,1.0049907915904166,60.0
63611,3405.497856270039,1.0045853461858567,60.0
63612,3405.4985507144834,1.0058785325842068,60.0
63613,3405.499245158928,1.00527597822611,60.0
63614,3405.4999396033722,1.005251321722745,60.0
63615,3405.5006340478167,1.0047217407439266,60.0
63616,3405.501328492261,1.0056269300527667,60.0
63617,3405.5020229367055,1.0067462478240168,60.0
63618,3405.50271738115,1.00533350369804,60.0
63619,3405.5034118255944,1.0053184838526665,60.0
63620,3405.504106270039,1.0058550739721601,60.0
63621,3405.5048007144833,1.0052038403731334,60.0
63622,3405.5054951589277,1.0046496149364768,60.0
63623,3405.506189603372,1.0045542544411,60.0
63624,3405.5068840478166,1.0061021795227567,60.0
63625,3405.507578492261,1.005773638628,60.0
63626,3405.5082729367055,1.00646567158479,60.0
63627,3405.50896738115,1.0060576455514065,60.0
63628,3405.5096618255943,1.00550682985594,60.0
63629,3405.5103562700388,1.00533891702431,60.0
63630,3405.511050714483,1.0053351068187302,60.0
63631,3405.5117451589276,1.00537663985575,60.0
63632,3405.512439603372,1.00501809850108,60.0
63633,3405.5131340478165,1.0060714483325466,60.0
63634,3405.513828492261,1.0052259925457065,60.0
63635,3405.5145229367054,1.0053024818862966,60.0
63636,3405.51521738115,1.0050751981285668,60.0
63637,3405.5159118255942,1.00462285464602,60.0
63638,3405.5166062700387,1.0054351544237667,60.0
63639,3405.517300714483,1.0045625531154767,60.0
63640,3405.5179951589275,1.0061711184761433,60.0
63641,3405.518689603372,1.0053225009339368,60.0
63642,3405.5193840478164,1.00484194625856,60.0
63643,3405.520078492261,1.00580124566321,60.0
63644,3405.5207729367053,1.0053659284549632,60.0
63645,3405.5214673811497,1.0045859173582068,60.0
63646,3405.522161825594,1.0048240432546731,60.0
63647,3405.5228562700386,1.0058498412197732,60.0
63648,3405.523550714483,1.0053866159763734,60.0
63649,3405.5242451589274,1.00481971070002,60.0
63650,3405.524939603372,1.0063976855429135,60.0
63651,3405.5256340478163,1.00645174820005,60.0
63652,3405.5263284922607,1.00551772052376,60.0
63653,3405.527022936705,1.00625060417846,60.0
63654,3405.5277173811496,1.0061300654263767,60.0
63655,3405.528411825594,1.0067218964009135,60.0
63656,3405.5291062700385,1.0058614383042166,60.0
63657,3405.529800714483,1.0045888454134433,60.0
63658,3405.5304951589274,1.0060524244020999,60.0
63659,3405.531189603372,1.0050922918082899,60.0
63660,3405.531884047816,1.0061840025922233,60.0
63661,3405.5325784922607,1.00527284715683,60.0
63662,3405.533272936705,1.0042918558438667,60.0
63663,3405.5339673811495,1.0059907203103866,60.0
63664,3405.534661825594,1.0060144795944568,60.0
63665,3405.5353562700384,1.00566134381223,60.0
63666,3405.536050714483,1.005856292050267,60.0
63667,3405.5367451589273,1.0059963828527634,60.0
63668,3405.5374396033717,1.00598747918045,60.0
63669,3405.538134047816,1.0054090603308299,60.0
63670,3405.5388284922606,1.0067309588356133,60.0
63671,3405.539522936705,1.00510405869116,60.0
63672,3405.5402173811494,1.0068448190046,60.0
63673,3405.540911825594,1.0061268850922866,60.0
63674,3405.5416062700383,1.00619450647415,60.0
63675,3405.5423007144827,1.005841666375565,60.0
63676,3405.542995158927,1.0053316131945398,60.0
63677,3405.5436896033716,1.0065496677046033,60.0
63678,3405.544384047816,1.00667651144116,60.0
63679,3405.5450784922605,1.0068300581889866,60.0
63680,3405.545772936705,1.00646492347929,60.0
63681,3405.5464673811493,1.0061313791756834,60.0
63682,3405.547161825594,1.00600261199058,60.0
63683,3405.547856270038,1.0063357092245366,60.0
63684,3405.5485507144826,1.00505764226249,60.0
63685,3405.549245158927,1.0056275366174765,60.0
63686,3405.5499396033715,1.0052779392583433,60.0
63687,3405.550634047816,1.0068918843110868,60.0
63688,3405.5513284922604,1.0066070434432166,60.0
63689,3405.552022936705,1.0062651039137933,60.0
63690,3405.5527173811493,1.00556169270498,60.0
63691,3405.5534118255937,1.0062399175547734,60.0
63692,3405.554106270038,1.0057449834879166,60.0
63693,3405.5548007144826,1.0062385852676068,60.0
63694,3405.555495158927,1.00530911736235,60.0
63695,3405.5561896033714,1.0065928656400633,60.0
63696,3405.556884047816,1.0061540287622168,60.0
63697,3405.5575784922603,1.00618424862619,60.0
63698,3405.5582729367047,1.0070340175694332,60.0
63699,3405.558967381149,1.00642781630573,60.0
63700,3405.5596618255936,1.0062639630747499,60.0
63701,3405.560356270038,1.0070167116423,60.0
63702,3405.5610507144825,1.0059086731384468,60.0
63703,3405.561745158927,1.0056416249503901,60.0
63704,3405.5624396033713,1.0054086434826668,60.0
63705,3405.5631340478158,1.0067708334562433,60.0
63706,3405.56382849226,1.00728692495842,60.0
63707,3405.5645229367046,1.00644632588245,60.0
63708,3405.565217381149,1.0068062081695535,60.0
63709,3405.5659118255935,1.00640567122801,60.0
63710,3405.566606270038,1.0071096200070433,60.0
63711,3405.5673007144824,1.0063660789957065,60.0
63712,3405.567995158927,1.00733930909357,60.0
63713,3405.5686896033712,1.0067587119505899,60.0
63714,3405.5693840478157,1.00654386715974,60.0
63715,3405.57007849226,1.0066173909061866,60.0
63716,3405.5707729367045,1.0059834708587934,60.0
63717,3405.571467381149,1.00532906979593,60.0
63718,3405.5721618255934,1.0065447229238134,60.0
63719,3405.572856270038,1.0062392597271865,60.0
63720,3405.5735507144823,1.0055507530327301,60.0
63721,3405.5742451589267,1.0069129846071234,60.0
63722,3405.574939603371,1.0064061313561201,60.0
63723,3405.5756340478156,1.00755484488468,60.0
63724,3405.57632849226,1.0070539369194031,60.0
63725,3405.5770229367045,1.0063786321435533,60.0
63726,3405.577717381149,1.0054068637925802,60.0
63727,3405.5784118255933,1.0068270913955433,60.0
63728,3405.5791062700378,1.00669679435254,60.0
63729,3405.579800714482,1.00710657590682,60.0
63730,3405.5804951589266,1.0072411113702067,60.0
63731,3405.581189603371,1.00692026002936,60.0
63732,3405.5818840478155,1.0064437596229834,60.0
63733,3405.58257849226,1.0070558298541668,60.0
63734,3405.5832729367044,1.0073537231946,60.0
63735,3405.583967381149,1.0068756686265365,60.0
63736,3405.5846618255932,1.00806961545955,60.0
63737,3405.5853562700377,1.0071202578433134,60.0
63738,3405.586050714482,1.0068441586587267,60.0
63739,3405.5867451589265,1.0059926335145901,60.0
63740,3405.587439603371,1.0079336192314132,60.0
63741,3405.5881340478154,1.00735824826342,60.0
63742,3405.58882849226,1.0077528353132335,60.0
63743,3405.5895229367043,1.0074560634194667,60.0
63744,3405.5902173811487,1.0068208655611566,60.0
63745,3405.590911825593,1.0070414737813567,60.0
63746,3405.5916062700376,1.00620367058085,60.0
63747,3405.592300714482,1.0073993686728833,60.0
63748,3405.5929951589264,1.00635198953375,60.0
63749,3405.593689603371,1.0061338375131534,60.0
63750,3405.5943840478153,1.0072807028686634,60.0
63751,3405.5950784922597,1.0086359082566734,60.0
63752,3405.595772936704,1.0077218990898,60.0
63753,3405.5964673811486,1.0065333316639034,60.0
63754,3405.597161825593,1.0058968744296766,60.0
63755,3405.5978562700375,1.0077714069597368,60.0
63756,3405.598550714482,1.0067241915828335,60.0
63757,3405.5992451589264,1.0078914558109167,60.0
63758,3405.599939603371,1.00664237996593,60.0
63759,3405.600634047815,1.0058240708262234,60.0
63760,3405.6013284922597,1.00720313679895,60.0
63761,3405.602022936704,1.00794468936727,60.0
63762,3405.6027173811485,1.0071959471649,60.0
63763,3405.603411825593,1.0074762373952666,60.0
63764,3405.6041062700374,1.0078869496872234,60.0
63765,3405.604800714482,1.0079846606617469,60.0
63766,3405.6054951589263,1.0078296995655531,60.0
63767,3405.6061896033707,1.00710878586271,60.0
63768,3405.606884047815,1.0077331926900965,60.0
63769,3405.6075784922596,1.0069001665347734,60.0
63770,3405.608272936704,1.0069799365278802,60.0
63771,3405.6089673811484,1.0068489793751567,60.0
63772,3405.609661825593,1.0069358601168135,60.0
63773,3405.6103562700373,1.0070842199700667,60.0
63774,3405.6110507144817,1.0077124625762466,60.0
63775,3405.611745158926,1.0073257259995667,60.0
63776,3405.6124396033706,1.00850932642339,60.0
63777,3405.613134047815,1.0077062815835331,60.0
63778,3405.6138284922595,1.00730014887941,60.0
63779,3405.614522936704,1.0079921497856366,60.0
63780,3405.6152173811483,1.0079545865983102,60.0
63781,3405.615911825593,1.0079261619348332,60.0
63782,3405.616606270037,1.00772967795949,60.0
63783,3405.6173007144816,1.0076136513029434,60.0
63784,3405.617995158926,1.00831341902863,60.0
63785,3405.6186896033705,1.0076600863135934,60.0
63786,3405.619384047815,1.0084072355901166,60.0
63787,3405.6200784922594,1.0085200306180668,60.0
63788,3405.620772936704,1.0078854000545232,60.0
63789,3405.6214673811482,1.00751569729321,60.0
63790,3405.6221618255927,1.0070456748524068,60.0
63791,3405.622856270037,1.0077605757813999,60.0
63792,3405.6235507144816,1.0072016935814168,60.0
63793,3405.624245158926,1.0081623865418734,60.0
63794,3405.6249396033704,1.0073929147709035,60.0
63795,3405.625634047815,1.0076267672809867,60.0
63796,3405.6263284922593,1.0073723207963867,60.0
63797,3405.6270229367037,1.0077600725873335,60.0
63798,3405.627717381148,1.0077829992173266,60.0
63799,3405.6284118255926,1.007112987316375,60.0
63800,3405.629106270037,1.0085155400886667,60.0
63801,3405.6298007144815,1.0073729607279167,60.0
63802,3405.630495158926,1.0076056851844433,60.0
63803,3405.6311896033703,1.00777721938622,60.0
63804,3405.6318840478148,1.0069877953414135,60.0
63805,3405.632578492259,1.009090454026175,60.0
63806,3405.6332729367036,1.00744087238624,60.0
63807,3405.633967381148,1.0073525375611065,60.0
63808,3405.6346618255925,1.0079872009639,60.0
63809,3405.635356270037,1.0086886367116568,60.0
63810,3405.6360507144814,1.0091871950421132,60.0
63811,3405.636745158926,1.0089475086473432,60.0
63812,3405.6374396033702,1.0075646276277799,60.0
63813,3405.6381340478147,1.0076256984549368,60.0
63814,3405.638828492259,1.0068564513594833,60.0
63815,3405.6395229367035,1.00706325675025,60.0
63816,3405.640217381148,1.0085207899586368,60.0
63817,3405.6409118255924,1.0077614754544266,60.0
63818,3405.641606270037,1.0086129656740233,60.0
63819,3405.6423007144813,1.00761993952247,60.0
63820,3405.6429951589257,1.0082997693379234,60.0
63821,3405.64368960337,1.008440873775195,60.0
63822,3405.6443840478146,1.007562278269717,60.0
63823,3405.645078492259,1.0085328344878801,60.0
63824,3405.6457729367035,1.0078717649581168,60.0
63825,3405.646467381148,1.0074652666614432,60.0
63826,3405.6471618255923,1.0082266255914933,60.0
63827,3405.6478562700368,1.0081946124202934,60.0
63828,3405.648550714481,1.0085444577886935,60.0
63829,3405.6492451589256,1.0082531126316068,60.0
63830,3405.64993960337,1.00821385262522,60.0
63831,3405.6506340478145,1.0079716416365534,60.0
63832,3405.651328492259,1.0076209566948597,60.0
63833,3405.6520229367034,1.00815709260236,60.0
63834,3405.652717381148,1.0079320570607735,60.0
63835,3405.6534118255922,1.0089710127454234,60.0
63836,3405.6541062700367,1.00709507735756,60.0
63837,3405.654800714481,1.0080085941386534,60.0
63838,3405.6554951589255,1.00728910464676,60.0
63839,3405.65618960337,1.00712746543108,60.0
63840,3405.6568840478144,1.0076082999049567,60.0
63841,3405.657578492259,1.00799006392829,60.0
63842,3405.6582729367033,1.00815493553516,60.0
63843,3405.6589673811477,1.0083224690450534,60.0
63844,3405.659661825592,1.0083662475148767,60.0
63845,3405.6603562700366,1.0083827935537066,60.0
63846,3405.661050714481,1.0076961246046165,60.0
63847,3405.6617451589254,1.0085026985335566,60.0
63848,3405.66243960337,1.0086000814208467,60.0
63849,3405.6631340478143,1.00827666341141,60.0
63850,3405.6638284922587,1.0078623618244367,60.0
63851,3405.664522936703,1.0082941551319866,60.0
63852,3405.6652173811476,1.00781988388761,60.0
63853,3405.665911825592,1.0080786469751002,60.0
63854,3405.6666062700365,1.0084749081831934,60.0
63855,3405.667300714481,1.0080604697772768,60.0
63856,3405.6679951589254,1.0086327708277467,60.0
63857,3405.66868960337,1.00833836924199,60.0
63858,3405.669384047814,1.0073699711918034,60.0
63859,3405.6700784922587,1.0068778293405298,60.0
63860,3405.670772936703,1.0079413917936597,60.0
63861,3405.6714673811475,1.0087846538269032,60.0
63862,3405.672161825592,1.00830096091861,60.0
63863,3405.6728562700364,1.0085419248837102,60.0
63864,3405.673550714481,1.0086055948388133,60.0
63865,3405.6742451589253,1.0077713727689466,60.0
63866,3405.6749396033697,1.0082200017212066,60.0
63867,3405.675634047814,1.0083461893302035,60.0
63868,3405.6763284922586,1.0091300481392669,60.0
63869,3405.677022936703,1.0084748583840033,60.0
63870,3405.6777173811474,1.0078938165384665,60.0
63871,3405.678411825592,1.0089589471441867,60.0
63872,3405.6791062700363,1.0085193437822368,60.0
63873,3405.6798007144807,1.0095957953351167,60.0
63874,3405.680495158925,1.0097559706699268,60.0
63875,3405.6811896033696,1.0074560854847767,60.0
63876,3405.681884047814,1.008273806300625,60.0
63877,3405.6825784922585,1.0090576855437634,60.0
63878,3405.683272936703,1.0078677917788366,60.0
63879,3405.6839673811473,1.00878823830625,60.0
63880,3405.684661825592,1.0084008838727199,60.0
63881,3405.685356270036,1.00869194362918,60.0
63882,3405.6860507144806,1.008512201343325,60.0
63883,3405.686745158925,1.0083882322378532,60.0
63884,3405.6874396033695,1.00945922355362,60.0
63885,3405.688134047814,1.00779503580903,60.0
63886,3405.6888284922584,1.0091367843234968,60.0
63887,3405.689522936703,1.0088163561844332,60.0
63888,3405.6902173811472,1.0080158846298832,60.0
63889,3405.6909118255917,1.008710324425355,60.0
63890,3405.691606270036,1.0084706515317068,60.0
63891,3405.6923007144806,1.0088645446658167,60.0
63892,3405.692995158925,1.0084850498321634,60.0
63893,3405.6936896033694,1.0085586065738201,60.0
63894,3405.694384047814,1.0080833888567633,60.0
63895,3405.6950784922583,1.0084115222637002,60.0
63896,3405.6957729367027,1.00789464018293,60.0
63897,3405.696467381147,1.0079968744378967,60.0
63898,3405.6971618255916,1.0094382423169033,60.0
63899,3405.697856270036,1.0082666881919498,60.0
63900,3405.6985507144805,1.0081523304053932,60.0
63901,3405.699245158925,1.0079571361077733,60.0
63902,3405.6999396033693,1.0100793412974334,60.0
63903,3405.7006340478138,1.00849168384841,60.0
63904,3405.701328492258,1.0086213914802735,60.0
63905,3405.7020229367026,1.0083287225032433,60.0
63906,3405.702717381147,1.00918021261031,60.0
63907,3405.7034118255915,1.0089744875437499,60.0
63908,3405.704106270036,1.0085864411956633,60.0
63909,3405.7048007144804,1.0084156426634798,60.0
63910,3405.705495158925,1.0083119945467833,60.0
63911,3405.7061896033692,1.0084373684017833,60.0
63912,3405.7068840478137,1.0092445146923401,60.0
63913,3405.707578492258,1.00886060794733,60.0
63914,3405.7082729367025,1.00856398908171,60.0
63915,3405.708967381147,1.0090812345509368,60.0
63916,3405.7096618255914,1.00974348272153,60.0
63917,3405.710356270036,1.0079672362212133,60.0
63918,3405.7110507144803,1.0083611099048102,60.0
63919,3405.7117451589247,1.0081597564366633,60.0
63920,3405.712439603369,1.0090765021565666,60.0
63921,3405.7131340478136,1.0085198330965666,60.0
63922,3405.713828492258,1.0082745284807766,60.0
63923,3405.7145229367025,1.00737387157259,60.0
63924,3405.715217381147,1.0093912285717634,60.0
63925,3405.7159118255913,1.0091599377160667,60.0
63926,3405.7166062700358,1.0084913526703467,60.0
63927,3405.71730071448,1.0096356979977967,60.0
63928,3405.7179951589246,1.00779399131671,60.0
63929,3405.718689603369,1.00908670809858,60.0
63930,3405.7193840478135,1.0086773482625067,60.0
63931,3405.720078492258,1.0101031869808565,60.0
63932,3405.7207729367024,1.0089272872264232,60.0
63933,3405.721467381147,1.0095869340002868,60.0
63934,3405.7221618255912,1.0080636185409901,60.0
63935,3405.7228562700357,1.0088348202610933,60.0
63936,3405.72355071448,1.0093912321482434,60.0
63937,3405.7242451589245,1.0096888992396231,60.0
63938,3405.724939603369,1.0089213989083665,60.0
63939,3405.7256340478134,1.0091285028561934,60.0
63940,3405.726328492258,1.0086671689973465,60.0
63941,3405.7270229367023,1.0091976480666434,60.0
63942,3405.7277173811467,1.0083142921756867,60.0
63943,3405.728411825591,1.01015647007973,60.0
63944,3405.7291062700356,1.0084704205640131,60.0
63945,3405.72980071448,1.010058491824667,60.0
63946,3405.7304951589244,1.0085233241195233,60.0
63947,3405.731189603369,1.009409203468,60.0
63948,3405.7318840478133,1.0093415812738866,60.0
63949,3405.7325784922577,1.0089598972313467,60.0
63950,3405.733272936702,1.0089595005539298,60.0
63951,3405.7339673811466,1.0098133001273968,60.0
63952,3405.734661825591,1.0092802051947165,60.0
63953,3405.7353562700355,1.0094973357993133,60.0
63954,3405.73605071448,1.00958497166869,60.0
63955,3405.7367451589244,1.0097126868592967,60.0
63956,3405.737439603369,1.00946482236267,60.0
63957,3405.738134047813,1.0098176318551066,60.0
63958,3405.7388284922577,1.0091213078699832,60.0
63959,3405.739522936702,1.0093082991863334,60.0
63960,3405.7402173811465,1.0092506364474634,60.0
63961,3405.740911825591,1.0088459342901934,60.0
63962,3405.7416062700354,1.0097009421540333,60.0
63963,3405.74230071448,1.0092282392943368,60.0
63964,3405.7429951589243,1.0092343680231732,60.0
63965,3405.7436896033687,1.00886743976306,60.0
63966,3405.744384047813,1.0100666376977099,60.0
63967,3405.7450784922576,1.0091463304399,60.0
63968,3405.745772936702,1.0085149229515467,60.0
63969,3405.7464673811464,1.009028445627655,60.0
63970,3405.747161825591,1.0105506489250968,60.0
63971,3405.7478562700353,1.0097440390812367,60.0
63972,3405.7485507144797,1.0087328959216566,60.0
63973,3405.749245158924,1.0095879764251166,60.0
63974,3405.7499396033686,1.0113518236931434,60.0
63975,3405.750634047813,1.0100605346993168,60.0
63976,3405.7513284922575,1.01007945194665,60.0
63977,3405.752022936702,1.0102166741834566,60.0
63978,3405.7527173811463,1.00971171966481,60.0
63979,3405.753411825591,1.0094703862579,60.0
63980,3405.754106270035,1.0095871271698966,60.0
63981,3405.7548007144796,1.0092100616447068,60.0
63982,3405.755495158924,1.0092781807969933,60.0
63983,3405.7561896033685,1.0098459051732867,60.0
63984,3405.756884047813,1.0107870453147167,60.0
63985,3405.7575784922574,1.00929131319623,60.0
63986,3405.758272936702,1.0091626245653966,60.0
63987,3405.7589673811462,1.0094733648414234,60.0
63988,3405.7596618255907,1.0091513293274534,60.0
63989,3405.760356270035,1.01066729532737,60.0
63990,3405.7610507144796,1.0097470897306267,60.0
63991,3405.761745158924,1.00946385161387,60.0
63992,3405.7624396033684,1.0102747483820502,60.0
63993,3405.763134047813,1.01006621875261,60.0
63994,3405.7638284922573,1.0103400741645,60.0
63995,3405.7645229367017,1.00958257359488,60.0
63996,3405.765217381146,1.0102100257702533,60.0
63997,3405.7659118255906,1.0085088312174768,60.0
63998,3405.766606270035,1.0094691474135267,60.0
63999,3405.7673007144795,1.0093870176327,60.0
64000,3405.767995158924,1.01089290112282,60.0
64001,3405.7686896033683,1.0096394557577701,60.0
64002,3405.7693840478128,1.0111396372357166,60.0
64003,3405.770078492257,1.0098946904514434,60.0
64004,3405.7707729367016,1.0095888313540333,60.0
64005,3405.771467381146,1.0090683807738567,60.0
64006,3405.7721618255905,1.0099827568012334,60.0
64007,3405.772856270035,1.0094606102092933,60.0
64008,3405.7735507144794,1.0101914960045466,60.0
64009,3405.774245158924,1.0096570576526367,60.0
64010,3405.7749396033682,1.0086958102201333,60.0
64011,3405.7756340478127,1.0101011982393702,60.0
64012,3405.776328492257,1.0104635450848667,60.0
64013,3405.7770229367015,1.00962851011786,60.0
64014,3405.777717381146,1.01084521762879,60.0
64015,3405.7784118255904,1.0093074835899534,60.0
64016,3405.779106270035,1.01004891791709,60.0
64017,3405.7798007144793,1.009972799763005,60.0
64018,3405.7804951589237,1.0110118285494567,60.0
64019,3405.781189603368,1.01024099205978,60.0
64020,3405.7818840478126,1.0111213842349267,60.0
64021,3405.782578492257,1.0096159150763568,60.0
64022,3405.7832729367015,1.0100229098507867,60.0
64023,3405.783967381146,1.0107910076848265,60.0
64024,3405.7846618255903,1.0104093133232366,60.0
64025,3405.7853562700348,1.0105286629776098,60.0
64026,3405.786050714479,1.0105518047981334,60.0
64027,3405.7867451589236,1.0091965465679802,60.0
64028,3405.787439603368,1.0096269561503899,60.0
64029,3405.7881340478125,1.011101056936,60.0
64030,3405.788828492257,1.0108534354587948,60.0
64031,3405.7895229367014,1.0095619294927098,60.0
64032,3405.790217381146,1.0113226730590665,60.0
64033,3405.7909118255902,1.01053201909796,60.0
64034,3405.7916062700347,1.01025812495767,60.0
64035,3405.792300714479,1.0100387497624235,60.0
64036,3405.7929951589235,1.0095166879023667,60.0
64037,3405.793689603368,1.0100189923228131,60.0
64038,3405.7943840478124,1.01082212769607,60.0
64039,3405.795078492257,1.0109968003208836,60.0
64040,3405.7957729367013,1.0098141479711902,60.0
64041,3405.7964673811457,1.01113770225282,60.0
64042,3405.79716182559,1.00980187103489,60.0
64043,3405.7978562700346,1.0103658102775432,60.0
64044,3405.798550714479,1.0096779656558266,60.0
64045,3405.7992451589234,1.0102591014560867,60.0
64046,3405.799939603368,1.00979515671913,60.0
64047,3405.8006340478123,1.0101650768160433,60.0
64048,3405.8013284922567,1.01016684908139,60.0
64049,3405.802022936701,1.00995772036954,60.0
64050,3405.8027173811456,1.0095154874932533,60.0
64051,3405.80341182559,1.0095063585348065,60.0
64052,3405.8041062700345,1.0100309345882135,60.0
64053,3405.804800714479,1.0100588782089834,60.0
64054,3405.8054951589233,1.0098754069019733,60.0
64055,3405.806189603368,1.01073344174866,60.0
64056,3405.806884047812,1.0095261984419668,60.0
64057,3405.8075784922567,1.0107442247972467,60.0
64058,3405.808272936701,1.0098184861850033,60.0
64059,3405.8089673811455,1.0101443472626934,60.0
64060,3405.80966182559,1.0105399804488533,60.0
64061,3405.8103562700344,1.0105692770012566,60.0
64062,3405.811050714479,1.0106793329795734,60.0
64063,3405.8117451589233,1.01088782267973,60.0
64064,3405.8124396033677,1.0101880465966968,60.0
64065,3405.813134047812,1.0102699699974333,60.0
64066,3405.8138284922566,1.0111443545744,60.0
64067,3405.814522936701,1.0096978647148769,60.0
64068,3405.8152173811454,1.0109479518839566,60.0
64069,3405.81591182559,1.01082242106526,60.0
64070,3405.8166062700343,1.0104108924791133,60.0
64071,3405.8173007144787,1.01064524578752,60.0
64072,3405.817995158923,1.0108477063947265,60.0
64073,3405.8186896033676,1.0106934102450966,60.0
64074,3405.819384047812,1.0105942435240032,60.0
64075,3405.8200784922565,1.0107496299186833,60.0
64076,3405.820772936701,1.01091405341547,60.0
64077,3405.8214673811453,1.01084577125188,60.0
64078,3405.82216182559,1.0100952440240067,60.0
64079,3405.822856270034,1.0105625094766466,60.0
64080,3405.8235507144786,1.00927737613391,60.0
64081,3405.824245158923,1.0104395350624633,60.0
64082,3405.8249396033675,1.01093418833145,60.0
64083,3405.825634047812,1.01072680453849,60.0
64084,3405.8263284922564,1.0104251702812668,60.0
64085,3405.827022936701,1.0104444532930268,60.0
64086,3405.8277173811452,1.0096682144705669,60.0
64087,3405.8284118255897,1.01060196434537,60.0
64088,3405.829106270034,1.0113645093589299,60.0
64089,3405.8298007144786,1.00932615664114,60.0
64090,3405.830495158923,1.0099071046655432,60.0
64091,3405.8311896033674,1.0098592865560598,60.0
64092,3405.831884047812,1.0107977977991733,60.0
64093,3405.8325784922563,1.0116493351916598,60.0
64094,3405.8332729367007,1.01021655865343,60.0
64095,3405.833967381145,1.0102643699849534,60.0
64096,3405.8346618255896,1.01027315233292,60.0
64097,3405.835356270034,1.01003916051504,60.0
64098,3405.8360507144785,1.0114263273705169,60.0
64099,3405.836745158923,1.0116589471945634,60.0
64100,3405.8374396033673,1.0102043837435666,60.0
64101,3405.8381340478118,1.0104068632157432,60.0
64102,3405.838828492256,1.0098693192039934,60.0
64103,3405.8395229367006,1.0108080724959934,60.0
64104,3405.840217381145,1.0106053139134135,60.0
64105,3405.8409118255895,1.0110985838421467,60.0
64106,3405.841606270034,1.0103584173454168,60.0
64107,3405.8423007144784,1.0106755616531966,60.0
64108,3405.842995158923,1.0108570450723866,60.0
64109,3405.8436896033672,1.01069683511676,60.0
64110,3405.8443840478117,1.0113153192830133,60.0
64111,3405.845078492256,1.0104190524939967,60.0
64112,3405.8457729367005,1.0102769443805968,60.0
64113,3405.846467381145,1.0116545272989965,60.0
64114,3405.8471618255894,1.01104577264229,60.0
64115,3405.847856270034,1.0113682134366049,60.0
64116,3405.8485507144783,1.0113958071851898,60.0
64117,3405.8492451589227,1.0110891524277699,60.0
64118,3405.849939603367,1.0113910930919667,60.0
64119,3405.8506340478116,1.01089841289316,60.0
64120,3405.851328492256,1.01173894412773,60.0
64121,3405.8520229367005,1.0128520720591434,60.0
64122,3405.852717381145,1.0105288118571367,60.0
64123,3405.8534118255893,1.0113829708571231,60.0
64124,3405.8541062700338,1.0116622969096467,60.0
64125,3405.854800714478,1.0106966877416068,60.0
64126,3405.8554951589226,1.0110606189134899,60.0
64127,3405.856189603367,1.01039751315111,60.0
64128,3405.8568840478115,1.0103185814173734,60.0
64129,3405.857578492256,1.01097004171413,60.0
64130,3405.8582729367004,1.01075600971813,60.0
64131,3405.858967381145,1.0113222987831667,60.0
64132,3405.8596618255892,1.0115235394537432,60.0
64133,3405.8603562700337,1.01112729968984,60.0
64134,3405.861050714478,1.01090346843671,60.0
64135,3405.8617451589225,1.01081418926973,60.0
64136,3405.862439603367,1.01081463958853,60.0
64137,3405.8631340478114,1.0108951249165032,60.0
64138,3405.863828492256,1.0107275312409334,60.0
64139,3405.8645229367003,1.0110542073514133,60.0
64140,3405.8652173811447,1.0111805673480734,60.0
64141,3405.865911825589,1.0105394889539232,60.0
64142,3405.8666062700336,1.0107528200950735,60.0
64143,3405.867300714478,1.0109253276493066,60.0
64144,3405.8679951589224,1.0107586674168667,60.0
64145,3405.868689603367,1.010580990039233,60.0
64146,3405.8693840478113,1.0105061108420668,60.0
64147,3405.8700784922557,1.0108384385020768,60.0
64148,3405.8707729367,1.0112621600174467,60.0
64149,3405.8714673811446,1.0101723380041834,60.0
64150,3405.872161825589,1.011279788300215,60.0
64151,3405.8728562700335,1.01016783194365,60.0
64152,3405.873550714478,1.00996072943422,60.0
64153,3405.8742451589223,1.0106645129380634,60.0
64154,3405.874939603367,1.0119466511405533,60.0
64155,3405.875634047811,1.0109762682354166,60.0
64156,3405.8763284922557,1.01039819871019,60.0
64157,3405.8770229367,1.0108055921983399,60.0
64158,3405.8777173811445,1.0122862614697534,60.0
64159,3405.878411825589,1.0105644599295667,60.0
64160,3405.8791062700334,1.0108807535831532,60.0
64161,3405.879800714478,1.01130619449605,60.0
64162,3405.8804951589223,1.0101242641346666,60.0
64163,3405.8811896033667,1.0114642097727966,60.0
64164,3405.881884047811,1.0108956093871433,60.0
64165,3405.8825784922556,1.01126017410056,60.0
64166,3405.8832729367,1.0113841125010499,60.0
64167,3405.8839673811444,1.01061100190926,60.0
64168,3405.884661825589,1.011886128467207,60.0
64169,3405.8853562700333,1.0108891827050102,60.0
64170,3405.8860507144777,1.01156695891692,60.0
64171,3405.886745158922,1.0119666918315702,60.0
64172,3405.8874396033666,1.01038774706386,60.0
64173,3405.888134047811,1.0124461869811434,60.0
64174,3405.8888284922555,1.0115742257839133,60.0
64175,3405.8895229367,1.01127736267667,60.0
64176,3405.8902173811443,1.01153290804574,60.0
64177,3405.890911825589,1.0116807512717134,60.0
64178,3405.891606270033,1.01137290789573,60.0
64179,3405.8923007144776,1.0110723360336733,60.0
64180,3405.892995158922,1.0113665801985332,60.0
64181,3405.8936896033665,1.01169355265713,60.0
64182,3405.894384047811,1.0114154555243333,60.0
64183,3405.8950784922554,1.0109576772647433,60.0
64184,3405.8957729367,1.0116683150156967,60.0
64185,3405.8964673811442,1.0114830197258267,60.0
64186,3405.8971618255887,1.0114375971001701,60.0
64187,3405.897856270033,1.0115749170584065,60.0
64188,3405.8985507144776,1.0102075031933,60.0
64189,3405.899245158922,1.0109277302854365,60.0
64190,3405.8999396033664,1.0113337696681934,60.0
64191,3405.900634047811,1.0112528341879132,60.0
64192,3405.9013284922553,1.0111613276062767,60.0
64193,3405.9020229366997,1.01218212280834,60.0
64194,3405.902717381144,1.01169153040623,60.0
64195,3405.9034118255886,1.0112167084267867,60.0
64196,3405.904106270033,1.0111721318754734,60.0
64197,3405.9048007144775,1.0112663244926068,60.0
64198,3405.905495158922,1.0112133977238433,60.0
64199,3405.9061896033663,1.0102589968106666,60.0
64200,3405.9068840478108,1.0104380330535967,60.0
64201,3405.907578492255,1.0114818777347852,60.0
64202,3405.9082729366996,1.01180156804411,60.0
64203,3405.908967381144,1.0126927849577367,60.0
64204,3405.9096618255885,1.0107642732931466,60.0
64205,3405.910356270033,1.0121492622326833,60.0
64206,3405.9110507144774,1.0109631992548234,60.0
64207,3405.911745158922,1.01046002052534,60.0
64208,3405.9124396033662,1.01189195395599,60.0
64209,3405.9131340478107,1.01087927747887,60.0
64210,3405.913828492255,1.0111876253630498,60.0
64211,3405.9145229366995,1.0115383209088733,60.0
64212,3405.915217381144,1.0122313990117866,60.0
64213,3405.9159118255884,1.0112990940680433,60.0
64214,3405.916606270033,1.0113677263634366,60.0
64215,3405.9173007144773,1.0115578081424266,60.0
64216,3405.9179951589217,1.0118106268752467,60.0
64217,3405.918689603366,1.0124667876640465,60.0
64218,3405.9193840478106,1.0102144960834334,60.0
64219,3405.920078492255,1.01237035912441,60.0
64220,3405.9207729366994,1.0115595637452899,60.0
64221,3405.921467381144,1.0127530151783566,60.0
64222,3405.9221618255883,1.0115567078359533,60.0
64223,3405.9228562700328,1.0115687396121034,60.0
64224,3405.923550714477,1.0127281612748,60.0
64225,3405.9242451589216,1.0120686789342932,60.0
64226,3405.924939603366,1.01190278787231,60.0
64227,3405.9256340478105,1.01173302738105,60.0
64228,3405.926328492255,1.0124725420425802,60.0
64229,3405.9270229366994,1.0119000101909401,60.0
64230,3405.927717381144,1.0120152560211835,60.0
64231,3405.9284118255882,1.0122577523013767,60.0
64232,3405.9291062700327,1.0109755581288968,60.0
64233,3405.929800714477,1.01167148737267,60.0
64234,3405.9304951589215,1.0112426444636033,60.0
64235,3405.931189603366,1.01189756730206,60.0
64236,3405.9318840478104,1.0125264595076566,60.0
64237,3405.932578492255,1.01078954178143,60.0
64238,3405.9332729366993,1.01209243608498,60.0
64239,3405.9339673811437,1.012403957099573,60.0
64240,3405.934661825588,1.0121564992123,60.0
64241,3405.9353562700326,1.011981452824295,60.0
64242,3405.936050714477,1.0116637010853333,60.0
64243,3405.9367451589214,1.0122624320586733,60.0
64244,3405.937439603366,1.0120623839899698,60.0
64245,3405.9381340478103,1.0118892915996633,60.0
64246,3405.9388284922547,1.0121395623498832,60.0
64247,3405.939522936699,1.0118343490144401,60.0
64248,3405.9402173811436,1.0135330772723767,60.0
64249,3405.940911825588,1.0120932771996498,60.0
64250,3405.9416062700325,1.0119558856413666,60.0
64251,3405.942300714477,1.0126697103170266,60.0
64252,3405.9429951589213,1.01159902406938,60.0
64253,3405.943689603366,1.0117094728506466,60.0
64254,3405.94438404781,1.0125181605067668,60.0
64255,3405.9450784922547,1.0118009518402333,60.0
64256,3405.945772936699,1.0119329197703932,60.0
64257,3405.9464673811435,1.0125744999817434,60.0
64258,3405.947161825588,1.0124297431156635,60.0
64259,3405.9478562700324,1.0113974036413935,60.0
64260,3405.948550714477,1.011928385969525,60.0
64261,3405.9492451589213,1.01271927912472,60.0
64262,3405.9499396033657,1.011868616445957,60.0
64263,3405.95063404781,1.0120360469790832,60.0
64264,3405.9513284922546,1.0114359755297548,60.0
64265,3405.952022936699,1.0115125907943332,60.0
64266,3405.9527173811434,1.0120911678779068,60.0
64267,3405.953411825588,1.0115719346432934,60.0
64268,3405.9541062700323,1.0109494366565934,60.0
64269,3405.9548007144767,1.0122831929979001,60.0
64270,3405.955495158921,1.01245807922015,60.0
64271,3405.9561896033656,1.0122865530568068,60.0
64272,3405.95688404781,1.0127728831315266,60.0
64273,3405.9575784922545,1.0110144105183334,60.0
64274,3405.958272936699,1.01216176363981,60.0
64275,3405.9589673811433,1.01104399795925,60.0
64276,3405.959661825588,1.0114802546845365,60.0
64277,3405.960356270032,1.0107732818451634,60.0
64278,3405.9610507144766,1.011799953038625,60.0
64279,3405.961745158921,1.0125848458614468,60.0
64280,3405.9624396033655,1.0125889436053666,60.0
64281,3405.96313404781,1.0126128569430433,60.0
64282,3405.9638284922544,1.0124932745519402,60.0
64283,3405.964522936699,1.01318756651636,60.0
64284,3405.9652173811432,1.0131219478914335,60.0
64285,3405.9659118255877,1.0115175919715234,60.0
64286,3405.966606270032,1.0117900379838198,60.0
64287,3405.9673007144766,1.0118478538193767,60.0
64288,3405.967995158921,1.0127104550524666,60.0
64289,3405.9686896033654,1.012171093631827,60.0
64290,3405.96938404781,1.0123779836569902,60.0
64291,3405.9700784922543,1.0120644383105935,60.0
64292,3405.9707729366987,1.0119683411255267,60.0
64293,3405.971467381143,1.0135017214868367,60.0
64294,3405.9721618255876,1.0115648834986501,60.0
64295,3405.972856270032,1.0120847339707835,60.0
64296,3405.9735507144765,1.0117189168502068,60.0
64297,3405.974245158921,1.0125281508496233,60.0
64298,3405.9749396033653,1.0123230653466866,60.0
64299,3405.9756340478098,1.0124042492557133,60.0
64300,3405.976328492254,1.0120590027266534,60.0
64301,3405.9770229366986,1.0121823283177034,60.0
64302,3405.977717381143,1.0124226347447667,60.0
64303,3405.9784118255875,1.01264957980596,60.0
64304,3405.979106270032,1.0124330816388467,60.0
64305,3405.9798007144764,1.0120708845256101,60.0
64306,3405.980495158921,1.01310357288947,60.0
64307,3405.9811896033652,1.0123046774753133,60.0
64308,3405.9818840478097,1.0122353061967966,60.0
64309,3405.982578492254,1.0125700326234133,60.0
64310,3405.9832729366985,1.0122292185546635,60.0
64311,3405.983967381143,1.01214571732577,60.0
64312,3405.9846618255874,1.01236616943241,60.0
64313,3405.985356270032,1.0117186441405899,60.0
64314,3405.9860507144763,1.01167991501648,60.0
64315,3405.9867451589207,1.0122895177570232,60.0
64316,3405.987439603365,1.01212310644504,60.0
64317,3405.9881340478096,1.0126995196503066,60.0
64318,3405.988828492254,1.01178632784403,60.0
64319,3405.9895229366984,1.0133798289817333,60.0
64320,3405.990217381143,1.0124275717847366,60.0
64321,3405.9909118255873,1.0111962979640434,60.0
64322,3405.9916062700318,1.012612958707897,60.0
64323,3405.992300714476,1.0121721035451101,60.0
64324,3405.9929951589206,1.0121309904544333,60.0
64325,3405.993689603365,1.0117293393776334,60.0
64326,3405.9943840478095,1.0120913483237965,60.0
64327,3405.995078492254,1.0118867062040835,60.0
64328,3405.9957729366984,1.0130004510994535,60.0
64329,3405.996467381143,1.0119612511749534,60.0
64330,3405.997161825587,1.0121820160411967,60.0
64331,3405.9978562700317,1.0130333037688901,60.0
64332,3405.998550714476,1.0122348786837934,60.0
64333,3405.9992451589205,1.0125439003262,60.0
64334,3405.999939603365,1.0127631174616167,60.0
64335,3406.0006340478094,1.0128486626955733,60.0
64336,3406.001328492254,1.0129055832517033,60.0
64337,3406.0020229366983,1.0122806294065168,60.0
64338,3406.0027173811427,1.0132998842385201,60.0
64339,3406.003411825587,1.0123949049129368,60.0
64340,3406.0041062700316,1.01290662914472,60.0
64341,3406.004800714476,1.01282779049683,60.0
64342,3406.0054951589204,1.01359531579691,60.0
64343,3406.006189603365,1.0121240885684435,60.0
64344,3406.0068840478093,1.0127584562776801,60.0
64345,3406.0075784922537,1.01206183618127,60.0
64346,3406.008272936698,1.01250937293954,60.0
64347,3406.0089673811426,1.0131504071107234,60.0
64348,3406.009661825587,1.0125605834091767,60.0
64349,3406.0103562700315,1.0128583398176134,60.0
64350,3406.011050714476,1.0129333833115266,60.0
64351,3406.0117451589203,1.0124191635903534,60.0
64352,3406.012439603365,1.0123136518311249,60.0
64353,3406.013134047809,1.0128105923469832,60.0
64354,3406.0138284922537,1.0139231765202867,60.0
64355,3406.014522936698,1.0133240139038233,60.0
64356,3406.0152173811425,1.0125989027615334,60.0
64357,3406.015911825587,1.01264576313294,60.0
64358,3406.0166062700314,1.0122272120968698,60.0
64359,3406.017300714476,1.0123703947385534,60.0
64360,3406.0179951589203,1.0123505101638133,60.0
64361,3406.0186896033647,1.01184137178122,60.0
64362,3406.019384047809,1.0128566584760568,60.0
64363,3406.0200784922536,1.0126748460363968,60.0
64364,3406.020772936698,1.0132659983074734,60.0
64365,3406.0214673811424,1.0128575401144502,60.0
64366,3406.022161825587,1.0118180466976698,60.0
64367,3406.0228562700313,1.0121683025743902,60.0
64368,3406.0235507144757,1.0126323151210535,60.0
64369,3406.02424515892,1.0119843772960901,60.0
64370,3406.0249396033646,1.0122642459421534,60.0
64371,3406.025634047809,1.012771767048835,60.0
64372,3406.0263284922535,1.01237260219306,60.0
64373,3406.027022936698,1.0134214908124233,60.0
64374,3406.0277173811423,1.0129040403793699,60.0
64375,3406.0284118255868,1.0123043401558631,60.0
64376,3406.029106270031,1.01300916310014,60.0
64377,3406.0298007144756,1.01195507264428,60.0
64378,3406.03049515892,1.0126767137357666,60.0
64379,3406.0311896033645,1.0137697367001934,60.0
64380,3406.031884047809,1.0128830849824701,60.0
64381,3406.0325784922534,1.0124579840101033,60.0
64382,3406.033272936698,1.0132965342171165,60.0
64383,3406.0339673811422,1.0134801471371702,60.0
64384,3406.0346618255867,1.0134844567177166,60.0
64385,3406.035356270031,1.013121768545287,60.0
64386,3406.0360507144756,1.0124899789220534,60.0
64387,3406.03674515892,1.0120985789243333,60.0
64388,3406.0374396033644,1.0126285306723866,60.0
64389,3406.038134047809,1.0129445043632568,60.0
64390,3406.0388284922533,1.0133625271298499,60.0
64391,3406.0395229366977,1.0120591077631131,60.0
64392,3406.040217381142,1.01269745928741,60.0
64393,3406.0409118255866,1.01264736458461,60.0
64394,3406.041606270031,1.0139364548412233,60.0
64395,3406.0423007144755,1.01213500298914,60.0
64396,3406.04299515892,1.0117775014385633,60.0
64397,3406.0436896033643,1.0136657367338402,60.0
64398,3406.0443840478088,1.0122410475846266,60.0
64399,3406.045078492253,1.0126848254848133,60.0
64400,3406.0457729366976,1.0124911567555934,60.0
64401,3406.046467381142,1.0131969902637168,60.0
64402,3406.0471618255865,1.01343512791433,60.0
64403,3406.047856270031,1.0131247850708334,60.0
64404,3406.0485507144754,1.0134891156400867,60.0
64405,3406.04924515892,1.0121571894553767,60.0
64406,3406.0499396033642,1.01347979629532,60.0
64407,3406.0506340478087,1.01349603709599,60.0
64408,3406.051328492253,1.01322484866198,60.0
64409,3406.0520229366975,1.0128288829700434,60.0
64410,3406.052717381142,1.0129259466481801,60.0
64411,3406.0534118255864,1.0131483839064301,60.0
64412,3406.054106270031,1.01391335085898,60.0
64413,3406.0548007144753,1.0136536996777032,60.0
64414,3406.0554951589197,1.0132721878938902,60.0
64415,3406.056189603364,1.0132684678433932,60.0
64416,3406.0568840478086,1.0136890408416266,60.0
64417,3406.057578492253,1.0130302878212836,60.0
64418,3406.0582729366974,1.0128551932680734,60.0
64419,3406.058967381142,1.0131353630622602,60.0
64420,3406.0596618255863,1.0127687570762967,60.0
64421,3406.0603562700308,1.0133631104902434,60.0
64422,3406.061050714475,1.0131547916937198,60.0
64423,3406.0617451589196,1.0125445967698967,60.0
64424,3406.062439603364,1.0130318892017849,60.0
64425,3406.0631340478085,1.0137932991356366,60.0
64426,3406.063828492253,1.0141733270720132,60.0
64427,3406.0645229366974,1.0128439701518166,60.0
64428,3406.065217381142,1.0128985903128298,60.0
64429,3406.065911825586,1.0129468974815101,60.0
64430,3406.0666062700307,1.0128271703418334,60.0
64431,3406.067300714475,1.0137529949788597,60.0
64432,3406.0679951589195,1.0128268937210132,60.0
64433,3406.068689603364,1.0126735446082633,60.0
64434,3406.0693840478084,1.01235630406325,60.0
64435,3406.070078492253,1.01414588756982,60.0
64436,3406.0707729366973,1.0138379328649598,60.0
64437,3406.0714673811417,1.0130508170443366,60.0
64438,3406.072161825586,1.0140478000434299,60.0
64439,3406.0728562700306,1.0133404780828368,60.0
64440,3406.073550714475,1.0126811163909166,60.0
64441,3406.0742451589194,1.0128732046644233,60.0
64442,3406.074939603364,1.01409758488787,60.0
64443,3406.0756340478083,1.01311270128988,60.0
64444,3406.0763284922527,1.0137224467814334,60.0
64445,3406.077022936697,1.0130796162139033,60.0
64446,3406.0777173811416,1.0131831400597033,60.0
64447,3406.078411825586,1.0140152772387367,60.0
64448,3406.0791062700305,1.0124272000742567,60.0
64449,3406.079800714475,1.0140299303715834,60.0
64450,3406.0804951589193,1.01337217001042,60.0
64451,3406.081189603364,1.0142132447699632,60.0
64452,3406.081884047808,1.0137915096682801,60.0
64453,3406.0825784922527,1.0127377522491166,60.0
64454,3406.083272936697,1.0136858283720034,60.0
64455,3406.0839673811415,1.01433308386551,60.0
64456,3406.084661825586,1.0130221899486667,60.0
64457,3406.0853562700304,1.0128254877174767,60.0
64458,3406.086050714475,1.01407697226494,60.0
64459,3406.0867451589193,1.0136375191080667,60.0
64460,3406.0874396033637,1.0133720339323566,60.0
64461,3406.088134047808,1.0145331783291567,60.0
64462,3406.0888284922526,1.0133635332118434,60.0
64463,3406.089522936697,1.0128726875988998,60.0
64464,3406.0902173811414,1.0136000161312133,60.0
64465,3406.090911825586,1.0140430716024234,60.0
64466,3406.0916062700303,1.0136219898483567,60.0
64467,3406.0923007144747,1.0133585410171666,60.0
64468,3406.092995158919,1.0135031323641768,60.0
64469,3406.0936896033636,1.0140663288177099,60.0
64470,3406.094384047808,1.0141472333234,60.0
64471,3406.0950784922525,1.01313993162686,60.0
64472,3406.095772936697,1.0147960473591167,60.0
64473,3406.0964673811413,1.0126423585836601,60.0
64474,3406.0971618255858,1.0138726245170433,60.0
64475,3406.09785627003,1.0129696395033765,60.0
64476,3406.0985507144746,1.01300566906549,60.0
64477,3406.099245158919,1.0135521506691567,60.0
64478,3406.0999396033635,1.0137754043032234,60.0
64479,3406.100634047808,1.014047122218887,60.0
64480,3406.1013284922524,1.0137612319355433,60.0
64481,3406.102022936697,1.0131815258515735,60.0
64482,3406.1027173811412,1.0138793318361368,60.0
64483,3406.1034118255857,1.0142083668181368,60.0
64484,3406.10410627003,1.0139472469009967,60.0
64485,3406.1048007144745,1.0136636033513133,60.0
64486,3406.105495158919,1.01409025922526,60.0
64487,3406.1061896033634,1.0137752230284733,60.0
64488,3406.106884047808,1.0130737825335334,60.0
64489,3406.1075784922523,1.0136416037790668,60.0
64490,3406.1082729366967,1.0132454795025465,60.0
64491,3406.108967381141,1.0134663087918767,60.0
64492,3406.1096618255856,1.0142974321851501,60.0
64493,3406.11035627003,1.0138360675151332,60.0
64494,3406.1110507144745,1.01372710475832,60.0
64495,3406.111745158919,1.0139730045051165,60.0
64496,3406.1124396033633,1.0138421849488732,60.0
64497,3406.1131340478078,1.0138717813393634,60.0
64498,3406.113828492252,1.0136906919559732,60.0
64499,3406.1145229366966,1.01393842921309,60.0
64500,3406.115217381141,1.0129906309875,60.0
64501,3406.1159118255855,1.0125098223121451,60.0
64502,3406.11660627003,1.0137330068725101,60.0
64503,3406.1173007144744,1.0141363529924134,60.0
64504,3406.117995158919,1.0135547818665067,60.0
64505,3406.1186896033632,1.0139558986300001,60.0
64506,3406.1193840478077,1.0133628947146966,60.0
64507,3406.120078492252,1.0136021988357033,60.0
64508,3406.1207729366965,1.0143858413053033,60.0
64509,3406.121467381141,1.01443432943902,60.0
64510,3406.1221618255854,1.0133282905044199,60.0
64511,3406.12285627003,1.0142118993883666,60.0
64512,3406.1235507144743,1.0136623392251136,60.0
64513,3406.1242451589187,1.0132467309497666,60.0
64514,3406.124939603363,1.01329888823777,60.0
64515,3406.1256340478076,1.01358051302542,60.0
64516,3406.126328492252,1.0141052462556266,60.0
64517,3406.1270229366964,1.0139431653114401,60.0
64518,3406.127717381141,1.01441251827997,60.0
64519,3406.1284118255853,1.0141121371047568,60.0
64520,3406.1291062700298,1.01302471613551,60.0
64521,3406.129800714474,1.0141782746132633,60.0
64522,3406.1304951589186,1.0131591079553832,60.0
64523,3406.131189603363,1.0139251570755201,60.0
64524,3406.1318840478075,1.0133300039452402,60.0
64525,3406.132578492252,1.0136310880852568,60.0
64526,3406.1332729366964,1.01371368325658,60.0
64527,3406.133967381141,1.013557337263827,60.0
64528,3406.134661825585,1.0141075607355199,60.0
64529,3406.1353562700297,1.0143095182165764,60.0
64530,3406.136050714474,1.0136598177023666,60.0
64531,3406.1367451589185,1.0140339788085233,60.0
64532,3406.137439603363,1.0146292096290734,60.0
64533,3406.1381340478074,1.01318759642026,60.0
64534,3406.138828492252,1.0145601108670033,60.0
64535,3406.1395229366963,1.0137466211139867,60.0
64536,3406.1402173811407,1.0136221791609035,60.0
64537,3406.140911825585,1.0144559581590469,60.0
64538,3406.1416062700296,1.0137959349332801,60.0
64539,3406.142300714474,1.0139454843910667,60.0
64540,3406.1429951589184,1.01400485053976,60.0
64541,3406.143689603363,1.0134818761893298,60.0
64542,3406.1443840478073,1.0140661552604,60.0
64543,3406.1450784922517,1.0137729264132334,60.0
64544,3406.145772936696,1.0139415652750934,60.0
64545,3406.1464673811406,1.0134689467501898,60.0
64546,3406.147161825585,1.0130851636982268,60.0
64547,3406.1478562700295,1.01388015769934,60.0
64548,3406.148550714474,1.012955529228743,60.0
64549,3406.1492451589183,1.01468949924195,60.0
64550,3406.149939603363,1.0142733122695065,60.0
64551,3406.150634047807,1.0142895188140264,60.0
64552,3406.1513284922517,1.0144742594610634,60.0
64553,3406.152022936696,1.01364252682177,60.0
64554,3406.1527173811405,1.0145320215468532,60.0
64555,3406.153411825585,1.0138324496838933,60.0
64556,3406.1541062700294,1.0141342363578534,60.0
64557,3406.154800714474,1.0153296534835232,60.0
64558,3406.1554951589183,1.0137927504661801,60.0
64559,3406.1561896033627,1.0143884854984233,60.0
64560,3406.156884047807,1.0131913556909133,60.0
64561,3406.1575784922516,1.015013538389807,60.0
64562,3406.158272936696,1.0136923806216334,60.0
64563,3406.1589673811404,1.0135616391265632,60.0
64564,3406.159661825585,1.01558969796251,60.0
64565,3406.1603562700293,1.0147406903771035,60.0
64566,3406.1610507144737,1.0133276999926466,60.0
64567,3406.161745158918,1.0139897810788367,60.0
64568,3406.1624396033626,1.0148685226630734,60.0
64569,3406.163134047807,1.01336800470309,60.0
64570,3406.1638284922515,1.0135418843166366,60.0
64571,3406.164522936696,1.01373706666358,60.0
64572,3406.1652173811403,1.0139801247872966,60.0
64573,3406.1659118255848,1.0134991831809266,60.0
64574,3406.166606270029,1.0139909139040235,60.0
64575,3406.1673007144736,1.0138489722708333,60.0
64576,3406.167995158918,1.0143897090234468,60.0
64577,3406.1686896033625,1.0136327898287434,60.0
64578,3406.169384047807,1.0134520489845167,60.0
64579,3406.1700784922514,1.0142618913527135,60.0
64580,3406.170772936696,1.0134523912237299,60.0
64581,3406.1714673811402,1.01240007793627,60.0
64582,3406.1721618255847,1.0139568115552366,60.0
64583,3406.172856270029,1.0145473822416367,60.0
64584,3406.1735507144735,1.0143476988583833,60.0
64585,3406.174245158918,1.0137906505713732,60.0
64586,3406.1749396033624,1.0136210485172399,60.0
64587,3406.175634047807,1.0151651154856032,60.0
64588,3406.1763284922513,1.0129853058735632,60.0
64589,3406.1770229366957,1.0149298862516634,60.0
64590,3406.17771738114,1.0153933051728534,60.0
64591,3406.1784118255846,1.0145432724058232,60.0
64592,3406.179106270029,1.0139860338956668,60.0
64593,3406.1798007144735,1.0135523797082966,60.0
64594,3406.180495158918,1.0136730311240365,60.0
64595,3406.1811896033623,1.0140688647382736,60.0
64596,3406.1818840478068,1.01365561897631,60.0
64597,3406.182578492251,1.0127559726577033,60.0
64598,3406.1832729366956,1.0132371115585934,60.0
64599,3406.18396738114,1.0145067052531533,60.0
64600,3406.1846618255845,1.0135965162693832,60.0
64601,3406.185356270029,1.0140453364686401,60.0
64602,3406.1860507144734,1.01506115132285,60.0
64603,3406.186745158918,1.0127906496348331,60.0
64604,3406.1874396033622,1.0147547274396167,60.0
64605,3406.1881340478067,1.0134379601424732,60.0
64606,3406.188828492251,1.0134494995655934,60.0
64607,3406.1895229366955,1.0136661838018,60.0
64608,3406.19021738114,1.01367699909399,60.0
64609,3406.1909118255844,1.01479551202316,60.0
64610,3406.191606270029,1.01449278659547,60.0
64611,3406.1923007144733,1.0146023206635666,60.0
64612,3406.1929951589177,1.01448547512684,60.0
64613,3406.193689603362,1.0135588273019132,60.0
64614,3406.1943840478066,1.0136109030824398,60.0
64615,3406.195078492251,1.0129905331310833,60.0
64616,3406.1957729366954,1.0144886222279565,60.0
64617,3406.19646738114,1.0137985318965435,60.0
64618,3406.1971618255843,1.01450113996065,60.0
64619,3406.1978562700288,1.0135512152139166,60.0
64620,3406.198550714473,1.0141487161010836,60.0
64621,3406.1992451589176,1.0135944352091935,60.0
64622,3406.199939603362,1.0141838688114067,60.0
64623,3406.2006340478065,1.013408183524525,60.0
64624,3406.201328492251,1.0141524252064766,60.0
64625,3406.2020229366954,1.0145319309068366,60.0
64626,3406.20271738114,1.0150989384676534,60.0
64627,3406.203411825584,1.014528264369965,60.0
64628,3406.2041062700287,1.0152322479943434,60.0
64629,3406.204800714473,1.0133002176376935,60.0
64630,3406.2054951589175,1.0145718839317033,60.0
64631,3406.206189603362,1.0141103608389734,60.0
64632,3406.2068840478064,1.0131878832091068,60.0
64633,3406.207578492251,1.0141187215375367,60.0
64634,3406.2082729366953,1.0150096072554133,60.0
64635,3406.2089673811397,1.0141195916017633,60.0
64636,3406.209661825584,1.0139017189629767,60.0
64637,3406.2103562700286,1.0139721077313133,60.0
64638,3406.211050714473,1.0136552032539532,60.0
64639,3406.2117451589174,1.01310076074667,60.0
64640,3406.212439603362,1.0138264832815065,60.0
64641,3406.2131340478063,1.0135975744218968,60.0
64642,3406.2138284922507,1.01445253035482,60.0
64643,3406.214522936695,1.0143231139626534,60.0
64644,3406.2152173811396,1.0140513728297034,60.0
64645,3406.215911825584,1.0143784435979932,60.0
64646,3406.2166062700285,1.0146443956087767,60.0
64647,3406.217300714473,1.0146483440521934,60.0
64648,3406.2179951589173,1.0146632695225735,60.0
64649,3406.218689603362,1.0138551178995652,60.0
64650,3406.219384047806,1.01473177240245,60.0
64651,3406.2200784922507,1.0144440854132766,60.0
64652,3406.220772936695,1.01314530847741,60.0
64653,3406.2214673811395,1.0139205155809201,60.0
64654,3406.222161825584,1.0148776076027601,60.0
64655,3406.2228562700284,1.0150784992200166,60.0
64656,3406.223550714473,1.014214676168745,60.0
64657,3406.2242451589173,1.0156684647724201,60.0
64658,3406.2249396033617,1.0126965278301734,60.0
64659,3406.225634047806,1.0138840640887767,60.0
64660,3406.2263284922506,1.0144666172280135,60.0
64661,3406.227022936695,1.0148903874579667,60.0
64662,3406.2277173811394,1.0141296451053068,60.0
64663,3406.228411825584,1.0142695753263133,60.0
64664,3406.2291062700283,1.0135849005757966,60.0
64665,3406.2298007144727,1.0139085460009267,60.0
64666,3406.230495158917,1.0142055697611967,60.0
64667,3406.2311896033616,1.01452215619343,60.0
64668,3406.231884047806,1.01484096992384,60.0
64669,3406.2325784922505,1.0145222467074364,60.0
64670,3406.233272936695,1.01351515218368,60.0
64671,3406.2339673811393,1.0139577933494033,60.0
64672,3406.2346618255838,1.0135139498030334,60.0
64673,3406.235356270028,1.014005340891865,60.0
64674,3406.2360507144726,1.0142361815690466,60.0
64675,3406.236745158917,1.01505018510151,60.0
64676,3406.2374396033615,1.01388173785641,60.0
64677,3406.238134047806,1.0151917810985167,60.0
64678,3406.2388284922504,1.01416031369941,60.0
64679,3406.239522936695,1.0146601672410667,60.0
64680,3406.2402173811392,1.0140080078185567,60.0
64681,3406.2409118255837,1.01430294666899,60.0
64682,3406.241606270028,1.01469118091726,60.0
64683,3406.2423007144725,1.0147668450352134,60.0
64684,3406.242995158917,1.0150459787668866,60.0
64685,3406.2436896033614,1.0150756405633032,60.0
64686,3406.244384047806,1.01456494310261,60.0
64687,3406.2450784922503,1.01371923066479,60.0
64688,3406.2457729366947,1.01542224223829,60.0
64689,3406.246467381139,1.0136121798595368,60.0
64690,3406.2471618255836,1.0133937958332033,60.0
64691,3406.247856270028,1.0140848992520965,60.0
64692,3406.2485507144725,1.014473457520695,60.0
64693,3406.249245158917,1.01332045659975,60.0
64694,3406.2499396033613,1.0142552926234265,60.0
64695,3406.2506340478058,1.0147606831867133,60.0
64696,3406.25132849225,1.01436852814074,60.0
64697,3406.2520229366946,1.014415316013557,60.0
64698,3406.252717381139,1.0143170606747034,60.0
64699,3406.2534118255835,1.01419491576394,60.0
64700,3406.254106270028,1.0149288915289767,60.0
64701,3406.2548007144724,1.0144464604587464,60.0
64702,3406.255495158917,1.0158184365327132,60.0
64703,3406.2561896033612,1.01569445908909,60.0
64704,3406.2568840478057,1.01441880725521,60.0
64705,3406.25757849225,1.0147398702443233,60.0
64706,3406.2582729366945,1.0144469323469332,60.0
64707,3406.258967381139,1.01433620718454,60.0
64708,3406.2596618255834,1.0156852072951235,60.0
64709,3406.260356270028,1.01402098146346,60.0
64710,3406.2610507144723,1.0145256339565434,60.0
64711,3406.2617451589167,1.0145053431033149,60.0
64712,3406.262439603361,1.01443039142653,60.0
64713,3406.2631340478056,1.0152486225024167,60.0
64714,3406.26382849225,1.01496643189713,60.0
64715,3406.2645229366944,1.0142440550400103,60.0
64716,3406.265217381139,1.01515903628895,60.0
64717,3406.2659118255833,1.014830750494905,60.0
64718,3406.2666062700278,1.01498844720561,60.0
64719,3406.267300714472,1.01427729489227,60.0
64720,3406.2679951589166,1.0145057808632065,60.0
64721,3406.268689603361,1.0148828931435634,60.0
64722,3406.2693840478055,1.0142146213435768,60.0
64723,3406.27007849225,1.0147921163502234,60.0
64724,3406.2707729366944,1.01456049657441,60.0
64725,3406.271467381139,1.0146961270850132,60.0
64726,3406.272161825583,1.0140693618300534,60.0
64727,3406.2728562700277,1.0147778551158566,60.0
64728,3406.273550714472,1.01411007138137,60.0
64729,3406.2742451589165,1.0140003629795333,60.0
64730,3406.274939603361,1.0140191574802966,60.0
64731,3406.2756340478054,1.0149553778770632,60.0
64732,3406.27632849225,1.0145612723274133,60.0
64733,3406.2770229366943,1.0144246401856833,60.0
64734,3406.2777173811387,1.01391750020786,60.0
64735,3406.278411825583,1.0147510253738565,60.0
64736,3406.2791062700276,1.0143605900618031,60.0
64737,3406.279800714472,1.0144683375099033,60.0
64738,3406.2804951589164,1.0146616864373168,60.0
64739,3406.281189603361,1.0137488658685752,60.0
64740,3406.2818840478053,1.0149558281197033,60.0
64741,3406.2825784922497,1.0144452264195667,60.0
64742,3406.283272936694,1.01467915954287,60.0
64743,3406.2839673811386,1.0133717748877433,60.0
64744,3406.284661825583,1.0149706919296,60.0
64745,3406.2853562700275,1.01489828764711,60.0
64746,3406.286050714472,1.0144965479649632,60.0
64747,3406.2867451589163,1.01349348766134,60.0
64748,3406.287439603361,1.0139061346535598,60.0
64749,3406.288134047805,1.0143396289406368,60.0
64750,3406.2888284922496,1.0143333573288666,60.0
64751,3406.289522936694,1.0143832681559333,60.0
64752,3406.2902173811385,1.0143314232681064,60.0
64753,3406.290911825583,1.0147677381880669,60.0
64754,3406.2916062700274,1.0157030096331268,60.0
64755,3406.292300714472,1.0143193696311468,60.0
64756,3406.2929951589163,1.0154993127574667,60.0
64757,3406.2936896033607,1.0147104800293334,60.0
64758,3406.294384047805,1.0136940010038533,60.0
64759,3406.2950784922496,1.0150026474388867,60.0
64760,3406.295772936694,1.0153526198750702,60.0
64761,3406.2964673811384,1.0138432156525934,60.0
64762,3406.297161825583,1.0145026788286833,60.0
64763,3406.2978562700273,1.0143989794202735,60.0
64764,3406.2985507144717,1.0151959671878001,60.0
64765,3406.299245158916,1.0143383688044068,60.0
64766,3406.2999396033606,1.0156547405111367,60.0
64767,3406.300634047805,1.0148147157431333,60.0
64768,3406.3013284922495,1.0151776205499132,60.0
64769,3406.302022936694,1.0142336215729533,60.0
64770,3406.3027173811383,1.0145896375363732,60.0
64771,3406.3034118255828,1.0140128137472,60.0
64772,3406.304106270027,1.0152501882408633,60.0
64773,3406.3048007144716,1.0143579715343598,60.0
64774,3406.305495158916,1.0149856922779399,60.0
64775,3406.3061896033605,1.01419363302657,60.0
64776,3406.306884047805,1.0157907877927934,60.0
64777,3406.3075784922494,1.0154133543703001,60.0
64778,3406.308272936694,1.0146745375074497,60.0
64779,3406.3089673811382,1.014781467850485,60.0
64780,3406.3096618255827,1.0150567856225636,60.0
64781,3406.310356270027,1.0148645063493766,60.0
64782,3406.3110507144715,1.0154210276408666,60.0
64783,3406.311745158916,1.0138992829738,60.0
64784,3406.3124396033604,1.0140494048720767,60.0
64785,3406.313134047805,1.0141448033620402,60.0
64786,3406.3138284922493,1.01475815261247,60.0
64787,3406.3145229366937,1.0146127394531967,60.0
64788,3406.315217381138,1.0145703875505234,60.0
64789,3406.3159118255826,1.0150399124160534,60.0
64790,3406.316606270027,1.0151614900228934,60.0
64791,3406.3173007144715,1.01465764577192,60.0
64792,3406.317995158916,1.0144240411935632,60.0
64793,3406.3186896033603,1.0145154914567733,60.0
64794,3406.3193840478048,1.0147064721989734,60.0
64795,3406.320078492249,1.0136908826793867,60.0
64796,3406.3207729366936,1.0149829348728798,60.0
64797,3406.321467381138,1.01520544229019,60.0
64798,3406.3221618255825,1.01435489591526,60.0
64799,3406.322856270027,1.0156418326817933,60.0
64800,3406.3235507144714,1.0145647513548566,60.0
64801,3406.324245158916,1.01529751668702,60.0
64802,3406.3249396033602,1.0138435127519367,60.0
64803,3406.3256340478047,1.0145582853925867,60.0
64804,3406.326328492249,1.0158522962619598,60.0
64805,3406.3270229366935,1.01618128382552,60.0
64806,3406.327717381138,1.0152888251138767,60.0
64807,3406.3284118255824,1.0149199597301166,60.0
64808,3406.329106270027,1.01510193459339,60.0
64809,3406.3298007144713,1.01425978695336,60.0
64810,3406.3304951589157,1.01388498384574,60.0
64811,3406.33118960336,1.0136864695188834,60.0
64812,3406.3318840478046,1.0150352010546266,60.0
64813,3406.332578492249,1.0147276984927733,60.0
64814,3406.3332729366934,1.0153739650589066,60.0
64815,3406.333967381138,1.0150030526862668,60.0
64816,3406.3346618255823,1.0147136977403501,60.0
64817,3406.3353562700268,1.0150762076085433,60.0
64818,3406.336050714471,1.0140761389658401,60.0
64819,3406.3367451589156,1.0147710046224467,60.0
64820,3406.33743960336,1.0147814451230932,60.0
64821,3406.3381340478045,1.01453070928824,60.0
64822,3406.338828492249,1.0149591784100567,60.0
64823,3406.3395229366934,1.0141759404277033,60.0
64824,3406.340217381138,1.0147703207061032,60.0
64825,3406.340911825582,1.0150664203845567,60.0
64826,3406.3416062700267,1.014216217920335,60.0
64827,3406.342300714471,1.0151709688993633,60.0
64828,3406.3429951589155,1.0144076115982201,60.0
64829,3406.34368960336,1.0158795687560669,60.0
64830,3406.3443840478044,1.0157173349048698,60.0
64831,3406.345078492249,1.0146143877302398,60.0
64832,3406.3457729366933,1.0158777815708266,60.0
64833,3406.3464673811377,1.0150257528599431,60.0
64834,3406.347161825582,1.01526232308127,60.0
64835,3406.3478562700266,1.0153192960947865,60.0
64836,3406.348550714471,1.0157168404510901,60.0
64837,3406.3492451589154,1.0148575237703568,60.0
64838,3406.34993960336,1.0143509350102633,60.0
64839,3406.3506340478043,1.0152714776869467,60.0
64840,3406.3513284922487,1.0138452149302999,60.0
64841,3406.352022936693,1.0144993275078302,60.0
64842,3406.3527173811376,1.01419207082033,60.0
64843,3406.353411825582,1.0149278817972434,60.0
64844,3406.3541062700265,1.0145953843830433,60.0
64845,3406.354800714471,1.0143036065058066,60.0
64846,3406.3554951589153,1.01551362867692,60.0
64847,3406.35618960336,1.0150659717209567,60.0
64848,3406.356884047804,1.0143574127112,60.0
64849,3406.3575784922486,1.0152201619658332,60.0
64850,3406.358272936693,1.01449618293229,60.0
64851,3406.3589673811375,1.01438494217862,60.0
64852,3406.359661825582,1.0151508866854735,60.0
64853,3406.3603562700264,1.01449429190167,60.0
64854,3406.361050714471,1.01454814089843,60.0
64855,3406.3617451589153,1.0152527396837234,60.0
64856,3406.3624396033597,1.0151791795314835,60.0
64857,3406.363134047804,1.014757621933735,60.0
64858,3406.3638284922486,1.0151474469578232,60.0
64859,3406.364522936693,1.0146046628390566,60.0
64860,3406.3652173811374,1.0149039871640533,60.0
64861,3406.365911825582,1.01516825380385,60.0
64862,3406.3666062700263,1.0152938063135435,60.0
64863,3406.3673007144707,1.01474098401396,60.0
64864,3406.367995158915,1.0145461437375867,60.0
64865,3406.3686896033596,1.0146881354448167,60.0
64866,3406.369384047804,1.0153618137492202,60.0
64867,3406.3700784922485,1.0153632981741252,60.0
64868,3406.370772936693,1.0142652148598534,60.0
64869,3406.3714673811373,1.0157012879489766,60.0
64870,3406.3721618255818,1.0155758372843235,60.0
64871,3406.372856270026,1.01451098981231,60.0
64872,3406.3735507144706,1.014235449924943,60.0
64873,3406.374245158915,1.0151431076795232,60.0
64874,3406.3749396033595,1.0153825861831598,60.0
64875,3406.375634047804,1.0153974376666,60.0
64876,3406.3763284922484,1.01500211146847,60.0
64877,3406.377022936693,1.0145646839529634,60.0
64878,3406.3777173811372,1.0149554844995368,60.0
64879,3406.3784118255817,1.0145678609068767,60.0
64880,3406.379106270026,1.01521884166033,60.0
64881,3406.3798007144705,1.0151841969860167,60.0
64882,3406.380495158915,1.0140397715185034,60.0
64883,3406.3811896033594,1.01505985736262,60.0
64884,3406.381884047804,1.0142441708494367,60.0
64885,3406.3825784922483,1.0149613064029166,60.0
64886,3406.3832729366927,1.0150388603327933,60.0
64887,3406.383967381137,1.0158219962130366,60.0
64888,3406.3846618255816,1.0136813927746966,60.0
64889,3406.385356270026,1.0150747658413066,60.0
64890,3406.3860507144705,1.0155870125201334,60.0
64891,3406.386745158915,1.0140310101491667,60.0
64892,3406.3874396033593,1.0156616298138268,60.0
64893,3406.3881340478038,1.0148342704477,60.0
64894,3406.388828492248,1.0140395324424833,60.0
64895,3406.3895229366926,1.01517349754127,60.0
64896,3406.390217381137,1.0138902002567567,60.0
64897,3406.3909118255815,1.0143043980536133,60.0
64898,3406.391606270026,1.0141503289286602,60.0
64899,3406.3923007144704,1.01429461334768,60.0
64900,3406.392995158915,1.014533805462875,60.0
64901,3406.3936896033592,1.0146484649855967,60.0
64902,3406.3943840478037,1.0150292474762599,60.0
64903,3406.395078492248,1.01522299942301,60.0
64904,3406.3957729366925,1.0141772150607267,60.0
64905,3406.396467381137,1.0148083798129601,60.0
64906,3406.3971618255814,1.01554163367728,60.0
64907,3406.397856270026,1.0151209697056967,60.0
64908,3406.3985507144703,1.0147711988453167,60.0
64909,3406.3992451589147,1.0145275013806099,60.0
64910,3406.399939603359,1.01467001891511,60.0
64911,3406.4006340478036,1.0147142520529433,60.0
64912,3406.401328492248,1.0154984990632352,60.0
64913,3406.4020229366924,1.0162764167461031,60.0
64914,3406.402717381137,1.0153725304796966,60.0
64915,3406.4034118255813,1.0132954208701432,60.0
64916,3406.4041062700257,1.01411610109975,60.0
64917,3406.40480071447,1.0134674584804466,60.0
64918,3406.4054951589146,1.0147819967813032,60.0
64919,3406.406189603359,1.01390487820242,60.0
64920,3406.4068840478035,1.0145389468496433,60.0
64921,3406.407578492248,1.0148696413566733,60.0
64922,3406.4082729366924,1.0135794198745065,60.0
64923,3406.408967381137,1.0143884894616866,60.0
64924,3406.409661825581,1.0144020859124134,60.0
64925,3406.4103562700257,1.01561449071683,60.0
64926,3406.41105071447,1.0151439756440999,60.0
64927,3406.4117451589145,1.01474951223891,60.0
64928,3406.412439603359,1.0158953321499602,60.0
64929,3406.4131340478034,1.01590959074967,60.0
64930,3406.413828492248,1.0158173588615467,60.0
64931,3406.4145229366923,1.0151955893209033,60.0
64932,3406.4152173811367,1.0148078516914534,60.0
64933,3406.415911825581,1.014933618196995,60.0
64934,3406.4166062700256,1.01479030960142,60.0
64935,3406.41730071447,1.014766641566085,60.0
64936,3406.4179951589144,1.0153406940514935,60.0
64937,3406.418689603359,1.01465982187385,60.0
64938,3406.4193840478033,1.0147773136441034,60.0
64939,3406.4200784922477,1.0156304983555167,60.0
64940,3406.420772936692,1.0155299127517432,60.0
64941,3406.4214673811366,1.0152429472222033,60.0
64942,3406.422161825581,1.0136536685250366,60.0
64943,3406.4228562700255,1.0157016888722301,60.0
64944,3406.42355071447,1.0142614034569,60.0
64945,3406.4242451589143,1.0137957599377698,60.0
64946,3406.424939603359,1.01499588822119,60.0
64947,3406.425634047803,1.01466155128851,60.0
64948,3406.4263284922476,1.0147960635483166,60.0
64949,3406.427022936692,1.0146353208919632,60.0
64950,3406.4277173811365,1.014496434223365,60.0
64951,3406.428411825581,1.0146967385630068,60.0
64952,3406.4291062700254,1.0142248015631734,60.0
64953,3406.42980071447,1.01493558438396,60.0
64954,3406.4304951589143,1.0144301054814733,60.0
64955,3406.4311896033587,1.0152942030346666,60.0
64956,3406.431884047803,1.0149747500578667,60.0
64957,3406.4325784922476,1.01459886090845,60.0
64958,3406.433272936692,1.0137949565902231,60.0
64959,3406.4339673811364,1.01513023485526,60.0
64960,3406.434661825581,1.01606157373193,60.0
64961,3406.4353562700253,1.0144974472477932,60.0
64962,3406.4360507144697,1.01455909661867,60.0
64963,3406.436745158914,1.0150743659665666,60.0
64964,3406.4374396033586,1.0150835104157334,60.0
64965,3406.438134047803,1.0151312226767366,60.0
64966,3406.4388284922475,1.0145875801464068,60.0
64967,3406.439522936692,1.01503769035424,60.0
64968,3406.4402173811363,1.0148299708963933,60.0
64969,3406.4409118255808,1.0151439859327767,60.0
64970,3406.441606270025,1.014840898604445,60.0
64971,3406.4423007144696,1.0153445419426201,60.0
64972,3406.442995158914,1.0155489270800533,60.0
64973,3406.4436896033585,1.01546585693087,60.0
64974,3406.444384047803,1.01428730312189,60.0
64975,3406.4450784922474,1.0138539413821532,60.0
64976,3406.445772936692,1.0160790146949068,60.0
64977,3406.4464673811362,1.015264804784485,60.0
64978,3406.4471618255807,1.01436940779927,60.0
64979,3406.447856270025,1.0158293734650334,60.0
64980,3406.4485507144695,1.0146175303482565,60.0
64981,3406.449245158914,1.0157827095820868,60.0
64982,3406.4499396033584,1.0148565308343,60.0
64983,3406.450634047803,1.0148172669483033,60.0
64984,3406.4513284922473,1.0152096038043998,60.0
64985,3406.4520229366917,1.01548241804271,60.0
64986,3406.452717381136,1.0151666475170231,60.0
64987,3406.4534118255806,1.0153741190224301,60.0
64988,3406.454106270025,1.0146030744135333,60.0
64989,3406.4548007144695,1.0159580907401031,60.0
64990,3406.455495158914,1.0142263622368233,60.0
64991,3406.4561896033583,1.0154683813535166,60.0
64992,3406.4568840478028,1.01558123654556,60.0
64993,3406.457578492247,1.0148157518226169,60.0
64994,3406.4582729366916,1.016020917534613,60.0
64995,3406.458967381136,1.01557941308247,60.0
64996,3406.4596618255805,1.01646183996692,60.0
64997,3406.460356270025,1.0154869939581732,60.0
64998,3406.4610507144694,1.0154927168354835,60.0
64999,3406.461745158914,1.01511358219768,60.0
65000,3406.4624396033582,1.01513980658371,60.0
65001,3406.4631340478027,1.0150416988495967,60.0
65002,3406.463828492247,1.01519046568466,60.0
65003,3406.4645229366915,1.01446598123031,60.0
65004,3406.465217381136,1.015020975941865,60.0
65005,3406.4659118255804,1.01502451283133,60.0
65006,3406.466606270025,1.01551592748228,60.0
65007,3406.4673007144693,1.01477261295703,60.0
65008,3406.4679951589137,1.01425877159776,60.0
65009,3406.468689603358,1.01527161002841,60.0
65010,3406.4693840478026,1.0152141869805165,60.0
65011,3406.470078492247,1.0154101962056232,60.0
65012,3406.4707729366914,1.0147609622101765,60.0
65013,3406.471467381136,1.0145475558996466,60.0
65014,3406.4721618255803,1.0149287182965165,60.0
65015,3406.4728562700247,1.015294444664807,60.0
65016,3406.473550714469,1.0156267863873198,60.0
65017,3406.4742451589136,1.0148033911734133,60.0
65018,3406.474939603358,1.0150807287907766,60.0
65019,3406.4756340478025,1.0152286125030667,60.0
65020,3406.476328492247,1.0155708335407665,60.0
65021,3406.4770229366914,1.0155800526632932,60.0
65022,3406.477717381136,1.0156189990060767,60.0
65023,3406.47841182558,1.0151097161253333,60.0
65024,3406.4791062700247,1.0147688696541166,60.0
65025,3406.479800714469,1.0153287863913467,60.0
65026,3406.4804951589135,1.0151342712379299,60.0
65027,3406.481189603358,1.0145673568945532,60.0
65028,3406.4818840478024,1.0151291383415533,60.0
65029,3406.482578492247,1.0158261736973366,60.0
65030,3406.4832729366913,1.0154204165544198,60.0
65031,3406.4839673811357,1.0146978467494467,60.0
65032,3406.48466182558,1.01551855967917,60.0
65033,3406.4853562700246,1.0148534818155335,60.0
65034,3406.486050714469,1.0158512285930799,60.0
65035,3406.4867451589134,1.01457566683545,60.0
65036,3406.487439603358,1.0145570060299234,60.0
65037,3406.4881340478023,1.0149603699767302,60.0
65038,3406.4888284922467,1.01585479720589,60.0
65039,3406.489522936691,1.0144010561122467,60.0
65040,3406.4902173811356,1.0152972998619167,60.0
65041,3406.49091182558,1.014901114028283,60.0
65042,3406.4916062700245,1.0153144991132999,60.0
65043,3406.492300714469,1.0145955472223,60.0
65044,3406.4929951589133,1.0152302982293133,60.0
65045,3406.493689603358,1.0148870855901166,60.0
65046,3406.494384047802,1.0154351889271866,60.0
65047,3406.4950784922466,1.0152671624959033,60.0
65048,3406.495772936691,1.015146762848283,60.0
65049,3406.4964673811355,1.0147408130522502,60.0
65050,3406.49716182558,1.0147893867186533,60.0
65051,3406.4978562700244,1.01521128490897,60.0
65052,3406.498550714469,1.0139215574283498,60.0
65053,3406.4992451589133,1.0146642192151034,60.0
65054,3406.4999396033577,1.01528616355328,60.0
65055,3406.500634047802,1.01497451336492,60.0
65056,3406.5013284922466,1.0153231969753136,60.0
65057,3406.502022936691,1.0147650925947433,60.0
65058,3406.5027173811354,1.0150274808895,60.0
65059,3406.50341182558,1.0142100494415967,60.0
65060,3406.5041062700243,1.0149152896059934,60.0
65061,3406.5048007144687,1.0149633193730734,60.0
65062,3406.505495158913,1.0148221314510668,60.0
65063,3406.5061896033576,1.01583143872098,60.0
65064,3406.506884047802,1.0154630179176964,60.0
65065,3406.5075784922465,1.0152768764607467,60.0
65066,3406.508272936691,1.0146492620549166,60.0
65067,3406.5089673811353,1.0143211404222365,60.0
65068,3406.5096618255798,1.0148278157112867,60.0
65069,3406.510356270024,1.0148887171325198,60.0
65070,3406.5110507144686,1.01555795391328,60.0
65071,3406.511745158913,1.0146551456647666,60.0
65072,3406.5124396033575,1.01410794001685,60.0
65073,3406.513134047802,1.013794967740735,60.0
65074,3406.5138284922464,1.01591859775569,60.0
65075,3406.514522936691,1.0152189422233266,60.0
65076,3406.5152173811352,1.0150894317282932,60.0
65077,3406.5159118255797,1.0140560342381002,60.0
65078,3406.516606270024,1.0143667741248799,60.0
65079,3406.5173007144685,1.0155557848744465,60.0
65080,3406.517995158913,1.0144810510315532,60.0
65081,3406.5186896033574,1.01528489622371,60.0
65082,3406.519384047802,1.0147297718034298,60.0
65083,3406.5200784922463,1.0169720777234834,60.0
65084,3406.5207729366907,1.01436904326022,60.0
65085,3406.521467381135,1.0154984017710003,60.0
65086,3406.5221618255796,1.0141947220748266,60.0
65087,3406.522856270024,1.0148808031181333,60.0
65088,3406.5235507144685,1.0135981480428866,60.0
65089,3406.524245158913,1.0144031521659869,60.0
65090,3406.5249396033573,1.0160945444602565,60.0
65091,3406.5256340478018,1.0158620273062466,60.0
65092,3406.526328492246,1.0147655049566433,60.0
65093,3406.5270229366906,1.0141871547986,60.0
65094,3406.527717381135,1.0148176112733451,60.0
65095,3406.5284118255795,1.0149015204238034,60.0
65096,3406.529106270024,1.0148186121823533,60.0
65097,3406.5298007144684,1.0149120390268767,60.0
65098,3406.530495158913,1.01484543995278,60.0
65099,3406.5311896033572,1.0150758647185434,60.0
65100,3406.5318840478017,1.0138766825997467,60.0
65101,3406.532578492246,1.0133251538207233,60.0
65102,3406.5332729366905,1.01402908728406,60.0
65103,3406.533967381135,1.0154491921762634,60.0
65104,3406.5346618255794,1.0145072011223666,60.0
65105,3406.535356270024,1.0143998432037769,60.0
65106,3406.5360507144683,1.0145906070591233,60.0
65107,3406.5367451589127,1.0139202662269102,60.0
65108,3406.537439603357,1.0156114103876166,60.0
65109,3406.5381340478016,1.0137523613903603,60.0
65110,3406.538828492246,1.01419906884158,60.0
65111,3406.5395229366904,1.0144705086033434,60.0
65112,3406.540217381135,1.01517448539337,60.0
65113,3406.5409118255793,1.0142409376595432,60.0
65114,3406.5416062700237,1.0153463044516198,60.0
65115,3406.542300714468,1.0146549967637133,60.0
65116,3406.5429951589126,1.01490930494478,60.0
65117,3406.543689603357,1.0157072125055633,60.0
65118,3406.5443840478015,1.0145357483055166,60.0
65119,3406.545078492246,1.0147572281266166,60.0
65120,3406.5457729366904,1.0148413044198135,60.0
65121,3406.546467381135,1.0148977762416,60.0
65122,3406.547161825579,1.0150974726991033,60.0
65123,3406.5478562700237,1.014148472888473,60.0
65124,3406.548550714468,1.0148302839711567,60.0
65125,3406.5492451589125,1.01486235162616,60.0
65126,3406.549939603357,1.0147803382756502,60.0
65127,3406.5506340478014,1.0159963174030233,60.0
65128,3406.551328492246,1.0153777012491634,60.0
65129,3406.5520229366903,1.0137109884888467,60.0
65130,3406.5527173811347,1.0146915988285967,60.0
65131,3406.553411825579,1.0149386794565365,60.0
65132,3406.5541062700236,1.0149417509693466,60.0
65133,3406.554800714468,1.0137993762344666,60.0
65134,3406.5554951589124,1.0156585558600468,60.0
65135,3406.556189603357,1.0137446170054332,60.0
65136,3406.5568840478013,1.0139594884320233,60.0
65137,3406.5575784922457,1.0136759221357534,60.0
65138,3406.55827293669,1.0147875774445667,60.0
65139,3406.5589673811346,1.0138948631963798,60.0
65140,3406.559661825579,1.0146145041484467,60.0
65141,3406.5603562700235,1.01436343709487,60.0
65142,3406.561050714468,1.0143691995745032,60.0
65143,3406.5617451589123,1.0159479630306067,60.0
65144,3406.562439603357,1.01402732704879,60.0
65145,3406.563134047801,1.014013247705525,60.0
65146,3406.5638284922456,1.0139511619871167,60.0
65147,3406.56452293669,1.0143719137971432,60.0
65148,3406.5652173811345,1.01382845007209,60.0
65149,3406.565911825579,1.0145358128926534,60.0
65150,3406.5666062700234,1.0145353668019566,60.0
65151,3406.567300714468,1.0143149237407734,60.0
65152,3406.5679951589123,1.013982708973445,60.0
65153,3406.5686896033567,1.0144854501342533,60.0
65154,3406.569384047801,1.0155464920509034,60.0
65155,3406.5700784922456,1.0141177549729534,60.0
65156,3406.57077293669,1.0141093184066834,60.0
65157,3406.5714673811344,1.0155472426893266,60.0
65158,3406.572161825579,1.0141459359033567,60.0
65159,3406.5728562700233,1.014489705410467,60.0
65160,3406.5735507144677,1.0146270184118267,60.0
65161,3406.574245158912,1.0148651857010667,60.0
65162,3406.5749396033566,1.0140589812335068,60.0
65163,3406.575634047801,1.0138587218042332,60.0
65164,3406.5763284922455,1.01418049709476,60.0
65165,3406.57702293669,1.01454962659507,60.0
65166,3406.5777173811343,1.0143086419678164,60.0
65167,3406.5784118255788,1.0147286532188466,60.0
65168,3406.579106270023,1.01430761189631,60.0
65169,3406.5798007144676,1.01590960741651,60.0
65170,3406.580495158912,1.0145278561377167,60.0
65171,3406.5811896033565,1.0150642032058999,60.0
65172,3406.581884047801,1.0144814199539667,60.0
65173,3406.5825784922454,1.0148668269924268,60.0
65174,3406.58327293669,1.0150335896371,60.0
65175,3406.5839673811342,1.014017660070915,60.0
65176,3406.5846618255787,1.0140357542120333,60.0
65177,3406.585356270023,1.0148563621636733,60.0
65178,3406.5860507144675,1.01383695643458,60.0
65179,3406.586745158912,1.0141322947346467,60.0
65180,3406.5874396033564,1.0135971956122434,60.0
65181,3406.588134047801,1.0141190165554033,60.0
65182,3406.5888284922453,1.0143382017884133,60.0
65183,3406.5895229366897,1.0136318479432431,60.0
65184,3406.590217381134,1.0139134736321767,60.0
65185,3406.5909118255786,1.0148085326013567,60.0
65186,3406.591606270023,1.0142724021734066,60.0
65187,3406.5923007144675,1.0134671548788035,60.0
65188,3406.592995158912,1.0137517190834167,60.0
65189,3406.5936896033563,1.01455997159797,60.0
65190,3406.5943840478008,1.01518482679049,60.0
65191,3406.595078492245,1.0145021361755968,60.0
65192,3406.5957729366896,1.01526340046071,60.0
65193,3406.596467381134,1.0137602789003368,60.0
65194,3406.5971618255785,1.0141273547352634,60.0
65195,3406.597856270023,1.0147213205240666,60.0
65196,3406.5985507144674,1.0137756266273934,60.0
65197,3406.599245158912,1.0154469616269532,60.0
65198,3406.5999396033562,1.0131861087753633,60.0
65199,3406.6006340478007,1.01539492041575,60.0
65200,3406.601328492245,1.01398649128444,60.0
65201,3406.6020229366895,1.0146111671458733,60.0
65202,3406.602717381134,1.0135201372135167,60.0
65203,3406.6034118255784,1.0148627514076167,60.0
65204,3406.604106270023,1.0147171907740866,60.0
65205,3406.6048007144673,1.0139510742261402,60.0
65206,3406.6054951589117,1.0137466434828932,60.0
65207,3406.606189603356,1.01454239476147,60.0
65208,3406.6068840478006,1.01454688085589,60.0
65209,3406.607578492245,1.0143245499732767,60.0
65210,3406.6082729366894,1.0139866034206333,60.0
65211,3406.608967381134,1.0142935597261233,60.0
65212,3406.6096618255783,1.0135257419028634,60.0
65213,3406.6103562700227,1.0139050815691233,60.0
65214,3406.611050714467,1.0140985882522033,60.0
65215,3406.6117451589116,1.01473235421617,60.0
65216,3406.612439603356,1.0133972484896667,60.0
65217,3406.6131340478005,1.013536816088165,60.0
65218,3406.613828492245,1.0144978644672966,60.0
65219,3406.6145229366894,1.0148737109419799,60.0
65220,3406.615217381134,1.0144610040917001,60.0
65221,3406.615911825578,1.013540836660595,60.0
65222,3406.6166062700227,1.0138805757470333,60.0
65223,3406.617300714467,1.0136492469278868,60.0
65224,3406.6179951589115,1.0141844433282599,60.0
65225,3406.618689603356,1.0145377508201534,60.0
65226,3406.6193840478004,1.0139836978287435,60.0
65227,3406.620078492245,1.0142866215798734,60.0
65228,3406.6207729366893,1.0144295067856333,60.0
65229,3406.6214673811337,1.01424246551476,60.0
65230,3406.622161825578,1.0149768668072068,60.0
65231,3406.6228562700226,1.0142498006189433,60.0
65232,3406.623550714467,1.0142923806133766,60.0
65233,3406.6242451589114,1.0149502269831234,60.0
65234,3406.624939603356,1.0141424319834567,60.0
65235,3406.6256340478003,1.0141865350022101,60.0
65236,3406.6263284922447,1.014611505126923,60.0
65237,3406.627022936689,1.01464854115305,60.0
65238,3406.6277173811336,1.0148319501616234,60.0
65239,3406.628411825578,1.014425957992965,60.0
65240,3406.6291062700225,1.01396153540102,60.0
65241,3406.629800714467,1.0143336087415833,60.0
65242,3406.6304951589113,1.0139891458775168,60.0
65243,3406.631189603356,1.01432866665163,60.0
65244,3406.6318840478,1.0142571673457734,60.0
65245,3406.6325784922446,1.0137939804098766,60.0
65246,3406.633272936689,1.0135795413390032,60.0
65247,3406.6339673811335,1.0149146835737766,60.0
65248,3406.634661825578,1.01551695635499,60.0
65249,3406.6353562700224,1.0148695480004968,60.0
65250,3406.636050714467,1.0138745408261933,60.0
65251,3406.6367451589113,1.0143563158919935,60.0
65252,3406.6374396033557,1.0136807737168267,60.0
65253,3406.6381340478,1.0151404460913467,60.0
65254,3406.6388284922446,1.0148381874169068,60.0
65255,3406.639522936689,1.01417913274214,60.0
65256,3406.6402173811334,1.01492532773479,60.0
65257,3406.640911825578,1.0134575032305533,60.0
65258,3406.6416062700223,1.01412212961706,60.0
65259,3406.6423007144667,1.0146144396741599,60.0
65260,3406.642995158911,1.01474993269397,60.0
65261,3406.6436896033556,1.0138360096268033,60.0
65262,3406.6443840478,1.0134529842722433,60.0
65263,3406.6450784922445,1.0135832434075098,60.0
65264,3406.645772936689,1.0138349115254,60.0
65265,3406.6464673811333,1.0139305469939035,60.0
65266,3406.6471618255778,1.0138808471979732,60.0
65267,3406.647856270022,1.0144622912481633,60.0
65268,3406.6485507144666,1.0143806431979767,60.0
65269,3406.649245158911,1.0142395660026802,60.0
65270,3406.6499396033555,1.0145019363246435,60.0
65271,3406.6506340478,1.0148042968946367,60.0
65272,3406.6513284922444,1.0141739516206734,60.0
65273,3406.652022936689,1.0133075397030067,60.0
65274,3406.6527173811332,1.0140572263412866,60.0
65275,3406.6534118255777,1.0137284359975067,60.0
65276,3406.654106270022,1.0141775942928868,60.0
65277,3406.6548007144665,1.0152189158630665,60.0
65278,3406.655495158911,1.0140932816421466,60.0
65279,3406.6561896033554,1.01444625504167,60.0
65280,3406.6568840478,1.01425838088879,60.0
65281,3406.6575784922443,1.0129705272286234,60.0
65282,3406.6582729366887,1.0137051528178267,60.0
65283,3406.658967381133,1.0140542718292633,60.0
65284,3406.6596618255776,1.0148175762700566,60.0
65285,3406.660356270022,1.0142257046447134,60.0
65286,3406.6610507144665,1.0151311173681667,60.0
65287,3406.661745158911,1.0131828780458731,60.0
65288,3406.6624396033553,1.01404155371145,60.0
65289,3406.6631340477998,1.0142927127491532,60.0
65290,3406.663828492244,1.0144478233771166,60.0
65291,3406.6645229366886,1.0122843782345632,60.0
65292,3406.665217381133,1.0136144418488833,60.0
65293,3406.6659118255775,1.0147290930208233,60.0
65294,3406.666606270022,1.01498530380454,60.0
65295,3406.6673007144664,1.01309198439279,60.0
65296,3406.667995158911,1.0144102889427034,60.0
65297,3406.6686896033552,1.0139122815480766,60.0
65298,3406.6693840477997,1.01299042740881,60.0
65299,3406.670078492244,1.0140175033926135,60.0
65300,3406.6707729366885,1.0144804127279734,60.0
65301,3406.671467381133,1.01374838663877,60.0
65302,3406.6721618255774,1.01462679066205,60.0
65303,3406.672856270022,1.0130812909632232,60.0
65304,3406.6735507144663,1.0138923784587035,60.0
65305,3406.6742451589107,1.01479780048151,60.0
65306,3406.674939603355,1.0142096218863432,60.0
65307,3406.6756340477996,1.0126709880428766,60.0
65308,3406.676328492244,1.0141531145647233,60.0
65309,3406.6770229366884,1.0141653037467433,60.0
65310,3406.677717381133,1.0138705589181534,60.0
65311,3406.6784118255773,1.01330056033858,60.0
65312,3406.6791062700217,1.0145081772029867,60.0
65313,3406.679800714466,1.0136886669704466,60.0
65314,3406.6804951589106,1.0131935405315233,60.0
65315,3406.681189603355,1.0145298620077434,60.0
65316,3406.6818840477995,1.0139160205721065,60.0
65317,3406.682578492244,1.0130999967883267,60.0
65318,3406.6832729366884,1.0141294027622967,60.0
65319,3406.683967381133,1.014743754210525,60.0
65320,3406.684661825577,1.0139621607068998,60.0
65321,3406.6853562700217,1.0139923674364766,60.0
65322,3406.686050714466,1.01425831359342,60.0
65323,3406.6867451589105,1.0130012917637066,60.0
65324,3406.687439603355,1.0139815903554867,60.0
65325,3406.6881340477994,1.0136714295132598,60.0
65326,3406.688828492244,1.0123904918275166,60.0
65327,3406.6895229366883,1.0142205752642333,60.0
65328,3406.6902173811327,1.0139922340129632,60.0
65329,3406.690911825577,1.0144806761159433,60.0
65330,3406.6916062700216,1.0132845327053934,60.0
65331,3406.692300714466,1.0140390427362334,60.0
65332,3406.6929951589104,1.01364968913997,60.0
65333,3406.693689603355,1.0131232125241967,60.0
65334,3406.6943840477993,1.0138590961237701,60.0
65335,3406.6950784922437,1.0136432623064666,60.0
65336,3406.695772936688,1.0136933504216399,60.0
65337,3406.6964673811326,1.01359181929207,60.0
65338,3406.697161825577,1.0141916942482367,60.0
65339,3406.6978562700215,1.0138779027674967,60.0
65340,3406.698550714466,1.0143403486998535,60.0
65341,3406.6992451589103,1.01438858215852,60.0
65342,3406.699939603355,1.01346585832883,60.0
65343,3406.700634047799,1.0135140648630734,60.0
65344,3406.7013284922436,1.0134064618710399,60.0
65345,3406.702022936688,1.01242147703352,60.0
65346,3406.7027173811325,1.012734394644355,60.0
65347,3406.703411825577,1.0138694203599468,60.0
65348,3406.7041062700214,1.01394985019962,60.0
65349,3406.704800714466,1.0137929278330666,60.0
65350,3406.7054951589103,1.0130507634248433,60.0
65351,3406.7061896033547,1.0141957672469635,60.0
65352,3406.706884047799,1.0141523648591269,60.0
65353,3406.7075784922436,1.0130174518340833,60.0
65354,3406.708272936688,1.01402630446011,60.0
65355,3406.7089673811324,1.0140987562010666,60.0
65356,3406.709661825577,1.0139605313400033,60.0
65357,3406.7103562700213,1.0128539941246066,60.0
65358,3406.7110507144657,1.0137688770917335,60.0
65359,3406.71174515891,1.0134412290153534,60.0
65360,3406.7124396033546,1.0131490733288568,60.0
65361,3406.713134047799,1.01403079479452,60.0
65362,3406.7138284922435,1.0139304742386768,60.0
65363,3406.714522936688,1.0125893520056,60.0
65364,3406.7152173811323,1.0133977458151266,60.0
65365,3406.7159118255768,1.01392360218919,60.0
65366,3406.716606270021,1.013405679012357,60.0
65367,3406.7173007144656,1.0139839648044267,60.0
65368,3406.71799515891,1.01310919698993,60.0
65369,3406.7186896033545,1.01420492890238,60.0
65370,3406.719384047799,1.0133557070717367,60.0
65371,3406.7200784922434,1.01318266747451,60.0
65372,3406.720772936688,1.0138395450490234,60.0
65373,3406.7214673811322,1.0134976273566834,60.0
65374,3406.7221618255767,1.0133367772363935,60.0
65375,3406.722856270021,1.0131765161062267,60.0
65376,3406.7235507144655,1.0133097027111901,60.0
65377,3406.72424515891,1.0131501856209533,60.0
65378,3406.7249396033544,1.0141653254291967,60.0
65379,3406.725634047799,1.0132719941842334,60.0
65380,3406.7263284922433,1.01292365169803,60.0
65381,3406.7270229366877,1.0130485040036132,60.0
65382,3406.727717381132,1.0129868010454965,60.0
65383,3406.7284118255766,1.0130131012952102,60.0
65384,3406.729106270021,1.0137572750722568,60.0
65385,3406.7298007144655,1.0140237768263767,60.0
65386,3406.73049515891,1.0133913849692133,60.0
65387,3406.7311896033543,1.0122154392826799,60.0
65388,3406.7318840477988,1.0139073749640868,60.0
65389,3406.732578492243,1.0135044385546967,60.0
65390,3406.7332729366876,1.0134179894443298,60.0
65391,3406.733967381132,1.0139718820920367,60.0
65392,3406.7346618255765,1.01296259882644,60.0
65393,3406.735356270021,1.0138486016268435,60.0
65394,3406.7360507144654,1.012570118614147,60.0
65395,3406.73674515891,1.0130599106294966,60.0
65396,3406.7374396033542,1.01348550716246,60.0
65397,3406.7381340477987,1.0129828721836,60.0
65398,3406.738828492243,1.0130703666438334,60.0
65399,3406.7395229366875,1.0119963739676068,60.0
65400,3406.740217381132,1.0132526006578269,60.0
65401,3406.7409118255764,1.0138278176295765,60.0
65402,3406.741606270021,1.0128211753213534,60.0
65403,3406.7423007144653,1.0125791334175236,60.0
65404,3406.7429951589097,1.0126924551247434,60.0
65405,3406.743689603354,1.0125367400866636,60.0
65406,3406.7443840477986,1.01297227517531,60.0
65407,3406.745078492243,1.0137077271966868,60.0
65408,3406.7457729366874,1.0136219332869567,60.0
65409,3406.746467381132,1.0127838966566467,60.0
65410,3406.7471618255763,1.012978809736175,60.0
65411,3406.7478562700207,1.0127411207185901,60.0
65412,3406.748550714465,1.0126949947284167,60.0
65413,3406.7492451589096,1.0132074696300732,60.0
65414,3406.749939603354,1.0139331884801535,60.0
65415,3406.7506340477985,1.01357506607194,60.0
65416,3406.751328492243,1.01279882977886,60.0
65417,3406.7520229366874,1.0130728307857333,60.0
65418,3406.752717381132,1.01292614129002,60.0
65419,3406.753411825576,1.0128918218189733,60.0
65420,3406.7541062700207,1.01331276190054,60.0
65421,3406.754800714465,1.01333159433339,60.0
65422,3406.7554951589095,1.0128618189846101,60.0
65423,3406.756189603354,1.0129921982554067,60.0
65424,3406.7568840477984,1.01310731787207,60.0
65425,3406.757578492243,1.013534099015195,60.0
65426,3406.7582729366873,1.0127998846648298,60.0
65427,3406.7589673811317,1.01226724603635,60.0
65428,3406.759661825576,1.0143333334296034,60.0
65429,3406.7603562700206,1.0126202605868935,60.0
65430,3406.761050714465,1.0128193010008932,60.0
65431,3406.7617451589094,1.01252261067586,60.0
65432,3406.762439603354,1.0128934066705966,60.0
65433,3406.7631340477983,1.0143570336318135,60.0
65434,3406.7638284922427,1.01321073026653,60.0
65435,3406.764522936687,1.0121851347858701,60.0
65436,3406.7652173811316,1.0135328024424233,60.0
65437,3406.765911825576,1.0127515159416165,60.0
65438,3406.7666062700205,1.0140685208059348,60.0
65439,3406.767300714465,1.01300166840197,60.0
65440,3406.7679951589093,1.01317019998916,60.0
65441,3406.768689603354,1.0120474219836533,60.0
65442,3406.769384047798,1.01268767487101,60.0
65443,3406.7700784922426,1.0126888697474135,60.0
65444,3406.770772936687,1.0134443351128333,60.0
65445,3406.7714673811315,1.0127784054234399,60.0
65446,3406.772161825576,1.0120332372814136,60.0
65447,3406.7728562700204,1.0131095614006098,60.0
65448,3406.773550714465,1.0131401214806433,60.0
65449,3406.7742451589093,1.0124895521117567,60.0
65450,3406.7749396033537,1.0123307234161851,60.0
65451,3406.775634047798,1.0121959399509433,60.0
65452,3406.7763284922426,1.0128702341240434,60.0
65453,3406.777022936687,1.0126946685984402,60.0
65454,3406.7777173811314,1.012889015600993,60.0
65455,3406.778411825576,1.0127436347032635,60.0
65456,3406.7791062700203,1.01217156691251,60.0
65457,3406.7798007144647,1.0132678947957166,60.0
65458,3406.780495158909,1.01289340433276,60.0
65459,3406.7811896033536,1.0127649383791801,60.0
65460,3406.781884047798,1.0128982757235168,60.0
65461,3406.7825784922425,1.0124992475875567,60.0
65462,3406.783272936687,1.0132517817940834,60.0
65463,3406.7839673811313,1.0133733718317568,60.0
65464,3406.7846618255758,1.0130175627063236,60.0
65465,3406.78535627002,1.01325206811775,60.0
65466,3406.7860507144646,1.0127063519090835,60.0
65467,3406.786745158909,1.0138311756307468,60.0
65468,3406.7874396033535,1.012762125196475,60.0
65469,3406.788134047798,1.0125336979826667,60.0
65470,3406.7888284922424,1.01218902806734,60.0
65471,3406.789522936687,1.01298824608993,60.0
65472,3406.7902173811312,1.0130016783571734,60.0
65473,3406.7909118255757,1.0124908555790366,60.0
65474,3406.79160627002,1.0133424294012867,60.0
65475,3406.7923007144645,1.0134869800711301,60.0
65476,3406.792995158909,1.0121052841020532,60.0
65477,3406.7936896033534,1.0134841869308033,60.0
65478,3406.794384047798,1.0122860370247,60.0
65479,3406.7950784922423,1.0123787855358632,60.0
65480,3406.7957729366867,1.0125229923469599,60.0
65481,3406.796467381131,1.01206192607268,60.0
65482,3406.7971618255756,1.0125011713615002,60.0
65483,3406.79785627002,1.0130628556639134,60.0
65484,3406.7985507144645,1.01248935174854,60.0
65485,3406.799245158909,1.0131474391933368,60.0
65486,3406.7999396033533,1.0132341711453667,60.0
65487,3406.8006340477978,1.0130167038589868,60.0
65488,3406.801328492242,1.0119517674641598,60.0
65489,3406.8020229366866,1.0123288196334232,60.0
65490,3406.802717381131,1.0129043896892,60.0
65491,3406.8034118255755,1.0128901204396568,60.0
65492,3406.80410627002,1.0134694899423349,60.0
65493,3406.8048007144644,1.0127099380174032,60.0
65494,3406.805495158909,1.01303093699059,60.0
65495,3406.8061896033532,1.0133933990065536,60.0
65496,3406.8068840477977,1.01259570699655,60.0
65497,3406.807578492242,1.0118637832350135,60.0
65498,3406.8082729366865,1.01281734217266,60.0
65499,3406.808967381131,1.01158785863327,60.0
65500,3406.8096618255754,1.0124344647661268,60.0
65501,3406.81035627002,1.0140204185047468,60.0
65502,3406.8110507144643,1.0128736072190534,60.0
65503,3406.8117451589087,1.0124996316186465,60.0
65504,3406.812439603353,1.0127079640818233,60.0
65505,3406.8131340477976,1.01211556421566,60.0
65506,3406.813828492242,1.0126531324895767,60.0
65507,3406.8145229366864,1.0122943550873098,60.0
65508,3406.815217381131,1.0129542497036133,60.0
65509,3406.8159118255753,1.0130682731686298,60.0
65510,3406.8166062700197,1.0122124716996865,60.0
65511,3406.817300714464,1.0126042280291367,60.0
65512,3406.8179951589086,1.0132341153440265,60.0
65513,3406.818689603353,1.0117682630340534,60.0
65514,3406.8193840477975,1.0127761450109733,60.0
65515,3406.820078492242,1.0121554620349602,60.0
65516,3406.8207729366864,1.0117756714281765,60.0
65517,3406.821467381131,1.0118600400347832,60.0
65518,3406.822161825575,1.0129646021801502,60.0
65519,3406.8228562700197,1.0137301933702967,60.0
65520,3406.823550714464,1.01302216741969,60.0
65521,3406.8242451589085,1.0125220817539633,60.0
65522,3406.824939603353,1.01212784595072,60.0
65523,3406.8256340477974,1.0125974106288067,60.0
65524,3406.826328492242,1.0121072785435399,60.0
65525,3406.8270229366863,1.0131043004783298,60.0
65526,3406.8277173811307,1.0122665787727434,60.0
65527,3406.828411825575,1.0118972743570567,60.0
65528,3406.8291062700196,1.0131250776223732,60.0
65529,3406.829800714464,1.0133195535138366,60.0
65530,3406.8304951589084,1.0121745214316267,60.0
65531,3406.831189603353,1.01128922448303,60.0
65532,3406.8318840477973,1.01223322375634,60.0
65533,3406.8325784922417,1.012477566377883,60.0
65534,3406.833272936686,1.0127315314736502,60.0
65535,3406.8339673811306,1.01258842360727,60.0
65536,3406.834661825575,1.0118732283893868,60.0
65537,3406.8353562700195,1.01219548200252,60.0
65538,3406.836050714464,1.01247633431725,60.0
65539,3406.8367451589083,1.0120617319243765,60.0
65540,3406.837439603353,1.01145953153747,60.0
65541,3406.838134047797,1.0121363210736734,60.0
65542,3406.8388284922416,1.0125452674804365,60.0
65543,3406.839522936686,1.01328601039094,60.0
65544,3406.8402173811305,1.0120378867600799,60.0
65545,3406.840911825575,1.0134808954534034,60.0
65546,3406.8416062700194,1.0120410542860634,60.0
65547,3406.842300714464,1.0126901998313333,60.0
65548,3406.8429951589083,1.01196233217941,60.0
65549,3406.8436896033527,1.0126366725568,60.0
65550,3406.844384047797,1.0111837270572532,60.0
65551,3406.8450784922416,1.0114245403318967,60.0
65552,3406.845772936686,1.0124506927754464,60.0
65553,3406.8464673811304,1.01300871013492,60.0
65554,3406.847161825575,1.01216741720572,60.0
65555,3406.8478562700193,1.01205031487107,60.0
65556,3406.8485507144637,1.0123813689104433,60.0
65557,3406.849245158908,1.0129562413761268,60.0
65558,3406.8499396033526,1.0123489835379234,60.0
65559,3406.850634047797,1.0114204543369867,60.0
65560,3406.8513284922415,1.0120469351962433,60.0
65561,3406.852022936686,1.0127278705558733,60.0
65562,3406.8527173811303,1.0129637273995333,60.0
65563,3406.8534118255748,1.0115450003229867,60.0
65564,3406.854106270019,1.0113192678242033,60.0
65565,3406.8548007144636,1.01212617715019,60.0
65566,3406.855495158908,1.0124829135181868,60.0
65567,3406.8561896033525,1.0109547204053866,60.0
65568,3406.856884047797,1.01205509466256,60.0
65569,3406.8575784922414,1.0122632906314666,60.0
65570,3406.858272936686,1.01232624005511,60.0
65571,3406.8589673811302,1.0105965588210466,60.0
65572,3406.8596618255747,1.0119059205999068,60.0
65573,3406.860356270019,1.0130474579948967,60.0
65574,3406.8610507144635,1.0109920821976568,60.0
65575,3406.861745158908,1.01264784789776,60.0
65576,3406.8624396033524,1.0121704853617466,60.0
65577,3406.863134047797,1.01225465415604,60.0
65578,3406.8638284922413,1.0121843004807733,60.0
65579,3406.8645229366857,1.01239795571974,60.0
65580,3406.86521738113,1.0114642016631499,60.0
65581,3406.8659118255746,1.0114116555533865,60.0
65582,3406.866606270019,1.0117147780692368,60.0
65583,3406.8673007144635,1.0123005745332332,60.0
65584,3406.867995158908,1.0105846752931034,60.0
65585,3406.8686896033523,1.0117129989229035,60.0
65586,3406.8693840477968,1.0114142410047335,60.0
65587,3406.870078492241,1.012667511530105,60.0
65588,3406.8707729366856,1.0121800222997999,60.0
65589,3406.87146738113,1.0117096930540799,60.0
65590,3406.8721618255745,1.0123224097709367,60.0
65591,3406.872856270019,1.01166318463731,60.0
65592,3406.8735507144634,1.0118114070003668,60.0
65593,3406.874245158908,1.0126427037811065,60.0
65594,3406.8749396033522,1.0126172576464632,60.0
65595,3406.8756340477967,1.01204794146348,60.0
65596,3406.876328492241,1.0109179514263833,60.0
65597,3406.8770229366855,1.0123566432991902,60.0
65598,3406.87771738113,1.0124713601445634,60.0
65599,3406.8784118255744,1.0107945295533967,60.0
65600,3406.879106270019,1.0117965447275499,60.0
65601,3406.8798007144633,1.0114669795965834,60.0
65602,3406.8804951589077,1.0116638191443934,60.0
65603,3406.881189603352,1.0116880578751835,60.0
65604,3406.8818840477966,1.0120703164950666,60.0
65605,3406.882578492241,1.0126487578066867,60.0
65606,3406.8832729366854,1.0108737399215266,60.0
65607,3406.88396738113,1.0116554274250567,60.0
65608,3406.8846618255743,1.0112729005374232,60.0
65609,3406.8853562700187,1.0114632504121301,60.0
65610,3406.886050714463,1.011945606910485,60.0
65611,3406.8867451589076,1.01142333826333,60.0
65612,3406.887439603352,1.01169982200792,60.0
65613,3406.8881340477965,1.0117972782064866,60.0
65614,3406.888828492241,1.01111592066761,60.0
65615,3406.8895229366854,1.0120353197153735,60.0
65616,3406.89021738113,1.01096103815933,60.0
65617,3406.890911825574,1.0112367447123034,60.0
65618,3406.8916062700187,1.0109711997154,60.0
65619,3406.892300714463,1.0098867520685202,60.0
65620,3406.8929951589075,1.0111877372915201,60.0
65621,3406.893689603352,1.0116760535263234,60.0
65622,3406.8943840477964,1.0106343582026334,60.0
65623,3406.895078492241,1.0116790763161199,60.0
65624,3406.8957729366853,1.0116428943361966,60.0
65625,3406.8964673811297,1.0118829170486798,60.0
65626,3406.897161825574,1.0126561332999866,60.0
65627,3406.8978562700186,1.0123028924046034,60.0
65628,3406.898550714463,1.0112313551205399,60.0
65629,3406.8992451589074,1.01180118576939,60.0
65630,3406.899939603352,1.0120232484537466,60.0
65631,3406.9006340477963,1.0113893771690268,60.0
65632,3406.9013284922407,1.0114083001210268,60.0
65633,3406.902022936685,1.01102790447018,60.0
65634,3406.9027173811296,1.0124790817970533,60.0
65635,3406.903411825574,1.0113964007740435,60.0
65636,3406.9041062700185,1.0110680171059532,60.0
65637,3406.904800714463,1.0118470364980132,60.0
65638,3406.9054951589073,1.01246071511881,60.0
65639,3406.906189603352,1.0117398066718966,60.0
65640,3406.906884047796,1.0108924838237432,60.0
65641,3406.9075784922406,1.0106289391457433,60.0
65642,3406.908272936685,1.0111436498002602,60.0
65643,3406.9089673811295,1.01065886212287,60.0
65644,3406.909661825574,1.01197373029309,60.0
65645,3406.9103562700184,1.0118216285256567,60.0
65646,3406.911050714463,1.0114211665828767,60.0
65647,3406.9117451589073,1.0114225192248734,60.0
65648,3406.9124396033517,1.0106367447821067,60.0
65649,3406.913134047796,1.01158313003231,60.0
65650,3406.9138284922406,1.0112083250359334,60.0
65651,3406.914522936685,1.0109064938260401,60.0
65652,3406.9152173811294,1.0119178316276967,60.0
65653,3406.915911825574,1.0114401424644066,60.0
65654,3406.9166062700183,1.0112585477387401,60.0
65655,3406.9173007144627,1.01122128213386,60.0
65656,3406.917995158907,1.0110825814237534,60.0
65657,3406.9186896033516,1.0106455542180333,60.0
65658,3406.919384047796,1.0108860862844935,60.0
65659,3406.9200784922405,1.0115798679472368,60.0
65660,3406.920772936685,1.0108727873271202,60.0
65661,3406.9214673811293,1.0116936497077367,60.0
65662,3406.9221618255738,1.0118123378207031,60.0
65663,3406.922856270018,1.0109790730691068,60.0
65664,3406.9235507144626,1.0103445440406364,60.0
65665,3406.924245158907,1.01120934055358,60.0
65666,3406.9249396033515,1.0104554020919867,60.0
65667,3406.925634047796,1.01027141159098,60.0
65668,3406.9263284922404,1.0117442936478,60.0
65669,3406.927022936685,1.0107608271167232,60.0
65670,3406.9277173811292,1.0116844431820569,60.0
65671,3406.9284118255737,1.01102736299114,60.0
65672,3406.929106270018,1.0109558500062799,60.0
65673,3406.9298007144625,1.01160920356495,60.0
65674,3406.930495158907,1.0100653829316666,60.0
65675,3406.9311896033514,1.01103417381629,60.0
65676,3406.931884047796,1.0114475114563335,60.0
65677,3406.9325784922403,1.0123556221871635,60.0
65678,3406.9332729366847,1.0104468091815868,60.0
65679,3406.933967381129,1.0111875489069966,60.0
65680,3406.9346618255736,1.0115906073224732,60.0
65681,3406.935356270018,1.0105857958445565,60.0
65682,3406.9360507144625,1.01041136794186,60.0
65683,3406.936745158907,1.0114530501540935,60.0
65684,3406.9374396033513,1.0108979450231301,60.0
65685,3406.9381340477958,1.01048605319357,60.0
65686,3406.93882849224,1.0101834003244965,60.0
65687,3406.9395229366846,1.0106638394053533,60.0
65688,3406.940217381129,1.0108085551170134,60.0
65689,3406.9409118255735,1.01013048020046,60.0
65690,3406.941606270018,1.0106727883568967,60.0
65691,3406.9423007144624,1.0107953028371666,60.0
65692,3406.942995158907,1.0109173269644567,60.0
65693,3406.9436896033512,1.0108788987582267,60.0
65694,3406.9443840477957,1.0100647674324865,60.0
65695,3406.94507849224,1.0113920582934266,60.0
65696,3406.9457729366845,1.0103912784502467,60.0
65697,3406.946467381129,1.0111339626773466,60.0
65698,3406.9471618255734,1.0114831640775233,60.0
65699,3406.947856270018,1.01145304462061,60.0
65700,3406.9485507144623,1.01096265809967,60.0
65701,3406.9492451589067,1.01071419424989,60.0
65702,3406.949939603351,1.0099190632430732,60.0
65703,3406.9506340477956,1.0114924890887167,60.0
65704,3406.95132849224,1.0108331665307768,60.0
65705,3406.9520229366844,1.0117932275598933,60.0
65706,3406.952717381129,1.0110978845143235,60.0
65707,3406.9534118255733,1.0105703111671633,60.0
65708,3406.9541062700177,1.0103677702164733,60.0
65709,3406.954800714462,1.012206846104775,60.0
65710,3406.9554951589066,1.0112656905246034,60.0
65711,3406.956189603351,1.01105420730635,60.0
65712,3406.9568840477955,1.0099443921031332,60.0
65713,3406.95757849224,1.01114399061368,60.0
65714,3406.9582729366844,1.0091987160152,60.0
65715,3406.958967381129,1.0110374758199365,60.0
65716,3406.959661825573,1.0114528558644666,60.0
65717,3406.9603562700177,1.0104150901019935,60.0
65718,3406.961050714462,1.0105993250792633,60.0
65719,3406.9617451589065,1.0111634863190935,60.0
65720,3406.962439603351,1.00994120898974,60.0
65721,3406.9631340477954,1.010892328197305,60.0
65722,3406.96382849224,1.01051784878042,60.0
65723,3406.9645229366843,1.0103659098118667,60.0
65724,3406.9652173811287,1.0101204715231697,60.0
65725,3406.965911825573,1.0102178595801332,60.0
65726,3406.9666062700176,1.0105146295932468,60.0
65727,3406.967300714462,1.0104348734356767,60.0
65728,3406.9679951589064,1.0107528709315465,60.0
65729,3406.968689603351,1.01036430733632,60.0
65730,3406.9693840477953,1.0100946209497301,60.0
65731,3406.9700784922397,1.0101353459111233,60.0
65732,3406.970772936684,1.01040558864045,60.0
65733,3406.9714673811286,1.01111216854999,60.0
65734,3406.972161825573,1.01126541368929,60.0
65735,3406.9728562700175,1.01054781391408,60.0
65736,3406.973550714462,1.0107889343661733,60.0
65737,3406.9742451589063,1.01165251643602,60.0
65738,3406.974939603351,1.0106113579879166,60.0
65739,3406.975634047795,1.0100991827753731,60.0
65740,3406.9763284922396,1.01031093087728,60.0
65741,3406.977022936684,1.01027955021402,60.0
65742,3406.9777173811285,1.0106051171764,60.0
65743,3406.978411825573,1.0105684886763433,60.0
65744,3406.9791062700174,1.0101614782413868,60.0
65745,3406.979800714462,1.010189626667895,60.0
65746,3406.9804951589063,1.0102212310526768,60.0
65747,3406.9811896033507,1.0107805880046434,60.0
65748,3406.981884047795,1.00925936036096,60.0
65749,3406.9825784922396,1.01059190883045,60.0
65750,3406.983272936684,1.0099647084612833,60.0
65751,3406.9839673811284,1.01056414363608,60.0
65752,3406.984661825573,1.01036814847816,60.0
65753,3406.9853562700173,1.0102189605468865,60.0
65754,3406.9860507144617,1.0110501254683966,60.0
65755,3406.986745158906,1.0105555677897733,60.0
65756,3406.9874396033506,1.0096679298141333,60.0
65757,3406.988134047795,1.0110986661838535,60.0
65758,3406.9888284922395,1.0093541744889567,60.0
65759,3406.989522936684,1.0104562362833134,60.0
65760,3406.9902173811283,1.0098027813643267,60.0
65761,3406.9909118255728,1.0104656907277934,60.0
65762,3406.991606270017,1.01010721300083,60.0
65763,3406.9923007144616,1.01098291655755,60.0
65764,3406.992995158906,1.0100804209385033,60.0
65765,3406.9936896033505,1.00998643196917,60.0
65766,3406.994384047795,1.0096182488075267,60.0
65767,3406.9950784922394,1.0104250359961267,60.0
65768,3406.995772936684,1.0098542392174865,60.0
65769,3406.9964673811282,1.0096335418655233,60.0
65770,3406.9971618255727,1.0098943038353465,60.0
65771,3406.997856270017,1.01051788392356,60.0
65772,3406.9985507144615,1.0103577533358366,60.0
65773,3406.999245158906,1.00970584354136,60.0
65774,3406.9999396033504,1.0110476957873133,60.0
65775,3407.000634047795,1.00949302884475,60.0
65776,3407.0013284922393,1.0102345629172067,60.0
65777,3407.0020229366837,1.0087915430107668,60.0
65778,3407.002717381128,1.0098409295119735,60.0
65779,3407.0034118255726,1.01016875350765,60.0
65780,3407.004106270017,1.0099826963351035,60.0
65781,3407.0048007144615,1.0102990348192034,60.0
65782,3407.005495158906,1.0106924037159901,60.0
65783,3407.0061896033503,1.0097936387745732,60.0
65784,3407.0068840477948,1.0098893392751733,60.0
65785,3407.007578492239,1.0095760869684733,60.0
65786,3407.0082729366836,1.0102402089826,60.0
65787,3407.008967381128,1.0090353861492165,60.0
65788,3407.0096618255725,1.0105501659320266,60.0
65789,3407.010356270017,1.0094943583701033,60.0
65790,3407.0110507144614,1.01069349075446,60.0
65791,3407.011745158906,1.0099004902339066,60.0
65792,3407.0124396033502,1.0110399733193833,60.0
65793,3407.0131340477947,1.0095156814080133,60.0
65794,3407.013828492239,1.0101590743320132,60.0
65795,3407.0145229366835,1.0100091632065733,60.0
65796,3407.015217381128,1.0101212451092867,60.0
65797,3407.0159118255724,1.0091332723882767,60.0
65798,3407.016606270017,1.00914030820891,60.0
65799,3407.0173007144613,1.0098153307745534,60.0
65800,3407.0179951589057,1.0101651615113834,60.0
65801,3407.01868960335,1.0111007255622049,60.0
65802,3407.0193840477946,1.0097641531438935,60.0
65803,3407.020078492239,1.0096695674062532,60.0
65804,3407.0207729366834,1.00956959870197,60.0
65805,3407.021467381128,1.0100644719912266,60.0
65806,3407.0221618255723,1.0085087187401969,60.0
65807,3407.0228562700167,1.0086108623601266,60.0
65808,3407.023550714461,1.0089896256898268,60.0
65809,3407.0242451589056,1.01023391796364,60.0
65810,3407.02493960335,1.0104447797056435,60.0
65811,3407.0256340477945,1.00955356072115,60.0
65812,3407.026328492239,1.0104778652336235,60.0
65813,3407.0270229366834,1.0099263787158168,60.0
65814,3407.027717381128,1.0101008048684201,60.0
65815,3407.028411825572,1.01086502626506,60.0
65816,3407.0291062700167,1.0101082661359633,60.0
65817,3407.029800714461,1.0094555089237334,60.0
65818,3407.0304951589055,1.0099292713791233,60.0
65819,3407.03118960335,1.00948377532767,60.0
65820,3407.0318840477944,1.0093977014635234,60.0
65821,3407.032578492239,1.0097127580656267,60.0
65822,3407.0332729366833,1.00872560440079,60.0
65823,3407.0339673811277,1.0095685567206167,60.0
65824,3407.034661825572,1.00911767044963,60.0
65825,3407.0353562700166,1.0101153312431599,60.0
65826,3407.036050714461,1.0105080034671967,60.0
65827,3407.0367451589054,1.0088366354278635,60.0
65828,3407.03743960335,1.0095844847768833,60.0
65829,3407.0381340477943,1.00973287049235,60.0
65830,3407.0388284922387,1.0103188144900932,60.0
65831,3407.039522936683,1.0092071434355299,60.0
65832,3407.0402173811276,1.0087949496122832,60.0
65833,3407.040911825572,1.01015739365402,60.0
65834,3407.0416062700165,1.0091759223883068,60.0
65835,3407.042300714461,1.0103608074563466,60.0
65836,3407.0429951589053,1.0090216920732702,60.0
65837,3407.04368960335,1.0091681429180466,60.0
65838,3407.044384047794,1.0091177580317767,60.0
65839,3407.0450784922386,1.0100546090557767,60.0
65840,3407.045772936683,1.0097105650154299,60.0
65841,3407.0464673811275,1.0088512132124265,60.0
65842,3407.047161825572,1.01056512039981,60.0
65843,3407.0478562700164,1.0088176836458833,60.0
65844,3407.048550714461,1.0104315657558098,60.0
65845,3407.0492451589053,1.01007495219158,60.0
65846,3407.0499396033497,1.0088990697121532,60.0
65847,3407.050634047794,1.0091046082907467,60.0
65848,3407.0513284922386,1.0097385875368234,60.0
65849,3407.052022936683,1.01047259769798,60.0
65850,3407.0527173811274,1.0087449709263099,60.0
65851,3407.053411825572,1.0107871754803666,60.0
65852,3407.0541062700163,1.0093379833154466,60.0
65853,3407.0548007144607,1.0094783896136,60.0
65854,3407.055495158905,1.0106789493584967,60.0
65855,3407.0561896033496,1.0090981863658202,60.0
65856,3407.056884047794,1.0097125291951867,60.0
65857,3407.0575784922385,1.0093513141411068,60.0
65858,3407.058272936683,1.0095175000286734,60.0
65859,3407.0589673811273,1.0083054498481834,60.0
65860,3407.0596618255718,1.0085415180204849,60.0
65861,3418.653411825403,0.9736839806436833,60.0
65862,3418.6541062698475,0.9736578804940433,60.0
65863,3418.654800714292,0.9726420450882,60.0
65864,3418.6554951587364,0.97285656674734,60.0
65865,3418.656189603181,0.97211053588551,60.0
65866,3418.656884047625,0.9726494508054598,60.0
65867,3418.6575784920697,0.9729385803908933,60.0
65868,3418.658272936514,0.9716456732037932,60.0
65869,3418.6589673809585,0.9728640658791233,60.0
65870,3418.659661825403,0.9732558409354001,60.0
65871,3418.6603562698474,0.9731408361027166,60.0
65872,3418.661050714292,0.9729624833471101,60.0
65873,3418.6617451587363,0.9737776054201165,60.0
65874,3418.6624396031807,0.9729911483587234,60.0
65875,3418.663134047625,0.9721653160434567,60.0
65876,3418.6638284920696,0.9720480720298367,60.0
65877,3418.664522936514,0.97172423413075,60.0
65878,3418.6652173809584,0.9725597723843301,60.0
65879,3418.665911825403,0.9724392449012068,60.0
65880,3418.6666062698473,0.9732957009228566,60.0
65881,3418.6673007142917,0.9722589777531567,60.0
65882,3418.667995158736,0.9727509191916534,60.0
65883,3418.6686896031806,0.9727908705433567,60.0
65884,3418.669384047625,0.97184618762649,60.0
65885,3418.6700784920695,0.9717167093288533,60.0
65886,3418.670772936514,0.97188350629737,60.0
65887,3418.6714673809583,0.9740045950089135,60.0
65888,3418.672161825403,0.9726682323959034,60.0
65889,3418.672856269847,0.9731150801018665,60.0
65890,3418.6735507142917,0.97234532116188,60.0
65891,3418.674245158736,0.9713316269026767,60.0
65892,3418.6749396031805,0.9720674889419367,60.0
65893,3418.675634047625,0.9725132242116833,60.0
65894,3418.6763284920694,0.9720282018664066,60.0
65895,3418.677022936514,0.9727818218637934,60.0
65896,3418.6777173809583,0.97253084524192,60.0
65897,3418.6784118254027,0.9733058462450433,60.0
65898,3418.679106269847,0.9721045809816333,60.0
65899,3418.6798007142916,0.9725141255961233,60.0
65900,3418.680495158736,0.9720860998504399,60.0
65901,3418.6811896031804,0.9726707149683834,60.0
65902,3418.681884047625,0.972162775765025,60.0
65903,3418.6825784920693,0.9723607221086901,60.0
65904,3418.6832729365137,0.9713947660492499,60.0
65905,3418.683967380958,0.97179265783679,60.0
65906,3418.6846618254026,0.9730449051495832,60.0
65907,3418.685356269847,0.97186702804977,60.0
65908,3418.6860507142915,0.9712276888135,60.0
65909,3418.686745158736,0.9718693094513834,60.0
65910,3418.6874396031803,0.9721892141137101,60.0
65911,3418.6881340476248,0.9729898514229968,60.0
65912,3418.688828492069,0.9714768315623034,60.0
65913,3418.6895229365136,0.97269291421576,60.0
65914,3418.690217380958,0.9724202463558367,60.0
65915,3418.6909118254025,0.9734266390323499,60.0
65916,3418.691606269847,0.9731728204393266,60.0
65917,3418.6923007142914,0.97299434195999,60.0
65918,3418.692995158736,0.9725048286016701,60.0
65919,3418.6936896031802,0.9734394904224234,60.0
65920,3418.6943840476247,0.9717667818718333,60.0
65921,3418.695078492069,0.9732256214918467,60.0
65922,3418.6957729365135,0.9730503185700666,60.0
65923,3418.696467380958,0.971119376112255,60.0
65924,3418.6971618254024,0.97165933930048,60.0
65925,3418.697856269847,0.972582140087055,60.0
65926,3418.6985507142913,0.9717448067431049,60.0
65927,3418.6992451587357,0.9733222821048101,60.0
65928,3418.69993960318,0.9727093936827433,60.0
65929,3418.7006340476246,0.9729403663751167,60.0
65930,3418.701328492069,0.9726161057665133,60.0
65931,3418.7020229365135,0.97280493501147,60.0
65932,3418.702717380958,0.9721883888374201,60.0
65933,3418.7034118254023,0.9727242470393965,60.0
65934,3418.7041062698468,0.973102135071,60.0
65935,3418.704800714291,0.9721087337667034,60.0
65936,3418.7054951587356,0.9725352955317367,60.0
65937,3418.70618960318,0.9728042854356632,60.0
65938,3418.7068840476245,0.9729501872080067,60.0
65939,3418.707578492069,0.9725162358495633,60.0
65940,3418.7082729365134,0.9726804179436901,60.0
65941,3418.708967380958,0.9738700606124934,60.0
65942,3418.7096618254022,0.9737141469946966,60.0
65943,3418.7103562698467,0.9726422475801867,60.0
65944,3418.711050714291,0.9736034166285766,60.0
65945,3418.7117451587355,0.9732245936188234,60.0
65946,3418.71243960318,0.9748980635390666,60.0
65947,3418.7131340476244,0.9735266704681466,60.0
65948,3418.713828492069,0.9725992830379934,60.0
65949,3418.7145229365133,0.9733150961230567,60.0
65950,3418.7152173809577,0.9737174926835334,60.0
65951,3418.715911825402,0.97307664424272,60.0
65952,3418.7166062698466,0.97369221504227,60.0
65953,3418.717300714291,0.9721801475056266,60.0
65954,3418.7179951587354,0.9732023371704667,60.0
65955,3418.71868960318,0.9732507545082699,60.0
65956,3418.7193840476243,0.97386051498843,60.0
65957,3418.7200784920688,0.9730399160883967,60.0
65958,3418.720772936513,0.9727374187806967,60.0
65959,3418.7214673809576,0.97353418249345,60.0
65960,3418.722161825402,0.9739758827125801,60.0
65961,3418.7228562698465,0.9735350857411,60.0
65962,3418.723550714291,0.9738724621179767,60.0
65963,3418.7242451587354,0.9738702702351935,60.0
65964,3418.72493960318,0.9742295186736935,60.0
65965,3418.725634047624,0.9744390072377067,60.0
65966,3418.7263284920687,0.9736668977561199,60.0
65967,3418.727022936513,0.9733897451631434,60.0
65968,3418.7277173809575,0.9733687620992,60.0
65969,3418.728411825402,0.9745092184546866,60.0
65970,3418.7291062698464,0.9732975149623,60.0
65971,3418.729800714291,0.9752914258554867,60.0
65972,3418.7304951587353,0.9741809677336399,60.0
65973,3418.7311896031797,0.9736154711496733,60.0
65974,3418.731884047624,0.9730246412584199,60.0
65975,3418.7325784920686,0.9730756061778166,60.0
65976,3418.733272936513,0.9733296728946367,60.0
65977,3418.7339673809574,0.9745802496530733,60.0
65978,3418.734661825402,0.9732346467238434,60.0
65979,3418.7353562698463,0.9736717873518134,60.0
65980,3418.7360507142907,0.9735141003396399,60.0
65981,3418.736745158735,0.9737220589430899,60.0
65982,3418.7374396031796,0.9739574692879635,60.0
65983,3418.738134047624,0.9738711054262766,60.0
65984,3418.7388284920685,0.9734142111309566,60.0
65985,3418.739522936513,0.97279773102388,60.0
65986,3418.7402173809573,0.9738318555370933,60.0
65987,3418.740911825402,0.9738500409873533,60.0
65988,3418.741606269846,0.9738498017338001,60.0
65989,3418.7423007142906,0.9739909013247767,60.0
65990,3418.742995158735,0.97305179590973,60.0
65991,3418.7436896031795,0.9739424049327434,60.0
65992,3418.744384047624,0.9735166881085767,60.0
65993,3418.7450784920684,0.9741832152344766,60.0
65994,3418.745772936513,0.97347473464405,60.0
65995,3418.7464673809573,0.97346297058994,60.0
65996,3418.7471618254017,0.9736567348150166,60.0
65997,3418.747856269846,0.9734144274098967,60.0
65998,3418.7485507142906,0.9753003036698967,60.0
65999,3418.749245158735,0.9733565927127467,60.0
66000,3418.7499396031794,0.9737739340247401,60.0
66001,3418.750634047624,0.9745234234106332,60.0
66002,3418.7513284920683,0.9740828318220934,60.0
66003,3418.7520229365127,0.9737188249827667,60.0
66004,3418.752717380957,0.9747298607441,60.0
66005,3418.7534118254016,0.9739821052601899,60.0
66006,3418.754106269846,0.9741096569819866,60.0
66007,3418.7548007142905,0.9737653849135266,60.0
66008,3418.755495158735,0.9736405524968733,60.0
66009,3418.7561896031793,0.9746798482033067,60.0
66010,3418.7568840476238,0.9746652896823567,60.0
66011,3418.757578492068,0.9741691479855067,60.0
66012,3418.7582729365126,0.97419354346827,60.0
66013,3418.758967380957,0.9744921006088633,60.0
66014,3418.7596618254015,0.9750503834738199,60.0
66015,3418.760356269846,0.9741752607156867,60.0
66016,3418.7610507142904,0.9745394856090633,60.0
66017,3418.761745158735,0.9735574549591567,60.0
66018,3418.7624396031792,0.9752313758996699,60.0
66019,3418.7631340476237,0.97429081690487,60.0
66020,3418.763828492068,0.9741212692324833,60.0
66021,3418.7645229365125,0.97369401447247,60.0
66022,3418.765217380957,0.9732732812574,60.0
66023,3418.7659118254014,0.9738005690427234,60.0
66024,3418.766606269846,0.9736822338338667,60.0
66025,3418.7673007142903,0.9754054721015399,60.0
66026,3418.7679951587347,0.9741382809728067,60.0
66027,3418.768689603179,0.9741213127792268,60.0
66028,3418.7693840476236,0.9744651701663734,60.0
66029,3418.770078492068,0.97319814127439,60.0
66030,3418.7707729365125,0.9749034440256467,60.0
66031,3418.771467380957,0.9746531667617101,60.0
66032,3418.7721618254013,0.9746958500862867,60.0
66033,3418.7728562698458,0.9741672030841634,60.0
66034,3418.77355071429,0.9741518688406267,60.0
66035,3418.7742451587346,0.9730015835622167,60.0
66036,3418.774939603179,0.9741203991231232,60.0
66037,3418.7756340476235,0.9738778785571399,60.0
66038,3418.776328492068,0.9740657466553366,60.0
66039,3418.7770229365124,0.97439711586332,60.0
66040,3418.777717380957,0.9730793144183899,60.0
66041,3418.7784118254012,0.97355756457551,60.0
66042,3418.7791062698457,0.97393834097066,60.0
66043,3418.77980071429,0.9741796422030666,60.0
66044,3418.7804951587345,0.9748019978289832,60.0
66045,3418.781189603179,0.974699041026325,60.0
66046,3418.7818840476234,0.9744668762581999,60.0
66047,3418.782578492068,0.97352353426734,60.0
66048,3418.7832729365123,0.9739954187123666,60.0
66049,3418.7839673809567,0.9744150700594832,60.0
66050,3418.784661825401,0.9734308189320501,60.0
66051,3418.7853562698456,0.9746568519066767,60.0
66052,3418.78605071429,0.9737183541643833,60.0
66053,3418.7867451587344,0.9727946590858734,60.0
66054,3418.787439603179,0.97434768812191,60.0
66055,3418.7881340476233,0.9738833470509767,60.0
66056,3418.7888284920678,0.9740477249663501,60.0
66057,3418.789522936512,0.9740365825276,60.0
66058,3418.7902173809566,0.97425478443835,60.0
66059,3418.790911825401,0.97452997284296,60.0
66060,3418.7916062698455,0.9746192514764767,60.0
66061,3418.79230071429,0.97375120653565,60.0
66062,3418.7929951587344,0.9750656212154567,60.0
66063,3418.793689603179,0.9743534109212634,60.0
66064,3418.794384047623,0.9736694436453001,60.0
66065,3418.7950784920677,0.9738088806591967,60.0
66066,3418.795772936512,0.9749469641147667,60.0
66067,3418.7964673809565,0.9749100306356767,60.0
66068,3418.797161825401,0.97407353075578,60.0
66069,3418.7978562698454,0.9753315815388234,60.0
66070,3418.79855071429,0.9747655547493633,60.0
66071,3418.7992451587343,0.9734942330450534,60.0
66072,3418.7999396031787,0.97529053736943,60.0
66073,3418.800634047623,0.9748202924227266,60.0
66074,3418.8013284920676,0.9744679590490034,60.0
66075,3418.802022936512,0.9740519152382534,60.0
66076,3418.8027173809564,0.97459879760311,60.0
66077,3418.803411825401,0.9743797111910366,60.0
66078,3418.8041062698453,0.97396382309269,60.0
66079,3418.8048007142897,0.9741621408978234,60.0
66080,3418.805495158734,0.9734929653664967,60.0
66081,3418.8061896031786,0.9738951855062,60.0
66082,3418.806884047623,0.97464499259548,60.0
66083,3418.8075784920675,0.97447379595702,60.0
66084,3418.808272936512,0.97401442707456,60.0
66085,3418.8089673809563,0.97513457860628,60.0
66086,3418.809661825401,0.9753007276708233,60.0
66087,3418.810356269845,0.9746801843510434,60.0
66088,3418.8110507142896,0.97371416435087,60.0
66089,3418.811745158734,0.9740140186928867,60.0
66090,3418.8124396031785,0.97382482120937,60.0
66091,3418.813134047623,0.9743818091383734,60.0
66092,3418.8138284920674,0.9747923783072766,60.0
66093,3418.814522936512,0.9732446606660333,60.0
66094,3418.8152173809563,0.9745428295008033,60.0
66095,3418.8159118254007,0.9745493901819734,60.0
66096,3418.816606269845,0.9751537634547733,60.0
66097,3418.8173007142896,0.9745713715532599,60.0
66098,3418.817995158734,0.9738711042170735,60.0
66099,3418.8186896031784,0.9738355009926233,60.0
66100,3418.819384047623,0.9745206306267633,60.0
66101,3418.8200784920673,0.97342607519303,60.0
66102,3418.8207729365117,0.9742494687830767,60.0
66103,3418.821467380956,0.9740674118455467,60.0
66104,3418.8221618254006,0.9740547452720033,60.0
66105,3418.822856269845,0.9743324921978999,60.0
66106,3418.8235507142895,0.9746041292227267,60.0
66107,3418.824245158734,0.97366754052426,60.0
66108,3418.8249396031783,0.9740252496812866,60.0
66109,3418.8256340476228,0.97489302548478,60.0
66110,3418.826328492067,0.9757538435795566,60.0
66111,3418.8270229365116,0.9743686634790868,60.0
66112,3418.827717380956,0.97488333381855,60.0
66113,3418.8284118254005,0.9751961470144533,60.0
66114,3418.829106269845,0.9743568796305001,60.0
66115,3418.8298007142894,0.97401804103085,60.0
66116,3418.830495158734,0.9745528618766367,60.0
66117,3418.8311896031782,0.9740159227644201,60.0
66118,3418.8318840476227,0.9751151274514666,60.0
66119,3418.832578492067,0.9747549152142799,60.0
66120,3418.8332729365115,0.9737465181036233,60.0
66121,3418.833967380956,0.9746651216054234,60.0
66122,3418.8346618254004,0.9752742192713599,60.0
66123,3418.835356269845,0.9739304529029049,60.0
66124,3418.8360507142893,0.9743329526678632,60.0
66125,3418.8367451587337,0.974732702870885,60.0
66126,3418.837439603178,0.9739243746684499,60.0
66127,3418.8381340476226,0.9739059390112333,60.0
66128,3418.838828492067,0.9742944080998134,60.0
66129,3418.8395229365115,0.9758124713218868,60.0
66130,3418.840217380956,0.9749514253273334,60.0
66131,3418.8409118254003,0.9751694608767734,60.0
66132,3418.8416062698448,0.97446564352345,60.0
66133,3418.842300714289,0.9737514972574801,60.0
66134,3418.8429951587336,0.9753832329814532,60.0
66135,3418.843689603178,0.97477281826142,60.0
66136,3418.8443840476225,0.9754706772329768,60.0
66137,3418.845078492067,0.9750731502750968,60.0
66138,3418.8457729365114,0.9747120746365533,60.0
66139,3418.846467380956,0.9741184552078366,60.0
66140,3418.8471618254002,0.9733617204062767,60.0
66141,3418.8478562698447,0.9731298261496351,60.0
66142,3418.848550714289,0.9753056121688201,60.0
66143,3418.8492451587335,0.9744525446585133,60.0
66144,3418.849939603178,0.9745101251309866,60.0
66145,3418.8506340476224,0.9751041145331367,60.0
66146,3418.851328492067,0.97442393178711,60.0
66147,3418.8520229365113,0.9747618754928933,60.0
66148,3418.8527173809557,0.9753095542365032,60.0
66149,3418.8534118254,0.97478059163751,60.0
66150,3418.8541062698446,0.9752393358080833,60.0
66151,3418.854800714289,0.97395893417141,60.0
66152,3418.8554951587334,0.9745208096435167,60.0
66153,3418.856189603178,0.9741304664122966,60.0
66154,3418.8568840476223,0.9748418861287732,60.0
66155,3418.8575784920668,0.97405260527882,60.0
66156,3418.858272936511,0.9745853997093601,60.0
66157,3418.8589673809556,0.97437595595771,60.0
66158,3418.8596618254,0.9747234607617634,60.0
66159,3418.8603562698445,0.97551556381193,60.0
66160,3418.861050714289,0.9751252250187733,60.0
66161,3418.8617451587334,0.97539837072599,60.0
66162,3418.862439603178,0.9741846694924267,60.0
66163,3418.863134047622,0.9749884177175699,60.0
66164,3418.8638284920667,0.9754009061443768,60.0
66165,3418.864522936511,0.9750867777989467,60.0
66166,3418.8652173809555,0.97471500806765,60.0
66167,3418.8659118254,0.9763955830521001,60.0
66168,3418.8666062698444,0.9758310880227032,60.0
66169,3418.867300714289,0.9763732582663834,60.0
66170,3418.8679951587333,0.9749836320275768,60.0
66171,3418.8686896031777,0.9760612286410367,60.0
66172,3418.869384047622,0.9755671034234332,60.0
66173,3418.8700784920666,0.9747208114672833,60.0
66174,3418.870772936511,0.9769525566966166,60.0
66175,3418.8714673809554,0.9758009384035399,60.0
66176,3418.8721618254,0.97441914388612,60.0
66177,3418.8728562698443,0.9748900629588834,60.0
66178,3418.8735507142887,0.9756393737378299,60.0
66179,3418.874245158733,0.9754561745624499,60.0
66180,3418.8749396031776,0.9753911304941134,60.0
66181,3418.875634047622,0.9765246898650334,60.0
66182,3418.8763284920665,0.9764139065404566,60.0
66183,3418.877022936511,0.9760403924656766,60.0
66184,3418.8777173809553,0.9754409061108934,60.0
66185,3418.8784118254,0.9753574450968467,60.0
66186,3418.879106269844,0.9756631330411266,60.0
66187,3418.8798007142886,0.97559391371237,60.0
66188,3418.880495158733,0.9765611870672,60.0
66189,3418.8811896031775,0.9766068639821066,60.0
66190,3418.881884047622,0.9749442114202668,60.0
66191,3418.8825784920664,0.9765721865381499,60.0
66192,3418.883272936511,0.9763456836251333,60.0
66193,3418.8839673809553,0.9758526750461366,60.0
66194,3418.8846618253997,0.9768303349945701,60.0
66195,3418.885356269844,0.9762120945593633,60.0
66196,3418.8860507142886,0.97664920072967,60.0
66197,3418.886745158733,0.976045322028755,60.0
66198,3418.8874396031774,0.9756337549994633,60.0
66199,3418.888134047622,0.9763657808861567,60.0
66200,3418.8888284920663,0.9763433040332933,60.0
66201,3418.8895229365107,0.9761978263947834,60.0
66202,3418.890217380955,0.9766219421338667,60.0
66203,3418.8909118253996,0.9771698600180599,60.0
66204,3418.891606269844,0.9758692175268534,60.0
66205,3418.8923007142885,0.976840668806635,60.0
66206,3418.892995158733,0.9767587016648532,60.0
66207,3418.8936896031773,0.97692180754237,60.0
66208,3418.8943840476218,0.9759015364168401,60.0
66209,3418.895078492066,0.97640088130844,60.0
66210,3418.8957729365106,0.9769475538880333,60.0
66211,3418.896467380955,0.9767587880245899,60.0
66212,3418.8971618253995,0.9763019655060567,60.0
66213,3418.897856269844,0.9766899414346933,60.0
66214,3418.8985507142884,0.9765596249159967,60.0
66215,3418.899245158733,0.9764855698759766,60.0
66216,3418.8999396031772,0.9768245121843301,60.0
66217,3418.9006340476217,0.9761393914507934,60.0
66218,3418.901328492066,0.9767872297330368,60.0
66219,3418.9020229365105,0.9766477656158133,60.0
66220,3418.902717380955,0.97627034182019,60.0
66221,3418.9034118253994,0.97617775012528,60.0
66222,3418.904106269844,0.97640215820258,60.0
66223,3418.9048007142883,0.9768991597848666,60.0
66224,3418.9054951587327,0.9755533902025334,60.0
66225,3418.906189603177,0.9767088570643233,60.0
66226,3418.9068840476216,0.9775618533612499,60.0
66227,3418.907578492066,0.9755399296161666,60.0
66228,3418.9082729365105,0.9759701104141234,60.0
66229,3418.908967380955,0.9768168410125767,60.0
66230,3418.9096618253993,0.9761403983625033,60.0
66231,3418.9103562698438,0.9766308750090701,60.0
66232,3418.911050714288,0.9765488857438367,60.0
66233,3418.9117451587326,0.9771356959717866,60.0
66234,3418.912439603177,0.9770289419597201,60.0
66235,3418.9131340476215,0.9771288662828734,60.0
66236,3418.913828492066,0.9765181373581466,60.0
66237,3418.9145229365104,0.9771708427031033,60.0
66238,3418.915217380955,0.9761579046896101,60.0
66239,3418.9159118253992,0.9763482386184733,60.0
66240,3418.9166062698437,0.9755595858812001,60.0
66241,3418.917300714288,0.9773822909965433,60.0
66242,3418.9179951587325,0.9764101431569467,60.0
66243,3418.918689603177,0.9767913742291934,60.0
66244,3418.9193840476214,0.9772255377945468,60.0
66245,3418.920078492066,0.9766723392756468,60.0
66246,3418.9207729365103,0.97654210210846,60.0
66247,3418.9214673809547,0.9759737502720567,60.0
66248,3418.922161825399,0.9776980401519234,60.0
66249,3418.9228562698436,0.9770224448978398,60.0
66250,3418.923550714288,0.9770600166775,60.0
66251,3418.9242451587324,0.9770483261992267,60.0
66252,3418.924939603177,0.976525765238245,60.0
66253,3418.9256340476213,0.9766860074677267,60.0
66254,3418.9263284920657,0.9766159498213499,60.0
66255,3418.92702293651,0.9778543025101234,60.0
66256,3418.9277173809546,0.97671174326192,60.0
66257,3418.928411825399,0.9780753217433235,60.0
66258,3418.9291062698435,0.9765226698485168,60.0
66259,3418.929800714288,0.9762829340420968,60.0
66260,3418.9304951587324,0.9767480431530666,60.0
66261,3418.931189603177,0.9780445734574666,60.0
66262,3418.931884047621,0.977633487409155,60.0
66263,3418.9325784920657,0.9763293805539534,60.0
66264,3418.93327293651,0.97602354897712,60.0
66265,3418.9339673809545,0.97688058972546,60.0
66266,3418.934661825399,0.9763247006744601,60.0
66267,3418.9353562698434,0.9777012468639833,60.0
66268,3418.936050714288,0.9765202591214198,60.0
66269,3418.9367451587323,0.9765184523136466,60.0
66270,3418.9374396031767,0.9760081767607965,60.0
66271,3418.938134047621,0.9763547509755567,60.0
66272,3418.9388284920656,0.9763540196805099,60.0
66273,3418.93952293651,0.9776540239790034,60.0
66274,3418.9402173809544,0.9765242729571066,60.0
66275,3418.940911825399,0.9764664421789434,60.0
66276,3418.9416062698433,0.9772689026479068,60.0
66277,3418.9423007142877,0.9771840177529967,60.0
66278,3418.942995158732,0.9758656633989234,60.0
66279,3418.9436896031766,0.9761624631646101,60.0
66280,3418.944384047621,0.9770580080252566,60.0
66281,3418.9450784920655,0.9766217560557434,60.0
66282,3418.94577293651,0.97661820496507,60.0
66283,3418.9464673809543,0.9757566723239434,60.0
66284,3418.947161825399,0.9762162449827033,60.0
66285,3418.947856269843,0.97627945956344,60.0
66286,3418.9485507142876,0.9765279261706267,60.0
66287,3418.949245158732,0.9771856350528433,60.0
66288,3418.9499396031765,0.9769196057939,60.0
66289,3418.950634047621,0.9778348576647601,60.0
66290,3418.9513284920654,0.97707132773135,60.0
66291,3418.95202293651,0.9761350979148933,60.0
66292,3418.9527173809543,0.9763106992420599,60.0
66293,3418.9534118253987,0.9767338397130066,60.0
66294,3418.954106269843,0.9776698482309634,60.0
66295,3418.9548007142876,0.9774819841088266,60.0
66296,3418.955495158732,0.9762115563214667,60.0
66297,3418.9561896031764,0.9765968506425934,60.0
66298,3418.956884047621,0.9767057250343867,60.0
66299,3418.9575784920653,0.9760701677623099,60.0
66300,3418.9582729365097,0.9771590808755133,60.0
66301,3418.958967380954,0.9767590579142901,60.0
66302,3418.9596618253986,0.97737359451818,60.0
66303,3418.960356269843,0.9755331096234766,60.0
66304,3418.9610507142875,0.9773397773610267,60.0
66305,3418.961745158732,0.9769778294160899,60.0
66306,3418.9624396031763,0.9773279752604767,60.0
66307,3418.9631340476208,0.9773406367276399,60.0
66308,3418.963828492065,0.97771099759654,60.0
66309,3418.9645229365096,0.9775493371791234,60.0
66310,3418.965217380954,0.9770538481357733,60.0
66311,3418.9659118253985,0.9767669079240634,60.0
66312,3418.966606269843,0.9759446212697633,60.0
66313,3418.9673007142874,0.9770297548634633,60.0
66314,3418.967995158732,0.9771955822580433,60.0
66315,3418.9686896031762,0.97667972379374,60.0
66316,3418.9693840476207,0.9769377132783834,60.0
66317,3418.970078492065,0.9763237982753766,60.0
66318,3418.9707729365095,0.9771134996441866,60.0
66319,3418.971467380954,0.9774407383554834,60.0
66320,3418.9721618253984,0.9776825876187699,60.0
66321,3418.972856269843,0.977903197214065,60.0
66322,3418.9735507142873,0.9768513451629234,60.0
66323,3418.9742451587317,0.9778471549884533,60.0
66324,3418.974939603176,0.9774473694457333,60.0
66325,3418.9756340476206,0.9772902104687551,60.0
66326,3418.976328492065,0.9771849896873034,60.0
66327,3418.9770229365095,0.9769527692139567,60.0
66328,3418.977717380954,0.9773516684429451,60.0
66329,3418.9784118253983,0.9767808918603368,60.0
66330,3418.9791062698428,0.97701288416174,60.0
66331,3418.979800714287,0.97861955540334,60.0
66332,3418.9804951587316,0.9778902787092966,60.0
66333,3418.981189603176,0.9769563651462366,60.0
66334,3418.9818840476205,0.9765937151117566,60.0
66335,3418.982578492065,0.9766757390994734,60.0
66336,3418.9832729365094,0.9764127617856934,60.0
66337,3418.983967380954,0.9767482742701733,60.0
66338,3418.9846618253982,0.9767828380855468,60.0
66339,3418.9853562698427,0.9760089215341533,60.0
66340,3418.986050714287,0.9763176284913465,60.0
66341,3418.9867451587315,0.97732681392216,60.0
66342,3418.987439603176,0.9769624375664167,60.0
66343,3418.9881340476204,0.9762801801317399,60.0
66344,3418.988828492065,0.9767139176376034,60.0
66345,3418.9895229365093,0.97770228396513,60.0
66346,3418.9902173809537,0.9774609477303233,60.0
66347,3418.990911825398,0.9775568373260999,60.0
66348,3418.9916062698426,0.9776034880519067,60.0
66349,3418.992300714287,0.97649108345346,60.0
66350,3418.9929951587314,0.9782489810544467,60.0
66351,3418.993689603176,0.9769035986379068,60.0
66352,3418.9943840476203,0.9765990191577867,60.0
66353,3418.9950784920647,0.9771786902274201,60.0
66354,3418.995772936509,0.9771757536227633,60.0
66355,3418.9964673809536,0.977958876814475,60.0
66356,3418.997161825398,0.9765738372280732,60.0
66357,3418.9978562698425,0.9770269972976466,60.0
66358,3418.998550714287,0.9770843268938701,60.0
66359,3418.9992451587314,0.9772753654691133,60.0
66360,3418.999939603176,0.9777268931122399,60.0
66361,3419.00063404762,0.9772805428133933,60.0
66362,3419.0013284920647,0.9775915787927033,60.0
66363,3419.002022936509,0.97662041277423,60.0
66364,3419.0027173809535,0.9778215507603867,60.0
66365,3419.003411825398,0.97735770697564,60.0
66366,3419.0041062698424,0.97707154255045,60.0
66367,3419.004800714287,0.9772984094744267,60.0
66368,3419.0054951587313,0.97661026920081,60.0
66369,3419.0061896031757,0.9766022680566833,60.0
66370,3419.00688404762,0.9777758799737634,60.0
66371,3419.0075784920646,0.9774424139806533,60.0
66372,3419.008272936509,0.9765540520980266,60.0
66373,3419.0089673809534,0.9770451377221168,60.0
66374,3419.009661825398,0.9775661034616601,60.0
66375,3419.0103562698423,0.9774576034658367,60.0
66376,3419.0110507142867,0.9776038892478233,60.0
66377,3419.011745158731,0.978224203505775,60.0
66378,3419.0124396031756,0.9770318741049366,60.0
66379,3419.01313404762,0.9770174476372899,60.0
66380,3419.0138284920645,0.9776198569563266,60.0
66381,3419.014522936509,0.97754772562493,60.0
66382,3419.0152173809533,0.9777850711323567,60.0
66383,3419.015911825398,0.97750192505807,60.0
66384,3419.016606269842,0.97701132407991,60.0
66385,3419.0173007142866,0.9782356346603134,60.0
66386,3419.017995158731,0.97904839857814,60.0
66387,3419.0186896031755,0.9774225174471267,60.0
66388,3419.01938404762,0.97958919642751,60.0
66389,3419.0200784920644,0.9778506989398833,60.0
66390,3419.020772936509,0.9778893141033866,60.0
66391,3419.0214673809533,0.9766553516981032,60.0
66392,3419.0221618253977,0.9776031530891833,60.0
66393,3419.022856269842,0.9773902124785733,60.0
66394,3419.0235507142866,0.9779349272322433,60.0
66395,3419.024245158731,0.9777097112693967,60.0
66396,3419.0249396031754,0.977580631918575,60.0
66397,3419.02563404762,0.9779703391399833,60.0
66398,3419.0263284920643,0.9772692318185966,60.0
66399,3419.0270229365087,0.9780256553972532,60.0
66400,3419.027717380953,0.9786133751978167,60.0
66401,3419.0284118253976,0.9782363564244233,60.0
66402,3419.029106269842,0.97809715531897,60.0
66403,3419.0298007142865,0.9786377252540733,60.0
66404,3419.030495158731,0.9774400996136,60.0
66405,3419.0311896031753,0.9778950606424299,60.0
66406,3419.0318840476198,0.9778469103362001,60.0
66407,3419.032578492064,0.9782490558194566,60.0
66408,3419.0332729365086,0.9778939520177633,60.0
66409,3419.033967380953,0.9775964534861833,60.0
66410,3419.0346618253975,0.9770306686326533,60.0
66411,3419.035356269842,0.97797925009233,60.0
66412,3419.0360507142864,0.9788937844692099,60.0
66413,3419.036745158731,0.97772081243941,60.0
66414,3419.0374396031752,0.9781052519297466,60.0
66415,3419.0381340476197,0.9775831005322301,60.0
66416,3419.038828492064,0.9782256269327899,60.0
66417,3419.0395229365085,0.9780195075818566,60.0
66418,3419.040217380953,0.9784729655991132,60.0
66419,3419.0409118253974,0.9778686608946833,60.0
66420,3419.041606269842,0.97863191092324,60.0
66421,3419.0423007142863,0.9776381113022833,60.0
66422,3419.0429951587307,0.9786106870888966,60.0
66423,3419.043689603175,0.9783734441650932,60.0
66424,3419.0443840476196,0.97867393015718,60.0
66425,3419.045078492064,0.9787933385083968,60.0
66426,3419.0457729365085,0.9783177463917433,60.0
66427,3419.046467380953,0.97867393742184,60.0
66428,3419.0471618253973,0.9789289980926332,60.0
66429,3419.0478562698418,0.9789791665239799,60.0
66430,3419.048550714286,0.9779294012464267,60.0
66431,3419.0492451587306,0.9784661531218967,60.0
66432,3419.049939603175,0.97884488430646,60.0
66433,3419.0506340476195,0.9782614722979001,60.0
66434,3419.051328492064,0.9784741294728799,60.0
66435,3419.0520229365084,0.97791168012818,60.0
66436,3419.052717380953,0.9787091128849167,60.0
66437,3419.0534118253972,0.9781252207615166,60.0
66438,3419.0541062698417,0.9776997959834733,60.0
66439,3419.054800714286,0.9781054414109166,60.0
66440,3419.0554951587305,0.97810956820393,60.0
66441,3419.056189603175,0.97791647513158,60.0
66442,3419.0568840476194,0.9786629986391566,60.0
66443,3419.057578492064,0.97827317984586,60.0
66444,3419.0582729365083,0.9795405102811366,60.0
66445,3419.0589673809527,0.9787530682725167,60.0
66446,3419.059661825397,0.9781454623511667,60.0
66447,3419.0603562698416,0.97809523720285,60.0
66448,3419.061050714286,0.9791047579597599,60.0
66449,3419.0617451587304,0.9796800914311,60.0
66450,3419.062439603175,0.9789356859287933,60.0
66451,3419.0631340476193,0.97879461571522,60.0
66452,3419.0638284920637,0.9781667506062233,60.0
66453,3419.064522936508,0.9776682635930533,60.0
66454,3419.0652173809526,0.9776057805304901,60.0
66455,3419.065911825397,0.9792670216675566,60.0
66456,3419.0666062698415,0.9790596217735433,60.0
66457,3419.067300714286,0.97849473352295,60.0
66458,3419.0679951587304,0.9782553145376133,60.0
66459,3419.068689603175,0.9796101616018099,60.0
66460,3419.069384047619,0.9787963202954101,60.0
66461,3419.0700784920637,0.9784626839182801,60.0
66462,3419.070772936508,0.9801857151438799,60.0
66463,3419.0714673809525,0.97861640651823,60.0
66464,3419.072161825397,0.97918128503418,60.0
66465,3419.0728562698414,0.9786479367419734,60.0
66466,3419.073550714286,0.9791220056019699,60.0
66467,3419.0742451587303,0.9800700796414067,60.0
66468,3419.0749396031747,0.9790075472748999,60.0
66469,3419.075634047619,0.9794421196722567,60.0
66470,3419.0763284920636,0.9781150503660366,60.0
66471,3419.077022936508,0.9789377044787267,60.0
66472,3419.0777173809524,0.9787243575707367,60.0
66473,3419.078411825397,0.9792659754787167,60.0
66474,3419.0791062698413,0.9786854783281367,60.0
66475,3419.0798007142857,0.9788780744827967,60.0
66476,3419.08049515873,0.9787393835637066,60.0
66477,3419.0811896031746,0.9800222961496033,60.0
66478,3419.081884047619,0.9793046577831167,60.0
66479,3419.0825784920635,0.9789846674227934,60.0
66480,3419.083272936508,0.97897528251875,60.0
66481,3419.0839673809523,0.9790599261600601,60.0
66482,3419.084661825397,0.9798966337874133,60.0
66483,3419.085356269841,0.9795777042730366,60.0
66484,3419.0860507142856,0.9792989320214133,60.0
66485,3419.08674515873,0.9786406719294366,60.0
66486,3419.0874396031745,0.9793463089524833,60.0
66487,3419.088134047619,0.9788647482242601,60.0
66488,3419.0888284920634,0.97973420642901,60.0
66489,3419.089522936508,0.9794521685163468,60.0
66490,3419.0902173809523,0.9780376928757999,60.0
66491,3419.0909118253967,0.97934858941025,60.0
66492,3419.091606269841,0.97976345381384,60.0
66493,3419.0923007142856,0.9790491492265834,60.0
66494,3419.09299515873,0.9788042891675933,60.0
66495,3419.0936896031744,0.9799309245308666,60.0
66496,3419.094384047619,0.9797674996992899,60.0
66497,3419.0950784920633,0.9788959066909451,60.0
66498,3419.0957729365077,0.9806711394231901,60.0
66499,3419.096467380952,0.97885984603266,60.0
66500,3419.0971618253966,0.9799290664137367,60.0
66501,3419.097856269841,0.9801954459388867,60.0
66502,3419.0985507142855,0.979375256011475,60.0
66503,3419.09924515873,0.9803131483337166,60.0
66504,3419.0999396031743,0.9804256719478833,60.0
66505,3419.1006340476188,0.9800335716791434,60.0
66506,3419.101328492063,0.9797437666071765,60.0
66507,3419.1020229365076,0.9786645695283434,60.0
66508,3419.102717380952,0.9799341657315166,60.0
66509,3419.1034118253965,0.98004462278039,60.0
66510,3419.104106269841,0.97865284513266,60.0
66511,3419.1048007142854,0.9795605619655433,60.0
66512,3419.10549515873,0.9788299969712067,60.0
66513,3419.1061896031742,0.9792718424329833,60.0
66514,3419.1068840476187,0.9796069410732665,60.0
66515,3419.107578492063,0.9795069425950299,60.0
66516,3419.1082729365075,0.9801223131236233,60.0
66517,3419.108967380952,0.9795780220009034,60.0
66518,3419.1096618253964,0.9794588255569949,60.0
66519,3419.110356269841,0.9805214685556701,60.0
66520,3419.1110507142853,0.9802168617859034,60.0
66521,3419.1117451587297,0.9801535169973933,60.0
66522,3419.112439603174,0.9797520082306166,60.0
66523,3419.1131340476186,0.9794598590934767,60.0
66524,3419.113828492063,0.9801309885775001,60.0
66525,3419.1145229365075,0.9804483298121234,60.0
66526,3419.115217380952,0.9792967540784234,60.0
66527,3419.1159118253963,0.9804809135221766,60.0
66528,3419.1166062698408,0.9800967023982966,60.0
66529,3419.117300714285,0.9797571346714866,60.0
66530,3419.1179951587296,0.979105264767,60.0
66531,3419.118689603174,0.9800173647066833,60.0
66532,3419.1193840476185,0.9803124987224333,60.0
66533,3419.120078492063,0.979773065361,60.0
66534,3419.1207729365074,0.9816154108256666,60.0
66535,3419.121467380952,0.97984259973214,60.0
66536,3419.1221618253962,0.9803009535376432,60.0
66537,3419.1228562698407,0.9797287753421166,60.0
66538,3419.123550714285,0.9805845902728034,60.0
66539,3419.1242451587295,0.9794512021004301,60.0
66540,3419.124939603174,0.9797799428996798,60.0
66541,3419.1256340476184,0.9802791543700233,60.0
66542,3419.126328492063,0.9797893077016667,60.0
66543,3419.1270229365073,0.98071977137382,60.0
66544,3419.1277173809517,0.979476825150775,60.0
66545,3419.128411825396,0.9806448271473234,60.0
66546,3419.1291062698406,0.9804400483351333,60.0
66547,3419.129800714285,0.9803998625960934,60.0
66548,3419.1304951587294,0.979273258509055,60.0
66549,3419.131189603174,0.9799513234334934,60.0
66550,3419.1318840476183,0.979396009519345,60.0
66551,3419.1325784920627,0.98022744161681,60.0
66552,3419.133272936507,0.9807728235852067,60.0
66553,3419.1339673809516,0.97908112169491,60.0
66554,3419.134661825396,0.98041952874363,60.0
66555,3419.1353562698405,0.98037280138031,60.0
66556,3419.136050714285,0.9809730577745266,60.0
66557,3419.1367451587294,0.9807009967168301,60.0
66558,3419.137439603174,0.9798736417708366,60.0
66559,3419.138134047618,0.9817605892885634,60.0
66560,3419.1388284920627,0.9802396046150901,60.0
66561,3419.139522936507,0.9799556699220634,60.0
66562,3419.1402173809515,0.9806488203554901,60.0
66563,3419.140911825396,0.97905312858985,60.0
66564,3419.1416062698404,0.9801273068518332,60.0
66565,3419.142300714285,0.9793558016291968,60.0
66566,3419.1429951587293,0.98099500497972,60.0
66567,3419.1436896031737,0.9804710550722601,60.0
66568,3419.144384047618,0.97951259421183,60.0
66569,3419.1450784920626,0.9802391343234967,60.0
66570,3419.145772936507,0.9804154694965467,60.0
66571,3419.1464673809514,0.9795561037373767,60.0
66572,3419.147161825396,0.9794553224914533,60.0
66573,3419.1478562698403,0.980348455310835,60.0
66574,3419.1485507142847,0.9809935234482033,60.0
66575,3419.149245158729,0.9813863188294399,60.0
66576,3419.1499396031736,0.9807237255619801,60.0
66577,3419.150634047618,0.9802982231076732,60.0
66578,3419.1513284920625,0.9803621106759133,60.0
66579,3419.152022936507,0.9796275877262767,60.0
66580,3419.1527173809513,0.9798529063761033,60.0
66581,3419.153411825396,0.9814857918266867,60.0
66582,3419.15410626984,0.9805676186586134,60.0
66583,3419.1548007142846,0.9807374713678101,60.0
66584,3419.155495158729,0.9805383194059466,60.0
66585,3419.1561896031735,0.9792724226989468,60.0
66586,3419.156884047618,0.9801104117595201,60.0
66587,3419.1575784920624,0.9818153608140266,60.0
66588,3419.158272936507,0.9809406567132832,60.0
66589,3419.1589673809513,0.98020417879738,60.0
66590,3419.1596618253957,0.9806090249570434,60.0
66591,3419.16035626984,0.9801102422202267,60.0
66592,3419.1610507142846,0.9799350338062967,60.0
66593,3419.161745158729,0.98044458077774,60.0
66594,3419.1624396031734,0.9796720795110834,60.0
66595,3419.163134047618,0.9809840313005967,60.0
66596,3419.1638284920623,0.9792029999100951,60.0
66597,3419.1645229365067,0.9801782602768899,60.0
66598,3419.165217380951,0.9819460285541534,60.0
66599,3419.1659118253956,0.9817970536601566,60.0
66600,3419.16660626984,0.9814109235049701,60.0
66601,3419.1673007142845,0.98030468616851,60.0
66602,3419.167995158729,0.9794997387410834,60.0
66603,3419.1686896031733,0.9816317524607566,60.0
66604,3419.1693840476178,0.981816745896195,60.0
66605,3419.170078492062,0.98136010889727,60.0
66606,3419.1707729365066,0.9810959086607932,60.0
66607,3419.171467380951,0.9806057822609068,60.0
66608,3419.1721618253955,0.9804133149505567,60.0
66609,3419.17285626984,0.9795458322960799,60.0
66610,3419.1735507142844,0.98088059416123,60.0
66611,3419.174245158729,0.98064433189348,60.0
66612,3419.1749396031732,0.9807153468835201,60.0
66613,3419.1756340476177,0.9812958752266634,60.0
66614,3419.176328492062,0.9799747552558401,60.0
66615,3419.1770229365065,0.9815378711700765,60.0
66616,3419.177717380951,0.98041960083949,60.0
66617,3419.1784118253954,0.980083358378135,60.0
66618,3419.17910626984,0.98092657893269,60.0
66619,3419.1798007142843,0.9803388682815967,60.0
66620,3419.1804951587287,0.9807147857797868,60.0
66621,3419.181189603173,0.9808374081068334,60.0
66622,3419.1818840476176,0.9816885731837667,60.0
66623,3419.182578492062,0.9805523215531501,60.0
66624,3419.1832729365065,0.9800125464971733,60.0
66625,3419.183967380951,0.9800266040485667,60.0
66626,3419.1846618253953,0.9809287155194834,60.0
66627,3419.1853562698398,0.9802350184969666,60.0
66628,3419.186050714284,0.9811318209099533,60.0
66629,3419.1867451587286,0.9815388161774967,60.0
66630,3419.187439603173,0.9802981959457634,60.0
66631,3419.1881340476175,0.9808707680418735,60.0
66632,3419.188828492062,0.9801478471968267,60.0
66633,3419.1895229365064,0.97997990131176,60.0
66634,3419.190217380951,0.9812638925986034,60.0
66635,3419.1909118253952,0.9807522896171933,60.0
66636,3419.1916062698397,0.9810031628604899,60.0
66637,3419.192300714284,0.9795372911834366,60.0
66638,3419.1929951587285,0.9804386459221667,60.0
66639,3419.193689603173,0.9815644879975199,60.0
66640,3419.1943840476174,0.98074159404718,60.0
66641,3419.195078492062,0.9813338372805066,60.0
66642,3419.1957729365063,0.9809970726862499,60.0
66643,3419.1964673809507,0.9816252180768099,60.0
66644,3419.197161825395,0.9798362094756801,60.0
66645,3419.1978562698396,0.9802461440051232,60.0
66646,3419.198550714284,0.9810144884610233,60.0
66647,3419.1992451587284,0.98037424206811,60.0
66648,3419.199939603173,0.98016926557943,60.0
66649,3419.2006340476173,0.9808951578564701,60.0
66650,3419.2013284920617,0.9810217235812333,60.0
66651,3419.202022936506,0.9810391419050033,60.0
66652,3419.2027173809506,0.9808714194986967,60.0
66653,3419.203411825395,0.9814416156954366,60.0
66654,3419.2041062698395,0.9807449717820766,60.0
66655,3419.204800714284,0.9806626446935466,60.0
66656,3419.2054951587284,0.98069524403295,60.0
66657,3419.206189603173,0.98085576534023,60.0
66658,3419.206884047617,0.98067231914535,60.0
66659,3419.2075784920617,0.9806067929934233,60.0
66660,3419.208272936506,0.9804938197375833,60.0
66661,3419.2089673809505,0.9813608408997299,60.0
66662,3419.209661825395,0.9812115665396367,60.0
66663,3419.2103562698394,0.9806925967473901,60.0
66664,3419.211050714284,0.9812348684720332,60.0
66665,3419.2117451587283,0.9813037308260334,60.0
66666,3419.2124396031727,0.9816545163593432,60.0
66667,3419.213134047617,0.9814722535907032,60.0
66668,3419.2138284920616,0.9806975443974899,60.0
66669,3419.214522936506,0.98034458404623,60.0
66670,3419.2152173809504,0.98071299071449,60.0
66671,3419.215911825395,0.9801948533044434,60.0
66672,3419.2166062698393,0.9813801651319,60.0
66673,3419.2173007142837,0.9815603244485299,60.0
66674,3419.217995158728,0.98125763287941,60.0
66675,3419.2186896031726,0.9814835882913667,60.0
66676,3419.219384047617,0.98147296510296,60.0
66677,3419.2200784920615,0.98054476584234,60.0
66678,3419.220772936506,0.9834130877926933,60.0
66679,3419.2214673809503,0.98108282218358,60.0
66680,3419.222161825395,0.9820265977590433,60.0
66681,3419.222856269839,0.98136784577229,60.0
66682,3419.2235507142836,0.9801175061426033,60.0
66683,3419.224245158728,0.98159862689227,60.0
66684,3419.2249396031725,0.9808713594704166,60.0
66685,3419.225634047617,0.9799608852924533,60.0
66686,3419.2263284920614,0.981939108943925,60.0
66687,3419.227022936506,0.9813497756622634,60.0
66688,3419.2277173809503,0.9820252510554234,60.0
66689,3419.2284118253947,0.9811997169698801,60.0
66690,3419.229106269839,0.9799168483309434,60.0
66691,3419.2298007142836,0.9827862228646166,60.0
66692,3419.230495158728,0.98160385978436,60.0
66693,3419.2311896031724,0.98172682277617,60.0
66694,3419.231884047617,0.9807219533369568,60.0
66695,3419.2325784920613,0.9819183010585734,60.0
66696,3419.2332729365057,0.98105555896799,60.0
66697,3419.23396738095,0.9812000462989433,60.0
66698,3419.2346618253946,0.9813990935995967,60.0
66699,3419.235356269839,0.98197411475722,60.0
66700,3419.2360507142835,0.9810019942092634,60.0
66701,3419.236745158728,0.9816468726470267,60.0
66702,3419.2374396031723,0.981701467677935,60.0
66703,3419.2381340476168,0.9810483875828533,60.0
66704,3419.238828492061,0.9819825119598132,60.0
66705,3419.2395229365056,0.9807058092146134,60.0
66706,3419.24021738095,0.98081395998007,60.0
66707,3419.2409118253945,0.9803612331540666,60.0
66708,3419.241606269839,0.9822256000911533,60.0
66709,3419.2423007142834,0.98153861007772,60.0
66710,3419.242995158728,0.9815689012344699,60.0
66711,3419.2436896031722,0.9820344309967699,60.0
66712,3419.2443840476167,0.9815979903908133,60.0
66713,3419.245078492061,0.9810763608160168,60.0
66714,3419.2457729365055,0.9812296662283767,60.0
66715,3419.24646738095,0.9818394765066967,60.0
66716,3419.2471618253944,0.98121778016258,60.0
66717,3419.247856269839,0.981506994309455,60.0
66718,3419.2485507142833,0.9817214237701134,60.0
66719,3419.2492451587277,0.9824176946573365,60.0
66720,3419.249939603172,0.9819031607670501,60.0
66721,3419.2506340476166,0.9810842423182934,60.0
66722,3419.251328492061,0.98158266122821,60.0
66723,3419.2520229365055,0.98118199746376,60.0
66724,3419.25271738095,0.9818240651461633,60.0
66725,3419.2534118253943,0.9827124700112266,60.0
66726,3419.2541062698388,0.98186602189863,60.0
66727,3419.254800714283,0.9817673983542067,60.0
66728,3419.2554951587276,0.9821888274396633,60.0
66729,3419.256189603172,0.9818675129905801,60.0
66730,3419.2568840476165,0.9815886524096434,60.0
66731,3419.257578492061,0.9824788485044035,60.0
66732,3419.2582729365054,0.98094644633604,60.0
66733,3419.25896738095,0.9823149118207466,60.0
66734,3419.2596618253942,0.98173170410481,60.0
66735,3419.2603562698387,0.98117073887971,60.0
66736,3419.261050714283,0.9818800463176732,60.0
66737,3419.2617451587275,0.9822662177393101,60.0
66738,3419.262439603172,0.9818290134619634,60.0
66739,3419.2631340476164,0.98140891260728,60.0
66740,3419.263828492061,0.9827726633727133,60.0
66741,3419.2645229365053,0.9818619795669666,60.0
66742,3419.2652173809497,0.9816670015387133,60.0
66743,3419.265911825394,0.9815635713142834,60.0
66744,3419.2666062698386,0.981734504120795,60.0
66745,3419.267300714283,0.98227903962343,60.0
66746,3419.2679951587274,0.9819103187461001,60.0
66747,3419.268689603172,0.98163744918091,60.0
66748,3419.2693840476163,0.9826766255161767,60.0
66749,3419.2700784920607,0.9828740444606366,60.0
66750,3419.270772936505,0.98204788229681,60.0
66751,3419.2714673809496,0.9820728457440066,60.0
66752,3419.272161825394,0.98253146087006,60.0
66753,3419.2728562698385,0.9815623057645401,60.0
66754,3419.273550714283,0.9827247719056299,60.0
66755,3419.2742451587274,0.9820461043897167,60.0
66756,3419.274939603172,0.9824227505262567,60.0
66757,3419.275634047616,0.981635110507435,60.0
66758,3419.2763284920607,0.9827406549068067,60.0
66759,3419.277022936505,0.9833425662187733,60.0
66760,3419.2777173809495,0.9839099236707001,60.0
66761,3419.278411825394,0.9829575101900999,60.0
66762,3419.2791062698384,0.983053546824745,60.0
66763,3419.279800714283,0.98256133491921,60.0
66764,3419.2804951587273,0.9831534659982566,60.0
66765,3419.2811896031717,0.98287931544135,60.0
66766,3419.281884047616,0.98261290484293,60.0
66767,3419.2825784920606,0.98209377456738,60.0
66768,3419.283272936505,0.9825988439203833,60.0
66769,3419.2839673809494,0.9837458818767333,60.0
66770,3419.284661825394,0.9827642857956701,60.0
66771,3419.2853562698383,0.9830677149717267,60.0
66772,3419.2860507142827,0.9828581064994433,60.0
66773,3419.286745158727,0.982408148964505,60.0
66774,3419.2874396031716,0.98291744884386,60.0
66775,3419.288134047616,0.9829714099085534,60.0
66776,3419.2888284920605,0.9835198794221434,60.0
66777,3419.289522936505,0.9825785482918067,60.0
66778,3419.2902173809493,0.98259901734773,60.0
66779,3419.290911825394,0.9829480315864499,60.0
66780,3419.291606269838,0.9831882381418467,60.0
66781,3419.2923007142826,0.9836377898760432,60.0
66782,3419.292995158727,0.9833859126656233,60.0
66783,3419.2936896031715,0.9834623241937801,60.0
66784,3419.294384047616,0.98288312391704,60.0
66785,3419.2950784920604,0.98221591519363,60.0
66786,3419.295772936505,0.9839920248340633,60.0
66787,3419.2964673809493,0.98375270799425,60.0
66788,3419.2971618253937,0.98305053826999,60.0
66789,3419.297856269838,0.9834593877599832,60.0
66790,3419.2985507142826,0.9834045359466533,60.0
66791,3419.299245158727,0.9833783401934367,60.0
66792,3419.2999396031714,0.9840949092815799,60.0
66793,3419.300634047616,0.9835538286011399,60.0
66794,3419.3013284920603,0.9829855375731134,60.0
66795,3419.3020229365047,0.9828533721089565,60.0
66796,3419.302717380949,0.9826302729027,60.0
66797,3419.3034118253936,0.983590150833355,60.0
66798,3419.304106269838,0.9834218686444033,60.0
66799,3419.3048007142825,0.9828082786492968,60.0
66800,3419.305495158727,0.98373764200618,60.0
66801,3419.3061896031713,0.9830791891816401,60.0
66802,3419.3068840476158,0.9834356200605866,60.0
66803,3419.30757849206,0.983380500056385,60.0
66804,3419.3082729365046,0.98355813306764,60.0
66805,3419.308967380949,0.98327025001972,60.0
66806,3419.3096618253935,0.9830803660773134,60.0
66807,3419.310356269838,0.9836159481799466,60.0
66808,3419.3110507142824,0.9830547267663565,60.0
66809,3419.311745158727,0.9840595671674667,60.0
66810,3419.3124396031712,0.9838895933506332,60.0
66811,3419.3131340476157,0.9834515111813168,60.0
66812,3419.31382849206,0.9823985462374768,60.0
66813,3419.3145229365045,0.9835499095624568,60.0
66814,3419.315217380949,0.9837283043217967,60.0
66815,3419.3159118253934,0.9830759473441032,60.0
66816,3419.316606269838,0.98321673862335,60.0
66817,3419.3173007142823,0.9863299794469467,60.0
66818,3419.3179951587267,0.98309761199297,60.0
66819,3419.318689603171,0.9837962476918833,60.0
66820,3419.3193840476156,0.9825370520653449,60.0
66821,3419.32007849206,0.9832552466935366,60.0
66822,3419.3207729365045,0.9838155226805968,60.0
66823,3419.321467380949,0.9837447121248134,60.0
66824,3419.3221618253933,0.98343791408997,60.0
66825,3419.3228562698378,0.98478780867732,60.0
66826,3419.323550714282,0.9840069076640067,60.0
66827,3419.3242451587266,0.9839298002475867,60.0
66828,3419.324939603171,0.9832266599735933,60.0
66829,3419.3256340476155,0.9845941190034401,60.0
66830,3419.32632849206,0.98267207193949,60.0
66831,3419.3270229365044,0.9849107087879534,60.0
66832,3419.327717380949,0.9841815696295034,60.0
66833,3419.3284118253932,0.9835260616833633,60.0
66834,3419.3291062698377,0.9831743053813334,60.0
66835,3419.329800714282,0.9845925899349534,60.0
66836,3419.3304951587265,0.98455005169127,60.0
66837,3419.331189603171,0.98394714838662,60.0
66838,3419.3318840476154,0.9850351425810934,60.0
66839,3419.33257849206,0.9844323789900601,60.0
66840,3419.3332729365043,0.9846497557005766,60.0
66841,3419.3339673809487,0.9844191291002834,60.0
66842,3419.334661825393,0.9832211347450034,60.0
66843,3419.3353562698376,0.9841899326779034,60.0
66844,3419.336050714282,0.984840055055415,60.0
66845,3419.3367451587264,0.9841792627840967,60.0
66846,3419.337439603171,0.98366531845882,60.0
66847,3419.3381340476153,0.9843172043796633,60.0
66848,3419.3388284920597,0.98393911883784,60.0
66849,3419.339522936504,0.9831528368676801,60.0
66850,3419.3402173809486,0.9841499853734567,60.0
66851,3419.340911825393,0.9841750201193668,60.0
66852,3419.3416062698375,0.9834683156051733,60.0
66853,3419.342300714282,0.9833350023952567,60.0
66854,3419.3429951587264,0.9841917577855765,60.0
66855,3419.343689603171,0.9846523477515734,60.0
66856,3419.344384047615,0.9842462374961732,60.0
66857,3419.3450784920597,0.9834171739455201,60.0
66858,3419.345772936504,0.9851523420804833,60.0
66859,3419.3464673809485,0.98510998664919,60.0
66860,3419.347161825393,0.9836204713168634,60.0
66861,3419.3478562698374,0.9842799894879167,60.0
66862,3419.348550714282,0.9839628975247533,60.0
66863,3419.3492451587263,0.9848742417463701,60.0
66864,3419.3499396031707,0.9833770845356401,60.0
66865,3419.350634047615,0.984603972710295,60.0
66866,3419.3513284920596,0.9844629145517366,60.0
66867,3419.352022936504,0.9850488163803534,60.0
66868,3419.3527173809484,0.9846290535996066,60.0
66869,3419.353411825393,0.9844992874913233,60.0
66870,3419.3541062698373,0.98412128005032,60.0
66871,3419.3548007142817,0.9835469156280033,60.0
66872,3419.355495158726,0.98469651688126,60.0
66873,3419.3561896031706,0.9837567691647466,60.0
66874,3419.356884047615,0.98478971243403,60.0
66875,3419.3575784920595,0.9844446343265201,60.0
66876,3419.358272936504,0.9843736087869299,60.0
66877,3419.3589673809483,0.9851618525409999,60.0
66878,3419.359661825393,0.9842595819683,60.0
66879,3419.360356269837,0.9844525938003367,60.0
66880,3419.3610507142816,0.9841564005734433,60.0
66881,3419.361745158726,0.9845346884249166,60.0
66882,3419.3624396031705,0.98517774614856,60.0
66883,3419.363134047615,0.9828407577064201,60.0
66884,3419.3638284920594,0.9828458050608301,60.0
66885,3419.364522936504,0.9844505361920967,60.0
66886,3419.3652173809483,0.9838839113209,60.0
66887,3419.3659118253927,0.9848161757398199,60.0
66888,3419.366606269837,0.9851933184357667,60.0
66889,3419.3673007142816,0.9844830061873232,60.0
66890,3419.367995158726,0.98500839989647,60.0
66891,3419.3686896031704,0.9838134575322567,60.0
66892,3419.369384047615,0.9851717490740467,60.0
66893,3419.3700784920593,0.98473697532051,60.0
66894,3419.3707729365037,0.9844836528155,60.0
66895,3419.371467380948,0.9843862143843567,60.0
66896,3419.3721618253926,0.9850388933666333,60.0
66897,3419.372856269837,0.9835070234229732,60.0
66898,3419.3735507142815,0.9836045877425733,60.0
66899,3419.374245158726,0.9837212169145366,60.0
66900,3419.3749396031703,0.983835402579175,60.0
66901,3419.3756340476148,0.98432145535171,60.0
66902,3419.376328492059,0.9838885532833167,60.0
66903,3419.3770229365036,0.9846083627669332,60.0
66904,3419.377717380948,0.98457180239394,60.0
66905,3419.3784118253925,0.9841733204301634,60.0
66906,3419.379106269837,0.9838978299220233,60.0
66907,3419.3798007142814,0.98473903075114,60.0
66908,3419.380495158726,0.9838602058629166,60.0
66909,3419.3811896031702,0.9834943120210301,60.0
66910,3419.3818840476147,0.9838302415021399,60.0
66911,3419.382578492059,0.98335810677839,60.0
66912,3419.3832729365035,0.9844279657064866,60.0
66913,3419.383967380948,0.9840625084523,60.0
66914,3419.3846618253924,0.98317058259591,60.0
66915,3419.385356269837,0.98316573565929,60.0
66916,3419.3860507142813,0.9844167883502967,60.0
66917,3419.3867451587257,0.9833234785727033,60.0
66918,3419.38743960317,0.9849172797160266,60.0
66919,3419.3881340476146,0.98498356469822,60.0
66920,3419.388828492059,0.9844862385882,60.0
66921,3419.3895229365035,0.9841853935787466,60.0
66922,3419.390217380948,0.9841827729535967,60.0
66923,3419.3909118253923,0.9843993897988766,60.0
66924,3419.3916062698368,0.9834029855310532,60.0
66925,3419.392300714281,0.9855380977366833,60.0
66926,3419.3929951587256,0.9842100937985366,60.0
66927,3419.39368960317,0.9841592500296567,60.0
66928,3419.3943840476145,0.98417860215035,60.0
66929,3419.395078492059,0.9840913744803901,60.0
66930,3419.3957729365034,0.9846396474148866,60.0
66931,3419.396467380948,0.9839968421356334,60.0
66932,3419.3971618253922,0.9838542044550899,60.0
66933,3419.3978562698367,0.9851984343533067,60.0
66934,3419.398550714281,0.9842606753655834,60.0
66935,3419.3992451587255,0.9850769094048833,60.0
66936,3419.39993960317,0.9841369674736233,60.0
66937,3419.4006340476144,0.9846706098775834,60.0
66938,3419.401328492059,0.9843339051587466,60.0
66939,3419.4020229365033,0.9846332270207467,60.0
66940,3419.4027173809477,0.9845335305378201,60.0
66941,3419.403411825392,0.9838900822518367,60.0
66942,3419.4041062698366,0.983826210216315,60.0
66943,3419.404800714281,0.9847147357071634,60.0
66944,3419.4054951587254,0.9850989239231501,60.0
66945,3419.40618960317,0.98475246681615,60.0
66946,3419.4068840476143,0.9851429168728499,60.0
66947,3419.4075784920587,0.9842258849461333,60.0
66948,3419.408272936503,0.98566071519173,60.0
66949,3419.4089673809476,0.98459837628148,60.0
66950,3419.409661825392,0.983964813707825,60.0
66951,3419.4103562698365,0.9855471652961733,60.0
66952,3419.411050714281,0.9838483215828333,60.0
66953,3419.4117451587254,0.9854703858996067,60.0
66954,3419.41243960317,0.9851586604003834,60.0
66955,3419.413134047614,0.9843575076438568,60.0
66956,3419.4138284920587,0.9851292566588666,60.0
66957,3419.414522936503,0.9846621029107867,60.0
66958,3419.4152173809475,0.9850829135662034,60.0
66959,3419.415911825392,0.984546983035075,60.0
66960,3419.4166062698364,0.9845605874478999,60.0
66961,3419.417300714281,0.9851159267953133,60.0
66962,3419.4179951587253,0.9861988690236749,60.0
66963,3419.4186896031697,0.98574196836128,60.0
66964,3419.419384047614,0.9842424568241034,60.0
66965,3419.4200784920586,0.9850122652438967,60.0
66966,3419.420772936503,0.9843031560451068,60.0
66967,3419.4214673809474,0.9841657340267567,60.0
66968,3419.422161825392,0.9841742239171066,60.0
66969,3419.4228562698363,0.98473238720075,60.0
66970,3419.4235507142807,0.9846428259345367,60.0
66971,3419.424245158725,0.9858443575773866,60.0
66972,3419.4249396031696,0.984745145930845,60.0
66973,3419.425634047614,0.985540456942835,60.0
66974,3419.4263284920585,0.9847626797949532,60.0
66975,3419.427022936503,0.9853460005316533,60.0
66976,3419.4277173809473,0.9851022154839666,60.0
66977,3419.428411825392,0.9857482319091434,60.0
66978,3419.429106269836,0.98569918689514,60.0
66979,3419.4298007142806,0.9850296780188668,60.0
66980,3419.430495158725,0.9856890155801533,60.0
66981,3419.4311896031695,0.98512280978967,60.0
66982,3419.431884047614,0.98378076456452,60.0
66983,3419.4325784920584,0.9854934398543033,60.0
66984,3419.433272936503,0.98585340806422,60.0
66985,3419.4339673809473,0.98509481718297,60.0
66986,3419.4346618253917,0.9849958014988234,60.0
66987,3419.435356269836,0.9855167039452167,60.0
66988,3419.4360507142806,0.9859479297822501,60.0
66989,3419.436745158725,0.9861594477844168,60.0
66990,3419.4374396031694,0.9850282095707067,60.0
66991,3419.438134047614,0.9844855734863334,60.0
66992,3419.4388284920583,0.9864375312494568,60.0
66993,3419.4395229365027,0.9857796042648066,60.0
66994,3419.440217380947,0.9859586474001533,60.0
66995,3419.4409118253916,0.9852411493871432,60.0
66996,3419.441606269836,0.9862735521122766,60.0
66997,3419.4423007142805,0.9863047518918101,60.0
66998,3419.442995158725,0.9856132128874201,60.0
66999,3419.4436896031693,0.9852847863969699,60.0
67000,3419.4443840476138,0.9853730836775166,60.0
67001,3419.445078492058,0.9855403080273051,60.0
67002,3419.4457729365026,0.9866778623220268,60.0
67003,3419.446467380947,0.9851455898808333,60.0
67004,3419.4471618253915,0.9862163723268201,60.0
67005,3419.447856269836,0.98586445181826,60.0
67006,3419.4485507142804,0.9864865304744633,60.0
67007,3419.449245158725,0.9867586173813967,60.0
67008,3419.4499396031692,0.98635780422287,60.0
67009,3419.4506340476137,0.9868667087697599,60.0
67010,3419.451328492058,0.9868897539521301,60.0
67011,3419.4520229365025,0.9864161032781467,60.0
67012,3419.452717380947,0.9857871719041299,60.0
67013,3419.4534118253914,0.9865315247628633,60.0
67014,3419.454106269836,0.9862467911778233,60.0
67015,3419.4548007142803,0.9864561983037367,60.0
67016,3419.4554951587247,0.9847711692586634,60.0
67017,3419.456189603169,0.98538311144266,60.0
67018,3419.4568840476136,0.9864594894661933,60.0
67019,3419.457578492058,0.9857519762344967,60.0
67020,3419.4582729365025,0.98712788589354,60.0
67021,3419.458967380947,0.9857604131371832,60.0
67022,3419.4596618253913,0.9869948834742767,60.0
67023,3419.4603562698358,0.9880489034390433,60.0
67024,3419.46105071428,0.9861010622832701,60.0
67025,3419.4617451587246,0.9869162784802333,60.0
67026,3419.462439603169,0.9856515851464533,60.0
67027,3419.4631340476135,0.9860301605504134,60.0
67028,3419.463828492058,0.98661938306635,60.0
67029,3419.4645229365024,0.985814045058035,60.0
67030,3419.465217380947,0.9872387479582434,60.0
67031,3419.4659118253912,0.98528190568581,60.0
67032,3419.4666062698357,0.9859606639550199,60.0
67033,3419.46730071428,0.9852338118707099,60.0
67034,3419.4679951587245,0.9868946903811633,60.0
67035,3419.468689603169,0.9868729956151734,60.0
67036,3419.4693840476134,0.9872287756268934,60.0
67037,3419.470078492058,0.9867988721586466,60.0
67038,3419.4707729365023,0.9863453040988833,60.0
67039,3419.4714673809467,0.98597853726843,60.0
67040,3419.472161825391,0.9857368868387066,60.0
67041,3419.4728562698356,0.9876212335191233,60.0
67042,3419.47355071428,0.9863772897754667,60.0
67043,3419.4742451587244,0.98583266508439,60.0
67044,3419.474939603169,0.9861391530273466,60.0
67045,3419.4756340476133,0.9872505886180001,60.0
67046,3419.4763284920577,0.98759945173102,60.0
67047,3419.477022936502,0.9865190361329134,60.0
67048,3419.4777173809466,0.9870377169346433,60.0
67049,3419.478411825391,0.9868184982841566,60.0
67050,3419.4791062698355,0.9863416787177767,60.0
67051,3419.47980071428,0.9870361387654967,60.0
67052,3419.4804951587244,0.9864427736325699,60.0
67053,3419.481189603169,0.9867574105652833,60.0
67054,3419.481884047613,0.9866154002611967,60.0
67055,3419.4825784920577,0.9870252180986835,60.0
67056,3419.483272936502,0.9866338912742467,60.0
67057,3419.4839673809465,0.9878745519885234,60.0
67058,3419.484661825391,0.9863938495788799,60.0
67059,3419.4853562698354,0.9870774092581099,60.0
67060,3419.48605071428,0.9875471225114932,60.0
67061,3419.4867451587243,0.9861388516708566,60.0
67062,3419.4874396031687,0.9864587744193266,60.0
67063,3419.488134047613,0.9875117388049867,60.0
67064,3419.4888284920576,0.9862751608690333,60.0
67065,3419.489522936502,0.9876430870917133,60.0
67066,3419.4902173809464,0.98736828764769,60.0
67067,3419.490911825391,0.9872552229659166,60.0
67068,3419.4916062698353,0.9881189229562133,60.0
67069,3419.4923007142797,0.98767463380414,60.0
67070,3419.492995158724,0.986846526275015,60.0
67071,3419.4936896031686,0.9875959618551265,60.0
67072,3419.494384047613,0.9889238597935134,60.0
67073,3419.4950784920575,0.9872016138220867,60.0
67074,3419.495772936502,0.9866774135210133,60.0
67075,3419.4964673809463,0.9870188049362233,60.0
67076,3419.497161825391,0.9867478669344066,60.0
67077,3419.497856269835,0.9863802489886133,60.0
67078,3419.4985507142796,0.9880131925556567,60.0
67079,3419.499245158724,0.9876458499466033,60.0
67080,3419.4999396031685,0.9887316844420251,60.0
67081,3419.500634047613,0.98664356581699,60.0
67082,3419.5013284920574,0.9865887638707433,60.0
67083,3419.502022936502,0.9867482895481032,60.0
67084,3419.5027173809463,0.98845149170569,60.0
67085,3419.5034118253907,0.988044802630745,60.0
67086,3419.504106269835,0.9872554545456701,60.0
67087,3419.5048007142796,0.9865947032769933,60.0
67088,3419.505495158724,0.9870618663398233,60.0
67089,3419.5061896031684,0.9866830625026134,60.0
67090,3419.506884047613,0.9874116580768434,60.0
67091,3419.5075784920573,0.9875803218718867,60.0
67092,3419.5082729365017,0.9864964957527965,60.0
67093,3419.508967380946,0.9877110542278768,60.0
67094,3419.5096618253906,0.9882587535810233,60.0
67095,3419.510356269835,0.98689957865595,60.0
67096,3419.5110507142795,0.9876632183674933,60.0
67097,3419.511745158724,0.9868915167545099,60.0
67098,3419.5124396031683,0.9870203238698366,60.0
67099,3419.5131340476128,0.9872590978613567,60.0
67100,3419.513828492057,0.9874707379423734,60.0
67101,3419.5145229365016,0.9884102802419733,60.0
67102,3419.515217380946,0.9872815967252934,60.0
67103,3419.5159118253905,0.98819334797682,60.0
67104,3419.516606269835,0.9876787447127534,60.0
67105,3419.5173007142794,0.9877956965858233,60.0
67106,3419.517995158724,0.9859743455324234,60.0
67107,3419.5186896031682,0.9879779053961633,60.0
67108,3419.5193840476127,0.9875725518089701,60.0
67109,3419.520078492057,0.9870155405523833,60.0
67110,3419.5207729365015,0.9879520494863733,60.0
67111,3419.521467380946,0.9881536137052466,60.0
67112,3419.5221618253904,0.9886961146530533,60.0
67113,3419.522856269835,0.9877571484792466,60.0
67114,3419.5235507142793,0.98762222038759,60.0
67115,3419.5242451587237,0.9878508961440934,60.0
67116,3419.524939603168,0.9870089009407833,60.0
67117,3419.5256340476126,0.9876849911901,60.0
67118,3419.526328492057,0.98754579056929,60.0
67119,3419.5270229365015,0.9873891478668834,60.0
67120,3419.527717380946,0.9874126894266434,60.0
67121,3419.5284118253903,0.9878725971309334,60.0
67122,3419.5291062698348,0.9886960106006967,60.0
67123,3419.529800714279,0.9878383216704,60.0
67124,3419.5304951587236,0.9872931913768467,60.0
67125,3419.531189603168,0.9874028285558367,60.0
67126,3419.5318840476125,0.9877269663984833,60.0
67127,3419.532578492057,0.9875179853592067,60.0
67128,3419.5332729365014,0.98853690153642,60.0
67129,3419.533967380946,0.98838808615521,60.0
67130,3419.5346618253902,0.9885950520004799,60.0
67131,3419.5353562698347,0.98674162432184,60.0
67132,3419.536050714279,0.9876771078013565,60.0
67133,3419.5367451587235,0.9875409744417567,60.0
67134,3419.537439603168,0.9872410624802267,60.0
67135,3419.5381340476124,0.9874967682666332,60.0
67136,3419.538828492057,0.9876661373850167,60.0
67137,3419.5395229365013,0.9885147916466099,60.0
67138,3419.5402173809457,0.9871688092635033,60.0
67139,3419.54091182539,0.9880354812040499,60.0
67140,3419.5416062698346,0.98759784695153,60.0
67141,3419.542300714279,0.9880281320130567,60.0
67142,3419.5429951587234,0.9879881653704966,60.0
67143,3419.543689603168,0.9883054769683234,60.0
67144,3419.5443840476123,0.9877184787951,60.0
67145,3419.5450784920567,0.98799706467549,60.0
67146,3419.545772936501,0.98875558033354,60.0
67147,3419.5464673809456,0.9885661756020866,60.0
67148,3419.54716182539,0.9886076370159232,60.0
67149,3419.5478562698345,0.987037866731875,60.0
67150,3419.548550714279,0.9878158796896533,60.0
67151,3419.5492451587234,0.9879598222580933,60.0
67152,3419.549939603168,0.9886952614332,60.0
67153,3419.550634047612,0.9889534868719901,60.0
67154,3419.5513284920567,0.9873075276077666,60.0
67155,3419.552022936501,0.9890192169227268,60.0
67156,3419.5527173809455,0.9885884586067233,60.0
67157,3419.55341182539,0.9880984919838101,60.0
67158,3419.5541062698344,0.9874967372350868,60.0
67159,3419.554800714279,0.9879329954828234,60.0
67160,3419.5554951587233,0.9891316068822067,60.0
67161,3419.5561896031677,0.9878965015390268,60.0
67162,3419.556884047612,0.9888553665688201,60.0
67163,3419.5575784920566,0.9876859584718467,60.0
67164,3419.558272936501,0.9886670729107534,60.0
67165,3419.5589673809454,0.9878945493166333,60.0
67166,3419.55966182539,0.9880334290422267,60.0
67167,3419.5603562698343,0.9883604696212133,60.0
67168,3419.5610507142787,0.9889556020279601,60.0
67169,3419.561745158723,0.9879619895014399,60.0
67170,3419.5624396031676,0.9883635531042932,60.0
67171,3419.563134047612,0.98791749685793,60.0
67172,3419.5638284920565,0.98853412275938,60.0
67173,3419.564522936501,0.98892861703016,60.0
67174,3419.5652173809453,0.9883303834379032,60.0
67175,3419.56591182539,0.9889866660472834,60.0
67176,3419.566606269834,0.98801725283144,60.0
67177,3419.5673007142786,0.9894590354036733,60.0
67178,3419.567995158723,0.9891914924436933,60.0
67179,3419.5686896031675,0.9883949665572965,60.0
67180,3419.569384047612,0.9884768780226066,60.0
67181,3419.5700784920564,0.9886889997419033,60.0
67182,3419.570772936501,0.9881831520732968,60.0
67183,3419.5714673809453,0.98833006842685,60.0
67184,3419.5721618253897,0.9882894918404332,60.0
67185,3419.572856269834,0.9878026777122567,60.0
67186,3419.5735507142786,0.9886013929291299,60.0
67187,3419.574245158723,0.98852164403745,60.0
67188,3419.5749396031674,0.9884850258773801,60.0
67189,3419.575634047612,0.9882273387829033,60.0
67190,3419.5763284920563,0.98902668707794,60.0
67191,3419.5770229365007,0.9890377305677199,60.0
67192,3419.577717380945,0.9885343866111166,60.0
67193,3419.5784118253896,0.9878879399947967,60.0
67194,3419.579106269834,0.98817580842542,60.0
67195,3419.5798007142785,0.9895459058608601,60.0
67196,3419.580495158723,0.9896200727068734,60.0
67197,3419.5811896031673,0.9893742254363467,60.0
67198,3419.5818840476118,0.9886759464731649,60.0
67199,3419.582578492056,0.9884467939653834,60.0
67200,3419.5832729365006,0.9885548102639232,60.0
67201,3419.583967380945,0.98941952739057,60.0
67202,3419.5846618253895,0.9884825962696633,60.0
67203,3419.585356269834,0.9903583877452067,60.0
67204,3419.5860507142784,0.9885162213770965,60.0
67205,3419.586745158723,0.9886199545116567,60.0
67206,3419.5874396031672,0.98983854633473,60.0
67207,3419.5881340476117,0.9889558576149566,60.0
67208,3419.588828492056,0.9881675008392333,60.0
67209,3419.5895229365005,0.98914318166512,60.0
67210,3419.590217380945,0.987932208143215,60.0
67211,3419.5909118253894,0.9884808662611867,60.0
67212,3419.591606269834,0.9885838096098434,60.0
67213,3419.5923007142783,0.9879140485966534,60.0
67214,3419.5929951587227,0.9896385671845667,60.0
67215,3419.593689603167,0.98886684005601,60.0
67216,3419.5943840476116,0.9890313900498132,60.0
67217,3419.595078492056,0.9890518697768801,60.0
67218,3419.5957729365005,0.9878059064314234,60.0
67219,3419.596467380945,0.9888190381804899,60.0
67220,3419.5971618253893,0.9895571926911834,60.0
67221,3419.5978562698338,0.98950170075682,60.0
67222,3419.598550714278,0.9892840397020333,60.0
67223,3419.5992451587226,0.9897336503299966,60.0
67224,3419.599939603167,0.9879981699291767,60.0
67225,3419.6006340476115,0.98894962100022,60.0
67226,3419.601328492056,0.9896278327187633,60.0
67227,3419.6020229365004,0.9892079783743934,60.0
67228,3419.602717380945,0.9883378265560766,60.0
67229,3419.6034118253892,0.989042599827645,60.0
67230,3419.6041062698337,0.9889709881085734,60.0
67231,3419.604800714278,0.9896410511153467,60.0
67232,3419.6054951587225,0.98886306147762,60.0
67233,3419.606189603167,0.98935676334376,60.0
67234,3419.6068840476114,0.9893338569045232,60.0
67235,3419.607578492056,0.9897565056691201,60.0
67236,3419.6082729365003,0.9896449018039634,60.0
67237,3419.6089673809447,0.9889464564114366,60.0
67238,3419.609661825389,0.9892690737841533,60.0
67239,3419.6103562698336,0.9892466438035034,60.0
67240,3419.611050714278,0.98949163246248,60.0
67241,3419.6117451587224,0.9887040260369351,60.0
67242,3419.612439603167,0.99000021619282,60.0
67243,3419.6131340476113,0.9890037108787633,60.0
67244,3419.6138284920557,0.9897782345479667,60.0
67245,3419.6145229365,0.9898665441226534,60.0
67246,3419.6152173809446,0.9903947970096932,60.0
67247,3419.615911825389,0.9894358852223634,60.0
67248,3419.6166062698335,0.9899778031597534,60.0
67249,3419.617300714278,0.98885747670738,60.0
67250,3419.6179951587224,0.9886094357225668,60.0
67251,3419.618689603167,0.98846032123857,60.0
67252,3419.619384047611,0.98917582024964,60.0
67253,3419.6200784920557,0.9905149882526633,60.0
67254,3419.6207729365,0.99006949073081,60.0
67255,3419.6214673809445,0.98930237467772,60.0
67256,3419.622161825389,0.9893000859096267,60.0
67257,3419.6228562698334,0.9899908094372467,60.0
67258,3419.623550714278,0.9898486670047068,60.0
67259,3419.6242451587223,0.990163351455005,60.0
67260,3419.6249396031667,0.9898829601777833,60.0
67261,3419.625634047611,0.9892476296918433,60.0
67262,3419.6263284920556,0.9887766097043333,60.0
67263,3419.6270229365,0.9897689558357033,60.0
67264,3419.6277173809444,0.98972500285517,60.0
67265,3419.628411825389,0.9891775101822066,60.0
67266,3419.6291062698333,0.9903798579142501,60.0
67267,3419.6298007142777,0.98970056809562,60.0
67268,3419.630495158722,0.9901655249474733,60.0
67269,3419.6311896031666,0.9902532100560667,60.0
67270,3419.631884047611,0.9905684850816,60.0
67271,3419.6325784920555,0.99018721810494,60.0
67272,3419.6332729365,0.9899331101315233,60.0
67273,3419.6339673809443,0.9903632515302333,60.0
67274,3419.634661825389,0.9903634756675467,60.0
67275,3419.635356269833,0.9899780560497132,60.0
67276,3419.6360507142776,0.9898228757330867,60.0
67277,3419.636745158722,0.9900934909666,60.0
67278,3419.6374396031665,0.9885087713028268,60.0
67279,3419.638134047611,0.9899943228636933,60.0
67280,3419.6388284920554,0.98922297281647,60.0
67281,3419.6395229365,0.9901229492631001,60.0
67282,3419.6402173809443,0.9898276790101433,60.0
67283,3419.6409118253887,0.99002210950609,60.0
67284,3419.641606269833,0.990234838666225,60.0
67285,3419.6423007142776,0.990979305910185,60.0
67286,3419.642995158722,0.99104244723952,60.0
67287,3419.6436896031664,0.99000074437073,60.0
67288,3419.644384047611,0.99082755489026,60.0
67289,3419.6450784920553,0.9904855009871834,60.0
67290,3419.6457729364997,0.9903638288533401,60.0
67291,3419.646467380944,0.9908361170914199,60.0
67292,3419.6471618253886,0.9909768787553034,60.0
67293,3419.647856269833,0.9907178068051,60.0
67294,3419.6485507142775,0.9909934367371799,60.0
67295,3419.649245158722,0.9913795165608934,60.0
67296,3419.6499396031663,0.99056372909521,60.0
67297,3419.6506340476108,0.9911411447196334,60.0
67298,3419.651328492055,0.9901809724059367,60.0
67299,3419.6520229364996,0.9910910948197033,60.0
67300,3419.652717380944,0.9907701462883766,60.0
67301,3419.6534118253885,0.991426303966905,60.0
67302,3419.654106269833,0.9909628671169467,60.0
67303,3419.6548007142774,0.9898604440386434,60.0
67304,3419.655495158722,0.99171203902032,60.0
67305,3419.6561896031662,0.9902522217137467,60.0
67306,3419.6568840476107,0.990777841936905,60.0
67307,3419.657578492055,0.9912268437233266,60.0
67308,3419.6582729364995,0.9911541492793849,60.0
67309,3419.658967380944,0.9903801867196633,60.0
67310,3419.6596618253884,0.9897434800469633,60.0
67311,3419.660356269833,0.9908903442601167,60.0
67312,3419.6610507142773,0.9911475387897667,60.0
67313,3419.6617451587217,0.9907917972138433,60.0
67314,3419.662439603166,0.9904109216269433,60.0
67315,3419.6631340476106,0.9908793085772535,60.0
67316,3419.663828492055,0.9908907780380933,60.0
67317,3419.6645229364995,0.9911584209571535,60.0
67318,3419.665217380944,0.9905052539648499,60.0
67319,3419.6659118253883,0.99083881417231,60.0
67320,3419.6666062698328,0.9903637363216666,60.0
67321,3419.667300714277,0.9895612353706,60.0
67322,3419.6679951587216,0.99081102488854,60.0
67323,3419.668689603166,0.99110767261299,60.0
67324,3419.6693840476105,0.9913651236902901,60.0
67325,3419.670078492055,0.9904191226289133,60.0
67326,3419.6707729364994,0.99075070802685,60.0
67327,3419.671467380944,0.9912510643453234,60.0
67328,3419.6721618253882,0.9910676686671499,60.0
67329,3419.6728562698327,0.9903948407800867,60.0
67330,3419.673550714277,0.9910576899148933,60.0
67331,3419.6742451587215,0.9911442989351432,60.0
67332,3419.674939603166,0.9908693894066399,60.0
67333,3419.6756340476104,0.9921530501250966,60.0
67334,3419.676328492055,0.99027167203709,60.0
67335,3419.6770229364993,0.9908498965768366,60.0
67336,3419.6777173809437,0.9911738043231133,60.0
67337,3419.678411825388,0.9906506647694666,60.0
67338,3419.6791062698326,0.9909863788812867,60.0
67339,3419.679800714277,0.9900477206314133,60.0
67340,3419.6804951587214,0.9915296696867534,60.0
67341,3419.681189603166,0.9900774945175366,60.0
67342,3419.6818840476103,0.9913062639840599,60.0
67343,3419.6825784920547,0.9912722401436467,60.0
67344,3419.683272936499,0.9907754112320134,60.0
67345,3419.6839673809436,0.9903207245124234,60.0
67346,3419.684661825388,0.9909252357725834,60.0
67347,3419.6853562698325,0.9920389005069801,60.0
67348,3419.686050714277,0.99068423511937,60.0
67349,3419.6867451587214,0.9909987680443234,60.0
67350,3419.687439603166,0.992042129653695,60.0
67351,3419.68813404761,0.9914816836527,60.0
67352,3419.6888284920547,0.9906571298132366,60.0
67353,3419.689522936499,0.99172019164999,60.0
67354,3419.6902173809435,0.9904009072624366,60.0
67355,3419.690911825388,0.99102861476164,60.0
67356,3419.6916062698324,0.9916959538441833,60.0
67357,3419.692300714277,0.9922868429287334,60.0
67358,3419.6929951587213,0.9914581764275233,60.0
67359,3419.6936896031657,0.98983482459083,60.0
67360,3419.69438404761,0.9915416041377068,60.0
67361,3419.6950784920546,0.98966691899974,60.0
67362,3419.695772936499,0.9916331402184233,60.0
67363,3419.6964673809434,0.9916757023202366,60.0
67364,3419.697161825388,0.9913163886972832,60.0
67365,3419.6978562698323,0.99158832211698,60.0
67366,3419.6985507142767,0.99162255651989,60.0
67367,3419.699245158721,0.99194903058393,60.0
67368,3419.6999396031656,0.99134840901832,60.0
67369,3419.70063404761,0.9915910695288267,60.0
67370,3419.7013284920545,0.9920347461937568,60.0
67371,3419.702022936499,0.9899703798704035,60.0
67372,3419.7027173809433,0.9905472674935301,60.0
67373,3419.703411825388,0.9912749047627566,60.0
67374,3419.704106269832,0.99178157067134,60.0
67375,3419.7048007142766,0.99254375365157,60.0
67376,3419.705495158721,0.9915618590683167,60.0
67377,3419.7061896031655,0.99061978113829,60.0
67378,3419.70688404761,0.9917907773443133,60.0
67379,3419.7075784920544,0.9919029611572433,60.0
67380,3419.708272936499,0.9919325096444767,60.0
67381,3419.7089673809432,0.99148567309276,60.0
67382,3419.7096618253877,0.9907232390689135,60.0
67383,3419.710356269832,0.9922210630914566,60.0
67384,3419.7110507142766,0.9921906086806102,60.0
67385,3419.711745158721,0.9918260972480567,60.0
67386,3419.7124396031654,0.99196136404537,60.0
67387,3419.71313404761,0.992784072362815,60.0
67388,3419.7138284920543,0.99212412006201,60.0
67389,3419.7145229364987,0.9914344346706566,60.0
67390,3419.715217380943,0.9921453190210633,60.0
67391,3419.7159118253876,0.9908252017172533,60.0
67392,3419.716606269832,0.9920242893949767,60.0
67393,3419.7173007142765,0.9919070830422401,60.0
67394,3419.717995158721,0.9923434682485567,60.0
67395,3419.7186896031653,0.9923459876169233,60.0
67396,3419.7193840476098,0.9917788221394267,60.0
67397,3419.720078492054,0.9920908711042049,60.0
67398,3419.7207729364986,0.9910573312958401,60.0
67399,3419.721467380943,0.99130862935993,60.0
67400,3419.7221618253875,0.9919515487912868,60.0
67401,3419.722856269832,0.9917026439374266,60.0
67402,3419.7235507142764,0.9917404374622634,60.0
67403,3419.724245158721,0.9921066379150933,60.0
67404,3419.7249396031652,0.9918168389034433,60.0
67405,3419.7256340476097,0.9921810034854834,60.0
67406,3419.726328492054,0.9928049932577699,60.0
67407,3419.7270229364985,0.99284505543976,60.0
67408,3419.727717380943,0.9919067752093967,60.0
67409,3419.7284118253874,0.9917439539210934,60.0
67410,3419.729106269832,0.9926217520173033,60.0
67411,3419.7298007142763,0.9922140876968933,60.0
67412,3419.7304951587207,0.9915290145827734,60.0
67413,3419.731189603165,0.9924690130181667,60.0
67414,3419.7318840476096,0.9921017423786133,60.0
67415,3419.732578492054,0.99279988161421,60.0
67416,3419.7332729364985,0.9920048257688633,60.0
67417,3419.733967380943,0.9923667475228233,60.0
67418,3419.7346618253873,0.9929057222837866,60.0
67419,3419.7353562698318,0.9924081924870266,60.0
67420,3419.736050714276,0.9927533892047067,60.0
67421,3419.7367451587206,0.9928694476616032,60.0
67422,3419.737439603165,0.9924699265495699,60.0
67423,3419.7381340476095,0.9925943175329534,60.0
67424,3419.738828492054,0.9921895290403033,60.0
67425,3419.7395229364984,0.9925013106525133,60.0
67426,3419.740217380943,0.9924811540880535,60.0
67427,3419.7409118253872,0.99210095023804,60.0
67428,3419.7416062698317,0.9926071011786766,60.0
67429,3419.742300714276,0.99272388595578,60.0
67430,3419.7429951587205,0.9921354699943966,60.0
67431,3419.743689603165,0.9928833356431866,60.0
67432,3419.7443840476094,0.9932440284944667,60.0
67433,3419.745078492054,0.9933020829420532,60.0
67434,3419.7457729364983,0.9933932083040432,60.0
67435,3419.7464673809427,0.9928047707810234,60.0
67436,3419.747161825387,0.9919065680876967,60.0
67437,3419.7478562698316,0.9938701351531266,60.0
67438,3419.748550714276,0.993215849892,60.0
67439,3419.7492451587204,0.9928646791916668,60.0
67440,3419.749939603165,0.9917583643694033,60.0
67441,3419.7506340476093,0.9930044482115367,60.0
67442,3419.7513284920537,0.9918991974246466,60.0
67443,3419.752022936498,0.99309537346911,60.0
67444,3419.7527173809426,0.99298517926157,60.0
67445,3419.753411825387,0.99275786813021,60.0
67446,3419.7541062698315,0.9935796055229332,60.0
67447,3419.754800714276,0.9920321934829133,60.0
67448,3419.7554951587204,0.99284554530633,60.0
67449,3419.756189603165,0.993541738790935,60.0
67450,3419.756884047609,0.9937100128384451,60.0
67451,3419.7575784920537,0.9923892966848866,60.0
67452,3419.758272936498,0.9929451118248066,60.0
67453,3419.7589673809425,0.9931489877862433,60.0
67454,3419.759661825387,0.9923958235539266,60.0
67455,3419.7603562698314,0.9932841036591035,60.0
67456,3419.761050714276,0.9923539033191333,60.0
67457,3419.7617451587203,0.9931250773099466,60.0
67458,3419.7624396031647,0.9926939228201633,60.0
67459,3419.763134047609,0.992202980912665,60.0
67460,3419.7638284920536,0.9931508281110933,60.0
67461,3419.764522936498,0.9929504327491334,60.0
67462,3419.7652173809424,0.9935180998253467,60.0
67463,3419.765911825387,0.9929301234100466,60.0
67464,3419.7666062698313,0.9934531453538132,60.0
67465,3419.7673007142757,0.9927984279721334,60.0
67466,3419.76799515872,0.9936139101139766,60.0
67467,3419.7686896031646,0.9938021392213233,60.0
67468,3419.769384047609,0.9934105926300267,60.0
67469,3419.7700784920535,0.9926450752827166,60.0
67470,3419.770772936498,0.9939243675654034,60.0
67471,3419.7714673809423,0.9930253031233099,60.0
67472,3419.772161825387,0.9935050581049767,60.0
67473,3419.772856269831,0.9939048338865767,60.0
67474,3419.7735507142756,0.9924119293839334,60.0
67475,3419.77424515872,0.99304945828715,60.0
67476,3419.7749396031645,0.99311772364943,60.0
67477,3419.775634047609,0.9931404650823934,60.0
67478,3419.7763284920534,0.9935020635419466,60.0
67479,3419.777022936498,0.9933234518757533,60.0
67480,3419.7777173809422,0.9941112706832,60.0
67481,3419.7784118253867,0.9925203661945966,60.0
67482,3419.779106269831,0.9929218497693633,60.0
67483,3419.7798007142756,0.9929648174467,60.0
67484,3419.78049515872,0.9941651178901001,60.0
67485,3419.7811896031644,0.99301648644255,60.0
67486,3419.781884047609,0.9928622893030666,60.0
67487,3419.7825784920533,0.9937409563538333,60.0
67488,3419.7832729364977,0.9929259583652966,60.0
67489,3419.783967380942,0.9922638031323667,60.0
67490,3419.7846618253866,0.9934063029822034,60.0
67491,3419.785356269831,0.9918032843247966,60.0
67492,3419.7860507142755,0.9940661847444666,60.0
67493,3419.78674515872,0.99335625392809,60.0
67494,3419.7874396031643,0.9940108771091399,60.0
67495,3419.7881340476088,0.9928911732090601,60.0
67496,3419.788828492053,0.9931409432013867,60.0
67497,3419.7895229364976,0.9937739478990834,60.0
67498,3419.790217380942,0.9944976350701166,60.0
67499,3419.7909118253865,0.99366728044235,60.0
67500,3419.791606269831,0.9927986965674767,60.0
67501,3419.7923007142754,0.9932323029299733,60.0
67502,3419.79299515872,0.9931311851590366,60.0
67503,3419.7936896031642,0.99393177350662,60.0
67504,3419.7943840476087,0.9935959331357133,60.0
67505,3419.795078492053,0.9936289220943499,60.0
67506,3419.7957729364975,0.9933241915892367,60.0
67507,3419.796467380942,0.993292727838465,60.0
67508,3419.7971618253864,0.9945779222620966,60.0
67509,3419.797856269831,0.9930013904959166,60.0
67510,3419.7985507142753,0.9934080086243867,60.0
67511,3419.7992451587197,0.99435521216944,60.0
67512,3419.799939603164,0.9943125710199799,60.0
67513,3419.8006340476086,0.99342231744685,60.0
67514,3419.801328492053,0.9938716834102833,60.0
67515,3419.8020229364975,0.9929177850318999,60.0
67516,3419.802717380942,0.9934680759280566,60.0
67517,3419.8034118253863,0.9945760078964133,60.0
67518,3419.8041062698308,0.9927217598941249,60.0
67519,3419.804800714275,0.9943739991374666,60.0
67520,3419.8054951587196,0.9939468219471667,60.0
67521,3419.806189603164,0.994373774366835,60.0
67522,3419.8068840476085,0.9939475198836899,60.0
67523,3419.807578492053,0.9940186114098868,60.0
67524,3419.8082729364974,0.9938176095258967,60.0
67525,3419.808967380942,0.99377096492324,60.0
67526,3419.8096618253862,0.9934863775734867,60.0
67527,3419.8103562698307,0.9941064777496132,60.0
67528,3419.811050714275,0.9946451569351867,60.0
67529,3419.8117451587195,0.9941096192046533,60.0
67530,3419.812439603164,0.9939912244496201,60.0
67531,3419.8131340476084,0.9946482244119733,60.0
67532,3419.813828492053,0.9938477080187132,60.0
67533,3419.8145229364973,0.9939134290233099,60.0
67534,3419.8152173809417,0.9935888599646967,60.0
67535,3419.815911825386,0.9935649330238266,60.0
67536,3419.8166062698306,0.9943034260325065,60.0
67537,3419.817300714275,0.9939844862062966,60.0
67538,3419.8179951587194,0.9942168533151999,60.0
67539,3419.818689603164,0.99394219838335,60.0
67540,3419.8193840476083,0.9946606323277499,60.0
67541,3419.8200784920527,0.993509067330785,60.0
67542,3419.820772936497,0.9936338338749601,60.0
67543,3419.8214673809416,0.9940916922319066,60.0
67544,3419.822161825386,0.9941380863074133,60.0
67545,3419.8228562698305,0.9935315147291567,60.0
67546,3419.823550714275,0.9942267204586099,60.0
67547,3419.8242451587194,0.9943335056724635,60.0
67548,3419.824939603164,0.9942030880584466,60.0
67549,3419.825634047608,0.9945013799675267,60.0
67550,3419.8263284920527,0.9947232000297433,60.0
67551,3419.827022936497,0.9938864767656567,60.0
67552,3419.8277173809415,0.9940673890985333,60.0
67553,3419.828411825386,0.99440954947623,60.0
67554,3419.8291062698304,0.9945198120502834,60.0
67555,3419.829800714275,0.9944515947114466,60.0
67556,3419.8304951587193,0.9932985840191967,60.0
67557,3419.8311896031637,0.9947556413764866,60.0
67558,3419.831884047608,0.9939776033785833,60.0
67559,3419.8325784920526,0.9945031655383101,60.0
67560,3419.833272936497,0.9946302660084466,60.0
67561,3419.8339673809414,0.9937162676486265,60.0
67562,3419.834661825386,0.9936216394342035,60.0
67563,3419.8353562698303,0.9939057152690333,60.0
67564,3419.8360507142747,0.9941960500249634,60.0
67565,3419.836745158719,0.9945529864991934,60.0
67566,3419.8374396031636,0.99359414758997,60.0
67567,3419.838134047608,0.9941804119663268,60.0
67568,3419.8388284920525,0.9946858328156299,60.0
67569,3419.839522936497,0.99426607517533,60.0
67570,3419.8402173809413,0.9953008545355466,60.0
67571,3419.840911825386,0.9946436217001233,60.0
67572,3419.84160626983,0.9946619615658,60.0
67573,3419.8423007142746,0.9946832003941499,60.0
67574,3419.842995158719,0.9940652228930432,60.0
67575,3419.8436896031635,0.99431577293963,60.0
67576,3419.844384047608,0.99407400811906,60.0
67577,3419.8450784920524,0.9940288077847667,60.0
67578,3419.845772936497,0.9941932336405567,60.0
67579,3419.8464673809412,0.99440247095588,60.0
67580,3419.8471618253857,0.9948428844775233,60.0
67581,3419.84785626983,0.9946210651430666,60.0
67582,3419.8485507142746,0.9949095068485599,60.0
67583,3419.849245158719,0.9939528839060333,60.0
67584,3419.8499396031634,0.9935511812870134,60.0
67585,3419.850634047608,0.993989559144755,60.0
67586,3419.8513284920523,0.9945151420448534,60.0
67587,3419.8520229364967,0.9945697514503834,60.0
67588,3419.852717380941,0.9949688742163799,60.0
67589,3419.8534118253856,0.9949039475811433,60.0
67590,3419.85410626983,0.99447220755327,60.0
67591,3419.8548007142745,0.9957058900765334,60.0
67592,3419.855495158719,0.9951429307173033,60.0
67593,3419.8561896031633,0.9943263963247433,60.0
67594,3419.8568840476078,0.99477778105154,60.0
67595,3419.857578492052,0.99522303574492,60.0
67596,3419.8582729364966,0.9953481721706433,60.0
67597,3419.858967380941,0.995160798221085,60.0
67598,3419.8596618253855,0.9942986361868332,60.0
67599,3419.86035626983,0.9951521207587367,60.0
67600,3419.8610507142744,0.9958711041892067,60.0
67601,3419.861745158719,0.9957740474022733,60.0
67602,3419.8624396031632,0.99524864848456,60.0
67603,3419.8631340476077,0.9948544308640667,60.0
67604,3419.863828492052,0.9946018696958835,60.0
67605,3419.8645229364965,0.9942424770406433,60.0
67606,3419.865217380941,0.9943170080382533,60.0
67607,3419.8659118253854,0.99605591836715,60.0
67608,3419.86660626983,0.9959049166732933,60.0
67609,3419.8673007142743,0.9959767243551233,60.0
67610,3419.8679951587187,0.9958011402702334,60.0
67611,3419.868689603163,0.9956558584646467,60.0
67612,3419.8693840476076,0.9954160068334934,60.0
67613,3419.870078492052,0.9949602182831666,60.0
67614,3419.8707729364965,0.9949979768492834,60.0
67615,3419.871467380941,0.99537516631263,60.0
67616,3419.8721618253853,0.9952087692837467,60.0
67617,3419.8728562698298,0.9960519092214434,60.0
67618,3419.873550714274,0.9948126515422534,60.0
67619,3419.8742451587186,0.9962007436382533,60.0
67620,3419.874939603163,0.9952889077715367,60.0
67621,3419.8756340476075,0.9961763794894334,60.0
67622,3419.876328492052,0.99545442458497,60.0
67623,3419.8770229364964,0.9962273876620467,60.0
67624,3419.877717380941,0.9953180846409867,60.0
67625,3419.8784118253852,0.9943591629731866,60.0
67626,3419.8791062698297,0.9948515264281267,60.0
67627,3419.879800714274,0.9957234016789099,60.0
67628,3419.8804951587185,0.9954872585191067,60.0
67629,3419.881189603163,0.9967675167563934,60.0
67630,3419.8818840476074,0.9952843104222566,60.0
67631,3419.882578492052,0.9951939603843867,60.0
67632,3419.8832729364963,0.9958297908445065,60.0
67633,3419.8839673809407,0.9964797180571033,60.0
67634,3419.884661825385,0.9958373345100368,60.0
67635,3419.8853562698296,0.9966670130004367,60.0
67636,3419.886050714274,0.9953168811856533,60.0
67637,3419.8867451587184,0.9965659663157601,60.0
67638,3419.887439603163,0.9954054336834699,60.0
67639,3419.8881340476073,0.9944906545266866,60.0
67640,3419.8888284920517,0.99541168721767,60.0
67641,3419.889522936496,0.9974869322253667,60.0
67642,3419.8902173809406,0.9955696438118565,60.0
67643,3419.890911825385,0.99549066983723,60.0
67644,3419.8916062698295,0.99558586366279,60.0
67645,3419.892300714274,0.995508630011935,60.0
67646,3419.8929951587183,0.9961806901574234,60.0
67647,3419.893689603163,0.9958625138098932,60.0
67648,3419.894384047607,0.9960074471465233,60.0
67649,3419.8950784920517,0.9963345046718034,60.0
67650,3419.895772936496,0.9953056344360732,60.0
67651,3419.8964673809405,0.9954426823738101,60.0
67652,3419.897161825385,0.9961614092907833,60.0
67653,3419.8978562698294,0.9968397145414967,60.0
67654,3419.898550714274,0.9962109448489499,60.0
67655,3419.8992451587183,0.99596777890828,60.0
67656,3419.8999396031627,0.9966166161999034,60.0
67657,3419.900634047607,0.9959439048814834,60.0
67658,3419.9013284920516,0.9959298452308967,60.0
67659,3419.902022936496,0.9954478402948433,60.0
67660,3419.9027173809404,0.9965386715558567,60.0
67661,3419.903411825385,0.99667065065033,60.0
67662,3419.9041062698293,0.9958540103464001,60.0
67663,3419.9048007142737,0.9960187075526267,60.0
67664,3419.905495158718,0.9962177411338233,60.0
67665,3419.9061896031626,0.9960471294431333,60.0
67666,3419.906884047607,0.9961844704304901,60.0
67667,3419.9075784920515,0.9966231612340333,60.0
67668,3419.908272936496,0.99609259593459,60.0
67669,3419.9089673809403,0.9964203021219333,60.0
67670,3419.909661825385,0.9967751857212965,60.0
67671,3419.910356269829,0.99690697687149,60.0
67672,3419.9110507142736,0.9971949779749101,60.0
67673,3419.911745158718,0.995356954036775,60.0
67674,3419.9124396031625,0.99697213470338,60.0
67675,3419.913134047607,0.9968093105637167,60.0
67676,3419.9138284920514,0.9961978948976999,60.0
67677,3419.914522936496,0.9963816317898567,60.0
67678,3419.9152173809402,0.9964840902506166,60.0
67679,3419.9159118253847,0.9955218502144433,60.0
67680,3419.916606269829,0.9972624471639634,60.0
67681,3419.9173007142736,0.99636428299371,60.0
67682,3419.917995158718,0.9973531905124867,60.0
67683,3419.9186896031624,0.9970842347098133,60.0
67684,3419.919384047607,0.99710697081682,60.0
67685,3419.9200784920513,0.99730569953746,60.0
67686,3419.9207729364957,0.9961931749027766,60.0
67687,3419.92146738094,0.99689610750517,60.0
67688,3419.9221618253846,0.99723179567695,60.0
67689,3419.922856269829,0.9970500838004,60.0
67690,3419.9235507142735,0.9961157997833566,60.0
67691,3419.924245158718,0.99680642332988,60.0
67692,3419.9249396031623,0.9967638138228802,60.0
67693,3419.9256340476068,0.9965848843020301,60.0
67694,3419.926328492051,0.9976432910934,60.0
67695,3419.9270229364956,0.9974181998448567,60.0
67696,3419.92771738094,0.9974094031439601,60.0
67697,3419.9284118253845,0.9966920307414767,60.0
67698,3419.929106269829,0.99714933443378,60.0
67699,3419.9298007142734,0.9965091559492533,60.0
67700,3419.930495158718,0.9975470925941433,60.0
67701,3419.9311896031622,0.9968973233633133,60.0
67702,3419.9318840476067,0.9967614336116867,60.0
67703,3419.932578492051,0.9966314503584233,60.0
67704,3419.9332729364955,0.9971396273915533,60.0
67705,3419.93396738094,0.9969289955714901,60.0
67706,3419.9346618253844,0.9969609468928867,60.0
67707,3419.935356269829,0.9963286789254767,60.0
67708,3419.9360507142733,0.997636353654065,60.0
67709,3419.9367451587177,0.9981846992855501,60.0
67710,3419.937439603162,0.9972579812222833,60.0
67711,3419.9381340476066,0.9978440102221734,60.0
67712,3419.938828492051,0.9966781570114067,60.0
67713,3419.9395229364955,0.9967867925460266,60.0
67714,3419.94021738094,0.9971692368878166,60.0
67715,3419.9409118253843,0.9974862505687033,60.0
67716,3419.9416062698288,0.9981063545585833,60.0
67717,3419.942300714273,0.9969449477345534,60.0
67718,3419.9429951587176,0.9962498381667233,60.0
67719,3419.943689603162,0.9978028317910533,60.0
67720,3419.9443840476065,0.9978174948186833,60.0
67721,3419.945078492051,0.9967833545876633,60.0
67722,3419.9457729364954,0.99668520624347,60.0
67723,3419.94646738094,0.9969218428636201,60.0
67724,3419.9471618253842,0.99784153536667,60.0
67725,3419.9478562698287,0.9960974435615132,60.0
67726,3419.948550714273,0.9971564051299598,60.0
67727,3419.9492451587175,0.99761724202018,60.0
67728,3419.949939603162,0.99830370120939,60.0
67729,3419.9506340476064,0.9979665254121034,60.0
67730,3419.951328492051,0.9971810603002567,60.0
67731,3419.9520229364953,0.99724916677703,60.0
67732,3419.9527173809397,0.9966755415640733,60.0
67733,3419.953411825384,0.9971889001954833,60.0
67734,3419.9541062698286,0.9976773187206467,60.0
67735,3419.954800714273,0.9971275714154633,60.0
67736,3419.9554951587174,0.9970615485016899,60.0
67737,3419.956189603162,0.9983675838837432,60.0
67738,3419.9568840476063,0.9972244185226501,60.0
67739,3419.9575784920507,0.9980966549063167,60.0
67740,3419.958272936495,0.9963063775248101,60.0
67741,3419.9589673809396,0.99731428260458,60.0
67742,3419.959661825384,0.9975006206386867,60.0
67743,3419.9603562698285,0.9978719270917233,60.0
67744,3419.961050714273,0.9973090087904767,60.0
67745,3419.9617451587173,0.9972170981876567,60.0
67746,3419.962439603162,0.9965285024976366,60.0
67747,3419.963134047606,0.9978468123328267,60.0
67748,3419.9638284920507,0.9976887066260067,60.0
67749,3419.964522936495,0.99764506557332,60.0
67750,3419.9652173809395,0.99736360532228,60.0
67751,3419.965911825384,0.9975981105075533,60.0
67752,3419.9666062698284,0.99702358540473,60.0
67753,3419.967300714273,0.9968130949138166,60.0
67754,3419.9679951587173,0.9972479941964266,60.0
67755,3419.9686896031617,0.9978979748805733,60.0
67756,3419.969384047606,0.9978629897747634,60.0
67757,3419.9700784920506,0.99759725827578,60.0
67758,3419.970772936495,0.9970025848003834,60.0
67759,3419.9714673809394,0.9983140614211666,60.0
67760,3419.972161825384,0.9977986569043734,60.0
67761,3419.9728562698283,0.9983191743327701,60.0
67762,3419.9735507142727,0.9980719119594633,60.0
67763,3419.974245158717,0.9973919711782799,60.0
67764,3419.9749396031616,0.9972424824606533,60.0
67765,3419.975634047606,0.9979945180928834,60.0
67766,3419.9763284920505,0.9982821352724166,60.0
67767,3419.977022936495,0.9975793219182766,60.0
67768,3419.9777173809393,0.99855060464226,60.0
67769,3419.978411825384,0.9981380747152433,60.0
67770,3419.979106269828,0.99705415670447,60.0
67771,3419.9798007142726,0.99810494949122,60.0
67772,3419.980495158717,0.9976956050333268,60.0
67773,3419.9811896031615,0.9983665762002999,60.0
67774,3419.981884047606,0.9985105132935601,60.0
67775,3419.9825784920504,0.9979909528945866,60.0
67776,3419.983272936495,0.9979066151716434,60.0
67777,3419.9839673809392,0.9976502887442399,60.0
67778,3419.9846618253837,0.99738348958621,60.0
67779,3419.985356269828,0.99898315986797,60.0
67780,3419.9860507142726,0.9975618573765467,60.0
67781,3419.986745158717,0.9972547818683033,60.0
67782,3419.9874396031614,0.9971487469432,60.0
67783,3419.988134047606,0.9986680250819266,60.0
67784,3419.9888284920503,0.9975747654546533,60.0
67785,3419.9895229364947,0.9975235480266034,60.0
67786,3419.990217380939,0.9991543935857333,60.0
67787,3419.9909118253836,0.9972255740961332,60.0
67788,3419.991606269828,0.9970362023038867,60.0
67789,3419.9923007142725,0.9979097761698666,60.0
67790,3419.992995158717,0.999576969911775,60.0
67791,3419.9936896031613,0.9985756230475634,60.0
67792,3419.9943840476058,0.99775184313427,60.0
67793,3419.99507849205,1.0002120146927749,60.0
67794,3419.9957729364946,0.99788467692668,60.0
67795,3419.996467380939,0.9974463695731267,60.0
67796,3419.9971618253835,0.9978799440114301,60.0
67797,3419.997856269828,0.9980733983757132,60.0
67798,3419.9985507142724,0.9978968404094699,60.0
67799,3419.999245158717,0.9993367646059234,60.0
67800,3419.9999396031612,0.997937684286925,60.0
67801,3420.0006340476057,0.9978182094722966,60.0
67802,3420.00132849205,0.9988273744412733,60.0
67803,3420.0020229364945,0.9979396986765167,60.0
67804,3420.002717380939,0.9981850555787499,60.0
67805,3420.0034118253834,0.99715763031964,60.0
67806,3420.004106269828,0.9973644965967366,60.0
67807,3420.0048007142723,0.9981363385505267,60.0
67808,3420.0054951587167,0.9979689465607366,60.0
67809,3420.006189603161,0.99632629794962,60.0
67810,3420.0068840476056,0.9983298659493801,60.0
67811,3420.00757849205,0.9970780941131068,60.0
67812,3420.0082729364944,0.9977355014714533,60.0
67813,3420.008967380939,0.99870973292464,60.0
67814,3420.0096618253833,0.9991879302118732,60.0
67815,3420.0103562698278,0.9980178489433434,60.0
67816,3420.011050714272,0.9983519348579933,60.0
67817,3420.0117451587166,0.9986782916738499,60.0
67818,3420.012439603161,0.9977545580852767,60.0
67819,3420.0131340476055,0.9985286767996467,60.0
67820,3420.01382849205,0.9982263446108767,60.0
67821,3420.0145229364944,0.9975468179716435,60.0
67822,3420.015217380939,0.9987366466498067,60.0
67823,3420.0159118253832,0.9993196314697966,60.0
67824,3420.0166062698277,0.9991137972051699,60.0
67825,3420.017300714272,0.99826194190363,60.0
67826,3420.0179951587165,0.9981564360166499,60.0
67827,3420.018689603161,0.9977476951224634,60.0
67828,3420.0193840476054,0.9979571904704233,60.0
67829,3420.02007849205,0.9984541388327267,60.0
67830,3420.0207729364943,0.999283407857355,60.0
67831,3420.0214673809387,0.9981238625118735,60.0
67832,3420.022161825383,0.9989993792765866,60.0
67833,3420.0228562698276,0.9979170298598233,60.0
67834,3420.023550714272,0.9995347302615266,60.0
67835,3420.0242451587164,0.9973616771560634,60.0
67836,3420.024939603161,0.9990107705548267,60.0
67837,3420.0256340476053,0.9980059192465133,60.0
67838,3420.0263284920497,0.9981017430327167,60.0
67839,3420.027022936494,0.9990835062073534,60.0
67840,3420.0277173809386,0.9988770646518,60.0
67841,3420.028411825383,0.99893450749985,60.0
67842,3420.0291062698275,0.9980464829462866,60.0
67843,3420.029800714272,0.99972439302616,60.0
67844,3420.0304951587163,0.9989357985270034,60.0
67845,3420.031189603161,0.99845650337894,60.0
67846,3420.031884047605,0.99841204809677,60.0
67847,3420.0325784920497,0.9988186671928,60.0
67848,3420.033272936494,0.9987334108615301,60.0
67849,3420.0339673809385,0.9979917585026233,60.0
67850,3420.034661825383,0.9988025640411133,60.0
67851,3420.0353562698274,0.99887286608473,60.0
67852,3420.036050714272,0.9991784937195067,60.0
67853,3420.0367451587163,0.9995553958000801,60.0
67854,3420.0374396031607,0.99910679050258,60.0
67855,3420.038134047605,0.9993193306916233,60.0
67856,3420.0388284920496,0.9994495523747565,60.0
67857,3420.039522936494,0.9988425573563301,60.0
67858,3420.0402173809384,0.9986552796357667,60.0
67859,3420.040911825383,0.9986877685417433,60.0
67860,3420.0416062698273,0.9983274474869467,60.0
67861,3420.0423007142717,0.99852635821797,60.0
67862,3420.042995158716,0.9992041843249967,60.0
67863,3420.0436896031606,0.99933990548708,60.0
67864,3420.044384047605,0.9972852598556067,60.0
67865,3420.0450784920495,0.9994427443950067,60.0
67866,3420.045772936494,0.99832913049707,60.0
67867,3420.0464673809383,0.99948857103667,60.0
67868,3420.047161825383,1.0001998293758165,60.0
67869,3420.047856269827,0.9988667892023466,60.0
67870,3420.0485507142716,0.9982048633696466,60.0
67871,3420.049245158716,0.9985000941139033,60.0
67872,3420.0499396031605,0.9994005485537799,60.0
67873,3420.050634047605,0.9995610705428034,60.0
67874,3420.0513284920494,0.9985834954696133,60.0
67875,3420.052022936494,0.9994707487753834,60.0
67876,3420.0527173809382,0.9984690321266833,60.0
67877,3420.0534118253827,0.9986438756895266,60.0
67878,3420.054106269827,0.9999019607743166,60.0
67879,3420.0548007142716,0.9989512130491766,60.0
67880,3420.055495158716,0.9980391489991534,60.0
67881,3420.0561896031604,1.0005952699790732,60.0
67882,3420.056884047605,0.9998578115780132,60.0
67883,3420.0575784920493,0.9998024255548533,60.0
67884,3420.0582729364937,1.0002673609713202,60.0
67885,3420.058967380938,0.9996573273077968,60.0
67886,3420.0596618253826,1.0002377156355668,60.0
67887,3420.060356269827,0.9997361327162934,60.0
67888,3420.0610507142715,0.99925297249241,60.0
67889,3420.061745158716,0.9995980465879034,60.0
67890,3420.0624396031603,0.9991936901173334,60.0
67891,3420.0631340476048,0.99918066889905,60.0
67892,3420.063828492049,0.9988113706202301,60.0
67893,3420.0645229364936,0.9998634209670367,60.0
67894,3420.065217380938,0.9987395035390749,60.0
67895,3420.0659118253825,0.9994947306188866,60.0
67896,3420.066606269827,0.9995610156905367,60.0
67897,3420.0673007142714,0.9994071566401633,60.0
67898,3420.067995158716,0.9993602505024167,60.0
67899,3420.0686896031602,0.99942989103922,60.0
67900,3420.0693840476047,1.0004463438352635,60.0
67901,3420.070078492049,0.99970326428425,60.0
67902,3420.0707729364935,0.9995476468638133,60.0
67903,3420.071467380938,1.0008314916822467,60.0
67904,3420.0721618253824,0.9992535447739533,60.0
67905,3420.072856269827,0.9999340710113002,60.0
67906,3420.0735507142713,0.9996414605738466,60.0
67907,3420.0742451587157,1.000409858067705,60.0
67908,3420.07493960316,0.9999852248263533,60.0
67909,3420.0756340476046,0.99903388386599,60.0
67910,3420.076328492049,1.0007044886673866,60.0
67911,3420.0770229364934,0.9997695002173899,60.0
67912,3420.077717380938,0.9997270063303633,60.0
67913,3420.0784118253823,0.9995605733088734,60.0
67914,3420.0791062698268,0.99970406233506,60.0
67915,3420.079800714271,1.0001904502107133,60.0
67916,3420.0804951587156,1.0001748285373397,60.0
67917,3420.08118960316,1.0009512320525233,60.0
67918,3420.0818840476045,1.0000342455778133,60.0
67919,3420.082578492049,1.0005314440517135,60.0
67920,3420.0832729364934,1.0003255424431299,60.0
67921,3420.083967380938,0.9997633950874466,60.0
67922,3420.084661825382,1.0002540915424167,60.0
67923,3420.0853562698267,0.9999269049918867,60.0
67924,3420.086050714271,1.000052549585235,60.0
67925,3420.0867451587155,1.00012862211571,60.0
67926,3420.08743960316,0.9991137432341399,60.0
67927,3420.0881340476044,1.0004548501730635,60.0
67928,3420.088828492049,0.9989637169605,60.0
67929,3420.0895229364933,1.0005051684578934,60.0
67930,3420.0902173809377,1.0001468822116768,60.0
67931,3420.090911825382,0.9984703886592067,60.0
67932,3420.0916062698266,1.000618990233195,60.0
67933,3420.092300714271,0.9995168839215868,60.0
67934,3420.0929951587154,1.0001701850764035,60.0
67935,3420.09368960316,0.9995582974609533,60.0
67936,3420.0943840476043,1.0003084230059933,60.0
67937,3420.0950784920487,1.0004636705576067,60.0
67938,3420.095772936493,0.999473192604615,60.0
67939,3420.0964673809376,1.0010152988189465,60.0
67940,3420.097161825382,0.9995084959635734,60.0
67941,3420.0978562698265,1.00000422651069,60.0
67942,3420.098550714271,1.0002302928085067,60.0
67943,3420.0992451587153,1.00044049435455,60.0
67944,3420.09993960316,1.00138996689845,60.0
67945,3420.100634047604,1.00046277683368,60.0
67946,3420.1013284920487,1.0004366264875533,60.0
67947,3420.102022936493,1.0004523257893931,60.0
67948,3420.1027173809375,1.0001121812121099,60.0
67949,3420.103411825382,1.0002604049530868,60.0
67950,3420.1041062698264,1.0002734250626768,60.0
67951,3420.104800714271,0.9999966765211866,60.0
67952,3420.1054951587153,1.0007952733676866,60.0
67953,3420.1061896031597,1.0002241586743,60.0
67954,3420.106884047604,0.9991811044798834,60.0
67955,3420.1075784920486,1.0004655762211165,60.0
67956,3420.108272936493,0.9993722654705933,60.0
67957,3420.1089673809374,1.0007263691294632,60.0
67958,3420.109661825382,1.0011986103535433,60.0
67959,3420.1103562698263,1.0013869128014068,60.0
67960,3420.1110507142707,1.0002260862936267,60.0
67961,3420.111745158715,1.0013912514079932,60.0
67962,3420.1124396031596,1.0008981898689233,60.0
67963,3420.113134047604,1.00096684099927,60.0
67964,3420.1138284920485,1.0005313148761068,60.0
67965,3420.114522936493,1.0017823009356002,60.0
67966,3420.1152173809373,1.00054482950011,60.0
67967,3420.1159118253818,1.0010130013211567,60.0
67968,3420.116606269826,1.0008232876259333,60.0
67969,3420.1173007142706,1.0005305985527067,60.0
67970,3420.117995158715,0.99993979305269,60.0
67971,3420.1186896031595,1.0000604345719768,60.0
67972,3420.119384047604,1.00102176369364,60.0
67973,3420.1200784920484,1.0007511381082168,60.0
67974,3420.120772936493,1.0001907982469367,60.0
67975,3420.1214673809372,1.0007989007760065,60.0
67976,3420.1221618253817,1.0010303216956467,60.0
67977,3420.122856269826,1.0017479399626166,60.0
67978,3420.1235507142706,1.00044503389031,60.0
67979,3420.124245158715,1.0006262419109366,60.0
67980,3420.1249396031594,1.0002494851025767,60.0
67981,3420.125634047604,1.0012164479374268,60.0
67982,3420.1263284920483,1.0013189826664035,60.0
67983,3420.1270229364927,1.00100253920148,60.0
67984,3420.127717380937,1.00077150671042,60.0
67985,3420.1284118253816,1.0009552570367966,60.0
67986,3420.129106269826,1.0007956505585234,60.0
67987,3420.1298007142705,1.0009786656906299,60.0
67988,3420.130495158715,0.99960026767932,60.0
67989,3420.1311896031593,1.00087821663227,60.0
67990,3420.1318840476038,1.00089361040137,60.0
67991,3420.132578492048,1.0007327110504667,60.0
67992,3420.1332729364926,1.0020734636782433,60.0
67993,3420.133967380937,1.0009844242847035,60.0
67994,3420.1346618253815,1.0013896941129499,60.0
67995,3420.135356269826,1.00037714950785,60.0
67996,3420.1360507142704,1.00126876598552,60.0
67997,3420.136745158715,1.0006358796091,60.0
67998,3420.1374396031592,1.00129456957533,60.0
67999,3420.1381340476037,1.0009806832751433,60.0
68000,3420.138828492048,1.0015917746938767,60.0
68001,3420.1395229364925,1.0006367792980033,60.0
68002,3420.140217380937,1.0014928355804666,60.0
68003,3420.1409118253814,1.00085720747021,60.0
68004,3420.141606269826,1.0012427230882999,60.0
68005,3420.1423007142703,1.0010458358275265,60.0
68006,3420.1429951587147,1.0020159777061433,60.0
68007,3420.143689603159,1.0006780471985366,60.0
68008,3420.1443840476036,1.0009590262164532,60.0
68009,3420.145078492048,1.0012695062580634,60.0
68010,3420.1457729364924,1.0011722402607233,60.0
68011,3420.146467380937,1.00177437448328,60.0
68012,3420.1471618253813,1.00092365186249,60.0
68013,3420.1478562698258,1.0012706699393032,60.0
68014,3420.14855071427,1.0013154238787434,60.0
68015,3420.1492451587146,1.00148894622708,60.0
68016,3420.149939603159,1.00240050144546,60.0
68017,3420.1506340476035,1.0020404723455567,60.0
68018,3420.151328492048,1.0005137659257002,60.0
68019,3420.1520229364924,1.0001134084930134,60.0
68020,3420.152717380937,1.0021713274745168,60.0
68021,3420.153411825381,1.0023215569495967,60.0
68022,3420.1541062698257,1.00097321880271,60.0
68023,3420.15480071427,1.0014728713670833,60.0
68024,3420.1554951587145,1.00181464800118,60.0
68025,3420.156189603159,1.0011045465286832,60.0
68026,3420.1568840476034,1.00164761480582,60.0
68027,3420.157578492048,1.00137477783236,60.0
68028,3420.1582729364923,1.00185490527397,60.0
68029,3420.1589673809367,1.0013984652236534,60.0
68030,3420.159661825381,1.0010539222719632,60.0
68031,3420.1603562698256,1.0011042035745032,60.0
68032,3420.16105071427,1.001016304334085,60.0
68033,3420.1617451587144,1.0025955716287165,60.0
68034,3420.162439603159,1.0002680704877667,60.0
68035,3420.1631340476033,1.0006934429455765,60.0
68036,3420.1638284920477,1.0017604351161666,60.0
68037,3420.164522936492,1.0014933803323467,60.0
68038,3420.1652173809366,1.0014735269534367,60.0
68039,3420.165911825381,1.0031347720602266,60.0
68040,3420.1666062698255,1.0023865014026965,60.0
68041,3420.16730071427,1.0009691220467634,60.0
68042,3420.1679951587143,1.00151511601028,60.0
68043,3420.168689603159,1.00326492268537,60.0
68044,3420.169384047603,1.0009436541365333,60.0
68045,3420.1700784920477,1.0028730991002002,60.0
68046,3420.170772936492,1.00123768708648,60.0
68047,3420.1714673809365,1.0019782297636965,60.0
68048,3420.172161825381,1.0012524220087267,60.0
68049,3420.1728562698254,1.0033437411811235,60.0
68050,3420.17355071427,1.00142718275459,60.0
68051,3420.1742451587143,1.0013379265254068,60.0
68052,3420.1749396031587,1.0014566836894032,60.0
68053,3420.175634047603,1.0023425209122667,60.0
68054,3420.1763284920476,1.0012959580070533,60.0
68055,3420.177022936492,1.00208334094837,60.0
68056,3420.1777173809364,1.0035024300234001,60.0
68057,3420.178411825381,1.0047609102347865,60.0
68058,3420.1791062698253,1.00227576489184,60.0
68059,3420.1798007142697,1.0021586317452167,60.0
68060,3420.180495158714,1.00227664161951,60.0
68061,3420.1811896031586,1.002709551575255,60.0
68062,3420.181884047603,1.0024618083072199,60.0
68063,3420.1825784920475,1.0024405125107634,60.0
68064,3420.183272936492,1.0017345778900568,60.0
68065,3420.1839673809363,1.0026688029224449,60.0
68066,3420.1846618253808,1.00206511594531,60.0
68067,3420.185356269825,1.0023679281164266,60.0
68068,3420.1860507142696,1.0012583613421968,60.0
68069,3420.186745158714,1.0020890079926332,60.0
68070,3420.1874396031585,1.0024409919197668,60.0
68071,3420.188134047603,1.0013096347399166,60.0
68072,3420.1888284920474,1.0011387340916167,60.0
68073,3420.189522936492,1.0021977854424866,60.0
68074,3420.1902173809362,1.001490774495875,60.0
68075,3420.1909118253807,1.0013349277227668,60.0
68076,3420.191606269825,1.00262939625088,60.0
68077,3420.1923007142695,1.0019454247856234,60.0
68078,3420.192995158714,1.0020001825785165,60.0
68079,3420.1936896031584,1.0020490510478834,60.0
68080,3420.194384047603,1.0012212524992166,60.0
68081,3420.1950784920473,1.001407712930535,60.0
68082,3420.1957729364917,1.0010521296213168,60.0
68083,3420.196467380936,1.0025657229493365,60.0
68084,3420.1971618253806,1.0022598212767266,60.0
68085,3420.197856269825,1.0023185604270501,60.0
68086,3420.1985507142695,1.0013135282122467,60.0
68087,3420.199245158714,1.0020551000978,60.0
68088,3420.1999396031583,1.00226037334388,60.0
68089,3420.2006340476028,1.0028943389878333,60.0
68090,3420.201328492047,1.00229722069212,60.0
68091,3420.2020229364916,1.001846940740115,60.0
68092,3420.202717380936,1.0009332887078266,60.0
68093,3420.2034118253805,1.00116678681036,60.0
68094,3420.204106269825,1.0024976412112734,60.0
68095,3420.2048007142694,1.0021786701545567,60.0
68096,3420.205495158714,1.0016940077854832,60.0
68097,3420.2061896031582,1.0026018217020365,60.0
68098,3420.2068840476027,1.0021344248521602,60.0
68099,3420.207578492047,1.0019921255923565,60.0
68100,3420.2082729364915,1.0021928810500367,60.0
68101,3420.208967380936,1.0019715623529033,60.0
68102,3420.2096618253804,1.0027523087906733,60.0
68103,3420.210356269825,1.0023420151685567,60.0
68104,3420.2110507142693,1.00340233533419,60.0
68105,3420.2117451587137,1.0020138435565233,60.0
68106,3420.212439603158,1.00240422113162,60.0
68107,3420.2131340476026,1.00121969173161,60.0
68108,3420.213828492047,1.0020311688675634,60.0
68109,3420.2145229364914,1.0024806217779032,60.0
68110,3420.215217380936,1.0022549469193567,60.0
68111,3420.2159118253803,1.00265830019598,60.0
68112,3420.2166062698248,1.00229494403364,60.0
68113,3420.217300714269,1.0023878606345333,60.0
68114,3420.2179951587136,1.0035441249150001,60.0
68115,3420.218689603158,1.0035714744636066,60.0
68116,3420.2193840476025,1.0025183349713167,60.0
68117,3420.220078492047,1.0030926181175899,60.0
68118,3420.2207729364914,1.0024702389123334,60.0
68119,3420.221467380936,1.00303441129893,60.0
68120,3420.22216182538,1.00247423087116,60.0
68121,3420.2228562698247,1.0023451736396767,60.0
68122,3420.223550714269,1.00307959568679,60.0
68123,3420.2242451587135,1.0023675405864798,60.0
68124,3420.224939603158,1.0034512514537102,60.0
68125,3420.2256340476024,1.0023550232240632,60.0
68126,3420.226328492047,1.0023232100539232,60.0
68127,3420.2270229364913,1.0024628101084299,60.0
68128,3420.2277173809357,1.0038063115921398,60.0
68129,3420.22841182538,1.0020476432582468,60.0
68130,3420.2291062698246,1.0032867767749265,60.0
68131,3420.229800714269,1.0032146211168467,60.0
68132,3420.2304951587134,1.0022705008086232,60.0
68133,3420.231189603158,1.0029588005921533,60.0
68134,3420.2318840476023,1.00276738764738,60.0
68135,3420.2325784920467,1.0020923071162302,60.0
68136,3420.233272936491,1.00277558447993,60.0
68137,3420.2339673809356,1.0024712757960934,60.0
68138,3420.23466182538,1.0025608930887133,60.0
68139,3420.2353562698245,1.00366186913572,60.0
68140,3420.236050714269,1.0025930692348801,60.0
68141,3420.2367451587133,1.0032390520622867,60.0
68142,3420.237439603158,1.0033515639722201,60.0
68143,3420.238134047602,1.00178107585645,60.0
68144,3420.2388284920467,1.00256655480084,60.0
68145,3420.239522936491,1.00229340164559,60.0
68146,3420.2402173809355,1.0032182992692633,60.0
68147,3420.24091182538,1.0031299210929232,60.0
68148,3420.2416062698244,1.0024678456025433,60.0
68149,3420.242300714269,1.0037432730524534,60.0
68150,3420.2429951587133,1.00341261981192,60.0
68151,3420.2436896031577,1.0032790344435165,60.0
68152,3420.244384047602,1.0030754020529102,60.0
68153,3420.2450784920466,1.0035134343449466,60.0
68154,3420.245772936491,1.00255050267742,60.0
68155,3420.2464673809354,1.0027956955535469,60.0
68156,3420.24716182538,1.0029703301256898,60.0
68157,3420.2478562698243,1.0026118807209665,60.0
68158,3420.2485507142687,1.0026179322373767,60.0
68159,3420.249245158713,1.0032698981802133,60.0
68160,3420.2499396031576,1.00299998607008,60.0
68161,3420.250634047602,1.0036527345239434,60.0
68162,3420.2513284920465,1.0039464939055067,60.0
68163,3420.252022936491,1.0037650938479266,60.0
68164,3420.2527173809353,1.002800886972485,60.0
68165,3420.2534118253798,1.0020945742076,60.0
68166,3420.254106269824,1.0041316244506235,60.0
68167,3420.2548007142686,1.0036746979436935,60.0
68168,3420.255495158713,1.0020736579556166,60.0
68169,3420.2561896031575,1.0026372792123566,60.0
68170,3420.256884047602,1.00369768146536,60.0
68171,3420.2575784920464,1.0036001154121201,60.0
68172,3420.258272936491,1.0033621733209435,60.0
68173,3420.2589673809352,1.0036317974335331,60.0
68174,3420.2596618253797,1.00296735695738,60.0
68175,3420.260356269824,1.0032867293716767,60.0
68176,3420.2610507142685,1.00350403753269,60.0
68177,3420.261745158713,1.0035984141560166,60.0
68178,3420.2624396031574,1.00378814793913,60.0
68179,3420.263134047602,1.0031984150406068,60.0
68180,3420.2638284920463,1.0032178518069366,60.0
68181,3420.2645229364907,1.0041813031176134,60.0
68182,3420.265217380935,1.0029548918805666,60.0
68183,3420.2659118253796,1.0038956551176732,60.0
68184,3420.266606269824,1.003573065702245,60.0
68185,3420.2673007142685,1.0032200121681434,60.0
68186,3420.267995158713,1.0034220308173867,60.0
68187,3420.2686896031573,1.0036885326462202,60.0
68188,3420.2693840476018,1.003131677997403,60.0
68189,3420.270078492046,1.0045751962104166,60.0
68190,3420.2707729364906,1.0037141123864102,60.0
68191,3420.271467380935,1.0040453676307735,60.0
68192,3420.2721618253795,1.0032415496970533,60.0
68193,3420.272856269824,1.0035840065223198,60.0
68194,3420.2735507142684,1.00336380294048,60.0
68195,3420.274245158713,1.0048077495884933,60.0
68196,3420.2749396031572,1.00331953584274,60.0
68197,3420.2756340476017,1.00283217054396,60.0
68198,3420.276328492046,1.00339706557748,60.0
68199,3420.2770229364905,1.0042159182031967,60.0
68200,3420.277717380935,1.0041260822858167,60.0
68201,3420.2784118253794,1.0045605914153335,60.0
68202,3420.279106269824,1.0035768812549033,60.0
68203,3420.2798007142683,1.00350069683632,60.0
68204,3420.2804951587127,1.0034604488263732,60.0
68205,3420.281189603157,1.0029506422641468,60.0
68206,3420.2818840476016,1.0043519476100469,60.0
68207,3420.282578492046,1.0030455122656852,60.0
68208,3420.2832729364904,1.00410371684082,60.0
68209,3420.283967380935,1.00426654802578,60.0
68210,3420.2846618253793,1.0036232436722,60.0
68211,3420.2853562698238,1.0038377779519134,60.0
68212,3420.286050714268,1.0029200300286933,60.0
68213,3420.2867451587126,1.0049697230524532,60.0
68214,3420.287439603157,1.00452024230628,60.0
68215,3420.2881340476015,1.0041346016459534,60.0
68216,3420.288828492046,1.0033303869080168,60.0
68217,3420.2895229364904,1.0037029096324999,60.0
68218,3420.290217380935,1.0039442917644168,60.0
68219,3420.290911825379,1.0045316658607468,60.0
68220,3420.2916062698237,1.003355545016677,60.0
68221,3420.292300714268,1.0049738808380466,60.0
68222,3420.2929951587125,1.0047180795264767,60.0
68223,3420.293689603157,1.0044765827136701,60.0
68224,3420.2943840476014,1.00467094926217,60.0
68225,3420.295078492046,1.0043228668894366,60.0
68226,3420.2957729364903,1.00358436165517,60.0
68227,3420.2964673809347,1.0042516609297831,60.0
68228,3420.297161825379,1.0043275796528566,60.0
68229,3420.2978562698236,1.00501121727462,60.0
68230,3420.298550714268,1.00405992100505,60.0
68231,3420.2992451587124,1.003521815478365,60.0
68232,3420.299939603157,1.00400866425513,60.0
68233,3420.3006340476013,1.0037867533424634,60.0
68234,3420.3013284920457,1.0040497241866133,60.0
68235,3420.30202293649,1.0035551375758998,60.0
68236,3420.3027173809346,1.0043445665708566,60.0
68237,3420.303411825379,1.0033275031930833,60.0
68238,3420.3041062698235,1.0032728842290035,60.0
68239,3420.304800714268,1.0054937062428635,60.0
68240,3420.3054951587123,1.00404574401081,60.0
68241,3420.306189603157,1.0046560862637535,60.0
68242,3420.306884047601,1.0045841680706633,60.0
68243,3420.3075784920456,1.0052069530189298,60.0
68244,3420.30827293649,1.0042166605549632,60.0
68245,3420.3089673809345,1.0042628011094534,60.0
68246,3420.309661825379,1.0043436005616833,60.0
68247,3420.3103562698234,1.0035750495354399,60.0
68248,3420.311050714268,1.0044519923037567,60.0
68249,3420.3117451587123,1.0043067664454834,60.0
68250,3420.3124396031567,1.00499733354416,60.0
68251,3420.313134047601,1.00413828972838,60.0
68252,3420.3138284920456,1.0049325042906532,60.0
68253,3420.31452293649,1.0043790426054167,60.0
68254,3420.3152173809344,1.00418080556721,60.0
68255,3420.315911825379,1.0043665681698601,60.0
68256,3420.3166062698233,1.0041634620577133,60.0
68257,3420.3173007142677,1.0041762396825866,60.0
68258,3420.317995158712,1.004973837509285,60.0
68259,3420.3186896031566,1.00427046393801,60.0
68260,3420.319384047601,1.004847156753675,60.0
68261,3420.3200784920455,1.0044799288258899,60.0
68262,3420.32077293649,1.0038769529692033,60.0
68263,3420.3214673809343,1.00471454035344,60.0
68264,3420.3221618253788,1.0053255520333033,60.0
68265,3420.322856269823,1.00504253196127,60.0
68266,3420.3235507142676,1.0046744169077266,60.0
68267,3420.324245158712,1.0047961939145633,60.0
68268,3420.3249396031565,1.0057718133394467,60.0
68269,3420.325634047601,1.00558876918235,60.0
68270,3420.3263284920454,1.0052981657719233,60.0
68271,3420.32702293649,1.0044653974822901,60.0
68272,3420.3277173809342,1.00503140877355,60.0
68273,3420.3284118253787,1.0055521565752898,60.0
68274,3420.329106269823,1.0050336799045567,60.0
68275,3420.3298007142675,1.0046303558224101,60.0
68276,3420.330495158712,1.0045262565373267,60.0
68277,3420.3311896031564,1.00551176942368,60.0
68278,3420.331884047601,1.0043393112520649,60.0
68279,3420.3325784920453,1.0047571486299633,60.0
68280,3420.3332729364897,1.0049330940912065,60.0
68281,3420.333967380934,1.0039825052016231,60.0
68282,3420.3346618253786,1.0048260719279634,60.0
68283,3420.335356269823,1.0047014571461368,60.0
68284,3420.3360507142675,1.0054393199968035,60.0
68285,3420.336745158712,1.0059701302969268,60.0
68286,3420.3374396031563,1.00606645193456,60.0
68287,3420.3381340476008,1.00471016652384,60.0
68288,3420.338828492045,1.0044253290807434,60.0
68289,3420.3395229364896,1.00387872119351,60.0
68290,3420.340217380934,1.00567833461308,60.0
68291,3420.3409118253785,1.0050081320005166,60.0
68292,3420.341606269823,1.004946112486695,60.0
68293,3420.3423007142674,1.0051997354234,60.0
68294,3420.342995158712,1.0056779228697035,60.0
68295,3420.3436896031562,1.0054759770452133,60.0
68296,3420.3443840476007,1.0047739058214633,60.0
68297,3420.345078492045,1.0051490547476767,60.0
68298,3420.3457729364895,1.0042748968594066,60.0
68299,3420.346467380934,1.0047966664761632,60.0
68300,3420.3471618253784,1.0045360928710767,60.0
68301,3420.347856269823,1.0046050799830397,60.0
68302,3420.3485507142673,1.0055623968572334,60.0
68303,3420.3492451587117,1.0053737762057633,60.0
68304,3420.349939603156,1.0043790410654134,60.0
68305,3420.3506340476006,1.00474234593604,60.0
68306,3420.351328492045,1.00388462717443,60.0
68307,3420.3520229364894,1.0055071658648433,60.0
68308,3420.352717380934,1.0056157498146465,60.0
68309,3420.3534118253783,1.00603640766495,60.0
68310,3420.3541062698228,1.0049823243965934,60.0
68311,3420.354800714267,1.0058353102954651,60.0
68312,3420.3554951587116,1.005316770062965,60.0
68313,3420.356189603156,1.0054783639872267,60.0
68314,3420.3568840476005,1.0048302127017033,60.0
68315,3420.357578492045,1.0052573114989134,60.0
68316,3420.3582729364894,1.004566747131645,60.0
68317,3420.358967380934,1.0051629477235167,60.0
68318,3420.359661825378,1.004912544694025,60.0
68319,3420.3603562698227,1.0050625903293102,60.0
68320,3420.361050714267,1.0053943724572199,60.0
68321,3420.3617451587115,1.006630525153355,60.0
68322,3420.362439603156,1.0057087368472566,60.0
68323,3420.3631340476004,1.0045558541158632,60.0
68324,3420.363828492045,1.0060170845520033,60.0
68325,3420.3645229364893,1.00558094903056,60.0
68326,3420.3652173809337,1.00588507035552,60.0
68327,3420.365911825378,1.0059225945751866,60.0
68328,3420.3666062698226,1.0059148655370733,60.0
68329,3420.367300714267,1.0059848046865034,60.0
68330,3420.3679951587114,1.0048782287857767,60.0
68331,3420.368689603156,1.0050926926629,60.0
68332,3420.3693840476003,1.0056583917335133,60.0
68333,3420.3700784920447,1.00403175565478,60.0
68334,3420.370772936489,1.00542890887679,60.0
68335,3420.3714673809336,1.00565747744908,60.0
68336,3420.372161825378,1.00624311532058,60.0
68337,3420.3728562698225,1.0057795471731368,60.0
68338,3420.373550714267,1.0047806829245467,60.0
68339,3420.3742451587113,1.00602922017072,60.0
68340,3420.374939603156,1.0056162861873734,60.0
68341,3420.3756340476,1.0052550314042465,60.0
68342,3420.3763284920446,1.0060130989660532,60.0
68343,3420.377022936489,1.0056177280553966,60.0
68344,3420.3777173809335,1.0040809788170701,60.0
68345,3420.378411825378,1.0047025366576667,60.0
68346,3420.3791062698224,1.0048023254941651,60.0
68347,3420.379800714267,1.0055463984234267,60.0
68348,3420.3804951587113,1.0053818728769135,60.0
68349,3420.3811896031557,1.0058723405230001,60.0
68350,3420.3818840476,1.0058021822410534,60.0
68351,3420.3825784920446,1.0060255658643134,60.0
68352,3420.383272936489,1.00595404812605,60.0
68353,3420.3839673809334,1.0062096764923234,60.0
68354,3420.384661825378,1.0057625411624933,60.0
68355,3420.3853562698223,1.00529545127039,60.0
68356,3420.3860507142667,1.0056559189547232,60.0
68357,3420.386745158711,1.0045477728329733,60.0
68358,3420.3874396031556,1.0050874394436233,60.0
68359,3420.3881340476,1.0055426542030832,60.0
68360,3420.3888284920445,1.0059432525715133,60.0
68361,3420.389522936489,1.00620414415986,60.0
68362,3420.3902173809333,1.00570096521175,60.0
68363,3420.3909118253778,1.0060482273638633,60.0
68364,3420.391606269822,1.0064434411770766,60.0
68365,3420.3923007142666,1.0047406243085366,60.0
68366,3420.392995158711,1.0058560565065433,60.0
68367,3420.3936896031555,1.0055856310760733,60.0
68368,3420.3943840476,1.0060534278783166,60.0
68369,3420.3950784920444,1.0047258026791732,60.0
68370,3420.395772936489,1.0065267083409533,60.0
68371,3420.3964673809332,1.00541262248507,60.0
68372,3420.3971618253777,1.00585206984288,60.0
68373,3420.397856269822,1.0059981833981333,60.0
68374,3420.3985507142665,1.0056854822507868,60.0
68375,3420.399245158711,1.0051528890862766,60.0
68376,3420.3999396031554,1.0061767120950602,60.0
68377,3420.4006340476,1.0066979799235134,60.0
68378,3420.4013284920443,1.0070178964769567,60.0
68379,3420.4020229364887,1.00597418536937,60.0
68380,3420.402717380933,1.0059299304423268,60.0
68381,3420.4034118253776,1.0069125564754233,60.0
68382,3420.404106269822,1.0046635160769433,60.0
68383,3420.4048007142665,1.0055140588237066,60.0
68384,3420.405495158711,1.00648599991872,60.0
68385,3420.4061896031553,1.0063519391575966,60.0
68386,3420.4068840475998,1.00577813088736,60.0
68387,3420.407578492044,1.0052994144152632,60.0
68388,3420.4082729364886,1.0071860511964432,60.0
68389,3420.408967380933,1.0078059615576167,60.0
68390,3420.4096618253775,1.0062952115665433,60.0
68391,3420.410356269822,1.00641510988374,60.0
68392,3420.4110507142664,1.0061643944459933,60.0
68393,3420.411745158711,1.0066737670263965,60.0
68394,3420.4124396031552,1.0056866931858233,60.0
68395,3420.4131340475997,1.00639163379576,60.0
68396,3420.413828492044,1.00569990489217,60.0
68397,3420.4145229364885,1.0063442550444366,60.0
68398,3420.415217380933,1.0063649828459234,60.0
68399,3420.4159118253774,1.0057091167882766,60.0
68400,3420.416606269822,1.00628526299899,60.0
68401,3420.4173007142663,1.0060211454907666,60.0
68402,3420.4179951587107,1.0064619917920166,60.0
68403,3420.418689603155,1.0066060391933234,60.0
68404,3420.4193840475996,1.0058239108833533,60.0
68405,3420.420078492044,1.0067038914182234,60.0
68406,3420.4207729364884,1.00549630139201,60.0
68407,3420.421467380933,1.00603446021465,60.0
68408,3420.4221618253773,1.0061109812564701,60.0
68409,3420.4228562698218,1.0050468362124232,60.0
68410,3420.423550714266,1.0075107918974233,60.0
68411,3420.4242451587106,1.00668169683895,60.0
68412,3420.424939603155,1.0047252099999433,60.0
68413,3420.4256340475995,1.00568090864252,60.0
68414,3420.426328492044,1.0068959776315,60.0
68415,3420.4270229364884,1.0070426639455798,60.0
68416,3420.427717380933,1.0052452568939034,60.0
68417,3420.428411825377,1.00485335038432,60.0
68418,3420.4291062698217,1.0062687256503,60.0
68419,3420.429800714266,1.0061691330821232,60.0
68420,3420.4304951587105,1.0058074823554033,60.0
68421,3420.431189603155,1.00645801730898,60.0
68422,3420.4318840475994,1.00670220915542,60.0
68423,3420.432578492044,1.0060636413925632,60.0
68424,3420.4332729364883,1.0064804968072634,60.0
68425,3420.4339673809327,1.0052165321234967,60.0
68426,3420.434661825377,1.0075980287527802,60.0
68427,3420.4353562698216,1.0065865385167865,60.0
68428,3420.436050714266,1.00652446317564,60.0
68429,3420.4367451587104,1.0061614357691,60.0
68430,3420.437439603155,1.0063481552119067,60.0
68431,3420.4381340475993,1.0059910495610234,60.0
68432,3420.4388284920437,1.0080811806266567,60.0
68433,3420.439522936488,1.0052844061533868,60.0
68434,3420.4402173809326,1.0076584636633965,60.0
68435,3420.440911825377,1.00630061982885,60.0
68436,3420.4416062698215,1.0062440945738433,60.0
68437,3420.442300714266,1.0062829807389833,60.0
68438,3420.4429951587103,1.0073718209566633,60.0
68439,3420.443689603155,1.0074033921781167,60.0
68440,3420.444384047599,1.0062334597753935,60.0
68441,3420.4450784920436,1.0068010393811566,60.0
68442,3420.445772936488,1.0064375906625365,60.0
68443,3420.4464673809325,1.0068722349958,60.0
68444,3420.447161825377,1.00645428449256,60.0
68445,3420.4478562698214,1.006808632743,60.0
68446,3420.448550714266,1.0059733371454933,60.0
68447,3420.4492451587103,1.006614489683035,60.0
68448,3420.4499396031547,1.0063201552878667,60.0
68449,3420.450634047599,1.00638767636666,60.0
68450,3420.4513284920436,1.0057495414372635,60.0
68451,3420.452022936488,1.0074238599444765,60.0
68452,3420.4527173809324,1.00706338497358,60.0
68453,3420.453411825377,1.0062498511833333,60.0
68454,3420.4541062698213,1.0072082948518934,60.0
68455,3420.4548007142657,1.0066203826327833,60.0
68456,3420.45549515871,1.0062721147229834,60.0
68457,3420.4561896031546,1.0062140586608666,60.0
68458,3420.456884047599,1.0065967057596732,60.0
68459,3420.4575784920435,1.0065046757514267,60.0
68460,3420.458272936488,1.0071508128698767,60.0
68461,3420.4589673809323,1.005756180875765,60.0
68462,3420.4596618253768,1.00741796470166,60.0
68463,3420.460356269821,1.0067927637700533,60.0
68464,3420.4610507142656,1.0073173372795852,60.0
68465,3420.46174515871,1.0065840407403168,60.0
68466,3420.4624396031545,1.0047714402175867,60.0
68467,3420.463134047599,1.0073938603434434,60.0
68468,3420.4638284920434,1.00661480415897,60.0
68469,3420.464522936488,1.0068021119635366,60.0
68470,3420.4652173809322,1.0071935779782066,60.0
68471,3420.4659118253767,1.007976133698527,60.0
68472,3420.466606269821,1.0075009281513634,60.0
68473,3420.4673007142655,1.0068859767576266,60.0
68474,3420.46799515871,1.0062848921672,60.0
68475,3420.4686896031544,1.00663093387063,60.0
68476,3420.469384047599,1.00739708769125,60.0
68477,3420.4700784920433,1.0066671760988266,60.0
68478,3420.4707729364877,1.0084867386884666,60.0
68479,3420.471467380932,1.0075294785330433,60.0
68480,3420.4721618253766,1.0069205515468334,60.0
68481,3420.472856269821,1.0070307227864033,60.0
68482,3420.4735507142655,1.0066087783428468,60.0
68483,3420.47424515871,1.0072240401473334,60.0
68484,3420.4749396031543,1.0069310673020766,60.0
68485,3420.4756340475988,1.00662837692401,60.0
68486,3420.476328492043,1.0068562579622766,60.0
68487,3420.4770229364876,1.0071862811135401,60.0
68488,3420.477717380932,1.0074533757515833,60.0
68489,3420.4784118253765,1.0073785337270367,60.0
68490,3420.479106269821,1.0066521633049332,60.0
68491,3420.4798007142654,1.0063383711979101,60.0
68492,3420.48049515871,1.0071837893404234,60.0
68493,3420.4811896031542,1.00632064936919,60.0
68494,3420.4818840475987,1.0078174499594768,60.0
68495,3420.482578492043,1.0073969098620499,60.0
68496,3420.4832729364875,1.0078214871914069,60.0
68497,3420.483967380932,1.0073031792331733,60.0
68498,3420.4846618253764,1.0076418138572967,60.0
68499,3420.485356269821,1.0076543167388434,60.0
68500,3420.4860507142653,1.0067322310438536,60.0
68501,3420.4867451587097,1.00723520759898,60.0
68502,3420.487439603154,1.0070267464015032,60.0
68503,3420.4881340475986,1.0064845748795668,60.0
68504,3420.488828492043,1.0075865432233833,60.0
68505,3420.4895229364874,1.007533872938957,60.0
68506,3420.490217380932,1.0072209904062965,60.0
68507,3420.4909118253763,1.0075823383082332,60.0
68508,3420.4916062698207,1.0072775866821067,60.0
68509,3420.492300714265,1.0072385177471999,60.0
68510,3420.4929951587096,1.0084974880766,60.0
68511,3420.493689603154,1.0070466430027833,60.0
68512,3420.4943840475985,1.0076130628840199,60.0
68513,3420.495078492043,1.0071696222255266,60.0
68514,3420.4957729364874,1.0065003782618533,60.0
68515,3420.496467380932,1.0067991134260035,60.0
68516,3420.497161825376,1.0072178959353633,60.0
68517,3420.4978562698207,1.00736511495612,60.0
68518,3420.498550714265,1.00823188923531,60.0
68519,3420.4992451587095,1.00803027118083,60.0
68520,3420.499939603154,1.00717273242742,60.0
68521,3420.5006340475984,1.0073570152571767,60.0
68522,3420.501328492043,1.0070878515559567,60.0
68523,3420.5020229364873,1.0073024181661168,60.0
68524,3420.5027173809317,1.0086115651916001,60.0
68525,3420.503411825376,1.0070318514565268,60.0
68526,3420.5041062698206,1.0075821596448566,60.0
68527,3420.504800714265,1.0069209879138634,60.0
68528,3420.5054951587094,1.0084916894980036,60.0
68529,3420.506189603154,1.0080785052660632,60.0
68530,3420.5068840475983,1.00728211859556,60.0
68531,3420.5075784920427,1.0075144433380334,60.0
68532,3420.508272936487,1.0069292255112667,60.0
68533,3420.5089673809316,1.0073656351761835,60.0
68534,3420.509661825376,1.00722413990191,60.0
68535,3420.5103562698205,1.00825564043294,60.0
68536,3420.511050714265,1.00707782011523,60.0
68537,3420.5117451587093,1.006870888901755,60.0
68538,3420.512439603154,1.0081330346671766,60.0
68539,3420.513134047598,1.00738461120807,60.0
68540,3420.5138284920426,1.0077705556148633,60.0
68541,3420.514522936487,1.00724947556677,60.0
68542,3420.5152173809315,1.00803745235572,60.0
68543,3420.515911825376,1.0074973734447301,60.0
68544,3420.5166062698204,1.0079295257261034,60.0
68545,3420.517300714265,1.0074058049582133,60.0
68546,3420.5179951587093,1.0077365874707667,60.0
68547,3420.5186896031537,1.0079154619737232,60.0
68548,3420.519384047598,1.0081880076455898,60.0
68549,3420.5200784920426,1.0077847036770833,60.0
68550,3420.520772936487,1.0069330140157968,60.0
68551,3420.5214673809314,1.0082505599500466,60.0
68552,3420.522161825376,1.00789805000876,60.0
68553,3420.5228562698203,1.0075429439552532,60.0
68554,3420.5235507142647,1.0077867367228668,60.0
68555,3420.524245158709,1.0077588673663034,60.0
68556,3420.5249396031536,1.0073928358672133,60.0
68557,3420.525634047598,1.00706908633067,60.0
68558,3420.5263284920425,1.0078350517263301,60.0
68559,3420.527022936487,1.0079342991419367,60.0
68560,3420.5277173809313,1.0071924100745733,60.0
68561,3420.5284118253758,1.0081117934172734,60.0
68562,3420.52910626982,1.008427569076085,60.0
68563,3420.5298007142646,1.0069048980654733,60.0
68564,3420.530495158709,1.0078131080264567,60.0
68565,3420.5311896031535,1.0080979323840067,60.0
68566,3420.531884047598,1.0079599086897602,60.0
68567,3420.5325784920424,1.0079887778320635,60.0
68568,3420.533272936487,1.0073227102028899,60.0
68569,3420.5339673809312,1.0078348673730935,60.0
68570,3420.5346618253757,1.0078652933080468,60.0
68571,3420.53535626982,1.0088381410390899,60.0
68572,3420.5360507142645,1.0083559341272268,60.0
68573,3420.536745158709,1.0080242463428402,60.0
68574,3420.5374396031534,1.0076278587725531,60.0
68575,3420.538134047598,1.0074926298518168,60.0
68576,3420.5388284920423,1.0079721888443633,60.0
68577,3420.5395229364867,1.00775453055052,60.0
68578,3420.540217380931,1.0080728621570934,60.0
68579,3420.5409118253756,1.0083852110890368,60.0
68580,3420.54160626982,1.0070668895420634,60.0
68581,3420.5423007142645,1.0076203124883367,60.0
68582,3420.542995158709,1.0079412472601665,60.0
68583,3420.5436896031533,1.0080488583692002,60.0
68584,3420.5443840475978,1.0075186621523036,60.0
68585,3420.545078492042,1.0081865051110168,60.0
68586,3420.5457729364866,1.0081236460477334,60.0
68587,3420.546467380931,1.0085764521639133,60.0
68588,3420.5471618253755,1.0079574341523267,60.0
68589,3420.54785626982,1.0076580354115034,60.0
68590,3420.5485507142644,1.0083257536285033,60.0
68591,3420.549245158709,1.0080059906596734,60.0
68592,3420.5499396031532,1.0093120764839334,60.0
68593,3420.5506340475977,1.0076567573826367,60.0
68594,3420.551328492042,1.0087844556336298,60.0
68595,3420.5520229364865,1.0081635375231832,60.0
68596,3420.552717380931,1.0082291353122799,60.0
68597,3420.5534118253754,1.00840738590834,60.0
68598,3420.55410626982,1.0080005998789934,60.0
68599,3420.5548007142643,1.0074340141509435,60.0
68600,3420.5554951587087,1.0077669670300566,60.0
68601,3420.556189603153,1.0090203830063966,60.0
68602,3420.5568840475976,1.0091457030738702,60.0
68603,3420.557578492042,1.0080470952726899,60.0
68604,3420.5582729364864,1.0086926990245633,60.0
68605,3420.558967380931,1.0081435568174366,60.0
68606,3420.5596618253753,1.0084473062169867,60.0
68607,3420.5603562698197,1.0090241480645032,60.0
68608,3420.561050714264,1.0089756749932999,60.0
68609,3420.5617451587086,1.0086273335168265,60.0
68610,3420.562439603153,1.0090181182535567,60.0
68611,3420.5631340475975,1.00819543288418,60.0
68612,3420.563828492042,1.0085185833738668,60.0
68613,3420.5645229364864,1.0072079109036232,60.0
68614,3420.565217380931,1.0083913216568166,60.0
68615,3420.565911825375,1.0084618151978133,60.0
68616,3420.5666062698197,1.0075499024273467,60.0
68617,3420.567300714264,1.0093216975575,60.0
68618,3420.5679951587085,1.0081578201118269,60.0
68619,3420.568689603153,1.0075541907983234,60.0
68620,3420.5693840475974,1.0078706282718333,60.0
68621,3420.570078492042,1.0081737430220368,60.0
68622,3420.5707729364863,1.0074440219813101,60.0
68623,3420.5714673809307,1.00857986539902,60.0
68624,3420.572161825375,1.00877308475095,60.0
68625,3420.5728562698196,1.0086424135559466,60.0
68626,3420.573550714264,1.0083946833311699,60.0
68627,3420.5742451587084,1.0080475006774001,60.0
68628,3420.574939603153,1.0087596663028735,60.0
68629,3420.5756340475973,1.0083510470393635,60.0
68630,3420.5763284920417,1.0093417271025733,60.0
68631,3420.577022936486,1.00846550908026,60.0
68632,3420.5777173809306,1.00797983255595,60.0
68633,3420.578411825375,1.0085687985187002,60.0
68634,3420.5791062698195,1.0091396121995233,60.0
68635,3420.579800714264,1.0094681901448668,60.0
68636,3420.5804951587083,1.0087774597151167,60.0
68637,3420.581189603153,1.0084257295934231,60.0
68638,3420.581884047597,1.00855246427314,60.0
68639,3420.5825784920416,1.0086856372516466,60.0
68640,3420.583272936486,1.0085062689862834,60.0
68641,3420.5839673809305,1.00888326537677,60.0
68642,3420.584661825375,1.0078783612927065,60.0
68643,3420.5853562698194,1.00917076843901,60.0
68644,3420.586050714264,1.00912088244192,60.0
68645,3420.5867451587083,1.00895080150295,60.0
68646,3420.5874396031527,1.0077272395870167,60.0
68647,3420.588134047597,1.0077068577857766,60.0
68648,3420.5888284920416,1.0094077286158634,60.0
68649,3420.589522936486,1.0083454815366133,60.0
68650,3420.5902173809304,1.0087313006718535,60.0
68651,3420.590911825375,1.0089576773159399,60.0
68652,3420.5916062698193,1.0082576261160767,60.0
68653,3420.5923007142637,1.0078275144651665,60.0
68654,3420.592995158708,1.0079885090664134,60.0
68655,3420.5936896031526,1.0086840151736651,60.0
68656,3420.594384047597,1.0082266616696467,60.0
68657,3420.5950784920415,1.0081154678203468,60.0
68658,3420.595772936486,1.0081706313924468,60.0
68659,3420.5964673809303,1.0078792536857633,60.0
68660,3420.5971618253748,1.00856765197327,60.0
68661,3420.597856269819,1.0076527514816267,60.0
68662,3420.5985507142636,1.0091367090691168,60.0
68663,3420.599245158708,1.0081648836104,60.0
68664,3420.5999396031525,1.0073246161746967,60.0
68665,3420.600634047597,1.0083048166527633,60.0
68666,3420.6013284920414,1.0080460541115166,60.0
68667,3420.602022936486,1.0081376749812432,60.0
68668,3420.6027173809302,1.00841971334156,60.0
68669,3420.6034118253747,1.00903762221142,60.0
68670,3420.604106269819,1.0077987355740767,60.0
68671,3420.6048007142635,1.0083700007197833,60.0
68672,3420.605495158708,1.0092216369577336,60.0
68673,3420.6061896031524,1.0089221206728534,60.0
68674,3420.606884047597,1.0081644492445567,60.0
68675,3420.6075784920413,1.0090277966402066,60.0
68676,3420.6082729364857,1.009288044478385,60.0
68677,3420.60896738093,1.00883530843107,60.0
68678,3420.6096618253746,1.0086014556593266,60.0
68679,3420.610356269819,1.00803966587536,60.0
68680,3420.6110507142635,1.00839260119362,60.0
68681,3420.611745158708,1.0081344669868266,60.0
68682,3420.6124396031523,1.00894293257042,60.0
68683,3420.6131340475968,1.0087143947335369,60.0
68684,3420.613828492041,1.0082685275661432,60.0
68685,3420.6145229364856,1.0084071758771467,60.0
68686,3420.61521738093,1.00898587940611,60.0
68687,3420.6159118253745,1.00839903793673,60.0
68688,3420.616606269819,1.0085192260552067,60.0
68689,3420.6173007142634,1.0085294970247467,60.0
68690,3420.617995158708,1.0094533839591233,60.0
68691,3420.6186896031522,1.0078391610016633,60.0
68692,3420.6193840475967,1.0091820264329834,60.0
68693,3420.620078492041,1.0081427874631668,60.0
68694,3420.6207729364855,1.0083352570954365,60.0
68695,3420.62146738093,1.00821047221339,60.0
68696,3420.6221618253744,1.0097279291505632,60.0
68697,3420.622856269819,1.0094251218106833,60.0
68698,3420.6235507142633,1.0085726449197834,60.0
68699,3420.6242451587077,1.00885698348897,60.0
68700,3420.624939603152,1.008172492531315,60.0
68701,3420.6256340475966,1.0091871470055667,60.0
68702,3420.626328492041,1.0089434269490065,60.0
68703,3420.6270229364854,1.0089443045152435,60.0
68704,3420.62771738093,1.0094856627473268,60.0
68705,3420.6284118253743,1.00847476715981,60.0
68706,3420.6291062698187,1.0090504789695867,60.0
68707,3420.629800714263,1.0089744120248667,60.0
68708,3420.6304951587076,1.0079800113625432,60.0
68709,3420.631189603152,1.0087164817134566,60.0
68710,3420.6318840475965,1.0083544540875968,60.0
68711,3420.632578492041,1.0086792725602434,60.0
68712,3420.6332729364854,1.0091328006298534,60.0
68713,3420.63396738093,1.0091104374113051,60.0
68714,3420.634661825374,1.00956315094341,60.0
68715,3420.6353562698187,1.0082829912751399,60.0
68716,3420.636050714263,1.0091490884164367,60.0
68717,3420.6367451587075,1.00983912543316,60.0
68718,3420.637439603152,1.0082172319688167,60.0
68719,3420.6381340475964,1.0095096018521665,60.0
68720,3420.638828492041,1.00898279955163,60.0
68721,3420.6395229364853,1.00924997443487,60.0
68722,3420.6402173809297,1.00873386880798,60.0
68723,3420.640911825374,1.0092346391147833,60.0
68724,3420.6416062698186,1.0092566873831166,60.0
68725,3420.642300714263,1.0098800025590033,60.0
68726,3420.6429951587074,1.00992117527139,60.0
68727,3420.643689603152,1.0086994845944532,60.0
68728,3420.6443840475963,1.0089899944778367,60.0
68729,3420.6450784920407,1.0094307270985168,60.0
68730,3420.645772936485,1.0095569983892767,60.0
68731,3420.6464673809296,1.0094878038879564,60.0
68732,3420.647161825374,1.00949993690024,60.0
68733,3420.6478562698185,1.0093906541112967,60.0
68734,3420.648550714263,1.0084555018501,60.0
68735,3420.6492451587073,1.00914397556207,60.0
68736,3420.649939603152,1.0097483433430101,60.0
68737,3420.650634047596,1.0096394925134233,60.0
68738,3420.6513284920406,1.0094718707315133,60.0
68739,3420.652022936485,1.0084470904601435,60.0
68740,3420.6527173809295,1.0096061518778165,60.0
68741,3420.653411825374,1.0095716968134,60.0
68742,3420.6541062698184,1.00943514062555,60.0
68743,3420.654800714263,1.0087448369616667,60.0
68744,3420.6554951587073,1.0081968627076634,60.0
68745,3420.6561896031517,1.0093879674156432,60.0
68746,3420.656884047596,1.00852871581236,60.0
68747,3420.6575784920406,1.00869836674746,60.0
68748,3420.658272936485,1.0092790326921668,60.0
68749,3420.6589673809294,1.0092767498237067,60.0
68750,3420.659661825374,1.009328242830027,60.0
68751,3420.6603562698183,1.01071050437308,60.0
68752,3420.6610507142627,1.0089270141572033,60.0
68753,3420.661745158707,1.0096863396907867,60.0
68754,3420.6624396031516,1.00937198843609,60.0
68755,3420.663134047596,1.0082319458772,60.0
68756,3420.6638284920405,1.0088018692919567,60.0
68757,3420.664522936485,1.0084365578082901,60.0
68758,3420.6652173809293,1.00907625311452,60.0
68759,3420.6659118253738,1.0087392994524667,60.0
68760,3420.666606269818,1.0090199049488568,60.0
68761,3420.6673007142626,1.0101691714689467,60.0
68762,3420.667995158707,1.0094872165433502,60.0
68763,3420.6686896031515,1.00919783107918,60.0
68764,3420.669384047596,1.0091043758517335,60.0
68765,3420.6700784920404,1.0093429591126866,60.0
68766,3420.670772936485,1.0096710098779433,60.0
68767,3420.6714673809292,1.0094521294124734,60.0
68768,3420.6721618253737,1.00856719547032,60.0
68769,3420.672856269818,1.00874545473825,60.0
68770,3420.6735507142625,1.00947029996373,60.0
68771,3420.674245158707,1.0104210834857665,60.0
68772,3420.6749396031514,1.0100298716557534,60.0
68773,3420.675634047596,1.0089600767296532,60.0
68774,3420.6763284920403,1.0092328309845868,60.0
68775,3420.6770229364847,1.0093200336340167,60.0
68776,3420.677717380929,1.0095558779221132,60.0
68777,3420.6784118253736,1.009988170293185,60.0
68778,3420.679106269818,1.0094668764090067,60.0
68779,3420.6798007142625,1.01016835516232,60.0
68780,3420.680495158707,1.0083880922976134,60.0
68781,3420.6811896031513,1.01101671795335,60.0
68782,3420.6818840475958,1.0102490148607934,60.0
68783,3420.68257849204,1.0101476827367033,60.0
68784,3420.6832729364846,1.0101154997108568,60.0
68785,3420.683967380929,1.0096127236511434,60.0
68786,3420.6846618253735,1.0101736041587668,60.0
68787,3420.685356269818,1.0105367925019533,60.0
68788,3420.6860507142624,1.01012825711097,60.0
68789,3420.686745158707,1.0099097351755266,60.0
68790,3420.6874396031512,1.0090162448049333,60.0
68791,3420.6881340475957,1.0096133620059933,60.0
68792,3420.68882849204,1.0097807914372767,60.0
68793,3420.6895229364845,1.01009963580007,60.0
68794,3420.690217380929,1.0086353675351367,60.0
68795,3420.6909118253734,1.0092262216979766,60.0
68796,3420.691606269818,1.0102662262663,60.0
68797,3420.6923007142623,1.0090008870878469,60.0
68798,3420.6929951587067,1.0098630072447268,60.0
68799,3420.693689603151,1.0086059047558966,60.0
68800,3420.6943840475956,1.0100943669790368,60.0
68801,3420.69507849204,1.0102915398796632,60.0
68802,3420.6957729364844,1.0107005991170335,60.0
68803,3420.696467380929,1.0098758812,60.0
68804,3420.6971618253733,1.0105705087030667,60.0
68805,3420.6978562698177,1.0101965391879932,60.0
68806,3420.698550714262,1.00897018075697,60.0
68807,3420.6992451587066,1.0105856462809366,60.0
68808,3420.699939603151,1.0086256937817566,60.0
68809,3420.7006340475955,1.00973508161199,60.0
68810,3420.70132849204,1.0108902354829767,60.0
68811,3420.7020229364844,1.0104618762604567,60.0
68812,3420.702717380929,1.0109700617361834,60.0
68813,3420.703411825373,1.0094793054780633,60.0
68814,3420.7041062698177,1.0094045092967032,60.0
68815,3420.704800714262,1.0106841867446767,60.0
68816,3420.7054951587065,1.0101385180474267,60.0
68817,3420.706189603151,1.0103657348612234,60.0
68818,3420.7068840475954,1.00971855576131,60.0
68819,3420.70757849204,1.0105403737791867,60.0
68820,3420.7082729364843,1.0106311263843732,60.0
68821,3420.7089673809287,1.0097799089948298,60.0
68822,3420.709661825373,1.0093340579802332,60.0
68823,3420.7103562698176,1.01044217145787,60.0
68824,3420.711050714262,1.0105175202523802,60.0
68825,3420.7117451587064,1.0104359000105332,60.0
68826,3420.712439603151,1.0098221181730567,60.0
68827,3420.7131340475953,1.0106819662537867,60.0
68828,3420.7138284920397,1.00971316329664,60.0
68829,3420.714522936484,1.0097282782907566,60.0
68830,3420.7152173809286,1.01033094019883,60.0
68831,3420.715911825373,1.0098554184919768,60.0
68832,3420.7166062698175,1.0100413819845668,60.0
68833,3420.717300714262,1.0105301613559134,60.0
68834,3420.7179951587063,1.0100852657200765,60.0
68835,3420.718689603151,1.0104610853582099,60.0
68836,3420.719384047595,1.0098355123800633,60.0
68837,3420.7200784920396,1.0102811755935266,60.0
68838,3420.720772936484,1.0095562369245765,60.0
68839,3420.7214673809285,1.0113731962070234,60.0
68840,3420.722161825373,1.0101812750908532,60.0
68841,3420.7228562698174,1.0104860127096098,60.0
68842,3420.723550714262,1.0112706651161498,60.0
68843,3420.7242451587063,1.0095958932487,60.0
68844,3420.7249396031507,1.0097002156102735,60.0
68845,3420.725634047595,1.0097595630936198,60.0
68846,3420.7263284920396,1.0102258120012901,60.0
68847,3420.727022936484,1.0107808247760932,60.0
68848,3420.7277173809284,1.0116054352407333,60.0
68849,3420.728411825373,1.0098334237065334,60.0
68850,3420.7291062698173,1.0100592184280568,60.0
68851,3420.7298007142617,1.0096785600662066,60.0
68852,3420.730495158706,1.01151021690882,60.0
68853,3420.7311896031506,1.01071657791905,60.0
68854,3420.731884047595,1.00993783105955,60.0
68855,3420.7325784920395,1.01037328225185,60.0
68856,3420.733272936484,1.00951967947841,60.0
68857,3420.7339673809283,1.0107995022683234,60.0
68858,3420.7346618253728,1.0091009842914298,60.0
68859,3420.735356269817,1.01044793764361,60.0
68860,3420.7360507142616,1.01031062392289,60.0
68861,3420.736745158706,1.01020194716683,60.0
68862,3420.7374396031505,1.0107698659260966,60.0
68863,3420.738134047595,1.0101673788734369,60.0
68864,3420.7388284920394,1.0104366581173265,60.0
68865,3420.739522936484,1.00945866590334,60.0
68866,3420.7402173809282,1.0106751067343032,60.0
68867,3420.7409118253727,1.0090149176796332,60.0
68868,3420.741606269817,1.01038896123365,60.0
68869,3420.7423007142615,1.01021058088705,60.0
68870,3420.742995158706,1.0098643890721732,60.0
68871,3420.7436896031504,1.0102364141728832,60.0
68872,3420.744384047595,1.0095961353565333,60.0
68873,3420.7450784920393,1.0110857756603533,60.0
68874,3420.7457729364837,1.0107091533485202,60.0
68875,3420.746467380928,1.0102956358927733,60.0
68876,3420.7471618253726,1.0115678654260265,60.0
68877,3420.747856269817,1.0101041502028767,60.0
68878,3420.7485507142615,1.00991449444584,60.0
68879,3420.749245158706,1.0107648928220467,60.0
68880,3420.7499396031503,1.0106858386204867,60.0
68881,3420.7506340475948,1.0100263045445668,60.0
68882,3420.751328492039,1.01120213025623,60.0
68883,3420.7520229364836,1.0101640925497166,60.0
68884,3420.752717380928,1.01058758235858,60.0
68885,3420.7534118253725,1.0102060830805666,60.0
68886,3420.754106269817,1.0100049489139833,60.0
68887,3420.7548007142614,1.0111002820201933,60.0
68888,3420.755495158706,1.0105619368447665,60.0
68889,3420.7561896031502,1.0102677048528867,60.0
68890,3420.7568840475947,1.00989236203555,60.0
68891,3420.757578492039,1.0106704470822365,60.0
68892,3420.7582729364835,1.01053224481723,60.0
68893,3420.758967380928,1.0102130231751432,60.0
68894,3420.7596618253724,1.0107568184629534,60.0
68895,3420.760356269817,1.0096588913793134,60.0
68896,3420.7610507142613,1.0103127251561232,60.0
68897,3420.7617451587057,1.01067778197801,60.0
68898,3420.76243960315,1.0099563897164703,60.0
68899,3420.7631340475946,1.0110573537220835,60.0
68900,3420.763828492039,1.0097691985182333,60.0
68901,3420.7645229364834,1.00963307979908,60.0
68902,3420.765217380928,1.0099572993166535,60.0
68903,3420.7659118253723,1.00991051124131,60.0
68904,3420.7666062698167,1.00963955972295,60.0
68905,3420.767300714261,1.00987736090072,60.0
68906,3420.7679951587056,1.0094903989433466,60.0
68907,3420.76868960315,1.01047787602188,60.0
68908,3420.7693840475945,1.0107967454898332,60.0
68909,3420.770078492039,1.0113684975009334,60.0
68910,3420.7707729364834,1.0114577754333098,60.0
68911,3420.771467380928,1.0112327831574333,60.0
68912,3420.772161825372,1.00997821088681,60.0
68913,3420.7728562698167,1.0098999596601768,60.0
68914,3420.773550714261,1.0103599793553466,60.0
68915,3420.7742451587055,1.0110761988235633,60.0
68916,3420.77493960315,1.0104996228432033,60.0
68917,3420.7756340475944,1.0099200405553932,60.0
68918,3420.776328492039,1.010659290961615,60.0
68919,3420.7770229364833,1.0106046466739367,60.0
68920,3420.7777173809277,1.0105981686857135,60.0
68921,3420.778411825372,1.0108486462118733,60.0
68922,3420.7791062698166,1.0104744935003334,60.0
68923,3420.779800714261,1.01097983310456,60.0
68924,3420.7804951587054,1.01079111805064,60.0
68925,3420.78118960315,1.0103398559435333,60.0
68926,3420.7818840475943,1.0106514936976199,60.0
68927,3420.7825784920387,1.0108392211648498,60.0
68928,3420.783272936483,1.0108288125775766,60.0
68929,3420.7839673809276,1.0101778990634835,60.0
68930,3420.784661825372,1.0115515501054932,60.0
68931,3420.7853562698165,1.0109207445357666,60.0
68932,3420.786050714261,1.01026770640761,60.0
68933,3420.7867451587053,1.010239911856555,60.0
68934,3420.78743960315,1.01044344028487,60.0
68935,3420.788134047594,1.0102172268590435,60.0
68936,3420.7888284920386,1.0108471621144235,60.0
68937,3420.789522936483,1.0110418388109867,60.0
68938,3420.7902173809275,1.0099310768340832,60.0
68939,3420.790911825372,1.0115268582270833,60.0
68940,3420.7916062698164,1.0102797470976033,60.0
68941,3420.792300714261,1.01050101034023,60.0
68942,3420.7929951587053,1.01034232364022,60.0
68943,3420.7936896031497,1.0111014739898867,60.0
68944,3420.794384047594,1.01002361184469,60.0
68945,3420.7950784920386,1.0095467538193235,60.0
68946,3420.795772936483,1.0114990088146298,60.0
68947,3420.7964673809274,1.01049129214981,60.0
68948,3420.797161825372,1.01110361522207,60.0
68949,3420.7978562698163,1.0109060257833233,60.0
68950,3420.7985507142607,1.0110423763019867,60.0
68951,3420.799245158705,1.01023396217169,60.0
68952,3420.7999396031496,1.0102636098945201,60.0
68953,3420.800634047594,1.0110846410279868,60.0
68954,3420.8013284920385,1.01035191171305,60.0
68955,3420.802022936483,1.0098106950050567,60.0
68956,3420.8027173809273,1.0104356610007168,60.0
68957,3420.8034118253718,1.01021533720216,60.0
68958,3420.804106269816,1.0108832865576132,60.0
68959,3420.8048007142606,1.0103321053424335,60.0
68960,3420.805495158705,1.0107157687565567,60.0
68961,3420.8061896031495,1.01018380548227,60.0
68962,3420.806884047594,1.0104833912464868,60.0
68963,3420.8075784920384,1.0102717098876266,60.0
68964,3420.808272936483,1.0089971098771031,60.0
68965,3420.8089673809272,1.0111686869458967,60.0
68966,3420.8096618253717,1.0102314701074033,60.0
68967,3420.810356269816,1.00924032879707,60.0
68968,3420.8110507142605,1.00993771237361,60.0
68969,3420.811745158705,1.0091763079892535,60.0
68970,3420.8124396031494,1.0109967204205665,60.0
68971,3420.813134047594,1.0101449673015501,60.0
68972,3420.8138284920383,1.01063781042319,60.0
68973,3420.8145229364827,1.0106980462757866,60.0
68974,3420.815217380927,1.0117634127433865,60.0
68975,3420.8159118253716,1.0103953474745933,60.0
68976,3420.816606269816,1.0104121937492667,60.0
68977,3420.8173007142605,1.0109617905983699,60.0
68978,3420.817995158705,1.0112940682516365,60.0
68979,3420.8186896031493,1.0099917548455066,60.0
68980,3420.8193840475938,1.01113157421858,60.0
68981,3420.820078492038,1.0103429690524435,60.0
68982,3420.8207729364826,1.0099349330577834,60.0
68983,3420.821467380927,1.0106378606621267,60.0
68984,3420.8221618253715,1.0102572673737233,60.0
68985,3420.822856269816,1.0102488093430566,60.0
68986,3420.8235507142604,1.0112094807198835,60.0
68987,3420.824245158705,1.0112516513256933,60.0
68988,3420.8249396031492,1.0105558293327634,60.0
68989,3420.8256340475937,1.0111192000981766,60.0
68990,3420.826328492038,1.0103406205743033,60.0
68991,3420.8270229364825,1.01110549592451,60.0
68992,3420.827717380927,1.0106969313227034,60.0
68993,3420.8284118253714,1.0111427001554767,60.0
68994,3420.829106269816,1.010836167784835,60.0
68995,3420.8298007142603,1.0100696182803768,60.0
68996,3420.8304951587047,1.0118092777849301,60.0
68997,3420.831189603149,1.0120604172651368,60.0
68998,3420.8318840475936,1.0101684875242267,60.0
68999,3420.832578492038,1.0114032215462767,60.0
69000,3420.8332729364824,1.0108388771885835,60.0
69001,3420.833967380927,1.00918624795791,60.0
69002,3420.8346618253713,1.0110946676493866,60.0
69003,3420.8353562698157,1.0105705400870535,60.0
69004,3420.83605071426,1.01013509075113,60.0
69005,3420.8367451587046,1.0107960778268301,60.0
69006,3420.837439603149,1.0111528182033034,60.0
69007,3420.8381340475935,1.01102394298729,60.0
69008,3420.838828492038,1.0109460777831467,60.0
69009,3420.8395229364824,1.0102667855756433,60.0
69010,3420.840217380927,1.0109216703535333,60.0
69011,3420.840911825371,1.0107659771847166,60.0
69012,3420.8416062698157,1.01061211894672,60.0
69013,3420.84230071426,1.0105371149436666,60.0
69014,3420.8429951587045,1.01111649691191,60.0
69015,3420.843689603149,1.011638460850805,60.0
69016,3420.8443840475934,1.0108987118694248,60.0
69017,3420.845078492038,1.0112652962682234,60.0
69018,3420.8457729364823,1.0098362629297934,60.0
69019,3420.8464673809267,1.01143146276921,60.0
69020,3420.847161825371,1.0107579113797664,60.0
69021,3420.8478562698156,1.01098237800032,60.0
69022,3420.84855071426,1.0118005160587533,60.0
69023,3420.8492451587044,1.01114342306032,60.0
69024,3420.849939603149,1.0107427097250967,60.0
69025,3420.8506340475933,1.0097127768435668,60.0
69026,3420.8513284920377,1.0115840239576632,60.0
69027,3420.852022936482,1.0112068653372168,60.0
69028,3420.8527173809266,1.0104819709148767,60.0
69029,3420.853411825371,1.0104495568833534,60.0
69030,3420.8541062698155,1.0109162323962932,60.0
69031,3420.85480071426,1.0109414614458132,60.0
69032,3420.8554951587043,1.0111275225213634,60.0
69033,3420.856189603149,1.0107864829753967,60.0
69034,3420.856884047593,1.0111440714495465,60.0
69035,3420.8575784920376,1.0111183598690634,60.0
69036,3420.858272936482,1.0110871305217,60.0
69037,3420.8589673809265,1.0101130909116733,60.0
69038,3420.859661825371,1.0103581611619967,60.0
69039,3420.8603562698154,1.0103004344102235,60.0
69040,3420.86105071426,1.01130786909374,60.0
69041,3420.8617451587043,1.0106780444744867,60.0
69042,3420.8624396031487,1.0116035220038802,60.0
69043,3420.863134047593,1.0112060000584966,60.0
69044,3420.8638284920376,1.01051518470602,60.0
69045,3420.864522936482,1.0106127804714269,60.0
69046,3420.8652173809264,1.0116058461651833,60.0
69047,3420.865911825371,1.0115307292241333,60.0
69048,3420.8666062698153,1.01080350226565,60.0
69049,3420.8673007142597,1.0114528225306734,60.0
69050,3420.867995158704,1.0112418429176897,60.0
69051,3420.8686896031486,1.01036302928991,60.0
69052,3420.869384047593,1.01023061223027,60.0
69053,3420.8700784920375,1.0111384234693566,60.0
69054,3420.870772936482,1.0106585132640131,60.0
69055,3420.8714673809263,1.0115103812629866,60.0
69056,3420.8721618253708,1.0108033579959599,60.0
69057,3420.872856269815,1.0114707035219332,60.0
69058,3420.8735507142596,1.0113769939960366,60.0
69059,3420.874245158704,1.01039312487143,60.0
69060,3420.8749396031485,1.0096649400810966,60.0
69061,3420.875634047593,1.0107298464348566,60.0
69062,3420.8763284920374,1.0106290936002666,60.0
69063,3420.877022936482,1.0108861313797148,60.0
69064,3420.8777173809262,1.0109817068268667,60.0
69065,3420.8784118253707,1.0113041290588733,60.0
69066,3420.879106269815,1.01101675309326,60.0
69067,3420.8798007142595,1.01106014144945,60.0
69068,3420.880495158704,1.0114999144797334,60.0
69069,3420.8811896031484,1.0097371418425252,60.0
69070,3420.881884047593,1.01211297273469,60.0
69071,3420.8825784920373,1.0112472341859766,60.0
69072,3420.8832729364817,1.0116294456030333,60.0
69073,3420.883967380926,1.01098685797408,60.0
69074,3420.8846618253706,1.0102111537559733,60.0
69075,3420.885356269815,1.01120312391901,60.0
69076,3420.8860507142595,1.0118424875647867,60.0
69077,3420.886745158704,1.0113357492081934,60.0
69078,3420.8874396031483,1.0108246089846935,60.0
69079,3420.8881340475928,1.0135673545601,60.0
69080,3420.888828492037,1.0106917661819466,60.0
69081,3420.8895229364816,1.01049563918512,60.0
69082,3420.890217380926,1.0117559987420432,60.0
69083,3420.8909118253705,1.0118963887825567,60.0
69084,3420.891606269815,1.01116696687473,60.0
69085,3420.8923007142594,1.0099839259496632,60.0
69086,3420.892995158704,1.0113949425403932,60.0
69087,3420.8936896031482,1.0100774157973367,60.0
69088,3420.8943840475927,1.0104940573366565,60.0
69089,3420.895078492037,1.0103704898560635,60.0
69090,3420.8957729364815,1.0116306651362632,60.0
69091,3420.896467380926,1.01046735903492,60.0
69092,3420.8971618253704,1.0110191069325165,60.0
69093,3420.897856269815,1.011623103199,60.0
69094,3420.8985507142593,1.011141957012483,60.0
69095,3420.8992451587037,1.0113181338927433,60.0
69096,3420.899939603148,1.01125949236532,60.0
69097,3420.9006340475926,1.0121579582176434,60.0
69098,3420.901328492037,1.01095665889077,60.0
69099,3420.9020229364814,1.0112904520169599,60.0
69100,3420.902717380926,1.01101079192641,60.0
69101,3420.9034118253703,1.01081591908203,60.0
69102,3420.9041062698147,1.0109033875032933,60.0
69103,3420.904800714259,1.0121552155648799,60.0
69104,3420.9054951587036,1.01078922714564,60.0
69105,3420.906189603148,1.01128902587081,60.0
69106,3420.9068840475925,1.0101470823030334,60.0
69107,3420.907578492037,1.0096510006939632,60.0
69108,3420.9082729364814,1.0109406949145034,60.0
69109,3420.908967380926,1.0107301464468434,60.0
69110,3420.90966182537,1.0111520196493802,60.0
69111,3420.9103562698147,1.0112966869023998,60.0
69112,3420.911050714259,1.0104254812103235,60.0
69113,3420.9117451587035,1.0101707517210066,60.0
69114,3420.912439603148,1.0110359386997967,60.0
69115,3420.9131340475924,1.0111789057304568,60.0
69116,3420.913828492037,1.0113134748067267,60.0
69117,3420.9145229364813,1.0110984758517032,60.0
69118,3420.9152173809257,1.0121613386927102,60.0
69119,3420.91591182537,1.0111818886193833,60.0
69120,3420.9166062698146,1.0102918629697866,60.0
69121,3420.917300714259,1.0111471249788366,60.0
69122,3420.9179951587034,1.0113271883789934,60.0
69123,3420.918689603148,1.01154800321662,60.0
69124,3420.9193840475923,1.0117716772167065,60.0
69125,3420.9200784920367,1.0111028124292234,60.0
69126,3420.920772936481,1.01041539877453,60.0
69127,3420.9214673809256,1.0110035396477801,60.0
69128,3420.92216182537,1.0108384316928298,60.0
69129,3420.9228562698145,1.0102172976917168,60.0
69130,3420.923550714259,1.0114482201781667,60.0
69131,3420.9242451587033,1.0109928786138698,60.0
69132,3420.924939603148,1.01092549561107,60.0
69133,3420.925634047592,1.01142157206004,60.0
69134,3420.9263284920366,1.0119355690251302,60.0
69135,3420.927022936481,1.0111758716985702,60.0
69136,3420.9277173809255,1.01156140704709,60.0
69137,3420.92841182537,1.0103010559746801,60.0
69138,3420.9291062698144,1.01100108305175,60.0
69139,3420.929800714259,1.0113590810508633,60.0
69140,3420.9304951587033,1.0117731072487535,60.0
69141,3420.9311896031477,1.0116858835802998,60.0
69142,3420.931884047592,1.0108582556009733,60.0
69143,3420.9325784920366,1.0114499779011832,60.0
69144,3420.933272936481,1.00991725691048,60.0
69145,3420.9339673809254,1.01142735644734,60.0
69146,3420.93466182537,1.0117456032403667,60.0
69147,3420.9353562698143,1.01190306959861,60.0
69148,3420.9360507142587,1.0116737449716167,60.0
69149,3420.936745158703,1.0111380795326,60.0
69150,3420.9374396031476,1.0113246496858965,60.0
69151,3420.938134047592,1.0117912246998098,60.0
69152,3420.9388284920365,1.01035363688145,60.0
69153,3420.939522936481,1.01133538597483,60.0
69154,3420.9402173809253,1.01100117878367,60.0
69155,3420.9409118253698,1.01141267406699,60.0
69156,3420.941606269814,1.01121004522701,60.0
69157,3420.9423007142586,1.0106580580625266,60.0
69158,3420.942995158703,1.0111801818842834,60.0
69159,3420.9436896031475,1.01094566155344,60.0
69160,3420.944384047592,1.0110902919784666,60.0
69161,3420.9450784920364,1.0104354213421567,60.0
69162,3420.945772936481,1.0115709147801868,60.0
69163,3420.9464673809252,1.0110329249528534,60.0
69164,3420.9471618253697,1.0110301571889833,60.0
69165,3420.947856269814,1.01079644824151,60.0
69166,3420.9485507142585,1.01087747550066,60.0
69167,3420.949245158703,1.0110878709796833,60.0
69168,3420.9499396031474,1.0119371679394098,60.0
69169,3420.950634047592,1.0108819635171933,60.0
69170,3420.9513284920363,1.0109275011053167,60.0
69171,3420.9520229364807,1.0116837726143233,60.0
69172,3420.952717380925,1.0111736003916498,60.0
69173,3420.9534118253696,1.0102808380053265,60.0
69174,3420.954106269814,1.010637958047965,60.0
69175,3420.9548007142585,1.0113108133731534,60.0
69176,3420.955495158703,1.0109519353938332,60.0
69177,3420.9561896031473,1.0106986084356133,60.0
69178,3420.9568840475918,1.0104879831159332,60.0
69179,3420.957578492036,1.0111547847594533,60.0
69180,3420.9582729364806,1.0108783384865598,60.0
69181,3420.958967380925,1.0112800778835866,60.0
69182,3420.9596618253695,1.01128889206392,60.0
69183,3420.960356269814,1.0108632487647,60.0
69184,3420.9610507142584,1.0107676212745134,60.0
69185,3420.961745158703,1.0118058007303,60.0
69186,3420.9624396031472,1.0111020728871567,60.0
69187,3420.9631340475917,1.0121491808396,60.0
69188,3420.963828492036,1.011197223231445,60.0
69189,3420.9645229364805,1.0109136694238134,60.0
69190,3420.965217380925,1.0107917056047266,60.0
69191,3420.9659118253694,1.01159145058739,60.0
69192,3420.966606269814,1.0108835049762102,60.0
69193,3420.9673007142583,1.0124471947102134,60.0
69194,3420.9679951587027,1.01087010394951,60.0
69195,3420.968689603147,1.0119056800857966,60.0
69196,3420.9693840475916,1.0108969811527164,60.0
69197,3420.970078492036,1.01122021838213,60.0
69198,3420.9707729364804,1.0121404671731933,60.0
69199,3420.971467380925,1.0110899411671532,60.0
69200,3420.9721618253693,1.0107612895373135,60.0
69201,3420.9728562698137,1.0114186256503066,60.0
69202,3420.973550714258,1.0108208849289866,60.0
69203,3420.9742451587026,1.0117442077878234,60.0
69204,3420.974939603147,1.0108280497283266,60.0
69205,3420.9756340475915,1.0105408969786664,60.0
69206,3420.976328492036,1.01077092662071,60.0
69207,3420.9770229364804,1.01122042922376,60.0
69208,3420.977717380925,1.0111226483154532,60.0
69209,3420.978411825369,1.0105776739471433,60.0
69210,3420.9791062698137,1.0124508856005467,60.0
69211,3420.979800714258,1.01186794784663,60.0
69212,3420.9804951587025,1.0123400552978035,60.0
69213,3420.981189603147,1.0104593434896634,60.0
69214,3420.9818840475914,1.011742971505927,60.0
69215,3420.982578492036,1.0113261273371101,60.0
69216,3420.9832729364803,1.010959706924,60.0
69217,3420.9839673809247,1.010382105225395,60.0
69218,3420.984661825369,1.0108663282458468,60.0
69219,3420.9853562698136,1.0116039978884501,60.0
69220,3420.986050714258,1.0112204894528534,60.0
69221,3420.9867451587024,1.0112522159569035,60.0
69222,3420.987439603147,1.0116831641294468,60.0
69223,3420.9881340475913,1.0110477718821966,60.0
69224,3420.9888284920357,1.0116522542665833,60.0
69225,3420.98952293648,1.0115084820110198,60.0
69226,3420.9902173809246,1.01186331230534,60.0
69227,3420.990911825369,1.0118648085855266,60.0
69228,3420.9916062698135,1.0102954759953866,60.0
69229,3420.992300714258,1.0109159163054169,60.0
69230,3420.9929951587023,1.0104842530308167,60.0
69231,3420.993689603147,1.0124904030597432,60.0
69232,3420.994384047591,1.0109890236494001,60.0
69233,3420.9950784920356,1.01009743499244,60.0
69234,3420.99577293648,1.0122267710959167,60.0
69235,3420.9964673809245,1.0105783658133467,60.0
69236,3420.997161825369,1.0118801552096999,60.0
69237,3420.9978562698134,1.0111277453982932,60.0
69238,3420.998550714258,1.0112034055317,60.0
69239,3420.9992451587023,1.01168768054108,60.0
69240,3420.9999396031467,1.0104793012732334,60.0
69241,3421.000634047591,1.0111103219599,60.0
69242,3421.0013284920356,1.0115166535981668,60.0
69243,3421.00202293648,1.0108675599387233,60.0
69244,3421.0027173809244,1.01056810451908,60.0
69245,3421.003411825369,1.0113083677510666,60.0
69246,3421.0041062698133,1.0106600524847933,60.0
69247,3421.0048007142577,1.0102217072250934,60.0
69248,3421.005495158702,1.0104024767416067,60.0
69249,3421.0061896031466,1.0097561204883567,60.0
69250,3421.006884047591,1.0106739387603065,60.0
69251,3421.0075784920355,1.01164371340935,60.0
69252,3421.00827293648,1.01164413775,60.0
69253,3421.0089673809243,1.0109976128870766,60.0
69254,3421.0096618253688,1.01097980273068,60.0
69255,3421.010356269813,1.0117990772446266,60.0
69256,3421.0110507142576,1.0117820619273867,60.0
69257,3421.011745158702,1.01103199818862,60.0
69258,3421.0124396031465,1.0108074171052632,60.0
69259,3421.013134047591,1.0108030462534234,60.0
69260,3421.0138284920354,1.0113532319106133,60.0
69261,3421.01452293648,1.0105820676247632,60.0
69262,3421.0152173809242,1.0113459265200364,60.0
69263,3421.0159118253687,1.010756805017365,60.0
69264,3421.016606269813,1.0113770590768931,60.0
69265,3421.0173007142575,1.01124904690544,60.0
69266,3421.017995158702,1.0116917155761367,60.0
69267,3421.0186896031464,1.0114513301061965,60.0
69268,3421.019384047591,1.0114731784216933,60.0
69269,3421.0200784920353,1.0108572423991535,60.0
69270,3421.0207729364797,1.0104932133268665,60.0
69271,3421.021467380924,1.0112992629045465,60.0
69272,3421.0221618253686,1.0107933191221266,60.0
69273,3421.022856269813,1.0117417366490964,60.0
69274,3421.0235507142575,1.0120391289173634,60.0
69275,3421.024245158702,1.0117284293893267,60.0
69276,3421.0249396031463,1.0104969434698,60.0
69277,3421.0256340475908,1.0108476498242467,60.0
69278,3421.026328492035,1.0113816108046467,60.0
69279,3421.0270229364796,1.01179905685452,60.0
69280,3421.027717380924,1.0109907771440667,60.0
69281,3421.0284118253685,1.0120898037262902,60.0
69282,3421.029106269813,1.0118135224015,60.0
69283,3421.0298007142574,1.0110066917964902,60.0
69284,3421.030495158702,1.0119206650658268,60.0
69285,3421.0311896031462,1.0109472338503633,60.0
69286,3421.0318840475907,1.01104532654604,60.0
69287,3421.032578492035,1.0106063831270966,60.0
69288,3421.0332729364795,1.0112222227028367,60.0
69289,3421.033967380924,1.01125016484628,60.0
69290,3421.0346618253684,1.01078324918456,60.0
69291,3421.035356269813,1.01090842378575,60.0
69292,3421.0360507142573,1.0121318232885768,60.0
69293,3421.0367451587017,1.0099676143143166,60.0
69294,3421.037439603146,1.0109649049756166,60.0
69295,3421.0381340475906,1.0102599966639367,60.0
69296,3421.038828492035,1.0115703739368,60.0
69297,3421.0395229364794,1.0105595409751433,60.0
69298,3421.040217380924,1.0111987943970133,60.0
69299,3421.0409118253683,1.010824474839,60.0
69300,3421.0416062698127,1.0114717281578633,60.0
69301,3421.042300714257,1.01114560842288,60.0
69302,3421.0429951587016,1.0113021952678267,60.0
69303,3421.043689603146,1.01221621096356,60.0
69304,3421.0443840475905,1.010270237337585,60.0
69305,3421.045078492035,1.01115644844106,60.0
69306,3421.0457729364794,1.0105197340803234,60.0
69307,3421.046467380924,1.0111527855502835,60.0
69308,3421.047161825368,1.0122929036360149,60.0
69309,3421.0478562698127,1.01017599719217,60.0
69310,3421.048550714257,1.0114275040371299,60.0
69311,3421.0492451587015,1.01157966854153,60.0
69312,3421.049939603146,1.0117051342159333,60.0
69313,3421.0506340475904,1.0115447418768466,60.0
69314,3421.051328492035,1.0122647475639133,60.0
69315,3421.0520229364793,1.012822384968485,60.0
69316,3421.0527173809237,1.0107138395584532,60.0
69317,3421.053411825368,1.0106461421246566,60.0
69318,3421.0541062698126,1.01081519314066,60.0
69319,3421.054800714257,1.01149614720762,60.0
69320,3421.0554951587014,1.0107786700607333,60.0
69321,3421.056189603146,1.01201368519534,60.0
69322,3421.0568840475903,1.01091354862771,60.0
69323,3421.0575784920347,1.0111383619715901,60.0
69324,3421.058272936479,1.0119733200449734,60.0
69325,3421.0589673809236,1.0111759922275851,60.0
69326,3421.059661825368,1.0115992171382933,60.0
69327,3421.0603562698125,1.0102275803107934,60.0
69328,3421.061050714257,1.01006815450309,60.0
69329,3421.0617451587013,1.0116871711682334,60.0
69330,3421.062439603146,1.0112624012539602,60.0
69331,3421.06313404759,1.0114023037184134,60.0
69332,3421.0638284920346,1.012783755521005,60.0
69333,3421.064522936479,1.0111922470756052,60.0
69334,3421.0652173809235,1.0113059336356534,60.0
69335,3421.065911825368,1.0117403072960034,60.0
69336,3421.0666062698124,1.0110649204601765,60.0
69337,3421.067300714257,1.01025942125365,60.0
69338,3421.0679951587013,1.01231704616278,60.0
69339,3421.0686896031457,1.0109248065268432,60.0
69340,3421.06938404759,1.0115468017953233,60.0
69341,3421.0700784920346,1.010672264332827,60.0
69342,3421.070772936479,1.011288722769523,60.0
69343,3421.0714673809234,1.0109729040011666,60.0
69344,3421.072161825368,1.01037714675204,60.0
69345,3421.0728562698123,1.0103212287752068,60.0
69346,3421.0735507142567,1.0118055919266433,60.0
69347,3421.074245158701,1.01128075411928,60.0
69348,3421.0749396031456,1.01045878535311,60.0
69349,3421.07563404759,1.0123508476712768,60.0
69350,3421.0763284920345,1.0111914318122002,60.0
69351,3421.077022936479,1.0111565066567634,60.0
69352,3421.0777173809233,1.0117224776238734,60.0
69353,3421.0784118253678,1.0114885934739368,60.0
69354,3421.079106269812,1.0103091406958034,60.0
69355,3421.0798007142566,1.0109374860956735,60.0
69356,3421.080495158701,1.0120544855391767,60.0
69357,3421.0811896031455,1.0101178894423466,60.0
69358,3421.08188404759,1.01024372879827,60.0
69359,3421.0825784920344,1.01086977919788,60.0
69360,3421.083272936479,1.01036808140349,60.0
69361,3421.0839673809232,1.0113985321050099,60.0
69362,3421.0846618253677,1.01038581107833,60.0
69363,3421.085356269812,1.011411733274995,60.0
69364,3421.0860507142565,1.0104296853499,60.0
69365,3421.086745158701,1.0112917115713869,60.0
69366,3421.0874396031454,1.0115324892288033,60.0
69367,3421.08813404759,1.0111051772981299,60.0
69368,3421.0888284920343,1.01129116457068,60.0
69369,3421.0895229364787,1.0110880621874199,60.0
69370,3421.090217380923,1.01126642902058,60.0
69371,3421.0909118253676,1.0109489377086402,60.0
69372,3421.091606269812,1.0111579329312332,60.0
69373,3421.0923007142565,1.0109739537645699,60.0
69374,3421.092995158701,1.0118146933323036,60.0
69375,3421.0936896031453,1.0112199321833435,60.0
69376,3421.0943840475898,1.0101463276363,60.0
69377,3421.095078492034,1.01080065040088,60.0
69378,3421.0957729364786,1.0108941188238099,60.0
69379,3421.096467380923,1.0110302588405602,60.0
69380,3421.0971618253675,1.0100195870481699,60.0
69381,3421.097856269812,1.0108693716414068,60.0
69382,3421.0985507142564,1.0107197763391333,60.0
69383,3421.099245158701,1.0117225276543633,60.0
69384,3421.0999396031452,1.0110706389199533,60.0
69385,3421.1006340475897,1.0117174192620702,60.0
69386,3421.101328492034,1.01111557746069,60.0
69387,3421.1020229364785,1.0113274964064967,60.0
69388,3421.102717380923,1.0105642717106333,60.0
69389,3421.1034118253674,1.01053720099279,60.0
69390,3421.104106269812,1.01086587834752,60.0
69391,3421.1048007142563,1.0114753473416866,60.0
69392,3421.1054951587007,1.0114170343223734,60.0
69393,3421.106189603145,1.011476931163195,60.0
69394,3421.1068840475896,1.0110406034333368,60.0
69395,3421.107578492034,1.0101695584642068,60.0
69396,3421.1082729364784,1.0102327368617934,60.0
69397,3421.108967380923,1.0104714992742099,60.0
69398,3421.1096618253673,1.0101084085344068,60.0
69399,3421.1103562698117,1.0115046766018734,60.0
69400,3421.111050714256,1.0112416199245302,60.0
69401,3421.1117451587006,1.0100520825267134,60.0
69402,3421.112439603145,1.0108681144319132,60.0
69403,3421.1131340475895,1.0108345106573935,60.0
69404,3421.113828492034,1.0106736995991266,60.0
69405,3421.1145229364784,1.0115078586892798,60.0
69406,3421.115217380923,1.0111671519541534,60.0
69407,3421.115911825367,1.0108334285935865,60.0
69408,3421.1166062698117,1.01126418058042,60.0
69409,3421.117300714256,1.0112646323847867,60.0
69410,3421.1179951587005,1.0107527861150967,60.0
69411,3421.118689603145,1.01171081114523,60.0
69412,3421.1193840475894,1.0109794966957466,60.0
69413,3421.120078492034,1.0118320704072066,60.0
69414,3421.1207729364783,1.0107880662431032,60.0
69415,3421.1214673809227,1.01103142720212,60.0
69416,3421.122161825367,1.0111606478265234,60.0
69417,3421.1228562698116,1.0105702260036133,60.0
69418,3421.123550714256,1.0108550290651968,60.0
69419,3421.1242451587004,1.0114974154526502,60.0
69420,3421.124939603145,1.0103403169999567,60.0
69421,3421.1256340475893,1.01123909552127,60.0
69422,3421.1263284920337,1.0105740390603766,60.0
69423,3421.127022936478,1.0107493268970467,60.0
69424,3421.1277173809226,1.0106693136879432,60.0
69425,3421.128411825367,1.0105365504235266,60.0
69426,3421.1291062698115,1.0110998382714933,60.0
69427,3421.129800714256,1.0095505319950266,60.0
69428,3421.1304951587003,1.01157881167054,60.0
69429,3421.131189603145,1.0118143495098966,60.0
69430,3421.131884047589,1.0106547064659666,60.0
69431,3421.1325784920336,1.0119349402959068,60.0
69432,3421.133272936478,1.0102741447653234,60.0
69433,3421.1339673809225,1.0101642438331166,60.0
69434,3421.134661825367,1.0125261606791567,60.0
69435,3421.1353562698114,1.01117768908028,60.0
69436,3421.136050714256,1.0119721084883968,60.0
69437,3421.1367451587003,1.0104531281430533,60.0
69438,3421.1374396031447,1.0111802454579548,60.0
69439,3421.138134047589,1.0105376626102833,60.0
69440,3421.1388284920336,1.0111664760202401,60.0
69441,3421.139522936478,1.0106110331903633,60.0
69442,3421.1402173809224,1.0108488796482498,60.0
69443,3421.140911825367,1.0103262229286398,60.0
69444,3421.1416062698113,1.01135410021957,60.0
69445,3421.1423007142557,1.0107494313936034,60.0
69446,3421.1429951587,1.0104373164178067,60.0
69447,3421.1436896031446,1.01059653754567,60.0
69448,3421.144384047589,1.0101833848892898,60.0
69449,3421.1450784920335,1.0114575599224567,60.0
69450,3421.145772936478,1.0114742945732302,60.0
69451,3421.1464673809223,1.0102762876038334,60.0
69452,3421.1471618253668,1.0108286156074102,60.0
69453,3421.147856269811,1.0100269921791534,60.0
69454,3421.1485507142556,1.0109944156586168,60.0
69455,3421.1492451587,1.0110052614831198,60.0
69456,3421.1499396031445,1.0111039611569699,60.0
69457,3421.150634047589,1.0110155746983736,60.0
69458,3421.1513284920334,1.0114154865775866,60.0
69459,3421.152022936478,1.0107725570280999,60.0
69460,3421.1527173809222,1.0110103397316967,60.0
69461,3421.1534118253667,1.0105485289826668,60.0
69462,3421.154106269811,1.0119482731002665,60.0
69463,3421.1548007142555,1.0102651869466568,60.0
69464,3421.1554951587,1.0113413442773134,60.0
69465,3421.1561896031444,1.011011191186665,60.0
69466,3421.156884047589,1.0102551836520768,60.0
69467,3421.1575784920333,1.0104817848959666,60.0
69468,3421.1582729364777,1.0102098209025967,60.0
69469,3421.158967380922,1.01097206860965,60.0
69470,3421.1596618253666,1.0105176654270902,60.0
69471,3421.160356269811,1.0114627617933831,60.0
69472,3421.1610507142555,1.0104102523249667,60.0
69473,3421.1617451587,1.0101586269190366,60.0
69474,3421.1624396031443,1.01119361232549,60.0
69475,3421.1631340475888,1.0105144831014934,60.0
69476,3421.163828492033,1.0100115265083465,60.0
69477,3421.1645229364776,1.0103925278676733,60.0
69478,3421.165217380922,1.01028408789274,60.0
69479,3421.1659118253665,1.0106012905380566,60.0
69480,3421.166606269811,1.0103406458192266,60.0
69481,3421.1673007142554,1.0116083058174468,60.0
69482,3421.1679951587,1.0105779722427666,60.0
69483,3421.1686896031442,1.0116349759453167,60.0
69484,3421.1693840475887,1.0115086203963468,60.0
69485,3421.170078492033,1.01111183630539,60.0
69486,3421.1707729364775,1.0102576571475366,60.0
69487,3421.171467380922,1.0101664639225933,60.0
69488,3421.1721618253664,1.0104816055799333,60.0
69489,3421.172856269811,1.0112948685773633,60.0
69490,3421.1735507142553,1.0096304012646333,60.0
69491,3421.1742451586997,1.01019471969477,60.0
69492,3421.174939603144,1.0110106732103332,60.0
69493,3421.1756340475886,1.0120314857730435,60.0
69494,3421.176328492033,1.0106750516832366,60.0
69495,3421.1770229364774,1.0100257586222767,60.0
69496,3421.177717380922,1.0094448246348533,60.0
69497,3421.1784118253663,1.01148647250857,60.0
69498,3421.1791062698107,1.0098900093140166,60.0
69499,3421.179800714255,1.0105244037260133,60.0
69500,3421.1804951586996,1.0106446013635868,60.0
69501,3421.181189603144,1.0103640031442933,60.0
69502,3421.1818840475885,1.0108198887287265,60.0
69503,3421.182578492033,1.0095854117099599,60.0
69504,3421.1832729364774,1.0111185935133367,60.0
69505,3421.183967380922,1.00954376855386,60.0
69506,3421.184661825366,1.0108095186961032,60.0
69507,3421.1853562698107,1.0111140286048999,60.0
69508,3421.186050714255,1.0103772229904635,60.0
69509,3421.1867451586995,1.0105275428659832,60.0
69510,3421.187439603144,1.0105956861985101,60.0
69511,3421.1881340475884,1.01115725794796,60.0
69512,3421.188828492033,1.0107742176009733,60.0
69513,3421.1895229364773,1.0110903592139333,60.0
69514,3421.1902173809217,1.01022681354872,60.0
69515,3421.190911825366,1.00978132772038,60.0
69516,3421.1916062698106,1.01126866310256,60.0
69517,3421.192300714255,1.0110430500840566,60.0
69518,3421.1929951586994,1.0100512654018035,60.0
69519,3421.193689603144,1.0102644090049833,60.0
69520,3421.1943840475883,1.0110013039782066,60.0
69521,3421.1950784920327,1.0103795911902949,60.0
69522,3421.195772936477,1.0110982939477133,60.0
69523,3421.1964673809216,1.01202108789375,60.0
69524,3421.197161825366,1.0108309155563666,60.0
69525,3421.1978562698105,1.0109586525951166,60.0
69526,3421.198550714255,1.0107549602451633,60.0
69527,3421.1992451586993,1.01037840645169,60.0
69528,3421.199939603144,1.0104379968746133,60.0
69529,3421.200634047588,1.01021390858346,60.0
69530,3421.2013284920326,1.0096156694413434,60.0
69531,3421.202022936477,1.0095347821159366,60.0
69532,3421.2027173809215,1.00931957708389,60.0
69533,3421.203411825366,1.0101924782521632,60.0
69534,3421.2041062698104,1.0092168022811598,60.0
69535,3421.204800714255,1.0096245353516735,60.0
69536,3421.2054951586993,1.0097379736177,60.0
69537,3421.2061896031437,1.009864229816885,60.0
69538,3421.206884047588,1.0091113742907634,60.0
69539,3421.2075784920326,1.0100120573778701,60.0
69540,3421.208272936477,1.00903160883773,60.0
69541,3421.2089673809214,1.0092937278490934,60.0
69542,3421.209661825366,1.00986989073823,60.0
69543,3421.2103562698103,1.0098509376186302,60.0
69544,3421.2110507142547,1.0091509656702933,60.0
69545,3421.211745158699,1.0087459978860434,60.0
69546,3421.2124396031436,1.00928563666683,60.0
69547,3421.213134047588,1.0099369635914168,60.0
69548,3421.2138284920325,1.0084711288086934,60.0
69549,3421.214522936477,1.0088896772446867,60.0
69550,3421.2152173809213,1.0092672510546468,60.0
69551,3421.2159118253658,1.0110386966955665,60.0
69552,3421.21660626981,1.0096962015241167,60.0
69553,3421.2173007142546,1.0093164676027235,60.0
69554,3421.217995158699,1.01004333820286,60.0
69555,3421.2186896031435,1.008494874895645,60.0
69556,3421.219384047588,1.0086041496603502,60.0
69557,3421.2200784920324,1.0105708464871632,60.0
69558,3421.220772936477,1.00968236060502,60.0
69559,3421.2214673809212,1.0087312880404233,60.0
69560,3421.2221618253657,1.0095336991064867,60.0
69561,3421.22285626981,1.008963110335097,60.0
69562,3421.2235507142545,1.0098546204430765,60.0
69563,3421.224245158699,1.00936148777119,60.0
69564,3421.2249396031434,1.0096148020607432,60.0
69565,3421.225634047588,1.00958727131305,60.0
69566,3421.2263284920323,1.008790962514407,60.0
69567,3421.2270229364767,1.00990893911758,60.0
69568,3421.227717380921,1.0084253476849767,60.0
69569,3421.2284118253656,1.0087707455265367,60.0
69570,3421.22910626981,1.00912244332364,60.0
69571,3421.2298007142545,1.0098065241096,60.0
69572,3421.230495158699,1.0090720242622533,60.0
69573,3421.2311896031433,1.0101034440709065,60.0
69574,3421.2318840475878,1.0086974535350433,60.0
69575,3421.232578492032,1.0074475189050902,60.0
69576,3421.2332729364766,1.009942410021205,60.0
69577,3421.233967380921,1.0092560301098399,60.0
69578,3421.2346618253655,1.0090857732473733,60.0
69579,3421.23535626981,1.0084098521768767,60.0
69580,3421.2360507142544,1.0097078917120699,60.0
69581,3421.236745158699,1.0094790350863698,60.0
69582,3421.2374396031432,1.0102760263867934,60.0
69583,3421.2381340475877,1.0088844241920365,60.0
69584,3421.238828492032,1.0087181105734702,60.0
69585,3421.2395229364765,1.0088164992385031,60.0
69586,3421.240217380921,1.0097835383019067,60.0
69587,3421.2409118253654,1.0088594189352966,60.0
69588,3421.24160626981,1.0094340467643466,60.0
69589,3421.2423007142543,1.0095526416308533,60.0
69590,3421.2429951586987,1.0086935524422032,60.0
69591,3421.243689603143,1.0091786740932334,60.0
69592,3421.2443840475876,1.0086424520813466,60.0
69593,3421.245078492032,1.009754987262435,60.0
69594,3421.2457729364764,1.00931872196759,60.0
69595,3421.246467380921,1.00915423641004,60.0
69596,3421.2471618253653,1.0100910434721,60.0
69597,3421.2478562698097,1.00772826848697,60.0
69598,3421.248550714254,1.0079612986569535,60.0
69599,3421.2492451586986,1.0093231817991901,60.0
69600,3421.249939603143,1.0091230724924465,60.0
69601,3421.2506340475875,1.0092084370383698,60.0
69602,3421.251328492032,1.0095568936781198,60.0
69603,3421.2520229364764,1.0084214903120967,60.0
69604,3421.252717380921,1.00947503231792,60.0
69605,3421.253411825365,1.0095699329508667,60.0
69606,3421.2541062698097,1.0099043429212033,60.0
69607,3421.254800714254,1.00895911020166,60.0
69608,3421.2554951586985,1.0083772280680667,60.0
69609,3421.256189603143,1.0086388406462599,60.0
69610,3421.2568840475874,1.00965289526955,60.0
69611,3421.257578492032,1.0097084071790101,60.0
69612,3421.2582729364763,1.0088329623070251,60.0
69613,3421.2589673809207,1.0092453142421067,60.0
69614,3421.259661825365,1.0092880865088032,60.0
69615,3421.2603562698096,1.0097332905988334,60.0
69616,3421.261050714254,1.0089363038519765,60.0
69617,3421.2617451586984,1.009729005119195,60.0
69618,3421.262439603143,1.007516224442405,60.0
69619,3421.2631340475873,1.0075835243700633,60.0
69620,3421.2638284920317,1.0092283893417666,60.0
69621,3421.264522936476,1.0103029875037033,60.0
69622,3421.2652173809206,1.0091875702854465,60.0
69623,3421.265911825365,1.010017399506247,60.0
69624,3421.2666062698095,1.0084917695381599,60.0
69625,3421.267300714254,1.00853121151348,60.0
69626,3421.2679951586983,1.00796956359167,60.0
69627,3421.268689603143,1.0085385958184332,60.0
69628,3421.269384047587,1.0097762149465435,60.0
69629,3421.2700784920316,1.00897924009188,60.0
69630,3421.270772936476,1.008833232592535,60.0
69631,3421.2714673809205,1.00799912698038,60.0
69632,3421.272161825365,1.0090124442672266,60.0
69633,3421.2728562698094,1.0096551100602333,60.0
69634,3421.273550714254,1.0082623551407768,60.0
69635,3421.2742451586982,1.0087578750200066,60.0
69636,3421.2749396031427,1.0090148471189464,60.0
69637,3421.275634047587,1.0090610213377034,60.0
69638,3421.2763284920316,1.0081404346337233,60.0
69639,3421.277022936476,1.0093234047465234,60.0
69640,3421.2777173809204,1.00919832664501,60.0
69641,3421.278411825365,1.0079614401790733,60.0
69642,3421.2791062698093,1.0075541157460635,60.0
69643,3421.2798007142537,1.0086089391174633,60.0
69644,3421.280495158698,1.0086386966269565,60.0
69645,3421.2811896031426,1.00855748941614,60.0
69646,3421.281884047587,1.00843929961257,60.0
69647,3421.2825784920315,1.0087027331719867,60.0
69648,3421.283272936476,1.0094227805653466,60.0
69649,3421.2839673809203,1.00918659350844,60.0
69650,3421.2846618253648,1.0081758385347332,60.0
69651,3421.285356269809,1.00823894168274,60.0
69652,3421.2860507142536,1.0087696971314333,60.0
69653,3421.286745158698,1.00862222245605,60.0
69654,3421.2874396031425,1.0086012010351701,60.0
69655,3421.288134047587,1.0087012196912,60.0
69656,3421.2888284920314,1.00821639332307,60.0
69657,3421.289522936476,1.0091369097194967,60.0
69658,3421.2902173809202,1.0087267009380334,60.0
69659,3421.2909118253647,1.00915878887991,60.0
69660,3421.291606269809,1.0091866982013602,60.0
69661,3421.2923007142535,1.0089908687800835,60.0
69662,3421.292995158698,1.0092213095817868,60.0
69663,3421.2936896031424,1.00936774378909,60.0
69664,3421.294384047587,1.0086792904421766,60.0
69665,3421.2950784920313,1.0080326363295666,60.0
69666,3421.2957729364757,1.0080482344701365,60.0
69667,3421.29646738092,1.0082152860717466,60.0
69668,3421.2971618253646,1.0084534546970465,60.0
69669,3421.297856269809,1.0088113356821333,60.0
69670,3421.2985507142535,1.0082557372838565,60.0
69671,3421.299245158698,1.00843698373994,60.0
69672,3421.2999396031423,1.0084678547413732,60.0
69673,3421.3006340475868,1.0079133307165897,60.0
69674,3421.301328492031,1.0092138688747132,60.0
69675,3421.3020229364756,1.0087627952352467,60.0
69676,3421.30271738092,1.00820417620393,60.0
69677,3421.3034118253645,1.0091441471637834,60.0
69678,3421.304106269809,1.0097865969311233,60.0
69679,3421.3048007142534,1.0096041735098533,60.0
69680,3421.305495158698,1.0091042934249899,60.0
69681,3421.3061896031422,1.0077001077134067,60.0
69682,3421.3068840475867,1.00866950059321,60.0
69683,3421.307578492031,1.0089110324376933,60.0
69684,3421.3082729364755,1.00888817475272,60.0
69685,3421.30896738092,1.0087982489278466,60.0
69686,3421.3096618253644,1.0089661822504867,60.0
69687,3421.310356269809,1.00840480678077,60.0
69688,3421.3110507142533,1.00919968728676,60.0
69689,3421.3117451586977,1.0082585719928299,60.0
69690,3421.312439603142,1.010455243160775,60.0
69691,3421.3131340475866,1.00877639783917,60.0
69692,3421.313828492031,1.0087676775429801,60.0
69693,3421.3145229364754,1.0081038672756202,60.0
69694,3421.31521738092,1.0092919582678768,60.0
69695,3421.3159118253643,1.0082909486277967,60.0
69696,3421.3166062698087,1.0081674762553867,60.0
69697,3421.317300714253,1.0086441607721532,60.0
69698,3421.3179951586976,1.0083649219450166,60.0
69699,3421.318689603142,1.0087358739812833,60.0
69700,3421.3193840475865,1.0083559118935168,60.0
69701,3421.320078492031,1.0088076682282932,60.0
69702,3421.3207729364754,1.0082865707964033,60.0
69703,3421.32146738092,1.00874285632892,60.0
69704,3421.322161825364,1.0087287758177468,60.0
69705,3421.3228562698087,1.0084297609851767,60.0
69706,3421.323550714253,1.0082155691996968,60.0
69707,3421.3242451586975,1.0083929674952434,60.0
69708,3421.324939603142,1.0073016516533835,60.0
69709,3421.3256340475864,1.00856402960393,60.0
69710,3421.326328492031,1.00806556523813,60.0
69711,3421.3270229364753,1.0099300274645433,60.0
69712,3421.3277173809197,1.0092149931815302,60.0
69713,3421.328411825364,1.00889298468642,60.0
69714,3421.3291062698086,1.0082870111752136,60.0
69715,3421.329800714253,1.0096187929160667,60.0
69716,3421.3304951586974,1.0099973484842433,60.0
69717,3421.331189603142,1.0096354560345533,60.0
69718,3421.3318840475863,1.0091983560960964,60.0
69719,3421.3325784920307,1.0093437168831334,60.0
69720,3421.333272936475,1.0097942231478734,60.0
69721,3421.3339673809196,1.0086818542968201,60.0
69722,3421.334661825364,1.00872436478035,60.0
69723,3421.3353562698085,1.00887242599106,60.0
69724,3421.336050714253,1.0097323753870266,60.0
69725,3421.3367451586973,1.0096099386546167,60.0
69726,3421.337439603142,1.00928627695747,60.0
69727,3421.338134047586,1.00985011513949,60.0
69728,3421.3388284920306,1.0097819657722433,60.0
69729,3421.339522936475,1.00912480545358,60.0
69730,3421.3402173809195,1.0091741482489,60.0
69731,3421.340911825364,1.0103892081418568,60.0
69732,3421.3416062698084,1.0087528955006533,60.0
69733,3421.342300714253,1.0095636538334232,60.0
69734,3421.3429951586972,1.00953967640987,60.0
69735,3421.3436896031417,1.00888694347727,60.0
69736,3421.344384047586,1.0089083564429049,60.0
69737,3421.3450784920306,1.0087937676961165,60.0
69738,3421.345772936475,1.00923608306678,60.0
69739,3421.3464673809194,1.00869989160085,60.0
69740,3421.347161825364,1.0087838826062667,60.0
69741,3421.3478562698083,1.00937745811292,60.0
69742,3421.3485507142527,1.009299905987565,60.0
69743,3421.349245158697,1.0088721257060234,60.0
69744,3421.3499396031416,1.0097975308986566,60.0
69745,3421.350634047586,1.0093232493365367,60.0
69746,3421.3513284920305,1.00936281501766,60.0
69747,3421.352022936475,1.01000396961584,60.0
69748,3421.3527173809193,1.0085411176091865,60.0
69749,3421.3534118253638,1.00917749339763,60.0
69750,3421.354106269808,1.0086437464551699,60.0
69751,3421.3548007142526,1.0085889822493,60.0
69752,3421.355495158697,1.0096648334542566,60.0
69753,3421.3561896031415,1.010518974212375,60.0
69754,3421.356884047586,1.00848418440589,60.0
69755,3421.3575784920304,1.0089372720696,60.0
69756,3421.358272936475,1.0092351748283235,60.0
69757,3421.3589673809192,1.01060787114997,60.0
69758,3421.3596618253637,1.009635268122645,60.0
69759,3421.360356269808,1.00896288599547,60.0
69760,3421.3610507142525,1.0092081938159299,60.0
69761,3421.361745158697,1.0078680172258867,60.0
69762,3421.3624396031414,1.0090789458868066,60.0
69763,3421.363134047586,1.0086235541065032,60.0
69764,3421.3638284920303,1.0092825195334068,60.0
69765,3421.3645229364747,1.0094697829653,60.0
69766,3421.365217380919,1.0092773002613302,60.0
69767,3421.3659118253636,1.00765022846352,60.0
69768,3421.366606269808,1.0087107706033633,60.0
69769,3421.3673007142525,1.0087342918272302,60.0
69770,3421.367995158697,1.00884841315484,60.0
69771,3421.3686896031413,1.0093681764248,60.0
69772,3421.3693840475858,1.008955903076565,60.0
69773,3421.37007849203,1.0092916629576834,60.0
69774,3421.3707729364746,1.0098713154125198,60.0
69775,3421.371467380919,1.0090548438696931,60.0
69776,3421.3721618253635,1.0085307616784933,60.0
69777,3421.372856269808,1.0086676185721066,60.0
69778,3421.3735507142524,1.0094036983952033,60.0
69779,3421.374245158697,1.0101474859393749,60.0
69780,3421.3749396031412,1.0089278629919534,60.0
69781,3421.3756340475857,1.0089072851558667,60.0
69782,3421.37632849203,1.0097469708922766,60.0
69783,3421.3770229364745,1.0091311345147167,60.0
69784,3421.377717380919,1.00750329777263,60.0
69785,3421.3784118253634,1.0083572035698467,60.0
69786,3421.379106269808,1.0093757589704133,60.0
69787,3421.3798007142523,1.009654470891065,60.0
69788,3421.3804951586967,1.0091614132965898,60.0
69789,3421.381189603141,1.0086121845025933,60.0
69790,3421.3818840475856,1.0091866621777832,60.0
69791,3421.38257849203,1.0091822356543734,60.0
69792,3421.3832729364744,1.00869519066977,60.0
69793,3421.383967380919,1.00863070078724,60.0
69794,3421.3846618253633,1.0084230139550465,60.0
69795,3421.3853562698077,1.00901157088319,60.0
69796,3421.386050714252,1.0088863311848766,60.0
69797,3421.3867451586966,1.00861292520021,60.0
69798,3421.387439603141,1.0077234534366766,60.0
69799,3421.3881340475855,1.0088920459688,60.0
69800,3421.38882849203,1.00840220472509,60.0
69801,3421.3895229364743,1.0087205230674166,60.0
69802,3421.390217380919,1.0085154763483868,60.0
69803,3421.390911825363,1.0081010096151333,60.0
69804,3421.3916062698077,1.01047489455327,60.0
69805,3421.392300714252,1.0094610181055466,60.0
69806,3421.3929951586965,1.0090756933357765,60.0
69807,3421.393689603141,1.0079735756051766,60.0
69808,3421.3943840475854,1.0089736493637267,60.0
69809,3421.39507849203,1.00961662502652,60.0
69810,3421.3957729364743,1.0080861155272134,60.0
69811,3421.3964673809187,1.00774041990053,60.0
69812,3421.397161825363,1.0087599426527831,60.0
69813,3421.3978562698076,1.00860783725783,60.0
69814,3421.398550714252,1.00906214117267,60.0
69815,3421.3992451586964,1.0086580586100602,60.0
69816,3421.399939603141,1.0097010855459534,60.0
69817,3421.4006340475853,1.0082485869747366,60.0
69818,3421.4013284920297,1.0091079159615532,60.0
69819,3421.402022936474,1.0083904524687635,60.0
69820,3421.4027173809186,1.0086774728405565,60.0
69821,3421.403411825363,1.0089723653582534,60.0
69822,3421.4041062698075,1.0082541826364,60.0
69823,3421.404800714252,1.00904340174975,60.0
69824,3421.4054951586963,1.0091384639116765,60.0
69825,3421.406189603141,1.0084323012462066,60.0
69826,3421.406884047585,1.00819896950608,60.0
69827,3421.4075784920296,1.0083280235135266,60.0
69828,3421.408272936474,1.00865094323623,60.0
69829,3421.4089673809185,1.00894449938642,60.0
69830,3421.409661825363,1.00921428330028,60.0
69831,3421.4103562698074,1.0085118942254268,60.0
69832,3421.411050714252,1.0085857225674,60.0
69833,3421.4117451586962,1.0087185902120634,60.0
69834,3421.4124396031407,1.00889260614152,60.0
69835,3421.413134047585,1.0078299686954935,60.0
69836,3421.4138284920296,1.0085436440115767,60.0
69837,3421.414522936474,1.0086371648046601,60.0
69838,3421.4152173809184,1.0089809249551833,60.0
69839,3421.415911825363,1.00831911212435,60.0
69840,3421.4166062698073,1.0079357715480535,60.0
69841,3421.4173007142517,1.00844668429958,60.0
69842,3421.417995158696,1.00778359919515,60.0
69843,3421.4186896031406,1.0090755200072465,60.0
69844,3421.419384047585,1.0081913051126599,60.0
69845,3421.4200784920295,1.007817537646697,60.0
69846,3421.420772936474,1.0084663332017032,60.0
69847,3421.4214673809183,1.0090889217652235,60.0
69848,3421.4221618253628,1.0086981703620435,60.0
69849,3421.422856269807,1.0073830172431433,60.0
69850,3421.4235507142516,1.0082584819897866,60.0
69851,3421.424245158696,1.00825540409099,60.0
69852,3421.4249396031405,1.0079054217548533,60.0
69853,3421.425634047585,1.0089003067797366,60.0
69854,3421.4263284920294,1.008523296120015,60.0
69855,3421.427022936474,1.0085504449861933,60.0
69856,3421.4277173809182,1.0084474399475367,60.0
69857,3421.4284118253627,1.0083976699905635,60.0
69858,3421.429106269807,1.00860255805373,60.0
69859,3421.4298007142515,1.0079997826072051,60.0
69860,3421.430495158696,1.0087211861379834,60.0
69861,3421.4311896031404,1.0089943645460002,60.0
69862,3421.431884047585,1.00832656936004,60.0
69863,3421.4325784920293,1.0089043143722936,60.0
69864,3421.4332729364737,1.0078836162568399,60.0
69865,3421.433967380918,1.0077683634647665,60.0
69866,3421.4346618253626,1.00686466706953,60.0
69867,3421.435356269807,1.00815264550267,60.0
69868,3421.4360507142515,1.0099950974105933,60.0
69869,3421.436745158696,1.00745917130402,60.0
69870,3421.4374396031403,1.0080811760920765,60.0
69871,3421.4381340475848,1.00836754373827,60.0
69872,3421.438828492029,1.0090398258925901,60.0
69873,3421.4395229364736,1.00854281631831,60.0
69874,3421.440217380918,1.0082046339931132,60.0
69875,3421.4409118253625,1.0081749065700267,60.0
69876,3421.441606269807,1.00783009601648,60.0
69877,3421.4423007142514,1.0086530498794233,60.0
69878,3421.442995158696,1.0087839673903665,60.0
69879,3421.4436896031402,1.0083190364423533,60.0
69880,3421.4443840475847,1.00801936980397,60.0
69881,3421.445078492029,1.0085259714790566,60.0
69882,3421.4457729364735,1.0082519827778733,60.0
69883,3421.446467380918,1.0072412189692432,60.0
69884,3421.4471618253624,1.0079699255892198,60.0
69885,3421.447856269807,1.0090047824657165,60.0
69886,3421.4485507142513,1.0078494530586302,60.0
69887,3421.4492451586957,1.0075066529207668,60.0
69888,3421.44993960314,1.0080669026990032,60.0
69889,3421.4506340475846,1.0083003677145934,60.0
69890,3421.451328492029,1.00779511363518,60.0
69891,3421.4520229364734,1.0090714193621901,60.0
69892,3421.452717380918,1.0078274525880868,60.0
69893,3421.4534118253623,1.0084797296334933,60.0
69894,3421.4541062698067,1.0083981474502333,60.0
69895,3421.454800714251,1.0085904171671367,60.0
69896,3421.4554951586956,1.00819761033802,60.0
69897,3421.45618960314,1.00827545939968,60.0
69898,3421.4568840475845,1.0083113502196899,60.0
69899,3421.457578492029,1.0074266785347434,60.0
69900,3421.4582729364733,1.0084654369295467,60.0
69901,3421.458967380918,1.00770097365553,60.0
69902,3421.459661825362,1.0090869472912734,60.0
69903,3421.4603562698067,1.0080438790289967,60.0
69904,3421.461050714251,1.0091281959394767,60.0
69905,3421.4617451586955,1.00832637872947,60.0
69906,3421.46243960314,1.0084092103194402,60.0
69907,3421.4631340475844,1.0086325567380567,60.0
69908,3421.463828492029,1.0075028979794334,60.0
69909,3421.4645229364733,1.0086318637623568,60.0
69910,3421.4652173809177,1.0085072310897034,60.0
69911,3421.465911825362,1.0075785501062067,60.0
69912,3421.4666062698066,1.0086402463330668,60.0
69913,3421.467300714251,1.0083252226921067,60.0
69914,3421.4679951586954,1.0086429070973566,60.0
69915,3421.46868960314,1.00711475309593,60.0
69916,3421.4693840475843,1.0081566252246268,60.0
69917,3421.4700784920287,1.0078168307183901,60.0
69918,3421.470772936473,1.00884357469721,60.0
69919,3421.4714673809176,1.00767012072885,60.0
69920,3421.472161825362,1.0083607954180667,60.0
69921,3421.4728562698065,1.0071169275199632,60.0
69922,3421.473550714251,1.00757619287931,60.0
69923,3421.4742451586953,1.0082487312292667,60.0
69924,3421.47493960314,1.00847605501266,60.0
69925,3421.475634047584,1.00832393185657,60.0
69926,3421.4763284920286,1.007628485773995,60.0
69927,3421.477022936473,1.0081081043046767,60.0
69928,3421.4777173809175,1.0078422877056898,60.0
69929,3421.478411825362,1.0083754633237534,60.0
69930,3421.4791062698064,1.00755787364856,60.0
69931,3421.479800714251,1.00707855422076,60.0
69932,3421.4804951586952,1.0084615708389633,60.0
69933,3421.4811896031397,1.00715358247452,60.0
69934,3421.481884047584,1.0085256716626534,60.0
69935,3421.4825784920286,1.0075563478959133,60.0
69936,3421.483272936473,1.0075204629894199,60.0
69937,3421.4839673809174,1.00783799643347,60.0
69938,3421.484661825362,1.0080637634441134,60.0
69939,3421.4853562698063,1.0075638434009833,60.0
69940,3421.4860507142507,1.0076536947718566,60.0
69941,3421.486745158695,1.00860096275869,60.0
69942,3421.4874396031396,1.0073305391280867,60.0
69943,3421.488134047584,1.00791405255045,60.0
69944,3421.4888284920285,1.0090715096085432,60.0
69945,3421.489522936473,1.00722691705195,60.0
69946,3421.4902173809173,1.0074653705314198,60.0
69947,3421.4909118253618,1.0075917860874932,60.0
69948,3421.491606269806,1.0075073438426199,60.0
69949,3421.4923007142506,1.0075582106997634,60.0
69950,3421.492995158695,1.00729466142532,60.0
69951,3421.4936896031395,1.0070579793061634,60.0
69952,3421.494384047584,1.0072225381059068,60.0
69953,3421.4950784920284,1.00779343242799,60.0
69954,3421.495772936473,1.0070779625516733,60.0
69955,3421.4964673809172,1.0073920673445336,60.0
69956,3421.4971618253617,1.0076869648369,60.0
69957,3421.497856269806,1.006575540532035,60.0
69958,3421.4985507142505,1.0069967897582865,60.0
69959,3421.499245158695,1.0071838546262566,60.0
69960,3421.4999396031394,1.0082517503838433,60.0
69961,3421.500634047584,1.00734857154506,60.0
69962,3421.5013284920283,1.0077304785422567,60.0
69963,3421.5020229364727,1.0073454846587502,60.0
69964,3421.502717380917,1.0074071647400666,60.0
69965,3421.5034118253616,1.007671596672287,60.0
69966,3421.504106269806,1.0076886644238767,60.0
69967,3421.5048007142505,1.0058313647597565,60.0
69968,3421.505495158695,1.0074169957181602,60.0
69969,3421.5061896031393,1.0071157928007999,60.0
69970,3421.5068840475838,1.0074199778088533,60.0
69971,3421.507578492028,1.0066655238187667,60.0
69972,3421.5082729364726,1.0079070536383734,60.0
69973,3421.508967380917,1.0075159183556,60.0
69974,3421.5096618253615,1.0076317522635432,60.0
69975,3421.510356269806,1.0075078598549299,60.0
69976,3421.5110507142504,1.0079314697942567,60.0
69977,3421.511745158695,1.0067162656547433,60.0
69978,3421.5124396031392,1.0079603476530967,60.0
69979,3421.5131340475837,1.0071635454214367,60.0
69980,3421.513828492028,1.0070605320169033,60.0
69981,3421.5145229364725,1.0066146960607667,60.0
69982,3421.515217380917,1.00773040028239,60.0
69983,3421.5159118253614,1.00735082455167,60.0
69984,3421.516606269806,1.00684900279656,60.0
69985,3421.5173007142503,1.0078971441727549,60.0
69986,3421.5179951586947,1.0081818423533033,60.0
69987,3421.518689603139,1.00579047038627,60.0
69988,3421.5193840475836,1.0077489200473766,60.0
69989,3421.520078492028,1.00675592899906,60.0
69990,3421.5207729364724,1.0071800850415367,60.0
69991,3421.521467380917,1.0071635894401734,60.0
69992,3421.5221618253613,1.00671543902678,60.0
69993,3421.5228562698057,1.0063379033877133,60.0
69994,3421.52355071425,1.0072847635018367,60.0
69995,3421.5242451586946,1.00731699208818,60.0
69996,3421.524939603139,1.0073297108431232,60.0
69997,3421.5256340475835,1.00665018471648,60.0
69998,3421.526328492028,1.0073061135403567,60.0
69999,3421.5270229364723,1.0067653396011267,60.0
70000,3421.527717380917,1.00729269254367,60.0
70001,3421.528411825361,1.0071198262028167,60.0
70002,3421.5291062698057,1.0079402331922933,60.0
70003,3421.52980071425,1.00702955830112,60.0
70004,3421.5304951586945,1.0057729218532065,60.0
70005,3421.531189603139,1.0070710086660033,60.0
70006,3421.5318840475834,1.00681687619925,60.0
70007,3421.532578492028,1.00655606666047,60.0
70008,3421.5332729364723,1.0059277746664232,60.0
70009,3421.5339673809167,1.0075854367120567,60.0
70010,3421.534661825361,1.0071553012338432,60.0
70011,3421.5353562698056,1.0066795165843567,60.0
70012,3421.53605071425,1.0067712374072502,60.0
70013,3421.5367451586944,1.0071380214882968,60.0
70014,3421.537439603139,1.0066993068366132,60.0
70015,3421.5381340475833,1.0072268645301667,60.0
70016,3421.5388284920277,1.0076179610028702,60.0
70017,3421.539522936472,1.0066857654032533,60.0
70018,3421.5402173809166,1.0066412240575533,60.0
70019,3421.540911825361,1.0058991998103466,60.0
70020,3421.5416062698055,1.0063123565480534,60.0
70021,3421.54230071425,1.0065006379669033,60.0
70022,3421.5429951586943,1.0059942460993867,60.0
70023,3421.543689603139,1.0069861175965766,60.0
70024,3421.544384047583,1.0074805234197368,60.0
70025,3421.5450784920276,1.0072210196726268,60.0
70026,3421.545772936472,1.0071476317490167,60.0
70027,3421.5464673809165,1.00666195623749,60.0
70028,3421.547161825361,1.0072870398703166,60.0
70029,3421.5478562698054,1.00614536820042,60.0
70030,3421.54855071425,1.00683134314819,60.0
70031,3421.5492451586942,1.0069311404122034,60.0
70032,3421.5499396031387,1.00748705689224,60.0
70033,3421.550634047583,1.00705462766405,60.0
70034,3421.5513284920276,1.0078645925345,60.0
70035,3421.552022936472,1.0064903550209767,60.0
70036,3421.5527173809164,1.00723299780443,60.0
70037,3421.553411825361,1.00557425512789,60.0
70038,3421.5541062698053,1.00712535521818,60.0
70039,3421.5548007142497,1.0065950416736766,60.0
70040,3421.555495158694,1.0062446028251533,60.0
70041,3421.5561896031386,1.0063253763296902,60.0
70042,3421.556884047583,1.0066210052854931,60.0
70043,3421.5575784920275,1.0060472893082266,60.0
70044,3421.558272936472,1.0076082273392035,60.0
70045,3421.5589673809163,1.0073531764145351,60.0
70046,3421.5596618253608,1.0072580369761166,60.0
70047,3421.560356269805,1.0059513584902933,60.0
70048,3421.5610507142496,1.0073819179914532,60.0
70049,3421.561745158694,1.0061013006213433,60.0
70050,3421.5624396031385,1.0075622749327833,60.0
70051,3421.563134047583,1.0068737750172068,60.0
70052,3421.5638284920274,1.00659870561582,60.0
70053,3421.564522936472,1.0062986639916565,60.0
70054,3421.5652173809162,1.0071021268239766,60.0
70055,3421.5659118253607,1.0075717076911566,60.0
70056,3421.566606269805,1.00712803543585,60.0
70057,3421.5673007142495,1.0066231037448,60.0
70058,3421.567995158694,1.00618915223274,60.0
70059,3421.5686896031384,1.0065740075366134,60.0
70060,3421.569384047583,1.0066627594721234,60.0
70061,3421.5700784920273,1.0069601211916166,60.0
70062,3421.5707729364717,1.0069969607104934,60.0
70063,3421.571467380916,1.0071873653317736,60.0
70064,3421.5721618253606,1.0083827919263,60.0
70065,3421.572856269805,1.0050927436700834,60.0
70066,3421.5735507142494,1.0065670289094466,60.0
70067,3421.574245158694,1.0075027470588331,60.0
70068,3421.5749396031383,1.0074293354660602,60.0
70069,3421.5756340475828,1.00630383012539,60.0
70070,3421.576328492027,1.0071115244829034,60.0
70071,3421.5770229364716,1.00723560281105,60.0
70072,3421.577717380916,1.0068732949390133,60.0
70073,3421.5784118253605,1.0065107918221932,60.0
70074,3421.579106269805,1.00613286374832,60.0
70075,3421.5798007142494,1.0060939274439533,60.0
70076,3421.580495158694,1.0060340226963433,60.0
70077,3421.5811896031382,1.0059276027024167,60.0
70078,3421.5818840475827,1.00686755904021,60.0
70079,3421.582578492027,1.0063052269044368,60.0
70080,3421.5832729364715,1.0063968838120332,60.0
70081,3421.583967380916,1.0066618075496034,60.0
70082,3421.5846618253604,1.0065886416155168,60.0
70083,3421.585356269805,1.0059732965319166,60.0
70084,3421.5860507142493,1.00711868935206,60.0
70085,3421.5867451586937,1.0063727173830301,60.0
70086,3421.587439603138,1.0074559253393633,60.0
70087,3421.5881340475826,1.0063951857970699,60.0
70088,3421.588828492027,1.0066245697040965,60.0
70089,3421.5895229364714,1.0062730919131433,60.0
70090,3421.590217380916,1.0066898913099231,60.0
70091,3421.5909118253603,1.005978072356225,60.0
70092,3421.5916062698047,1.0056206344259033,60.0
70093,3421.592300714249,1.00610327892808,60.0
70094,3421.5929951586936,1.0069852132995367,60.0
70095,3421.593689603138,1.0061357465441467,60.0
70096,3421.5943840475825,1.0071225499684733,60.0
70097,3421.595078492027,1.0063772465472351,60.0
70098,3421.5957729364713,1.0072774201838066,60.0
70099,3421.596467380916,1.0070277953624434,60.0
70100,3421.59716182536,1.0058501065242966,60.0
70101,3421.5978562698047,1.00702599472666,60.0
70102,3421.598550714249,1.0071507391007233,60.0
70103,3421.5992451586935,1.0066319318957933,60.0
70104,3421.599939603138,1.0055922846652365,60.0
70105,3421.6006340475824,1.0067203607109851,60.0
70106,3421.601328492027,1.0056567946647432,60.0
70107,3421.6020229364713,1.0056756369449467,60.0
70108,3421.6027173809157,1.00603273049691,60.0
70109,3421.60341182536,1.00684729645897,60.0
70110,3421.6041062698046,1.006059100360993,60.0
70111,3421.604800714249,1.0066782053499768,60.0
70112,3421.6054951586934,1.0060164292251066,60.0
70113,3421.606189603138,1.00584609289637,60.0
70114,3421.6068840475823,1.0068090042014666,60.0
70115,3421.6075784920267,1.00564916498651,60.0
70116,3421.608272936471,1.0060163953378867,60.0
70117,3421.6089673809156,1.0057440265556299,60.0
70118,3421.60966182536,1.0055916173904167,60.0
70119,3421.6103562698045,1.0043445015433232,60.0
70120,3421.611050714249,1.00662061091344,60.0
70121,3421.6117451586933,1.0063851515017601,60.0
70122,3421.612439603138,1.0057472709290867,60.0
70123,3421.613134047582,1.0056120524488066,60.0
70124,3421.6138284920266,1.0070561138363132,60.0
70125,3421.614522936471,1.0061743944587667,60.0
70126,3421.6152173809155,1.00610952804076,60.0
70127,3421.61591182536,1.00643160864397,60.0
70128,3421.6166062698044,1.0058692513719334,60.0
70129,3421.617300714249,1.0065590553411068,60.0
70130,3421.6179951586932,1.0057283170624567,60.0
70131,3421.6186896031377,1.00637209273431,60.0
70132,3421.619384047582,1.00566912611383,60.0
70133,3421.6200784920266,1.0059717187933999,60.0
70134,3421.620772936471,1.0058471844800831,60.0
70135,3421.6214673809154,1.0060649324502868,60.0
70136,3421.62216182536,1.00593094263513,60.0
70137,3421.6228562698043,1.0064519330882933,60.0
70138,3421.6235507142487,1.0059799155451534,60.0
70139,3421.624245158693,1.0066655550118,60.0
70140,3421.6249396031376,1.0061292444947931,60.0
70141,3421.625634047582,1.00541745821093,60.0
70142,3421.6263284920265,1.0052153265516601,60.0
70143,3421.627022936471,1.0055906265876702,60.0
70144,3421.6277173809153,1.00653419783965,60.0
70145,3421.6284118253598,1.0067689917853568,60.0
70146,3421.629106269804,1.00611229421263,60.0
70147,3421.6298007142486,1.00710315732709,60.0
70148,3421.630495158693,1.0056977905597,60.0
70149,3421.6311896031375,1.0066304125972767,60.0
70150,3421.631884047582,1.0051296834295365,60.0
70151,3421.6325784920264,1.0056887813632234,60.0
70152,3421.633272936471,1.0061509282165735,60.0
70153,3421.6339673809152,1.0053970911677268,60.0
70154,3421.6346618253597,1.0067653528344067,60.0
70155,3421.635356269804,1.0065011204316767,60.0
70156,3421.6360507142485,1.0052804118874101,60.0
70157,3421.636745158693,1.0059288851763433,60.0
70158,3421.6374396031374,1.0054737208125166,60.0
70159,3421.638134047582,1.0060758743557099,60.0
70160,3421.6388284920263,1.00616670013957,60.0
70161,3421.6395229364707,1.00584311661559,60.0
70162,3421.640217380915,1.0059113367725132,60.0
70163,3421.6409118253596,1.0048401970622,60.0
70164,3421.641606269804,1.0056036043563568,60.0
70165,3421.6423007142484,1.0048586783565732,60.0
70166,3421.642995158693,1.0057177943387867,60.0
70167,3421.6436896031373,1.00569818519426,60.0
70168,3421.6443840475818,1.00523060407591,60.0
70169,3421.645078492026,1.0060651083556134,60.0
70170,3421.6457729364706,1.0059197608456836,60.0
70171,3421.646467380915,1.0061027000096834,60.0
70172,3421.6471618253595,1.0063646220559166,60.0
70173,3421.647856269804,1.0050893517656831,60.0
70174,3421.6485507142484,1.0052467651788932,60.0
70175,3421.649245158693,1.0062410433620232,60.0
70176,3421.649939603137,1.0061161147049267,60.0
70177,3421.6506340475817,1.0068951018352699,60.0
70178,3421.651328492026,1.00517518767665,60.0
70179,3421.6520229364705,1.0049972072827567,60.0
70180,3421.652717380915,1.0054735441251135,60.0
70181,3421.6534118253594,1.0066295219096149,60.0
70182,3421.654106269804,1.0058666576689,60.0
70183,3421.6548007142483,1.00616226062189,60.0
70184,3421.6554951586927,1.006243802434325,60.0
70185,3421.656189603137,1.0052682864092768,60.0
70186,3421.6568840475816,1.0058345658870567,60.0
70187,3421.657578492026,1.0062116334800268,60.0
70188,3421.6582729364704,1.00590699252698,60.0
70189,3421.658967380915,1.00578487943025,60.0
70190,3421.6596618253593,1.00592171651907,60.0
70191,3421.6603562698037,1.0053622796656032,60.0
70192,3421.661050714248,1.0057636262059901,60.0
70193,3421.6617451586926,1.0059977575903531,60.0
70194,3421.662439603137,1.0049788219000766,60.0
70195,3421.6631340475815,1.0059974950973334,60.0
70196,3421.663828492026,1.0065399114532199,60.0
70197,3421.6645229364703,1.00563009989376,60.0
70198,3421.665217380915,1.005640442538685,60.0
70199,3421.665911825359,1.0046478287257568,60.0
70200,3421.6666062698037,1.0049531554077265,60.0
70201,3421.667300714248,1.0055651806500168,60.0
70202,3421.6679951586925,1.0059356821746335,60.0
70203,3421.668689603137,1.0063356980952851,60.0
70204,3421.6693840475814,1.0055074897044367,60.0
70205,3421.670078492026,1.00461426943652,60.0
70206,3421.6707729364703,1.0059851874970633,60.0
70207,3421.6714673809147,1.0060892453776866,60.0
70208,3421.672161825359,1.0055243737771302,60.0
70209,3421.6728562698036,1.0059264665629735,60.0
70210,3421.673550714248,1.0056491599683868,60.0
70211,3421.6742451586924,1.006051484912025,60.0
70212,3421.674939603137,1.00490844946188,60.0
70213,3421.6756340475813,1.0051825486507566,60.0
70214,3421.6763284920257,1.0050258703849602,60.0
70215,3421.67702293647,1.0053755358210734,60.0
70216,3421.6777173809146,1.0060455659338066,60.0
70217,3421.678411825359,1.00546624052266,60.0
70218,3421.6791062698035,1.0053711980724833,60.0
70219,3421.679800714248,1.0059049849078499,60.0
70220,3421.6804951586923,1.0057094935996367,60.0
70221,3421.6811896031368,1.0044053265728268,60.0
70222,3421.681884047581,1.0060017859432,60.0
70223,3421.6825784920256,1.0054387493658032,60.0
70224,3421.68327293647,1.0051369158031733,60.0
70225,3421.6839673809145,1.0047851405283201,60.0
70226,3421.684661825359,1.0047150032086734,60.0
70227,3421.6853562698034,1.0056988129101434,60.0
70228,3421.686050714248,1.0054138004497235,60.0
70229,3421.6867451586922,1.0061454232405398,60.0
70230,3421.6874396031367,1.0053915912044733,60.0
70231,3421.688134047581,1.0042838424454335,60.0
70232,3421.6888284920256,1.0050513352549033,60.0
70233,3421.68952293647,1.0042879894515233,60.0
70234,3421.6902173809144,1.00476392672579,60.0
70235,3421.690911825359,1.0052618061734833,60.0
70236,3421.6916062698033,1.0049679172312633,60.0
70237,3421.6923007142477,1.00572422060133,60.0
70238,3421.692995158692,1.0050839957013469,60.0
70239,3421.6936896031366,1.00375288567633,60.0
70240,3421.694384047581,1.00557335659239,60.0
70241,3421.6950784920255,1.004871743191405,60.0
70242,3421.69577293647,1.0050736619510467,60.0
70243,3421.6964673809143,1.00439177159215,60.0
70244,3421.6971618253588,1.0050364155097766,60.0
70245,3421.697856269803,1.0053137477562866,60.0
70246,3421.6985507142476,1.0044957185905232,60.0
70247,3421.699245158692,1.0047402757698467,60.0
70248,3421.6999396031365,1.0054156128403033,60.0
70249,3421.700634047581,1.0057907996066566,60.0
70250,3421.7013284920254,1.0046910618514868,60.0
70251,3421.70202293647,1.0046870373469468,60.0
70252,3421.7027173809142,1.0039518513102268,60.0
70253,3421.7034118253587,1.0041452181248767,60.0
70254,3421.704106269803,1.0050213264798098,60.0
70255,3421.7048007142475,1.00477593525718,60.0
70256,3421.705495158692,1.0046609724561133,60.0
70257,3421.7061896031364,1.0040869450718133,60.0
70258,3421.706884047581,1.0043297426631732,60.0
70259,3421.7075784920253,1.00517890161758,60.0
70260,3421.7082729364697,1.0052163185111833,60.0
70261,3421.708967380914,1.0046351607899933,60.0
70262,3421.7096618253586,1.004878904828775,60.0
70263,3421.710356269803,1.0038842934453436,60.0
70264,3421.7110507142474,1.0056534018514933,60.0
70265,3421.711745158692,1.0048415609874801,60.0
70266,3421.7124396031363,1.005619628344755,60.0
70267,3421.7131340475808,1.0052478842760235,60.0
70268,3421.713828492025,1.00445451268437,60.0
70269,3421.7145229364696,1.0055553814459934,60.0
70270,3421.715217380914,1.0051833606023668,60.0
70271,3421.7159118253585,1.0046174817070368,60.0
70272,3421.716606269803,1.0050188777995865,60.0
70273,3421.7173007142474,1.0039608057542566,60.0
70274,3421.717995158692,1.0052687799090798,60.0
70275,3421.718689603136,1.0047892041803432,60.0
70276,3421.7193840475807,1.0055709271690032,60.0
70277,3421.720078492025,1.0052025521011398,60.0
70278,3421.7207729364695,1.0047450520918133,60.0
70279,3421.721467380914,1.0042989873289334,60.0
70280,3421.7221618253584,1.0042642280458234,60.0
70281,3421.722856269803,1.0054409586974635,60.0
70282,3421.7235507142473,1.0051794958883933,60.0
70283,3421.7242451586917,1.0053331004049402,60.0
70284,3421.724939603136,1.00510920534419,60.0
70285,3421.7256340475806,1.00477895349246,60.0
70286,3421.726328492025,1.0049175324249067,60.0
70287,3421.7270229364694,1.00529497612069,60.0
70288,3421.727717380914,1.0053511687760166,60.0
70289,3421.7284118253583,1.0039025994608235,60.0
70290,3421.7291062698027,1.0053043708598268,60.0
70291,3421.729800714247,1.0042989514027967,60.0
70292,3421.7304951586916,1.0044144654543032,60.0
70293,3421.731189603136,1.0055404089363897,60.0
70294,3421.7318840475805,1.0050875532595835,60.0
70295,3421.732578492025,1.0042504805639534,60.0
70296,3421.7332729364693,1.0048288884919634,60.0
70297,3421.733967380914,1.0042667990724998,60.0
70298,3421.734661825358,1.0048328717475468,60.0
70299,3421.7353562698027,1.0059258333872398,60.0
70300,3421.736050714247,1.0046695809356967,60.0
70301,3421.7367451586915,1.00477748599144,60.0
70302,3421.737439603136,1.0051162567377434,60.0
70303,3421.7381340475804,1.0040723420936668,60.0
70304,3421.738828492025,1.00528431936926,60.0
70305,3421.7395229364693,1.0036516267128068,60.0
70306,3421.7402173809137,1.00525103879381,60.0
70307,3421.740911825358,1.0051261268156633,60.0
70308,3421.7416062698026,1.0049411385338134,60.0
70309,3421.742300714247,1.0043826730478431,60.0
70310,3421.7429951586914,1.0042623012932534,60.0
70311,3421.743689603136,1.0045622798994398,60.0
70312,3421.7443840475803,1.0044696281836367,60.0
70313,3421.7450784920247,1.0043733157942134,60.0
70314,3421.745772936469,1.0042243803155533,60.0
70315,3421.7464673809136,1.0045213612909534,60.0
70316,3421.747161825358,1.0043697986835167,60.0
70317,3421.7478562698025,1.0033782988972433,60.0
70318,3421.748550714247,1.0047937000330966,60.0
70319,3421.7492451586913,1.0050789047288533,60.0
70320,3421.7499396031358,1.0042542083673631,60.0
70321,3421.75063404758,1.00392632557809,60.0
70322,3421.7513284920246,1.00465467273278,60.0
70323,3421.752022936469,1.0036578745508766,60.0
70324,3421.7527173809135,1.00453692573925,60.0
70325,3421.753411825358,1.00467258562222,60.0
70326,3421.7541062698024,1.0052198583615066,60.0
70327,3421.754800714247,1.00562821030624,60.0
70328,3421.7554951586912,1.00426013030936,60.0
70329,3421.7561896031357,1.0044309236987399,60.0
70330,3421.75688404758,1.0047060778553634,60.0
70331,3421.7575784920245,1.0044766128461466,60.0
70332,3421.758272936469,1.0052003225989898,60.0
70333,3421.7589673809134,1.0052206475196968,60.0
70334,3421.759661825358,1.00369782779418,60.0
70335,3421.7603562698023,1.0037398178987134,60.0
70336,3421.7610507142467,1.0036221102379868,60.0
70337,3421.761745158691,1.0044962555506933,60.0
70338,3421.7624396031356,1.0055593111986332,60.0
70339,3421.76313404758,1.00457067583028,60.0
70340,3421.7638284920245,1.0036879293123433,60.0
70341,3421.764522936469,1.0043959167908634,60.0
70342,3421.7652173809133,1.0065277087005833,60.0
70343,3421.7659118253578,1.0062222377011967,60.0
70344,3421.766606269802,1.0047144714123768,60.0
70345,3421.7673007142466,1.0041381188038165,60.0
70346,3421.767995158691,1.0051403073940233,60.0
70347,3421.7686896031355,1.0038938111613234,60.0
70348,3421.76938404758,1.0042070777407666,60.0
70349,3421.7700784920244,1.0047396038355167,60.0
70350,3421.770772936469,1.0040086603856333,60.0
70351,3421.7714673809132,1.003464825794115,60.0
70352,3421.7721618253577,1.00488710645773,60.0
70353,3421.772856269802,1.0042330830758,60.0
70354,3421.7735507142465,1.0037332008842565,60.0
70355,3421.774245158691,1.00438091661496,60.0
70356,3421.7749396031354,1.0041398957856633,60.0
70357,3421.77563404758,1.0056263494719502,60.0
70358,3421.7763284920243,1.00494589736608,60.0
70359,3421.7770229364687,1.00386126569219,60.0
70360,3421.777717380913,1.0046113123462765,60.0
70361,3421.7784118253576,1.00415415963333,60.0
70362,3421.779106269802,1.0040673411144068,60.0
70363,3421.7798007142464,1.005316445418785,60.0
70364,3421.780495158691,1.0047821262710732,60.0
70365,3421.7811896031353,1.0051053468888134,60.0
70366,3421.7818840475798,1.0039167693230167,60.0
70367,3421.782578492024,1.0046603122219366,60.0
70368,3421.7832729364686,1.00456983505347,60.0
70369,3421.783967380913,1.0041460159907831,60.0
70370,3421.7846618253575,1.0042198561190332,60.0
70371,3421.785356269802,1.00382369330356,60.0
70372,3421.7860507142464,1.00445085544991,60.0
70373,3421.786745158691,1.0046988485835902,60.0
70374,3421.787439603135,1.0038384445182835,60.0
70375,3421.7881340475797,1.0043530677978,60.0
70376,3421.788828492024,1.0041723291321534,60.0
70377,3421.7895229364685,1.0033591745189767,60.0
70378,3421.790217380913,1.0038559496499735,60.0
70379,3421.7909118253574,1.0032160029405401,60.0
70380,3421.791606269802,1.0044554367942233,60.0
70381,3421.7923007142463,1.0039289941954765,60.0
70382,3421.7929951586907,1.00231160707117,60.0
70383,3421.793689603135,1.0039156753227967,60.0
70384,3421.7943840475796,1.0040952581144966,60.0
70385,3421.795078492024,1.0040875025646434,60.0
70386,3421.7957729364684,1.0043118929772568,60.0
70387,3421.796467380913,1.0038519687885634,60.0
70388,3421.7971618253573,1.0043514017942767,60.0
70389,3421.7978562698017,1.0028688451135332,60.0
70390,3421.798550714246,1.0041991503832433,60.0
70391,3421.7992451586906,1.0046250075832366,60.0
70392,3421.799939603135,1.0034929236129233,60.0
70393,3421.8006340475795,1.0034127435907967,60.0
70394,3421.801328492024,1.0048644488213265,60.0
70395,3421.8020229364683,1.0044576210352234,60.0
70396,3421.802717380913,1.0041624000120535,60.0
70397,3421.803411825357,1.00406617268001,60.0
70398,3421.8041062698017,1.00331917796879,60.0
70399,3421.804800714246,1.0040146282394502,60.0
70400,3421.8054951586905,1.0038122608755866,60.0
70401,3421.806189603135,1.0048613067399632,60.0
70402,3421.8068840475794,1.0037096471312201,60.0
70403,3421.807578492024,1.0042432533320733,60.0
70404,3421.8082729364683,1.0057331137218,60.0
70405,3421.8089673809127,1.0040482628429765,60.0
70406,3421.809661825357,1.0031782330421832,60.0
70407,3421.8103562698016,1.0041139843347564,60.0
70408,3421.811050714246,1.0031320334035452,60.0
70409,3421.8117451586904,1.0041396691930433,60.0
70410,3421.812439603135,1.0037908212870768,60.0
70411,3421.8131340475793,1.0030149945334867,60.0
70412,3421.8138284920237,1.0036830735796833,60.0
70413,3421.814522936468,1.0036980524581132,60.0
70414,3421.8152173809126,1.0035771630901136,60.0
70415,3421.815911825357,1.0039302765698335,60.0
70416,3421.8166062698015,1.0039847008879565,60.0
70417,3421.817300714246,1.0036034208407933,60.0
70418,3421.8179951586903,1.00387789047842,60.0
70419,3421.8186896031348,1.0022740589886368,60.0
70420,3421.819384047579,1.003228120232505,60.0
70421,3421.8200784920236,1.0036560366581468,60.0
70422,3421.820772936468,1.0034186851825766,60.0
70423,3421.8214673809125,1.0033634166398369,60.0
70424,3421.822161825357,1.0029256812577598,60.0
70425,3421.8228562698014,1.0046194637786432,60.0
70426,3421.823550714246,1.00424136189873,60.0
70427,3421.8242451586902,1.0031778318606335,60.0
70428,3421.8249396031347,1.0040557722628234,60.0
70429,3421.825634047579,1.0033170338827901,60.0
70430,3421.8263284920235,1.0037874437175331,60.0
70431,3421.827022936468,1.0030204688852233,60.0
70432,3421.8277173809124,1.0050544307003133,60.0
70433,3421.828411825357,1.0037829049099933,60.0
70434,3421.8291062698013,1.0034110377954102,60.0
70435,3421.8298007142457,1.0030784245522633,60.0
70436,3421.83049515869,1.0044114242078432,60.0
70437,3421.8311896031346,1.00384229050559,60.0
70438,3421.831884047579,1.0031135882149769,60.0
70439,3421.8325784920235,1.0037257121347667,60.0
70440,3421.833272936468,1.0024615545486766,60.0
70441,3421.8339673809123,1.0030627301554167,60.0
70442,3421.8346618253568,1.0033919897173,60.0
70443,3421.835356269801,1.00355404413871,60.0
70444,3421.8360507142456,1.0033678127583734,60.0
70445,3421.83674515869,1.003277916384485,60.0
70446,3421.8374396031345,1.0036895718036698,60.0
70447,3421.838134047579,1.0033157497679266,60.0
70448,3421.8388284920234,1.0042005452232001,60.0
70449,3421.839522936468,1.00314352090412,60.0
70450,3421.8402173809122,1.00333676392178,60.0
70451,3421.8409118253567,1.00357808241653,60.0
70452,3421.841606269801,1.00405652066498,60.0
70453,3421.8423007142455,1.0033346141337234,60.0
70454,3421.84299515869,1.0032575968102366,60.0
70455,3421.8436896031344,1.00366867853422,60.0
70456,3421.844384047579,1.0029973370074432,60.0
70457,3421.8450784920233,1.00299604514215,60.0
70458,3421.8457729364677,1.0039941881380565,60.0
70459,3421.846467380912,1.0046898438496166,60.0
70460,3421.8471618253566,1.0038601036120833,60.0
70461,3421.847856269801,1.0031996440553501,60.0
70462,3421.8485507142454,1.0028947795384966,60.0
70463,3421.84924515869,1.0036756204026667,60.0
70464,3421.8499396031343,1.0034292595079701,60.0
70465,3421.8506340475788,1.0022781509707899,60.0
70466,3421.851328492023,1.0025855531728667,60.0
70467,3421.8520229364676,1.0037212140246032,60.0
70468,3421.852717380912,1.0028483546694733,60.0
70469,3421.8534118253565,1.0035569314452968,60.0
70470,3421.854106269801,1.0030861340020065,60.0
70471,3421.8548007142454,1.0048452790146967,60.0
70472,3421.85549515869,1.0036559986458,60.0
70473,3421.856189603134,1.0038743375361066,60.0
70474,3421.8568840475787,1.0034449407252,60.0
70475,3421.857578492023,1.00273605205529,60.0
70476,3421.8582729364675,1.0025040109173833,60.0
70477,3421.858967380912,1.0025898033543033,60.0
70478,3421.8596618253564,1.0036277155231568,60.0
70479,3421.860356269801,1.0025514944964402,60.0
70480,3421.8610507142453,1.0042047997679533,60.0
70481,3421.8617451586897,1.0038069252596766,60.0
70482,3421.862439603134,1.0034083938716634,60.0
70483,3421.8631340475786,1.002977453174085,60.0
70484,3421.863828492023,1.0026827626752202,60.0
70485,3421.8645229364674,1.003382821955,60.0
70486,3421.865217380912,1.0032827158215933,60.0
70487,3421.8659118253563,1.00394018958659,60.0
70488,3421.8666062698007,1.0040396249114467,60.0
70489,3421.867300714245,1.0031483180694467,60.0
70490,3421.8679951586896,1.0040441783240002,60.0
70491,3421.868689603134,1.00325933379442,60.0
70492,3421.8693840475785,1.00351530917571,60.0
70493,3421.870078492023,1.0037353299172966,60.0
70494,3421.8707729364673,1.0023754760826433,60.0
70495,3421.871467380912,1.0023486313949501,60.0
70496,3421.872161825356,1.0038151447735366,60.0
70497,3421.8728562698006,1.0023821929247798,60.0
70498,3421.873550714245,1.0037180188273434,60.0
70499,3421.8742451586895,1.0026764753811366,60.0
70500,3421.874939603134,1.00323064684165,60.0
70501,3421.8756340475784,1.0038796385930568,60.0
70502,3421.876328492023,1.0035863600299066,60.0
70503,3421.8770229364673,1.0030321995171898,60.0
70504,3421.8777173809117,1.00299345345638,60.0
70505,3421.878411825356,1.0027528318471968,60.0
70506,3421.8791062698006,1.0021866956928134,60.0
70507,3421.879800714245,1.0035893499257433,60.0
70508,3421.8804951586894,1.0035926111240798,60.0
70509,3421.881189603134,1.0029478845649034,60.0
70510,3421.8818840475783,1.00380387790234,60.0
70511,3421.8825784920227,1.0025518117235999,60.0
70512,3421.883272936467,1.0025665720496402,60.0
70513,3421.8839673809116,1.0035267393875866,60.0
70514,3421.884661825356,1.0022707754167266,60.0
70515,3421.8853562698005,1.0030823698030034,60.0
70516,3421.886050714245,1.00330327202749,60.0
70517,3421.8867451586893,1.00372500585874,60.0
70518,3421.8874396031338,1.0032935429964767,60.0
70519,3421.888134047578,1.00248831442013,60.0
70520,3421.8888284920226,1.00346943802443,60.0
70521,3421.889522936467,1.002578379213475,60.0
70522,3421.8902173809115,1.0022436017453267,60.0
70523,3421.890911825356,1.00375412657882,60.0
70524,3421.8916062698004,1.0035162416695933,60.0
70525,3421.892300714245,1.0029466602430699,60.0
70526,3421.8929951586892,1.0033154985559651,60.0
70527,3421.8936896031337,1.0038122009996167,60.0
70528,3421.894384047578,1.002939529526675,60.0
70529,3421.8950784920225,1.00247529060846,60.0
70530,3421.895772936467,1.0031227042315032,60.0
70531,3421.8964673809114,1.0028737966508001,60.0
70532,3421.897161825356,1.0031266049768832,60.0
70533,3421.8978562698003,1.0021673331877199,60.0
70534,3421.8985507142447,1.0027004051866732,60.0
70535,3421.899245158689,1.0022850648765234,60.0
70536,3421.8999396031336,1.0036880711184966,60.0
70537,3421.900634047578,1.0038452300906133,60.0
70538,3421.9013284920225,1.0029884660254933,60.0
70539,3421.902022936467,1.0028754888870666,60.0
70540,3421.9027173809113,1.0032075505815932,60.0
70541,3421.9034118253558,1.0027976616941,60.0
70542,3421.9041062698,1.0030642941587733,60.0
70543,3421.9048007142446,1.0039294472257234,60.0
70544,3421.905495158689,1.0031523811425898,60.0
70545,3421.9061896031335,1.00220780013869,60.0
70546,3421.906884047578,1.0024967768957067,60.0
70547,3421.9075784920224,1.0032006002235399,60.0
70548,3421.908272936467,1.00366436967231,60.0
70549,3421.9089673809112,1.0030398623144567,60.0
70550,3421.9096618253557,1.0032956307773266,60.0
70551,3421.9103562698,1.0031309273335836,60.0
70552,3421.9110507142445,1.0038572744751566,60.0
70553,3421.911745158689,1.00290581173379,60.0
70554,3421.9124396031334,1.0034012120136966,60.0
70555,3421.913134047578,1.0028900452122167,60.0
70556,3421.9138284920223,1.00273467639708,60.0
70557,3421.9145229364667,1.0025186211924735,60.0
70558,3421.915217380911,1.0032068498577733,60.0
70559,3421.9159118253556,1.0018965543034166,60.0
70560,3421.9166062698,1.00263576426306,60.0
70561,3421.9173007142444,1.0035954610963265,60.0
70562,3421.917995158689,1.0020134730094268,60.0
70563,3421.9186896031333,1.0029858462236898,60.0
70564,3421.9193840475778,1.00152100248434,60.0
70565,3421.920078492022,1.00228963377951,60.0
70566,3421.9207729364666,1.00293266022191,60.0
70567,3421.921467380911,1.0018839759751133,60.0
70568,3421.9221618253555,1.00240028327427,60.0
70569,3421.9228562698,1.0022965051180899,60.0
70570,3421.9235507142444,1.0022741997023734,60.0
70571,3421.924245158689,1.00310974311471,60.0
70572,3421.924939603133,1.0025450607200599,60.0
70573,3421.9256340475777,1.0027224411458466,60.0
70574,3421.926328492022,1.00218221102058,60.0
70575,3421.9270229364665,1.0030355953652001,60.0
70576,3421.927717380911,1.00117152407657,60.0
70577,3421.9284118253554,1.00261893045735,60.0
70578,3421.9291062698,1.0017751739404968,60.0
70579,3421.9298007142443,1.002481086025885,60.0
70580,3421.9304951586887,1.0021186684516934,60.0
70581,3421.931189603133,1.0021567723230131,60.0
70582,3421.9318840475776,1.00330536474812,60.0
70583,3421.932578492022,1.0022353788644167,60.0
70584,3421.9332729364664,1.0038507936494534,60.0
70585,3421.933967380911,1.0023442083253067,60.0
70586,3421.9346618253553,1.0030837721454933,60.0
70587,3421.9353562697997,1.0033650767016968,60.0
70588,3421.936050714244,1.0034852539897632,60.0
70589,3421.9367451586886,1.00253755890739,60.0
70590,3421.937439603133,1.0021312714423167,60.0
70591,3421.9381340475775,1.0029028691804633,60.0
70592,3421.938828492022,1.0019220045459434,60.0
70593,3421.9395229364663,1.0019232405240466,60.0
70594,3421.940217380911,1.0025835433728,60.0
70595,3421.940911825355,1.0028769695124333,60.0
70596,3421.9416062697996,1.00318667260914,60.0
70597,3421.942300714244,1.0021424996877866,60.0
70598,3421.9429951586885,1.0026326037281235,60.0
70599,3421.943689603133,1.0027160637494001,60.0
70600,3421.9443840475774,1.0024095116411031,60.0
70601,3421.945078492022,1.0029581943077834,60.0
70602,3421.9457729364663,1.0031757486021533,60.0
70603,3421.9464673809107,1.0028774341321098,60.0
70604,3421.947161825355,1.0030684889757902,60.0
70605,3421.9478562697996,1.00416735952943,60.0
70606,3421.948550714244,1.0026274398396333,60.0
70607,3421.9492451586884,1.0028312537228565,60.0
70608,3421.949939603133,1.0024790910011634,60.0
70609,3421.9506340475773,1.0024381319616034,60.0
70610,3421.9513284920217,1.0018808946702333,60.0
70611,3421.952022936466,1.0014359985288166,60.0
70612,3421.9527173809106,1.0030152290622634,60.0
70613,3421.953411825355,1.0027877671329133,60.0
70614,3421.9541062697995,1.00253177490998,60.0
70615,3421.954800714244,1.0018406890252267,60.0
70616,3421.9554951586883,1.0018561809883366,60.0
70617,3421.9561896031328,1.001494060942635,60.0
70618,3421.956884047577,1.0023740007872568,60.0
70619,3421.9575784920216,1.0019664990030266,60.0
70620,3421.958272936466,1.0040667604208402,60.0
70621,3421.9589673809105,1.0026778414158033,60.0
70622,3421.959661825355,1.0022948454635034,60.0
70623,3421.9603562697994,1.0025384422123267,60.0
70624,3421.961050714244,1.0012957036150734,60.0
70625,3421.9617451586882,1.00230108813665,60.0
70626,3421.9624396031327,1.00179765679685,60.0
70627,3421.963134047577,1.002550750054943,60.0
70628,3421.9638284920215,1.0022927411148699,60.0
70629,3421.964522936466,1.0020721084365134,60.0
70630,3421.9652173809104,1.002075978648885,60.0
70631,3421.965911825355,1.0016361524064399,60.0
70632,3421.9666062697993,1.001861937953675,60.0
70633,3421.9673007142437,1.00258418387106,60.0
70634,3421.967995158688,1.0013568502763832,60.0
70635,3421.9686896031326,1.0018619887364935,60.0
70636,3421.969384047577,1.00200663545358,60.0
70637,3421.9700784920215,1.00223843860208,60.0
70638,3421.970772936466,1.0028022397467768,60.0
70639,3421.9714673809103,1.00386777990871,60.0
70640,3421.9721618253548,1.00234485042874,60.0
70641,3421.972856269799,1.0021817143452,60.0
70642,3421.9735507142436,1.0024811408428,60.0
70643,3421.974245158688,1.0025549379745968,60.0
70644,3421.9749396031325,1.0026148120179632,60.0
70645,3421.975634047577,1.0015785210636166,60.0
70646,3421.9763284920214,1.00265830603766,60.0
70647,3421.977022936466,1.002291074400225,60.0
70648,3421.9777173809102,1.0019433396482833,60.0
70649,3421.9784118253547,1.0022467138328535,60.0
70650,3421.979106269799,1.0017100877534535,60.0
70651,3421.9798007142435,1.0017587904627565,60.0
70652,3421.980495158688,1.0019582930949866,60.0
70653,3421.9811896031324,1.0026722872876868,60.0
70654,3421.981884047577,1.0023180023041667,60.0
70655,3421.9825784920213,1.0027204604272866,60.0
70656,3421.9832729364657,1.0017258269361033,60.0
70657,3421.98396738091,1.00198884370752,60.0
70658,3421.9846618253546,1.0026843393212932,60.0
70659,3421.985356269799,1.0015030308199933,60.0
70660,3421.9860507142434,1.0017074363229332,60.0
70661,3421.986745158688,1.0023712487953202,60.0
70662,3421.9874396031323,1.0010217040940368,60.0
70663,3421.9881340475768,1.0010356485636434,60.0
70664,3421.988828492021,1.0025616565883568,60.0
70665,3421.9895229364656,1.0020348788541034,60.0
70666,3421.99021738091,1.00296082055981,60.0
70667,3421.9909118253545,1.0022362271838199,60.0
70668,3421.991606269799,1.0021660784075566,60.0
70669,3421.9923007142434,1.0022499708925035,60.0
70670,3421.992995158688,1.0022125779101367,60.0
70671,3421.993689603132,1.0021463344510433,60.0
70672,3421.9943840475767,1.00152778032197,60.0
70673,3421.995078492021,1.0027282371266535,60.0
70674,3421.9957729364655,1.0020841091344599,60.0
70675,3421.99646738091,1.0029853325985867,60.0
70676,3421.9971618253544,1.0025982067623767,60.0
70677,3421.997856269799,1.002019791090165,60.0
70678,3421.9985507142433,1.00201328431863,60.0
70679,3421.9992451586877,1.0023288046939667,60.0
70680,3421.999939603132,1.00195976472787,60.0
70681,3422.0006340475766,1.0029520004734669,60.0
70682,3422.001328492021,1.0012885143422967,60.0
70683,3422.0020229364654,1.002571468218925,60.0
70684,3422.00271738091,1.00145108664354,60.0
70685,3422.0034118253543,1.00215829676521,60.0
70686,3422.0041062697987,1.0021333669445966,60.0
70687,3422.004800714243,1.0015257345771866,60.0
70688,3422.0054951586876,1.0029794186127632,60.0
70689,3422.006189603132,1.0027017724720066,60.0
70690,3422.0068840475765,1.0018343101499099,60.0
70691,3422.007578492021,1.000889446888015,60.0
70692,3422.0082729364653,1.0019923486405167,60.0
70693,3422.00896738091,1.0017346857154132,60.0
70694,3422.009661825354,1.0021106558051998,60.0
70695,3422.0103562697986,1.0014452546988735,60.0
70696,3422.011050714243,1.00125426144106,60.0
70697,3422.0117451586875,1.0012546897696935,60.0
70698,3422.012439603132,1.00123546983073,60.0
70699,3422.0131340475764,1.0013734328161832,60.0
70700,3422.013828492021,1.00116313353943,60.0
70701,3422.0145229364653,1.0016282072602734,60.0
70702,3422.0152173809097,1.0020233754803634,60.0
70703,3422.015911825354,1.0023361732064233,60.0
70704,3422.0166062697986,1.00167881254111,60.0
70705,3422.017300714243,1.00229670174656,60.0
70706,3422.0179951586874,1.0018652074676935,60.0
70707,3422.018689603132,1.0013965434254033,60.0
70708,3422.0193840475763,1.0019370301207833,60.0
70709,3422.0200784920207,1.0024431735874202,60.0
70710,3422.020772936465,1.0016286276106199,60.0
70711,3422.0214673809096,1.0011448678788168,60.0
70712,3422.022161825354,1.0023818149107049,60.0
70713,3422.0228562697985,1.0006915050885032,60.0
70714,3422.023550714243,1.0020296071136199,60.0
70715,3422.0242451586873,1.0014131990944668,60.0
70716,3422.0249396031318,1.0013345917081566,60.0
70717,3422.025634047576,1.0009395897694267,60.0
70718,3422.0263284920206,1.0022245406058465,60.0
70719,3422.027022936465,1.0016248487147734,60.0
70720,3422.0277173809095,1.0015877768481534,60.0
70721,3422.028411825354,1.00178336418937,60.0
70722,3422.0291062697984,1.0014747003817333,60.0
70723,3422.029800714243,1.0006424095166133,60.0
70724,3422.0304951586872,1.001583677337005,60.0
70725,3422.0311896031317,1.0014161935893267,60.0
70726,3422.031884047576,1.0017535403220634,60.0
70727,3422.0325784920205,1.00170020149295,60.0
70728,3422.033272936465,1.00134606428614,60.0
70729,3422.0339673809094,1.0009320337864933,60.0
70730,3422.034661825354,1.0016846416167,60.0
70731,3422.0353562697983,1.00173706664244,60.0
70732,3422.0360507142427,1.0015092888788868,60.0
70733,3422.036745158687,1.0020206430686198,60.0
70734,3422.0374396031316,1.0011714131174434,60.0
70735,3422.038134047576,1.0020823672055166,60.0
70736,3422.0388284920205,1.0018686546115767,60.0
70737,3422.039522936465,1.0023381318369966,60.0
70738,3422.0402173809093,1.0014983465877467,60.0
70739,3422.0409118253538,1.0015768327069534,60.0
70740,3422.041606269798,1.0011675634365567,60.0
70741,3422.0423007142426,1.00197887301154,60.0
70742,3422.042995158687,1.0016134023481167,60.0
70743,3422.0436896031315,1.0015551931674433,60.0
70744,3422.044384047576,1.0014510226556934,60.0
70745,3422.0450784920204,1.0003259622353333,60.0
70746,3422.045772936465,1.0021361964685933,60.0
70747,3422.0464673809092,1.0017593090807801,60.0
70748,3422.0471618253537,1.0005422593819533,60.0
70749,3422.047856269798,1.00154613861836,60.0
70750,3422.0485507142425,0.9998687480556665,60.0
70751,3422.049245158687,1.0008847748262732,60.0
70752,3422.0499396031314,1.0021473653594166,60.0
70753,3422.050634047576,1.00223497355418,60.0
70754,3422.0513284920203,1.00094931569257,60.0
70755,3422.0520229364647,1.0011186541675,60.0
70756,3422.052717380909,1.0019918893307833,60.0
70757,3422.0534118253536,1.0019903673983332,60.0
70758,3422.054106269798,1.0010229443625966,60.0
70759,3422.0548007142424,1.00063212331211,60.0
70760,3422.055495158687,1.0006084463905065,60.0
70761,3422.0561896031313,1.0011183390977865,60.0
70762,3422.0568840475757,1.0012735903286234,60.0
70763,3422.05757849202,1.000900666534235,60.0
70764,3422.0582729364646,1.00140348227308,60.0
70765,3422.058967380909,1.0007418403716635,60.0
70766,3422.0596618253535,1.0015331993046335,60.0
70767,3422.060356269798,1.0010012732154066,60.0
70768,3422.0610507142424,1.0009997022851767,60.0
70769,3422.061745158687,1.0014969681380268,60.0
70770,3422.062439603131,1.0010089717793,60.0
70771,3422.0631340475757,1.0007797759466202,60.0
70772,3422.06382849202,1.0010377876921865,60.0
70773,3422.0645229364645,1.0005627633754366,60.0
70774,3422.065217380909,1.0017185741194468,60.0
70775,3422.0659118253534,1.0018347632730868,60.0
70776,3422.066606269798,1.0016067792991235,60.0
70777,3422.0673007142423,1.0018957770490131,60.0
70778,3422.0679951586867,1.0008775778129233,60.0
70779,3422.068689603131,1.0017700689835267,60.0
70780,3422.0693840475756,1.0016435792833533,60.0
70781,3422.07007849202,1.0022093860522698,60.0
70782,3422.0707729364644,1.0012963607062335,60.0
70783,3422.071467380909,1.0025339669263433,60.0
70784,3422.0721618253533,1.0003005879002966,60.0
70785,3422.0728562697977,1.00041368834544,60.0
70786,3422.073550714242,1.0022211093891602,60.0
70787,3422.0742451586866,1.0016795072238966,60.0
70788,3422.074939603131,1.0006019709835268,60.0
70789,3422.0756340475755,1.0010105623431935,60.0
70790,3422.07632849202,1.0009668696022134,60.0
70791,3422.0770229364643,1.0012276901200268,60.0
70792,3422.077717380909,1.00083123373054,60.0
70793,3422.078411825353,1.0023828968235067,60.0
70794,3422.0791062697976,1.0013442149768033,60.0
70795,3422.079800714242,1.0016157499730234,60.0
70796,3422.0804951586865,1.0012778475697368,60.0
70797,3422.081189603131,1.0008549904361532,60.0
70798,3422.0818840475754,1.0011043136139968,60.0
70799,3422.08257849202,1.0015262808425798,60.0
70800,3422.0832729364643,1.0008041814085233,60.0
70801,3422.0839673809087,1.0011688512871835,60.0
70802,3422.084661825353,1.0008281118080034,60.0
70803,3422.0853562697976,1.0009708555306833,60.0
70804,3422.086050714242,1.0012167751545267,60.0
70805,3422.0867451586864,1.0000866118224667,60.0
70806,3422.087439603131,1.00027231339221,60.0
70807,3422.0881340475753,1.0008864995603366,60.0
70808,3422.0888284920197,1.00141791995627,60.0
70809,3422.089522936464,1.0009818122308267,60.0
70810,3422.0902173809086,1.0008085602430599,60.0
70811,3422.090911825353,1.0003190946318135,60.0
70812,3422.0916062697975,1.0020875600210548,60.0
70813,3422.092300714242,1.0008871567133166,60.0
70814,3422.0929951586863,1.00154432149352,60.0
70815,3422.0936896031308,1.0014164134833534,60.0
70816,3422.094384047575,1.0008056488790151,60.0
70817,3422.0950784920196,1.0007565911464933,60.0
70818,3422.095772936464,1.0011828986125033,60.0
70819,3422.0964673809085,1.0011440544487267,60.0
70820,3422.097161825353,1.0005053317192234,60.0
70821,3422.0978562697974,1.000928706400265,60.0
70822,3422.098550714242,1.0017473421736767,60.0
70823,3422.0992451586862,1.0021468617846498,60.0
70824,3422.0999396031307,1.0006888684482067,60.0
70825,3422.100634047575,1.00057675386921,60.0
70826,3422.1013284920195,1.0006835664255633,60.0
70827,3422.102022936464,1.0005974990284532,60.0
70828,3422.1027173809084,1.0007047471396702,60.0
70829,3422.103411825353,1.00130962055684,60.0
70830,3422.1041062697973,1.0014918921327434,60.0
70831,3422.1048007142417,0.9998996573354667,60.0
70832,3422.105495158686,1.0008947074467598,60.0
70833,3422.1061896031306,1.00083072763303,60.0
70834,3422.106884047575,1.00080363827818,60.0
70835,3422.1075784920195,1.000566538879,60.0
70836,3422.108272936464,1.0010096104912265,60.0
70837,3422.1089673809083,1.0002972944792734,60.0
70838,3422.1096618253528,1.0004532757989535,60.0
70839,3422.110356269797,1.0013841066946936,60.0
70840,3422.1110507142416,1.0005718281514702,60.0
70841,3422.111745158686,1.00120418857977,60.0
70842,3422.1124396031305,1.0007836411846434,60.0
70843,3422.113134047575,1.0000484263875034,60.0
70844,3422.1138284920194,1.0007306129229934,60.0
70845,3422.114522936464,1.0012489987597502,60.0
70846,3422.1152173809082,1.0009351511686866,60.0
70847,3422.1159118253527,1.0002711021725668,60.0
70848,3422.116606269797,1.0011099005174098,60.0
70849,3422.1173007142415,1.0020982397848732,60.0
70850,3422.117995158686,1.000081424873417,60.0
70851,3422.1186896031304,0.9998834228165401,60.0
70852,3422.119384047575,1.0000095816393866,60.0
70853,3422.1200784920193,0.9998836715745533,60.0
70854,3422.1207729364637,1.0004771683521267,60.0
70855,3422.121467380908,1.0008139651781467,60.0
70856,3422.1221618253526,1.0003267355842766,60.0
70857,3422.122856269797,1.0008253753168799,60.0
70858,3422.1235507142414,1.0013495988130567,60.0
70859,3422.124245158686,1.0005164258073367,60.0
70860,3422.1249396031303,1.0001866990936132,60.0
70861,3422.1256340475747,1.0006778958811566,60.0
70862,3422.126328492019,1.00043721352068,60.0
70863,3422.1270229364636,1.00033253365566,60.0
70864,3422.127717380908,1.0005485457179133,60.0
70865,3422.1284118253525,1.00066942397321,60.0
70866,3422.129106269797,1.0009841826030768,60.0
70867,3422.1298007142414,1.00060329487846,60.0
70868,3422.130495158686,1.0007989064930065,60.0
70869,3422.13118960313,1.00025985564271,60.0
70870,3422.1318840475747,1.0013814427750534,60.0
70871,3422.132578492019,0.99952500210131,60.0
70872,3422.1332729364635,1.0008191393670733,60.0
70873,3422.133967380908,0.9997670589637567,60.0
70874,3422.1346618253524,1.0004400196961833,60.0
70875,3422.135356269797,1.0006590802592001,60.0
70876,3422.1360507142413,1.0000030019710635,60.0
70877,3422.1367451586857,1.00066543305684,60.0
70878,3422.13743960313,1.0009779840582997,60.0
70879,3422.1381340475746,1.0000789524912068,60.0
70880,3422.138828492019,1.0011077440341534,60.0
70881,3422.1395229364634,1.0008791623183135,60.0
70882,3422.140217380908,1.0003326815167366,60.0
70883,3422.1409118253523,1.0005221654387733,60.0
70884,3422.1416062697967,1.00015356538411,60.0
70885,3422.142300714241,1.0007119970420133,60.0
70886,3422.1429951586856,1.0006729687256302,60.0
70887,3422.14368960313,0.9999178819243832,60.0
70888,3422.1443840475745,0.9999038067502067,60.0
70889,3422.145078492019,0.9997225257391568,60.0
70890,3422.1457729364633,0.9999660611469466,60.0
70891,3422.146467380908,1.0000782344066932,60.0
70892,3422.147161825352,1.0003245110894199,60.0
70893,3422.1478562697966,0.9998384628955733,60.0
70894,3422.148550714241,0.99977412530911,60.0
70895,3422.1492451586855,0.9993299792089768,60.0
70896,3422.14993960313,1.0010447537901266,60.0
70897,3422.1506340475744,0.9998590504273533,60.0
70898,3422.151328492019,1.00072001455833,60.0
70899,3422.1520229364633,1.00016701479191,60.0
70900,3422.1527173809077,0.999623923670975,60.0
70901,3422.153411825352,1.0010888639698765,60.0
70902,3422.1541062697966,1.00036874247837,60.0
70903,3422.154800714241,0.9999627364434733,60.0
70904,3422.1554951586854,0.9996256311375467,60.0
70905,3422.15618960313,0.9998642888639268,60.0
70906,3422.1568840475743,1.0008568487658467,60.0
70907,3422.1575784920187,1.0013481142107166,60.0
70908,3422.158272936463,0.9999986914072201,60.0
70909,3422.1589673809076,0.9997904429272467,60.0
70910,3422.159661825352,0.9999545386899067,60.0
70911,3422.1603562697965,1.0002881175216334,60.0
70912,3422.161050714241,1.0009139358620467,60.0
70913,3422.1617451586853,1.0005891947800767,60.0
70914,3422.1624396031298,1.0006161193581,60.0
70915,3422.163134047574,1.0001144522163399,60.0
70916,3422.1638284920186,1.0004155995529733,60.0
70917,3422.164522936463,1.00074269587897,60.0
70918,3422.1652173809075,0.9998234383480901,60.0
70919,3422.165911825352,0.9995755914675634,60.0
70920,3422.1666062697964,0.9999535579471966,60.0
70921,3422.167300714241,1.0002467665007966,60.0
70922,3422.1679951586852,0.9996188407118067,60.0
70923,3422.1686896031297,1.0009776349317632,60.0
70924,3422.169384047574,1.0001000795726867,60.0
70925,3422.1700784920185,1.0008562032207633,60.0
70926,3422.170772936463,1.0000358742399167,60.0
70927,3422.1714673809074,0.9996015270860333,60.0
70928,3422.172161825352,0.99913308011193,60.0
70929,3422.1728562697963,1.0000303206781,60.0
70930,3422.1735507142407,1.00037561111705,60.0
70931,3422.174245158685,0.9994361619208266,60.0
70932,3422.1749396031296,1.0007843169471449,60.0
70933,3422.175634047574,1.0009152524972433,60.0
70934,3422.1763284920185,1.00012001663937,60.0
70935,3422.177022936463,0.99972471971707,60.0
70936,3422.1777173809073,1.0005807509278968,60.0
70937,3422.1784118253518,1.0000529513086767,60.0
70938,3422.179106269796,1.0012121348426735,60.0
70939,3422.1798007142406,1.00026077121073,60.0
70940,3422.180495158685,0.9999297939051667,60.0
70941,3422.1811896031295,1.0001117753021866,60.0
70942,3422.181884047574,0.9996917035037968,60.0
70943,3422.1825784920184,0.9997741897208566,60.0
70944,3422.183272936463,1.0007188443075832,60.0
70945,3422.1839673809072,0.9989449734458934,60.0
70946,3422.1846618253517,0.9993049264863366,60.0
70947,3422.185356269796,1.00025449026023,60.0
70948,3422.1860507142405,1.0001034478125768,60.0
70949,3422.186745158685,1.00003152449246,60.0
70950,3422.1874396031294,0.9995536669762051,60.0
70951,3422.188134047574,0.9995642962687565,60.0
70952,3422.1888284920183,1.00028243403709,60.0
70953,3422.1895229364627,0.9992627545450933,60.0
70954,3422.190217380907,0.99978089935704,60.0
70955,3422.1909118253516,1.0000896218892967,60.0
70956,3422.191606269796,0.9991700399913367,60.0
70957,3422.1923007142404,0.9992819435164251,60.0
70958,3422.192995158685,0.99885817161495,60.0
70959,3422.1936896031293,0.9995712659209567,60.0
70960,3422.1943840475737,1.00153412953007,60.0
70961,3422.195078492018,1.0008825697352866,60.0
70962,3422.1957729364626,0.9995122690400834,60.0
70963,3422.196467380907,0.9992365852150332,60.0
70964,3422.1971618253515,0.9992435795976667,60.0
70965,3422.197856269796,1.0002309640100566,60.0
70966,3422.1985507142404,0.9989102523588699,60.0
70967,3422.199245158685,0.9999366943475999,60.0
70968,3422.199939603129,1.0000580265702101,60.0
70969,3422.2006340475737,1.0004865926906634,60.0
70970,3422.201328492018,0.9996797633102901,60.0
70971,3422.2020229364625,0.9988535352016167,60.0
70972,3422.202717380907,0.9998473613595434,60.0
70973,3422.2034118253514,0.9989060931044533,60.0
70974,3422.204106269796,0.997980181937745,60.0
70975,3422.2048007142403,0.99882113337787,60.0
70976,3422.2054951586847,0.9995524845849767,60.0
70977,3422.206189603129,1.0007425276813466,60.0
70978,3422.2068840475736,1.00047404017244,60.0
70979,3422.207578492018,0.9994885248622,60.0
70980,3422.2082729364624,0.9989564855348133,60.0
70981,3422.208967380907,0.9994775210243033,60.0
70982,3422.2096618253513,1.0001618739249098,60.0
70983,3422.2103562697957,0.9997997654095966,60.0
70984,3422.21105071424,1.0008652318923732,60.0
70985,3422.2117451586846,0.999985625964,60.0
70986,3422.212439603129,1.0014795440284134,60.0
70987,3422.2131340475735,1.0002603167421567,60.0
70988,3422.213828492018,0.9992572704221899,60.0
70989,3422.2145229364623,0.9994156088761934,60.0
70990,3422.215217380907,0.9994512586676967,60.0
70991,3422.215911825351,0.9990200303966034,60.0
70992,3422.2166062697956,1.00018217553611,60.0
70993,3422.21730071424,0.9992362096922199,60.0
70994,3422.2179951586845,1.0000384342030266,60.0
70995,3422.218689603129,1.0002084874323935,60.0
70996,3422.2193840475734,0.99981633979995,60.0
70997,3422.220078492018,0.9992543551630133,60.0
70998,3422.2207729364623,0.9992304844961933,60.0
70999,3422.2214673809067,0.9992114832271867,60.0
71000,3422.222161825351,0.9997455317825533,60.0
71001,3422.2228562697956,0.9990859789786867,60.0
71002,3422.22355071424,0.9997362412900967,60.0
71003,3422.2242451586844,1.0003009972890469,60.0
71004,3422.224939603129,1.000717519440543,60.0
71005,3422.2256340475733,1.00079668103188,60.0
71006,3422.2263284920177,0.9993366984684368,60.0
71007,3422.227022936462,0.99934095920305,60.0
71008,3422.2277173809066,0.9996051416051733,60.0
71009,3422.228411825351,0.9999402970633366,60.0
71010,3422.2291062697955,0.9991855783091199,60.0
71011,3422.22980071424,0.9994987713213366,60.0
71012,3422.2304951586843,0.9998231050666133,60.0
71013,3422.2311896031288,1.0003427244347967,60.0
71014,3422.231884047573,0.9992701380703366,60.0
71015,3422.2325784920176,0.9993328687265667,60.0
71016,3422.233272936462,0.9993002427537702,60.0
71017,3422.2339673809065,0.9986562393719899,60.0
71018,3422.234661825351,0.99943137026537,60.0
71019,3422.2353562697954,0.99929557123763,60.0
71020,3422.23605071424,0.9991111380425,60.0
71021,3422.2367451586842,0.9995146491187366,60.0
71022,3422.2374396031287,0.9979922440627865,60.0
71023,3422.238134047573,1.00015821084252,60.0
71024,3422.2388284920175,0.9998415168677,60.0
71025,3422.239522936462,0.99989899018321,60.0
71026,3422.2402173809064,0.9992327830554534,60.0
71027,3422.240911825351,0.99976119738159,60.0
71028,3422.2416062697953,1.00000155760451,60.0
71029,3422.2423007142397,0.9989352933764932,60.0
71030,3422.242995158684,0.9994395234712034,60.0
71031,3422.2436896031286,0.9998166930607167,60.0
71032,3422.244384047573,1.0001785795497098,60.0
71033,3422.2450784920175,0.99924283250175,60.0
71034,3422.245772936462,0.9997977361885667,60.0
71035,3422.2464673809063,0.9990092130339034,60.0
71036,3422.2471618253508,0.9990122617090001,60.0
71037,3422.247856269795,0.99909711373187,60.0
71038,3422.2485507142396,0.99934881925504,60.0
71039,3422.249245158684,0.9995397855330399,60.0
71040,3422.2499396031285,0.9989259279539201,60.0
71041,3422.250634047573,0.9994971618740868,60.0
71042,3422.2513284920174,0.9986175911384233,60.0
71043,3422.252022936462,0.9992494814391835,60.0
71044,3422.2527173809062,0.9993257621668133,60.0
71045,3422.2534118253507,0.9993184547470868,60.0
71046,3422.254106269795,0.9998866365776734,60.0
71047,3422.2548007142395,0.9987342053205367,60.0
71048,3422.255495158684,0.999230080272,60.0
71049,3422.2561896031284,0.9990892545761466,60.0
71050,3422.256884047573,0.99912977687908,60.0
71051,3422.2575784920173,0.9992430701756866,60.0
71052,3422.2582729364617,0.9993465391194599,60.0
71053,3422.258967380906,0.9992485720612466,60.0
71054,3422.2596618253506,0.99916653875102,60.0
71055,3422.260356269795,0.99933692859679,60.0
71056,3422.2610507142394,0.9988620964075533,60.0
71057,3422.261745158684,0.9996392927561,60.0
71058,3422.2624396031283,0.9987091154451634,60.0
71059,3422.2631340475727,0.9980924422609666,60.0
71060,3422.263828492017,0.9999954629578,60.0
71061,3422.2645229364616,0.9988724412597799,60.0
71062,3422.265217380906,0.9991190583894333,60.0
71063,3422.2659118253505,0.9979528241242367,60.0
71064,3422.266606269795,0.99853906182582,60.0
71065,3422.2673007142394,0.9983793255148634,60.0
71066,3422.267995158684,0.9992108553887333,60.0
71067,3422.268689603128,0.9983432500631132,60.0
71068,3422.2693840475727,0.9992499524062,60.0
71069,3422.270078492017,0.9994229702834234,60.0
71070,3422.2707729364615,0.9984951589129633,60.0
71071,3422.271467380906,0.99904769685156,60.0
71072,3422.2721618253504,0.9986839444616034,60.0
71073,3422.272856269795,0.9990343620516366,60.0
71074,3422.2735507142393,0.9992933534010601,60.0
71075,3422.2742451586837,0.9996808692137401,60.0
71076,3422.274939603128,0.99882616617603,60.0
71077,3422.2756340475726,0.99969148287868,60.0
71078,3422.276328492017,0.999073506658605,60.0
71079,3422.2770229364614,0.99902406300073,60.0
71080,3422.277717380906,0.9986658316862534,60.0
71081,3422.2784118253503,0.9992692736274668,60.0
71082,3422.2791062697947,0.9990697327949133,60.0
71083,3422.279800714239,0.99861213091463,60.0
71084,3422.2804951586836,0.99891763198664,60.0
71085,3422.281189603128,1.0001650876111399,60.0
71086,3422.2818840475725,0.9986752737862066,60.0
71087,3422.282578492017,0.99929938969942,60.0
71088,3422.2832729364613,0.9990510137074233,60.0
71089,3422.283967380906,0.9985995695881332,60.0
71090,3422.28466182535,0.9991566303935566,60.0
71091,3422.2853562697946,0.99918003492953,60.0
71092,3422.286050714239,0.9990650178033134,60.0
71093,3422.2867451586835,0.9985249455341334,60.0
71094,3422.287439603128,0.998878903490655,60.0
71095,3422.2881340475724,0.9996007636597399,60.0
71096,3422.288828492017,0.9990762511633733,60.0
71097,3422.2895229364613,0.9987195239081,60.0
71098,3422.2902173809057,0.99917699184507,60.0
71099,3422.29091182535,0.9997835295701201,60.0
71100,3422.2916062697946,0.9988665945844201,60.0
71101,3422.292300714239,0.9991170853783365,60.0
71102,3422.2929951586834,0.9985616297851233,60.0
71103,3422.293689603128,0.9984868199347634,60.0
71104,3422.2943840475723,0.9982177065552834,60.0
71105,3422.2950784920167,0.9981031368873902,60.0
71106,3422.295772936461,0.99909526091976,60.0
71107,3422.2964673809056,0.99875033489144,60.0
71108,3422.29716182535,0.9988659778315268,60.0
71109,3422.2978562697945,0.9988286354339967,60.0
71110,3422.298550714239,0.9996195313478934,60.0
71111,3422.2992451586833,0.9991564347456467,60.0
71112,3422.2999396031278,0.9986783268632267,60.0
71113,3422.300634047572,0.9990861642244632,60.0
71114,3422.3013284920166,0.9993544049919434,60.0
71115,3422.302022936461,0.9993967403753867,60.0
71116,3422.3027173809055,0.9985837447446033,60.0
71117,3422.30341182535,0.9993649491697433,60.0
71118,3422.3041062697944,0.9995886679176301,60.0
71119,3422.304800714239,0.9985627379016266,60.0
71120,3422.3054951586832,0.9994289643352899,60.0
71121,3422.3061896031277,0.9989130753065899,60.0
71122,3422.306884047572,0.9993185790876966,60.0
71123,3422.3075784920165,0.998218114178685,60.0
71124,3422.308272936461,0.9988569324807867,60.0
71125,3422.3089673809054,0.9991976172324167,60.0
71126,3422.30966182535,0.9978213733214067,60.0
71127,3422.3103562697943,0.9987930797297366,60.0
71128,3422.3110507142387,0.9987897434146834,60.0
71129,3422.311745158683,0.99837891984089,60.0
71130,3422.3124396031276,0.9988989095832901,60.0
71131,3422.313134047572,0.9993211170832934,60.0
71132,3422.3138284920165,0.99856302120769,60.0
71133,3422.314522936461,0.9980745470682066,60.0
71134,3422.3152173809053,0.99866934726588,60.0
71135,3422.3159118253498,0.9988671832182066,60.0
71136,3422.316606269794,0.9985768356257966,60.0
71137,3422.3173007142386,0.9982499713070366,60.0
71138,3422.317995158683,0.9983950733068899,60.0
71139,3422.3186896031275,0.9993482884316833,60.0
71140,3422.319384047572,0.99941669560735,60.0
71141,3422.3200784920164,0.9984123891795066,60.0
71142,3422.320772936461,0.99872314752258,60.0
71143,3422.3214673809052,0.99838949035254,60.0
71144,3422.3221618253497,0.9985794773399966,60.0
71145,3422.322856269794,0.9982105289709966,60.0
71146,3422.3235507142385,0.9991900374472366,60.0
71147,3422.324245158683,0.9982207498836001,60.0
71148,3422.3249396031274,0.9998253149887267,60.0
71149,3422.325634047572,0.9983538924178733,60.0
71150,3422.3263284920163,0.99760709956688,60.0
71151,3422.3270229364607,0.9993550106747066,60.0
71152,3422.327717380905,0.9981853707542466,60.0
71153,3422.3284118253496,0.9986069897811202,60.0
71154,3422.329106269794,0.9989138144083167,60.0
71155,3422.3298007142384,0.9976175156072368,60.0
71156,3422.330495158683,0.9990742948024033,60.0
71157,3422.3311896031273,0.9989558285578201,60.0
71158,3422.3318840475717,0.9983588584293533,60.0
71159,3422.332578492016,0.9988285826960633,60.0
71160,3422.3332729364606,0.99766553102334,60.0
71161,3422.333967380905,0.9985593547050134,60.0
71162,3422.3346618253495,0.99920197609269,60.0
71163,3422.335356269794,0.9987236038800534,60.0
71164,3422.3360507142384,0.9991191253210999,60.0
71165,3422.336745158683,0.9986509692555167,60.0
71166,3422.337439603127,0.9981800040888134,60.0
71167,3422.3381340475717,0.9984958584885066,60.0
71168,3422.338828492016,0.9990647881288233,60.0
71169,3422.3395229364605,0.9976027400645834,60.0
71170,3422.340217380905,0.9984414758238901,60.0
71171,3422.3409118253494,0.9981491189176167,60.0
71172,3422.341606269794,0.9977481204914049,60.0
71173,3422.3423007142383,0.9980481709759333,60.0
71174,3422.3429951586827,0.9977106318432201,60.0
71175,3422.343689603127,0.9997431728537199,60.0
71176,3422.3443840475716,0.997717792558455,60.0
71177,3422.345078492016,0.9981479248949068,60.0
71178,3422.3457729364604,0.9991980102699367,60.0
71179,3422.346467380905,0.9976047547645633,60.0
71180,3422.3471618253493,0.9986924681381301,60.0
71181,3422.3478562697937,0.99756995954581,60.0
71182,3422.348550714238,0.9979225599603967,60.0
71183,3422.3492451586826,0.99854934935068,60.0
71184,3422.349939603127,0.9974047143704566,60.0
71185,3422.3506340475715,0.9977536138417166,60.0
71186,3422.351328492016,0.9976780821289933,60.0
71187,3422.3520229364603,0.9979106462992501,60.0
71188,3422.352717380905,0.9971153990675368,60.0
71189,3422.353411825349,0.9978189007932067,60.0
71190,3422.3541062697936,0.9977588455060733,60.0
71191,3422.354800714238,0.99774625553468,60.0
71192,3422.3554951586825,0.99739772298504,60.0
71193,3422.356189603127,0.9978656873138734,60.0
71194,3422.3568840475714,0.9968140123431167,60.0
71195,3422.357578492016,0.9975950320699499,60.0
71196,3422.3582729364603,0.9989391445760001,60.0
71197,3422.3589673809047,0.9983392560985734,60.0
71198,3422.359661825349,0.9980958332449367,60.0
71199,3422.3603562697936,0.9983011493339901,60.0
71200,3422.361050714238,0.997455760874425,60.0
71201,3422.3617451586824,0.9980267467367433,60.0
71202,3422.362439603127,0.9977025864389001,60.0
71203,3422.3631340475713,0.9989392514927301,60.0
71204,3422.3638284920157,0.99849689444292,60.0
71205,3422.36452293646,0.9985657624328134,60.0
71206,3422.3652173809046,0.9980269215727734,60.0
71207,3422.365911825349,0.9982508212700366,60.0
71208,3422.3666062697935,0.9984127282944466,60.0
71209,3422.367300714238,0.9979328340813233,60.0
71210,3422.3679951586823,0.9981208128284567,60.0
71211,3422.3686896031268,0.9985224835018034,60.0
71212,3422.369384047571,0.9983126458632601,60.0
71213,3422.3700784920156,0.9980429387632966,60.0
71214,3422.37077293646,0.9979376841471801,60.0
71215,3422.3714673809045,0.9974146682751667,60.0
71216,3422.372161825349,0.9981154564842266,60.0
71217,3422.3728562697934,0.9981571086001634,60.0
71218,3422.373550714238,0.9971438640517732,60.0
71219,3422.3742451586822,0.9968737306718066,60.0
71220,3422.3749396031267,0.99900571650956,60.0
71221,3422.375634047571,0.9976365439601667,60.0
71222,3422.3763284920155,0.99727689501118,60.0
71223,3422.37702293646,0.99712577773972,60.0
71224,3422.3777173809044,0.9987465176511999,60.0
71225,3422.378411825349,0.9981642792420401,60.0
71226,3422.3791062697933,0.9976696980710766,60.0
71227,3422.3798007142377,0.9979404055238333,60.0
71228,3422.380495158682,0.99820139652267,60.0
71229,3422.3811896031266,0.9977156310880234,60.0
71230,3422.381884047571,0.998038326968515,60.0
71231,3422.3825784920155,0.9980014129507699,60.0
71232,3422.38327293646,0.99775029822755,60.0
71233,3422.3839673809043,0.9975925218568,60.0
71234,3422.3846618253488,0.997825837451,60.0
71235,3422.385356269793,0.9982739151793766,60.0
71236,3422.3860507142376,0.9977893518140767,60.0
71237,3422.386745158682,0.9972046575891467,60.0
71238,3422.3874396031265,0.9975753497141566,60.0
71239,3422.388134047571,0.9988088732227967,60.0
71240,3422.3888284920154,0.99698161737563,60.0
71241,3422.38952293646,0.99714956157852,60.0
71242,3422.3902173809042,0.9982822142643667,60.0
71243,3422.3909118253487,0.9979423597744868,60.0
71244,3422.391606269793,0.99781237576359,60.0
71245,3422.3923007142375,0.9976612679193467,60.0
71246,3422.392995158682,0.9989115812241,60.0
71247,3422.3936896031264,0.99785296583756,60.0
71248,3422.394384047571,0.9985041579536033,60.0
71249,3422.3950784920153,0.99675617276727,60.0
71250,3422.3957729364597,0.9976518638201899,60.0
71251,3422.396467380904,0.9972871289653599,60.0
71252,3422.3971618253486,0.9978366273506567,60.0
71253,3422.397856269793,0.99844772982851,60.0
71254,3422.3985507142374,0.9979627111574233,60.0
71255,3422.399245158682,0.9976360289365633,60.0
71256,3422.3999396031263,0.9984351027890633,60.0
71257,3422.4006340475707,0.99749139434733,60.0
71258,3422.401328492015,0.9981044709959966,60.0
71259,3422.4020229364596,0.9972885222328532,60.0
71260,3422.402717380904,0.9983993577301433,60.0
71261,3422.4034118253485,0.9983377134028132,60.0
71262,3422.404106269793,0.99895458540673,60.0
71263,3422.4048007142374,0.99878024319531,60.0
71264,3422.405495158682,0.9967262268453534,60.0
71265,3422.406189603126,0.9964922648813067,60.0
71266,3422.4068840475707,0.9977514855442801,60.0
71267,3422.407578492015,0.9984007825917534,60.0
71268,3422.4082729364595,0.9974289395358168,60.0
71269,3422.408967380904,0.9982772796729167,60.0
71270,3422.4096618253484,0.9976851091096967,60.0
71271,3422.410356269793,0.9972897357848568,60.0
71272,3422.4110507142373,0.99746069490363,60.0
71273,3422.4117451586817,0.9976327705073267,60.0
71274,3422.412439603126,0.99737256461322,60.0
71275,3422.4131340475706,0.997064067000895,60.0
71276,3422.413828492015,0.9970363718094566,60.0
71277,3422.4145229364594,0.9978856379723634,60.0
71278,3422.415217380904,0.9970478501654699,60.0
71279,3422.4159118253483,0.99757265472255,60.0
71280,3422.4166062697927,0.9977327014306533,60.0
71281,3422.417300714237,0.99850143342819,60.0
71282,3422.4179951586816,0.9966675489825666,60.0
71283,3422.418689603126,0.99782089340105,60.0
71284,3422.4193840475705,0.9979013509693067,60.0
71285,3422.420078492015,0.9978614802535867,60.0
71286,3422.4207729364593,0.9978704455125067,60.0
71287,3422.421467380904,0.9970017060083268,60.0
71288,3422.422161825348,0.99649509186227,60.0
71289,3422.4228562697926,0.9980061751849899,60.0
71290,3422.423550714237,0.9976188918654101,60.0
71291,3422.4242451586815,0.9981463316103666,60.0
71292,3422.424939603126,0.9970721155090067,60.0
71293,3422.4256340475704,0.99873345158306,60.0
71294,3422.426328492015,0.9968405599174966,60.0
71295,3422.4270229364593,0.9968849118440666,60.0
71296,3422.4277173809037,0.9973615513558532,60.0
71297,3422.428411825348,0.9977800123809599,60.0
71298,3422.4291062697926,0.9970700281273633,60.0
71299,3422.429800714237,0.99764261499482,60.0
71300,3422.4304951586814,0.9968852904151867,60.0
71301,3422.431189603126,0.9975112563844033,60.0
71302,3422.4318840475703,0.9969957737252834,60.0
71303,3422.4325784920147,0.9972887608442966,60.0
71304,3422.433272936459,0.99763737532414,60.0
71305,3422.4339673809036,0.99769901761469,60.0
71306,3422.434661825348,0.9971525312366,60.0
71307,3422.4353562697925,0.9978493147164333,60.0
71308,3422.436050714237,0.99747891958252,60.0
71309,3422.4367451586813,0.9985792594641166,60.0
71310,3422.4374396031258,0.9967567820357001,60.0
71311,3422.43813404757,0.9974686048085233,60.0
71312,3422.4388284920146,0.9975335118286632,60.0
71313,3422.439522936459,0.9976523289150033,60.0
71314,3422.4402173809035,0.9969769316059699,60.0
71315,3422.440911825348,0.9967504941164199,60.0
71316,3422.4416062697924,0.9977063326414201,60.0
71317,3422.442300714237,0.9974952690885933,60.0
71318,3422.4429951586812,0.9972617685483635,60.0
71319,3422.4436896031257,0.9980555391586367,60.0
71320,3422.44438404757,0.9975104114834267,60.0
71321,3422.4450784920145,0.9971636493437099,60.0
71322,3422.445772936459,0.9968489841899301,60.0
71323,3422.4464673809034,0.9969072389183834,60.0
71324,3422.447161825348,0.9969224914854999,60.0
71325,3422.4478562697923,0.99761845262449,60.0
71326,3422.4485507142367,0.9965911817650466,60.0
71327,3422.449245158681,0.99724086394101,60.0
71328,3422.4499396031256,0.9970354469093966,60.0
71329,3422.45063404757,0.99774993010274,60.0
71330,3422.4513284920145,0.99816519277715,60.0
71331,3422.452022936459,0.9975899185412432,60.0
71332,3422.4527173809033,0.99684106965746,60.0
71333,3422.4534118253478,0.9972829159100134,60.0
71334,3422.454106269792,0.9970068797757534,60.0
71335,3422.4548007142366,0.9974248897159633,60.0
71336,3422.455495158681,0.9967887368880833,60.0
71337,3422.4561896031255,0.9973601316091933,60.0
71338,3422.45688404757,0.9968962315853233,60.0
71339,3422.4575784920144,0.9964180197092434,60.0
71340,3422.458272936459,0.9978981556680168,60.0
71341,3422.4589673809032,0.9972561683548568,60.0
71342,3422.4596618253477,0.9968567495431467,60.0
71343,3422.460356269792,0.9965391262074133,60.0
71344,3422.4610507142365,0.9969693524303501,60.0
71345,3422.461745158681,0.9967917466611533,60.0
71346,3422.4624396031254,0.9971900982679234,60.0
71347,3422.46313404757,0.997228818642775,60.0
71348,3422.4638284920143,0.9967205321629967,60.0
71349,3422.4645229364587,0.9973737931634833,60.0
71350,3422.465217380903,0.9967284797372801,60.0
71351,3422.4659118253476,0.9968399608184101,60.0
71352,3422.466606269792,0.99739350825917,60.0
71353,3422.4673007142364,0.9965360979222866,60.0
71354,3422.467995158681,0.9969999615444367,60.0
71355,3422.4686896031253,0.9968173454558965,60.0
71356,3422.4693840475697,0.99707459760041,60.0
71357,3422.470078492014,0.9970762380952201,60.0
71358,3422.4707729364586,0.9967107149150868,60.0
71359,3422.471467380903,0.9971807515233767,60.0
71360,3422.4721618253475,0.9964392017230034,60.0
71361,3422.472856269792,0.9972496950144234,60.0
71362,3422.4735507142364,0.9961326125748,60.0
71363,3422.474245158681,0.9968133129068099,60.0
71364,3422.474939603125,0.9969874209996233,60.0
71365,3422.4756340475697,0.9967555515511134,60.0
71366,3422.476328492014,0.9964730809759533,60.0
71367,3422.4770229364585,0.9959584551212934,60.0
71368,3422.477717380903,0.99716038756528,60.0
71369,3422.4784118253474,0.9967715552160233,60.0
71370,3422.479106269792,0.99610949934088,60.0
71371,3422.4798007142363,0.99608179408262,60.0
71372,3422.4804951586807,0.9961214787452933,60.0
71373,3422.481189603125,0.9957394056863067,60.0
71374,3422.4818840475696,0.9971999289307399,60.0
71375,3422.482578492014,0.99613131854275,60.0
71376,3422.4832729364584,0.99606960668952,60.0
71377,3422.483967380903,0.9973363712907334,60.0
71378,3422.4846618253473,0.9972691838494532,60.0
71379,3422.4853562697917,0.9966297116382666,60.0
71380,3422.486050714236,0.9968211885579468,60.0
71381,3422.4867451586806,0.9968790761838834,60.0
71382,3422.487439603125,0.9969308212904101,60.0
71383,3422.4881340475695,0.9967779868676067,60.0
71384,3422.488828492014,0.9969056449735999,60.0
71385,3422.4895229364583,0.9960224023889034,60.0
71386,3422.490217380903,0.9974224126446667,60.0
71387,3422.490911825347,0.9969436411911268,60.0
71388,3422.4916062697916,0.9969696838194867,60.0
71389,3422.492300714236,0.9970905229770199,60.0
71390,3422.4929951586805,0.99627212052267,60.0
71391,3422.493689603125,0.9972241222147233,60.0
71392,3422.4943840475694,0.9977169702735934,60.0
71393,3422.495078492014,0.9955638492451068,60.0
71394,3422.4957729364583,0.9959399296197367,60.0
71395,3422.4964673809027,0.9965724750930233,60.0
71396,3422.497161825347,0.9959534330393467,60.0
71397,3422.4978562697916,0.9963507939760133,60.0
71398,3422.498550714236,0.99682138889837,60.0
71399,3422.4992451586804,0.9970149846861,60.0
71400,3422.499939603125,0.9964819271385567,60.0
71401,3422.5006340475693,0.9976376673839034,60.0
71402,3422.5013284920137,0.9964915460043566,60.0
71403,3422.502022936458,0.9963407522870199,60.0
71404,3422.5027173809026,0.9970774205937868,60.0
71405,3422.503411825347,0.9969224727659167,60.0
71406,3422.5041062697915,0.99643106218888,60.0
71407,3422.504800714236,0.99745688497163,60.0
71408,3422.5054951586803,0.9960149568225933,60.0
71409,3422.5061896031248,0.9968452544023334,60.0
71410,3422.506884047569,0.9970815793936133,60.0
71411,3422.5075784920136,0.9969599856928199,60.0
71412,3422.508272936458,0.9966038224692134,60.0
71413,3422.5089673809025,0.995946959285605,60.0
71414,3422.509661825347,0.99667406533323,60.0
71415,3422.5103562697914,0.9974350997901168,60.0
71416,3422.511050714236,0.9968154897366933,60.0
71417,3422.5117451586802,0.9962678108904967,60.0
71418,3422.5124396031247,0.9961480507458167,60.0
71419,3422.513134047569,0.9967238090418301,60.0
71420,3422.5138284920135,0.9968141429935367,60.0
71421,3422.514522936458,0.9970305200152333,60.0
71422,3422.5152173809024,0.99719218079986,60.0
71423,3422.515911825347,0.99747171113265,60.0
71424,3422.5166062697913,0.9979987186651367,60.0
71425,3422.5173007142357,0.996348158911035,60.0
71426,3422.51799515868,0.9964353516153333,60.0
71427,3422.5186896031246,0.99622816660259,60.0
71428,3422.519384047569,0.9964916293126066,60.0
71429,3422.5200784920135,0.9974352309756535,60.0
71430,3422.520772936458,0.9961796472667167,60.0
71431,3422.5214673809023,0.99662274435338,60.0
71432,3422.5221618253468,0.9966199177741534,60.0
71433,3422.522856269791,0.99698641246615,60.0
71434,3422.5235507142356,0.9968665649998799,60.0
71435,3422.52424515868,0.9964587117824634,60.0
71436,3422.5249396031245,0.9962727035064334,60.0
71437,3422.525634047569,0.9964738652094299,60.0
71438,3422.5263284920134,0.9965156739850599,60.0
71439,3422.527022936458,0.9965742354644066,60.0
71440,3422.5277173809022,0.9972030450911,60.0
71441,3422.5284118253467,0.9961626952814466,60.0
71442,3422.529106269791,0.9961477295961266,60.0
71443,3422.5298007142355,0.9960327428228967,60.0
71444,3422.53049515868,0.9955048674895767,60.0
71445,3422.5311896031244,0.996560843780685,60.0
71446,3422.531884047569,0.9962377468727367,60.0
71447,3422.5325784920133,0.9966833465307433,60.0
71448,3422.5332729364577,0.9965771000250268,60.0
71449,3422.533967380902,0.9963171832225033,60.0
71450,3422.5346618253466,0.9964117060566101,60.0
71451,3422.535356269791,0.99629225489345,60.0
71452,3422.5360507142354,0.9954668751959433,60.0
71453,3422.53674515868,0.9962479457606399,60.0
71454,3422.5374396031243,0.9958433401766166,60.0
71455,3422.5381340475687,0.9963037617042,60.0
71456,3422.538828492013,0.99588930712725,60.0
71457,3422.5395229364576,0.9968366891924499,60.0
71458,3422.540217380902,0.9967657773933,60.0
71459,3422.5409118253465,0.9965443924467534,60.0
71460,3422.541606269791,0.9965778912050601,60.0
71461,3422.5423007142354,0.9965845945170733,60.0
71462,3422.54299515868,0.996190096950675,60.0
71463,3422.543689603124,0.9966256012056367,60.0
71464,3422.5443840475687,0.9973274625508101,60.0
71465,3422.545078492013,0.99600590527669,60.0
71466,3422.5457729364575,0.9953755445491833,60.0
71467,3422.546467380902,0.9956260275355001,60.0
71468,3422.5471618253464,0.9967834154139367,60.0
71469,3422.547856269791,0.9962267244248467,60.0
71470,3422.5485507142353,0.9972925535779334,60.0
71471,3422.5492451586797,0.99646814493526,60.0
71472,3422.549939603124,0.9961797183713132,60.0
71473,3422.5506340475686,0.9960961061654534,60.0
71474,3422.551328492013,0.9964186022319833,60.0
71475,3422.5520229364574,0.9962560418070733,60.0
71476,3422.552717380902,0.9967253409219,60.0
71477,3422.5534118253463,0.9972185737821467,60.0
71478,3422.5541062697907,0.9967301679582067,60.0
71479,3422.554800714235,0.99546592182649,60.0
71480,3422.5554951586796,0.99760151412847,60.0
71481,3422.556189603124,0.9965934208294899,60.0
71482,3422.5568840475685,0.9963608059805199,60.0
71483,3422.557578492013,0.9960824927064834,60.0
71484,3422.5582729364573,0.9968420021233166,60.0
71485,3422.558967380902,0.9956857347585967,60.0
71486,3422.559661825346,0.9959008362356467,60.0
71487,3422.5603562697906,0.9953518098551051,60.0
71488,3422.561050714235,0.9967418615008966,60.0
71489,3422.5617451586795,0.9967679040623799,60.0
71490,3422.562439603124,0.9958327279591467,60.0
71491,3422.5631340475684,0.9957448736019767,60.0
71492,3422.563828492013,0.99588230667124,60.0
71493,3422.5645229364573,0.9964104333452933,60.0
71494,3422.5652173809017,0.9958459517939268,60.0
71495,3422.565911825346,0.9956573409753267,60.0
71496,3422.5666062697906,0.9961119176699832,60.0
71497,3422.567300714235,0.9973587970151433,60.0
71498,3422.5679951586794,0.9959834843818199,60.0
71499,3422.568689603124,0.9964269445618533,60.0
71500,3422.5693840475683,0.99544019486085,60.0
71501,3422.5700784920127,0.9957643536313533,60.0
71502,3422.570772936457,0.99633241072623,60.0
71503,3422.5714673809016,0.9966041662270433,60.0
71504,3422.572161825346,0.9961879515886866,60.0
71505,3422.5728562697905,0.9961789074450067,60.0
71506,3422.573550714235,0.99684457348756,60.0
71507,3422.5742451586793,0.99519129504699,60.0
71508,3422.5749396031238,0.9950025075780834,60.0
71509,3422.575634047568,0.9953621045386033,60.0
71510,3422.5763284920126,0.9952228198821099,60.0
71511,3422.577022936457,0.9965089463937167,60.0
71512,3422.5777173809015,0.9957841556330133,60.0
71513,3422.578411825346,0.99669508754013,60.0
71514,3422.5791062697904,0.9960563512955,60.0
71515,3422.579800714235,0.9961833322185966,60.0
71516,3422.5804951586792,0.9956751051873001,60.0
71517,3422.5811896031237,0.9962059692653567,60.0
71518,3422.581884047568,0.9951795004716733,60.0
71519,3422.5825784920125,0.9955653782590099,60.0
71520,3422.583272936457,0.9953782286277767,60.0
71521,3422.5839673809014,0.9967221981172966,60.0
71522,3422.584661825346,0.9955746854177766,60.0
71523,3422.5853562697903,0.9963450030975567,60.0
71524,3422.5860507142347,0.99631122192983,60.0
71525,3422.586745158679,0.9949736198177,60.0
71526,3422.5874396031236,0.9956580474795632,60.0
71527,3422.588134047568,0.9948371116675833,60.0
71528,3422.5888284920125,0.9964988258536635,60.0
71529,3422.589522936457,0.9954932305079701,60.0
71530,3422.5902173809013,0.9959191205443366,60.0
71531,3422.5909118253458,0.9954596350620933,60.0
71532,3422.59160626979,0.9960231278125732,60.0
71533,3422.5923007142346,0.9962961749067567,60.0
71534,3422.592995158679,0.9958150351551033,60.0
71535,3422.5936896031235,0.995030845324,60.0
71536,3422.594384047568,0.99739377365513,60.0
71537,3422.5950784920124,0.9949031971062067,60.0
71538,3422.595772936457,0.9963958430096232,60.0
71539,3422.5964673809012,0.9950214099946799,60.0
71540,3422.5971618253457,0.9967438309472266,60.0
71541,3422.59785626979,0.99659340228546,60.0
71542,3422.5985507142345,0.9956200285969032,60.0
71543,3422.599245158679,0.9950985082737334,60.0
71544,3422.5999396031234,0.9953028646775399,60.0
71545,3422.600634047568,0.99568255732387,60.0
71546,3422.6013284920123,0.9957553895595433,60.0
71547,3422.6020229364567,0.9955819682138349,60.0
71548,3422.602717380901,0.9962255964497033,60.0
71549,3422.6034118253456,0.9955897333986701,60.0
71550,3422.60410626979,0.9952017186107366,60.0
71551,3422.6048007142344,0.9946777623593399,60.0
71552,3422.605495158679,0.9966094146925233,60.0
71553,3422.6061896031233,0.9958277974736066,60.0
71554,3422.6068840475677,0.9958082756139034,60.0
71555,3422.607578492012,0.9952924374738233,60.0
71556,3422.6082729364566,0.9957435356311667,60.0
71557,3422.608967380901,0.99586122942265,60.0
71558,3422.6096618253455,0.9960485992267,60.0
71559,3422.61035626979,0.99633180835677,60.0
71560,3422.6110507142344,0.9967288046272333,60.0
71561,3422.611745158679,0.9956571742047967,60.0
71562,3422.612439603123,0.9952721987238267,60.0
71563,3422.6131340475677,0.9962032282904767,60.0
71564,3422.613828492012,0.9964640457735033,60.0
71565,3422.6145229364565,0.9953854883675634,60.0
71566,3422.615217380901,0.99568438748459,60.0
71567,3422.6159118253454,0.9952893280447066,60.0
71568,3422.61660626979,0.9958136484541468,60.0
71569,3422.6173007142343,0.9965882639777767,60.0
71570,3422.6179951586787,0.9966003268996634,60.0
71571,3422.618689603123,0.99585919171101,60.0
71572,3422.6193840475676,0.9963903121426699,60.0
71573,3422.620078492012,0.9953375426637866,60.0
71574,3422.6207729364564,0.9952013013069166,60.0
71575,3422.621467380901,0.9955810111965934,60.0
71576,3422.6221618253453,0.9952508391869399,60.0
71577,3422.6228562697897,0.9967113118319867,60.0
71578,3422.623550714234,0.99629360920071,60.0
71579,3422.6242451586786,0.9957185506301567,60.0
71580,3422.624939603123,0.9962714708342433,60.0
71581,3422.6256340475675,0.9963383754962001,60.0
71582,3422.626328492012,0.9960586152187867,60.0
71583,3422.6270229364563,0.99547913884893,60.0
71584,3422.627717380901,0.9959356196445633,60.0
71585,3422.628411825345,0.99614855109447,60.0
71586,3422.6291062697896,0.99471731109678,60.0
71587,3422.629800714234,0.99560723046088,60.0
71588,3422.6304951586785,0.9953078528595466,60.0
71589,3422.631189603123,0.9961570541130067,60.0
71590,3422.6318840475674,0.9956336062497034,60.0
71591,3422.632578492012,0.9959749581829899,60.0
71592,3422.6332729364563,0.9957718324349499,60.0
71593,3422.6339673809007,0.9954503720805433,60.0
71594,3422.634661825345,0.9950496661118334,60.0
71595,3422.6353562697896,0.9949917962398233,60.0
71596,3422.636050714234,0.9954537169835934,60.0
71597,3422.6367451586784,0.99515643985068,60.0
71598,3422.637439603123,0.9952016172577434,60.0
71599,3422.6381340475673,0.9960215550648633,60.0
71600,3422.6388284920117,0.9950438167858966,60.0
71601,3422.639522936456,0.9947385374619401,60.0
71602,3422.6402173809006,0.9953059857246865,60.0
71603,3422.640911825345,0.9954442212189433,60.0
71604,3422.6416062697895,0.99572370564967,60.0
71605,3422.642300714234,0.9952744927078768,60.0
71606,3422.6429951586783,0.9959859933777833,60.0
71607,3422.6436896031228,0.9960934701471467,60.0
71608,3422.644384047567,0.99485597219912,60.0
71609,3422.6450784920116,0.99583345289002,60.0
71610,3422.645772936456,0.9953287091270666,60.0
71611,3422.6464673809005,0.9957894267725734,60.0
71612,3422.647161825345,0.99606702278693,60.0
71613,3422.6478562697894,0.99597560118216,60.0
71614,3422.648550714234,0.9953253458880967,60.0
71615,3422.6492451586782,0.9962905520300934,60.0
71616,3422.6499396031227,0.9951245522899234,60.0
71617,3422.650634047567,0.9954519299280365,60.0
71618,3422.6513284920115,0.9953925734252499,60.0
71619,3422.652022936456,0.9953954256501533,60.0
71620,3422.6527173809004,0.9953631832051366,60.0
71621,3422.653411825345,0.99462375305685,60.0
71622,3422.6541062697893,0.9952315909641101,60.0
71623,3422.6548007142337,0.9947504439834667,60.0
71624,3422.655495158678,0.9956663588002667,60.0
71625,3422.6561896031226,0.9951844096001801,60.0
71626,3422.656884047567,0.9950139007626267,60.0
71627,3422.6575784920115,0.9952827101909101,60.0
71628,3422.658272936456,0.9952148595690135,60.0
71629,3422.6589673809003,0.9952512947404201,60.0
71630,3422.6596618253448,0.9953042900285434,60.0
71631,3422.660356269789,0.9950866544687801,60.0
71632,3422.6610507142336,0.9960038342232167,60.0
71633,3422.661745158678,0.9952656975575366,60.0
71634,3422.6624396031225,0.9949529635573132,60.0
71635,3422.663134047567,0.9957507467385968,60.0
71636,3422.6638284920114,0.9946133009572734,60.0
71637,3422.664522936456,0.9951666516261634,60.0
71638,3422.6652173809002,0.9955441500612366,60.0
71639,3422.6659118253447,0.9948762693458333,60.0
71640,3422.666606269789,0.9950073724051532,60.0
71641,3422.6673007142335,0.9959117884697867,60.0
71642,3422.667995158678,0.9948194706085066,60.0
71643,3422.6686896031224,0.9955217071222567,60.0
71644,3422.669384047567,0.9951072019383133,60.0
71645,3422.6700784920113,0.9956318997580033,60.0
71646,3422.6707729364557,0.9952454307322934,60.0
71647,3422.6714673809,0.9950142736882434,60.0
71648,3422.6721618253446,0.9958767956153333,60.0
71649,3422.672856269789,0.9947723443096367,60.0
71650,3422.6735507142334,0.9945873473373267,60.0
71651,3422.674245158678,0.9962216129427234,60.0
71652,3422.6749396031223,0.9951200804919801,60.0
71653,3422.6756340475667,0.9954771259781633,60.0
71654,3422.676328492011,0.9951408463446666,60.0
71655,3422.6770229364556,0.9950819592782066,60.0
71656,3422.6777173809,0.99578627144221,60.0
71657,3422.6784118253445,0.9949603908508333,60.0
71658,3422.679106269789,0.9950811573949733,60.0
71659,3422.6798007142334,0.9958470135558234,60.0
71660,3422.680495158678,0.9952157185402067,60.0
71661,3422.681189603122,0.9950091605839967,60.0
71662,3422.6818840475667,0.9956526388061433,60.0
71663,3422.682578492011,0.9955572888318334,60.0
71664,3422.6832729364555,0.99428490766011,60.0
71665,3422.6839673809,0.994745433284555,60.0
71666,3422.6846618253444,0.9964983487436901,60.0
71667,3422.685356269789,0.9956535394857032,60.0
71668,3422.6860507142333,0.9948841742443001,60.0
71669,3422.6867451586777,0.9950680049409101,60.0
71670,3422.687439603122,0.9948780647268967,60.0
71671,3422.6881340475666,0.9955250640244334,60.0
71672,3422.688828492011,0.9955018235508101,60.0
71673,3422.6895229364554,0.99509592033937,60.0
71674,3422.6902173809,0.9949983584246832,60.0
71675,3422.6909118253443,0.9955474438169233,60.0
71676,3422.6916062697887,0.9950969848416701,60.0
71677,3422.692300714233,0.9957481394220133,60.0
71678,3422.6929951586776,0.9947521644377834,60.0
71679,3422.693689603122,0.99427328327344,60.0
71680,3422.6943840475665,0.9946384515038833,60.0
71681,3422.695078492011,0.99546452448477,60.0
71682,3422.6957729364553,0.99647265924022,60.0
71683,3422.6964673809,0.9955795036760867,60.0
71684,3422.697161825344,0.9957498986370333,60.0
71685,3422.6978562697886,0.99496874068168,60.0
71686,3422.698550714233,0.995672099441075,60.0
71687,3422.6992451586775,0.9950501072305967,60.0
71688,3422.699939603122,0.99412846247292,60.0
71689,3422.7006340475664,0.9947240709686266,60.0
71690,3422.701328492011,0.9956948637889433,60.0
71691,3422.7020229364553,0.9936497517588266,60.0
71692,3422.7027173808997,0.9941709467415967,60.0
71693,3422.703411825344,0.9961201988913766,60.0
71694,3422.7041062697886,0.9961648020392934,60.0
71695,3422.704800714233,0.9952660680180734,60.0
71696,3422.7054951586774,0.9956018153517201,60.0
71697,3422.706189603122,0.9945413748663766,60.0
71698,3422.7068840475663,0.9952419074078701,60.0
71699,3422.7075784920107,0.994634716656585,60.0
71700,3422.708272936455,0.9952860070064234,60.0
71701,3422.7089673808996,0.9951265320089101,60.0
71702,3422.709661825344,0.99550963247211,60.0
71703,3422.7103562697885,0.9955009669592068,60.0
71704,3422.711050714233,0.9952344462978666,60.0
71705,3422.7117451586773,0.9952282635528066,60.0
71706,3422.7124396031218,0.9949182183201867,60.0
71707,3422.713134047566,0.99559448331118,60.0
71708,3422.7138284920106,0.9955328310206534,60.0
71709,3422.714522936455,0.9960403267442133,60.0
71710,3422.7152173808995,0.9952332892082033,60.0
71711,3422.715911825344,0.9948863756020999,60.0
71712,3422.7166062697884,0.9950323719486067,60.0
71713,3422.717300714233,0.9955966037555001,60.0
71714,3422.7179951586772,0.9950385385855,60.0
71715,3422.7186896031217,0.9951728968763867,60.0
71716,3422.719384047566,0.99552237227799,60.0
71717,3422.7200784920105,0.9948627580673867,60.0
71718,3422.720772936455,0.99466421595498,60.0
71719,3422.7214673808994,0.9951217577157232,60.0
71720,3422.722161825344,0.9940953921154333,60.0
71721,3422.7228562697883,0.9948748331799434,60.0
71722,3422.7235507142327,0.9948611458433967,60.0
71723,3422.724245158677,0.9947833231733166,60.0
71724,3422.7249396031216,0.9957305177141967,60.0
71725,3422.725634047566,0.9952259300374067,60.0
71726,3422.7263284920105,0.9943938899917066,60.0
71727,3422.727022936455,0.9946439150099934,60.0
71728,3422.7277173808993,0.9948146998595099,60.0
71729,3422.7284118253438,0.9957698820231368,60.0
71730,3422.729106269788,0.9956232816646834,60.0
71731,3422.7298007142326,0.9948729612707333,60.0
71732,3422.730495158677,0.99516897612287,60.0
71733,3422.7311896031215,0.9952651040238033,60.0
71734,3422.731884047566,0.9939509616517866,60.0
71735,3422.7325784920104,0.9958484404254868,60.0
71736,3422.733272936455,0.9956313885831799,60.0
71737,3422.7339673808992,0.9948548832139433,60.0
71738,3422.7346618253437,0.99454343842829,60.0
71739,3422.735356269788,0.9951425231890033,60.0
71740,3422.7360507142325,0.99502180621029,60.0
71741,3422.736745158677,0.9954677847823433,60.0
71742,3422.7374396031214,0.9952318157731567,60.0
71743,3422.738134047566,0.9945741245194301,60.0
71744,3422.7388284920103,0.9952172064056101,60.0
71745,3422.7395229364547,0.99468654349013,60.0
71746,3422.740217380899,0.9946994004845567,60.0
71747,3422.7409118253436,0.9940921861046901,60.0
71748,3422.741606269788,0.9957834954409067,60.0
71749,3422.7423007142324,0.99585867082914,60.0
71750,3422.742995158677,0.99544088652204,60.0
71751,3422.7436896031213,0.9943500590048698,60.0
71752,3422.7443840475657,0.99612463957519,60.0
71753,3422.74507849201,0.9937972016651967,60.0
71754,3422.7457729364546,0.99494768783937,60.0
71755,3422.746467380899,0.9956009662018567,60.0
71756,3422.7471618253435,0.9942562183882101,60.0
71757,3422.747856269788,0.9948728686649133,60.0
71758,3422.7485507142324,0.99471036509944,60.0
71759,3422.749245158677,0.9947503857894567,60.0
71760,3422.749939603121,0.9948473727453434,60.0
71761,3422.7506340475657,0.99421452396041,60.0
71762,3422.75132849201,0.9952416767437801,60.0
71763,3422.7520229364545,0.9950473602364202,60.0
71764,3422.752717380899,0.99515131959601,60.0
71765,3422.7534118253434,0.9947955828237,60.0
71766,3422.754106269788,0.9946214589185901,60.0
71767,3422.7548007142323,0.9946742826498333,60.0
71768,3422.7554951586767,0.99518669314142,60.0
71769,3422.756189603121,0.9948890710582367,60.0
71770,3422.7568840475656,0.9952031107738101,60.0
71771,3422.75757849201,0.9946331004375599,60.0
71772,3422.7582729364544,0.9947661967172899,60.0
71773,3422.758967380899,0.9954845185150433,60.0
71774,3422.7596618253433,0.9946227310787368,60.0
71775,3422.7603562697877,0.9947182198066734,60.0
71776,3422.761050714232,0.9951293646674199,60.0
71777,3422.7617451586766,0.9944844236950733,60.0
71778,3422.762439603121,0.9951922903795101,60.0
71779,3422.7631340475655,0.9954048471843767,60.0
71780,3422.76382849201,0.9945645727951934,60.0
71781,3422.7645229364543,0.9955457892107468,60.0
71782,3422.765217380899,0.9949840409814766,60.0
71783,3422.765911825343,0.9947449073119566,60.0
71784,3422.7666062697876,0.9943639006442999,60.0
71785,3422.767300714232,0.9951956147722734,60.0
71786,3422.7679951586765,0.9949090374810766,60.0
71787,3422.768689603121,0.99458834261986,60.0
71788,3422.7693840475654,0.9947095526294066,60.0
71789,3422.77007849201,0.9946634945278365,60.0
71790,3422.7707729364543,0.99480790258389,60.0
71791,3422.7714673808987,0.9940117684323434,60.0
71792,3422.772161825343,0.99457047482557,60.0
71793,3422.7728562697876,0.9948550676537901,60.0
71794,3422.773550714232,0.99454543750075,60.0
71795,3422.7742451586764,0.9940890062351166,60.0
71796,3422.774939603121,0.9948670799106734,60.0
71797,3422.7756340475653,0.9946041197389266,60.0
71798,3422.7763284920097,0.9952595679206699,60.0
71799,3422.777022936454,0.9942789514818967,60.0
71800,3422.7777173808986,0.9942010139901267,60.0
71801,3422.778411825343,0.9951402675740534,60.0
71802,3422.7791062697875,0.9948834440866966,60.0
71803,3422.779800714232,0.9943158127190234,60.0
71804,3422.7804951586763,0.99471855737607,60.0
71805,3422.7811896031208,0.9945671153256166,60.0
71806,3422.781884047565,0.9944107376524434,60.0
71807,3422.7825784920096,0.9956641394266234,60.0
71808,3422.783272936454,0.9949472410465967,60.0
71809,3422.7839673808985,0.9946557104326833,60.0
71810,3422.784661825343,0.9940927599737134,60.0
71811,3422.7853562697874,0.99584101585007,60.0
71812,3422.786050714232,0.994230534456555,60.0
71813,3422.7867451586762,0.99420154958625,60.0
71814,3422.7874396031207,0.9951187533330734,60.0
71815,3422.788134047565,0.9949837280413499,60.0
71816,3422.7888284920095,0.9939783649335766,60.0
71817,3422.789522936454,0.9947233278426465,60.0
71818,3422.7902173808984,0.9947373027808201,60.0
71819,3422.790911825343,0.9952784017162332,60.0
71820,3422.7916062697873,0.99467406434989,60.0
71821,3422.7923007142317,0.9944768921810733,60.0
71822,3422.792995158676,0.9945796179577733,60.0
71823,3422.7936896031206,0.99572717145047,60.0
71824,3422.794384047565,0.9949697622619866,60.0
71825,3422.7950784920095,0.9956168397306233,60.0
71826,3422.795772936454,0.9951037736227634,60.0
71827,3422.7964673808983,0.9946185094131099,60.0
71828,3422.7971618253428,0.9946923406984167,60.0
71829,3422.797856269787,0.99480191162683,60.0
71830,3422.7985507142316,0.9937426272113767,60.0
71831,3422.799245158676,0.9952092674214367,60.0
71832,3422.7999396031205,0.9949833827958933,60.0
71833,3422.800634047565,0.9938750168569234,60.0
71834,3422.8013284920094,0.9946201508938634,60.0
71835,3422.802022936454,0.9951031408750133,60.0
71836,3422.8027173808982,0.9948052597369299,60.0
71837,3422.8034118253427,0.9942633294107335,60.0
71838,3422.804106269787,0.9951097794648834,60.0
71839,3422.8048007142315,0.9936058785822768,60.0
71840,3422.805495158676,0.9943701817671133,60.0
71841,3422.8061896031204,0.9949787321362867,60.0
71842,3422.806884047565,0.9953350785501733,60.0
71843,3422.8075784920093,0.99510113142797,60.0
71844,3422.8082729364537,0.9955357045571299,60.0
71845,3422.808967380898,0.9943973428792999,60.0
71846,3422.8096618253426,0.9958356858321133,60.0
71847,3422.810356269787,0.9945942440759,60.0
71848,3422.8110507142314,0.9944017281687666,60.0
71849,3422.811745158676,0.9948938089619866,60.0
71850,3422.8124396031203,0.9944814246005566,60.0
71851,3422.8131340475647,0.99462480439223,60.0
71852,3422.813828492009,0.9942873307477633,60.0
71853,3422.8145229364536,0.9948115974349999,60.0
71854,3422.815217380898,0.99406758132215,60.0
71855,3422.8159118253425,0.9953564391337401,60.0
71856,3422.816606269787,0.9941891208001,60.0
71857,3422.8173007142314,0.9943680307231633,60.0
71858,3422.817995158676,0.9932147493112534,60.0
71859,3422.81868960312,0.9945181431597533,60.0
71860,3422.8193840475647,0.99402831867861,60.0
71861,3422.820078492009,0.99434867050906,60.0
71862,3422.8207729364535,0.9938928218457933,60.0
71863,3422.821467380898,0.9937593884433467,60.0
71864,3422.8221618253424,0.9931527164177334,60.0
71865,3422.822856269787,0.99443455346776,60.0
71866,3422.8235507142313,0.9945785092111766,60.0
71867,3422.8242451586757,0.99428456114117,60.0
71868,3422.82493960312,0.9944289332318167,60.0
71869,3422.8256340475646,0.9938612277295299,60.0
71870,3422.826328492009,0.99396275292216,60.0
71871,3422.8270229364534,0.9942402653830668,60.0
71872,3422.827717380898,0.9943887567469,60.0
71873,3422.8284118253423,0.9940193321084033,60.0
71874,3422.8291062697867,0.9937150266639967,60.0
71875,3422.829800714231,0.99441857333071,60.0
71876,3422.8304951586756,0.9948750855018135,60.0
71877,3422.83118960312,0.9942226844841734,60.0
71878,3422.8318840475645,0.9937861184227,60.0
71879,3422.832578492009,0.9942671844183967,60.0
71880,3422.8332729364533,0.9937135446600034,60.0
71881,3422.833967380898,0.9939741884773033,60.0
71882,3422.834661825342,0.9950957861766767,60.0
71883,3422.8353562697866,0.99499510511166,60.0
71884,3422.836050714231,0.9943523438603833,60.0
71885,3422.8367451586755,0.9937411955743932,60.0
71886,3422.83743960312,0.9935625258457766,60.0
71887,3422.8381340475644,0.9941269275585167,60.0
71888,3422.838828492009,0.9945418786491166,60.0
71889,3422.8395229364532,0.9940597100479968,60.0
71890,3422.8402173808977,0.9938169406310634,60.0
71891,3422.840911825342,0.9946069612550467,60.0
71892,3422.8416062697866,0.9936736298316301,60.0
71893,3422.842300714231,0.99319507945002,60.0
71894,3422.8429951586754,0.9948273442532366,60.0
71895,3422.84368960312,0.99458203133575,60.0
71896,3422.8443840475643,0.9951972494023966,60.0
71897,3422.8450784920087,0.9945326748403035,60.0
71898,3422.845772936453,0.9935871329166099,60.0
71899,3422.8464673808976,0.9937744598813967,60.0
71900,3422.847161825342,0.9950269914526766,60.0
71901,3422.8478562697865,0.9937266939544167,60.0
71902,3422.848550714231,0.99417230785703,60.0
71903,3422.8492451586753,0.9946691198577867,60.0
71904,3422.8499396031198,0.9941042737718733,60.0
71905,3422.850634047564,0.9941781767408967,60.0
71906,3422.8513284920086,0.9936965908853567,60.0
71907,3422.852022936453,0.9937724585207667,60.0
71908,3422.8527173808975,0.9945733826087634,60.0
71909,3422.853411825342,0.9946857823147001,60.0
71910,3422.8541062697864,0.99458854046695,60.0
71911,3422.854800714231,0.99514721503986,60.0
71912,3422.8554951586752,0.9935448380382667,60.0
71913,3422.8561896031197,0.9941490854429,60.0
71914,3422.856884047564,0.9945370396535133,60.0
71915,3422.8575784920085,0.9963563336065,60.0
71916,3422.858272936453,0.99454095712851,60.0
71917,3422.8589673808974,0.9935452425114133,60.0
71918,3422.859661825342,0.9931354213254101,60.0
71919,3422.8603562697863,0.99317124379742,60.0
71920,3422.8610507142307,0.99386113711572,60.0
71921,3422.861745158675,0.99374055741447,60.0
71922,3422.8624396031196,0.9936941971450634,60.0
71923,3422.863134047564,0.9942928949234301,60.0
71924,3422.8638284920085,0.994017720966395,60.0
71925,3422.864522936453,0.9951518351600533,60.0
71926,3422.8652173808973,0.9940055128109565,60.0
71927,3422.8659118253418,0.9932228851670466,60.0
71928,3422.866606269786,0.9934452908486033,60.0
71929,3422.8673007142306,0.9940934143921533,60.0
71930,3422.867995158675,0.9940778707963833,60.0
71931,3422.8686896031195,0.9934209812477167,60.0
71932,3422.869384047564,0.993907684120005,60.0
71933,3422.8700784920084,0.9943731308382934,60.0
71934,3422.870772936453,0.9952696232395799,60.0
71935,3422.8714673808972,0.99446948419779,60.0
71936,3422.8721618253417,0.9950757020967801,60.0
71937,3422.872856269786,0.9942538479798201,60.0
71938,3422.8735507142305,0.99254581185623,60.0
71939,3422.874245158675,0.9941725886078966,60.0
71940,3422.8749396031194,0.99334275500069,60.0
71941,3422.875634047564,0.99453501230106,60.0
71942,3422.8763284920083,0.9935966257078733,60.0
71943,3422.8770229364527,0.9941866405111001,60.0
71944,3422.877717380897,0.9947615767840267,60.0
71945,3422.8784118253416,0.9939844391637433,60.0
71946,3422.879106269786,0.9941177589637368,60.0
71947,3422.8798007142304,0.9934258374162334,60.0
71948,3422.880495158675,0.99399159614325,60.0
71949,3422.8811896031193,0.9942137463387867,60.0
71950,3422.8818840475637,0.9935381605011466,60.0
71951,3422.882578492008,0.9948228822229467,60.0
71952,3422.8832729364526,0.9941994131213466,60.0
71953,3422.883967380897,0.9936316377049801,60.0
71954,3422.8846618253415,0.9946688776478334,60.0
71955,3422.885356269786,0.99394865160653,60.0
71956,3422.8860507142304,0.9937312449878467,60.0
71957,3422.886745158675,0.9946219037728766,60.0
71958,3422.887439603119,0.9938471152287467,60.0
71959,3422.8881340475637,0.9939072576285034,60.0
71960,3422.888828492008,0.9928913756381367,60.0
71961,3422.8895229364525,0.9944284546358501,60.0
71962,3422.890217380897,0.9938358428805533,60.0
71963,3422.8909118253414,0.9931927751730699,60.0
71964,3422.891606269786,0.9933246494665301,60.0
71965,3422.8923007142303,0.9948195197596367,60.0
71966,3422.8929951586747,0.9943531077999533,60.0
71967,3422.893689603119,0.9944544820044667,60.0
71968,3422.8943840475636,0.9937111972724434,60.0
71969,3422.895078492008,0.99305344369276,60.0
71970,3422.8957729364524,0.9938707992877567,60.0
71971,3422.896467380897,0.994413703497225,60.0
71972,3422.8971618253413,0.9936782191740466,60.0
71973,3422.8978562697857,0.99505619335846,60.0
71974,3422.89855071423,0.9934555294375501,60.0
71975,3422.8992451586746,0.9941194362490299,60.0
71976,3422.899939603119,0.99428332835611,60.0
71977,3422.9006340475635,0.99355436778478,60.0
71978,3422.901328492008,0.99329799958175,60.0
71979,3422.9020229364523,0.9944732769639432,60.0
71980,3422.902717380897,0.9939206355960266,60.0
71981,3422.903411825341,0.9946516931376067,60.0
71982,3422.9041062697856,0.9936078530657201,60.0
71983,3422.90480071423,0.9937898897214467,60.0
71984,3422.9054951586745,0.99342793512253,60.0
71985,3422.906189603119,0.9936937849996733,60.0
71986,3422.9068840475634,0.99498239165883,60.0
71987,3422.907578492008,0.9939105858718368,60.0
71988,3422.9082729364522,0.99327948742609,60.0
71989,3422.9089673808967,0.99467290208562,60.0
71990,3422.909661825341,0.9943998365879932,60.0
71991,3422.9103562697856,0.9923622629350201,60.0
71992,3422.91105071423,0.9932537633448301,60.0
71993,3422.9117451586744,0.9938716023791834,60.0
71994,3422.912439603119,0.99315947393819,60.0
71995,3422.9131340475633,0.9942437925829966,60.0
71996,3422.9138284920077,0.9950139708084066,60.0
71997,3422.914522936452,0.9939031775631699,60.0
71998,3422.9152173808966,0.9946762996617967,60.0
71999,3422.915911825341,0.99410700705898,60.0
72000,3422.9166062697855,0.9937386795248099,60.0
72001,3422.91730071423,0.99424172019682,60.0
72002,3422.9179951586743,0.9937971526338033,60.0
72003,3422.9186896031188,0.9935781766444668,60.0
72004,3422.919384047563,0.9945631859676101,60.0
72005,3422.9200784920076,0.9939377997657198,60.0
72006,3422.920772936452,0.9939860177922366,60.0
72007,3422.9214673808965,0.9938673263012433,60.0
72008,3422.922161825341,0.9946532325096568,60.0
72009,3422.9228562697854,0.9932725683913667,60.0
72010,3422.92355071423,0.9949896047761401,60.0
72011,3422.9242451586742,0.9933081971457033,60.0
72012,3422.9249396031187,0.9935720767083968,60.0
72013,3422.925634047563,0.9929664642950199,60.0
72014,3422.9263284920075,0.9934498669467468,60.0
72015,3422.927022936452,0.9946775861195466,60.0
72016,3422.9277173808964,0.9932227710128666,60.0
72017,3422.928411825341,0.9936733401163833,60.0
72018,3422.9291062697853,0.99393003386277,60.0
72019,3422.9298007142297,0.99389309720131,60.0
72020,3422.930495158674,0.9935311013553068,60.0
72021,3422.9311896031186,0.9945018074951933,60.0
72022,3422.931884047563,0.99425379549006,60.0
72023,3422.9325784920075,0.99386341801014,60.0
72024,3422.933272936452,0.99290106066539,60.0
72025,3422.9339673808963,0.9938099456267167,60.0
72026,3422.9346618253408,0.9939398185933367,60.0
72027,3422.935356269785,0.99286429704499,60.0
72028,3422.9360507142296,0.9936039376469034,60.0
72029,3422.936745158674,0.9934778085845933,60.0
72030,3422.9374396031185,0.9941300652853066,60.0
72031,3422.938134047563,0.9940804797127001,60.0
72032,3422.9388284920074,0.9942859840231266,60.0
72033,3422.939522936452,0.9939028856254167,60.0
72034,3422.9402173808962,0.9939664516056267,60.0
72035,3422.9409118253407,0.9935084645700166,60.0
72036,3422.941606269785,0.9939942856659566,60.0
72037,3422.9423007142295,0.9935273655207401,60.0
72038,3422.942995158674,0.99332491844147,60.0
72039,3422.9436896031184,0.99355423343297,60.0
72040,3422.944384047563,0.9934704003305433,60.0
72041,3422.9450784920073,0.9939222366715067,60.0
72042,3422.9457729364517,0.9941845522250601,60.0
72043,3422.946467380896,0.9929078155875098,60.0
72044,3422.9471618253406,0.9942366137260533,60.0
72045,3422.947856269785,0.99382965430764,60.0
72046,3422.9485507142294,0.9936456241223134,60.0
72047,3422.949245158674,0.9946849499819633,60.0
72048,3422.9499396031183,0.9940595726247201,60.0
72049,3422.9506340475627,0.9930488223885866,60.0
72050,3422.951328492007,0.9929928344280566,60.0
72051,3422.9520229364516,0.9937799941338866,60.0
72052,3422.952717380896,0.9938987775512768,60.0
72053,3422.9534118253405,0.9941828502594902,60.0
72054,3422.954106269785,0.99425784784499,60.0
72055,3422.9548007142293,0.9937781691726433,60.0
72056,3422.955495158674,0.99349305379914,60.0
72057,3422.956189603118,0.993690833688715,60.0
72058,3422.9568840475627,0.9936283496089366,60.0
72059,3422.957578492007,0.9928334902286101,60.0
72060,3422.9582729364515,0.9938801265812899,60.0
72061,3422.958967380896,0.9934888530200267,60.0
72062,3422.9596618253404,0.9933699838060367,60.0
72063,3422.960356269785,0.9929631235463533,60.0
72064,3422.9610507142293,0.9932061459370566,60.0
72065,3422.9617451586737,0.9937981293485166,60.0
72066,3422.962439603118,0.9936975197674234,60.0
72067,3422.9631340475626,0.9932745031504165,60.0
72068,3422.963828492007,0.9939184582218132,60.0
72069,3422.9645229364514,0.99380402418583,60.0
72070,3422.965217380896,0.9930559074230366,60.0
72071,3422.9659118253403,0.9933538190077634,60.0
72072,3422.9666062697847,0.9935976074230033,60.0
72073,3422.967300714229,0.99397242851518,60.0
72074,3422.9679951586736,0.99483222745915,60.0
72075,3422.968689603118,0.9941811030051699,60.0
72076,3422.9693840475625,0.9946642485369633,60.0
72077,3422.970078492007,0.99477593232564,60.0
72078,3422.9707729364513,0.9943529269538166,60.0
72079,3422.971467380896,0.9936431400389766,60.0
72080,3422.97216182534,0.9934889923304301,60.0
72081,3422.9728562697846,0.995454816583675,60.0
72082,3422.973550714229,0.9941562289693966,60.0
72083,3422.9742451586735,0.9932262430240835,60.0
72084,3422.974939603118,0.99385859369333,60.0
72085,3422.9756340475624,0.9929612632073832,60.0
72086,3422.976328492007,0.9941194127952033,60.0
72087,3422.9770229364512,0.99341197392007,60.0
72088,3422.9777173808957,0.9932653361073932,60.0
72089,3422.97841182534,0.9928910329795033,60.0
72090,3422.9791062697846,0.9929520659055099,60.0
72091,3422.979800714229,0.9937626940260232,60.0
72092,3422.9804951586734,0.9926232118817166,60.0
72093,3422.981189603118,0.9935572174789599,60.0
72094,3422.9818840475623,0.9939810510294866,60.0
72095,3422.9825784920067,0.9938266376636032,60.0
72096,3422.983272936451,0.9933976046933366,60.0
72097,3422.9839673808956,0.993970448999715,60.0
72098,3422.98466182534,0.9939752912114868,60.0
72099,3422.9853562697845,0.9927424331146968,60.0
72100,3422.986050714229,0.9938660330444934,60.0
72101,3422.9867451586733,0.9938182312560166,60.0
72102,3422.9874396031178,0.9938528067769866,60.0
72103,3422.988134047562,0.99370184455939,60.0
72104,3422.9888284920066,0.9929361528070567,60.0
72105,3422.989522936451,0.9937999085408533,60.0
72106,3422.9902173808955,0.9942102116706667,60.0
72107,3422.99091182534,0.9932911208676133,60.0
72108,3422.9916062697844,0.993310791842885,60.0
72109,3422.992300714229,0.9924029139768799,60.0
72110,3422.9929951586732,0.9941958817711568,60.0
72111,3422.9936896031177,0.9935693130214167,60.0
72112,3422.994384047562,0.9928845274540734,60.0
72113,3422.9950784920065,0.9941405137397599,60.0
72114,3422.995772936451,0.9934645104610967,60.0
72115,3422.9964673808954,0.9934180657288967,60.0
72116,3422.99716182534,0.9928110190469667,60.0
72117,3422.9978562697843,0.9937287449195399,60.0
72118,3422.9985507142287,0.9933015458028199,60.0
72119,3422.999245158673,0.9933274139957999,60.0
72120,3422.9999396031176,0.9932137656367134,60.0
72121,3423.000634047562,0.9929839826388068,60.0
72122,3423.0013284920065,0.9940817088813767,60.0
72123,3423.002022936451,0.9934260676617533,60.0
72124,3423.0027173808953,0.9934842963488667,60.0
72125,3423.0034118253398,0.99375286868258,60.0
72126,3423.004106269784,0.9915267593246501,60.0
72127,3423.0048007142286,0.9931601248485166,60.0
72128,3423.005495158673,0.9928631457248733,60.0
72129,3423.0061896031175,0.9924946334932168,60.0
72130,3423.006884047562,0.9926286583183267,60.0
72131,3423.0075784920064,0.9931117817290432,60.0
72132,3423.008272936451,0.9934314076245165,60.0
72133,3423.0089673808952,0.9926795615162867,60.0
72134,3423.0096618253397,0.99257745399687,60.0
72135,3423.010356269784,0.9942465237302632,60.0
72136,3423.0110507142285,0.99258315167872,60.0
72137,3423.011745158673,0.9937242247657899,60.0
72138,3423.0124396031174,0.9925402453934199,60.0
72139,3423.013134047562,0.9934255962930267,60.0
72140,3423.0138284920063,0.9924742670938235,60.0
72141,3423.0145229364507,0.9929149279937833,60.0
72142,3423.015217380895,0.9935957277935668,60.0
72143,3423.0159118253396,0.99275810917724,60.0
72144,3423.016606269784,0.9939922041366968,60.0
72145,3423.0173007142284,0.99276521550797,60.0
72146,3423.017995158673,0.99360969382061,60.0
72147,3423.0186896031173,0.9941009951178367,60.0
72148,3423.0193840475617,0.9938869899577166,60.0
72149,3423.020078492006,0.9931021577017635,60.0
72150,3423.0207729364506,0.9936020118640068,60.0
72151,3423.021467380895,0.9948307666480201,60.0
72152,3423.0221618253395,0.99448632900781,60.0
72153,3423.022856269784,0.9942152296055933,60.0
72154,3423.0235507142283,0.99341005695735,60.0
72155,3423.024245158673,0.9922458299090801,60.0
72156,3423.024939603117,0.9930528816223033,60.0
72157,3423.0256340475617,0.9927226232129533,60.0
72158,3423.026328492006,0.99375071213796,60.0
72159,3423.0270229364505,0.9931832303130034,60.0
72160,3423.027717380895,0.99335313861026,60.0
72161,3423.0284118253394,0.9931454570807633,60.0
72162,3423.029106269784,0.9929620688267266,60.0
72163,3423.0298007142283,0.9929706315691766,60.0
72164,3423.0304951586727,0.99361722499774,60.0
72165,3423.031189603117,0.9935709823158166,60.0
72166,3423.0318840475616,0.9932573831245399,60.0
72167,3423.032578492006,0.9929073569645733,60.0
72168,3423.0332729364504,0.99291444492021,60.0
72169,3423.033967380895,0.9926554235568866,60.0
72170,3423.0346618253393,0.9931209519654768,60.0
72171,3423.0353562697837,0.9929457719571166,60.0
72172,3423.036050714228,0.9929149558679634,60.0
72173,3423.0367451586726,0.9922873590148833,60.0
72174,3423.037439603117,0.9928592533121333,60.0
72175,3423.0381340475615,0.9934179059774634,60.0
72176,3423.038828492006,0.9934072555435733,60.0
72177,3423.0395229364503,0.9935935078054433,60.0
72178,3423.040217380895,0.9927913443608833,60.0
72179,3423.040911825339,0.9943161694572,60.0
72180,3423.0416062697836,0.9924913578526366,60.0
72181,3423.042300714228,0.9923591885569399,60.0
72182,3423.0429951586725,0.9927336806851833,60.0
72183,3423.043689603117,0.99283445937125,60.0
72184,3423.0443840475614,0.9938417531238567,60.0
72185,3423.045078492006,0.9941103227548534,60.0
72186,3423.0457729364502,0.99277401670826,60.0
72187,3423.0464673808947,0.9922957207431766,60.0
72188,3423.047161825339,0.9922354850750833,60.0
72189,3423.0478562697836,0.9941331718871433,60.0
72190,3423.048550714228,0.99333755812779,60.0
72191,3423.0492451586724,0.9926549019110232,60.0
72192,3423.049939603117,0.99331182075678,60.0
72193,3423.0506340475613,0.9935777872333267,60.0
72194,3423.0513284920057,0.9918233121159634,60.0
72195,3423.05202293645,0.9932555246832333,60.0
72196,3423.0527173808946,0.9925262290877966,60.0
72197,3423.053411825339,0.9923113876813433,60.0
72198,3423.0541062697835,0.9935550788316433,60.0
72199,3423.054800714228,0.9935008838058733,60.0
72200,3423.0554951586723,0.9937687281661433,60.0
72201,3423.0561896031168,0.9927790711936101,60.0
72202,3423.056884047561,0.99271547023964,60.0
72203,3423.0575784920056,0.9939247548714,60.0
72204,3423.05827293645,0.9941053845637068,60.0
72205,3423.0589673808945,0.99254288568299,60.0
72206,3423.059661825339,0.9922495039161,60.0
72207,3423.0603562697834,0.9930441636867035,60.0
72208,3423.061050714228,0.99294593472704,60.0
72209,3423.0617451586722,0.99225331377681,60.0
72210,3423.0624396031167,0.9924921932290599,60.0
72211,3423.063134047561,0.9928049966730067,60.0
72212,3423.0638284920055,0.9927164822389499,60.0
72213,3423.06452293645,0.9934366894073733,60.0
72214,3423.0652173808944,0.9935583955164433,60.0
72215,3423.065911825339,0.99310498967981,60.0
72216,3423.0666062697833,0.99306905860509,60.0
72217,3423.0673007142277,0.992232967433135,60.0
72218,3423.067995158672,0.9921932032375866,60.0
72219,3423.0686896031166,0.9932649683944668,60.0
72220,3423.069384047561,0.9932355343726633,60.0
72221,3423.0700784920055,0.9937638599378733,60.0
72222,3423.07077293645,0.9925768793651999,60.0
72223,3423.0714673808943,0.9933455363790499,60.0
72224,3423.0721618253388,0.9933410455242133,60.0
72225,3423.072856269783,0.99323470353831,60.0
72226,3423.0735507142276,0.9928169463763933,60.0
72227,3423.074245158672,0.992911412123265,60.0
72228,3423.0749396031165,0.9932484123067766,60.0
72229,3423.075634047561,0.9930531212931566,60.0
72230,3423.0763284920054,0.9920843358116499,60.0
72231,3423.07702293645,0.9938122760848299,60.0
72232,3423.0777173808942,0.9924573458487599,60.0
72233,3423.0784118253387,0.9942608886561667,60.0
72234,3423.079106269783,0.9933079333953866,60.0
72235,3423.0798007142275,0.9936330580098166,60.0
72236,3423.080495158672,0.9935143725598766,60.0
72237,3423.0811896031164,0.9931353610950867,60.0
72238,3423.081884047561,0.9928694964424402,60.0
72239,3423.0825784920053,0.9926229730878466,60.0
72240,3423.0832729364497,0.99257873874767,60.0
72241,3423.083967380894,0.9923971270218868,60.0
72242,3423.0846618253386,0.9929654661752366,60.0
72243,3423.085356269783,0.99344007738092,60.0
72244,3423.0860507142274,0.9928427706019968,60.0
72245,3423.086745158672,0.99345587671009,60.0
72246,3423.0874396031163,0.9921044909232667,60.0
72247,3423.0881340475607,0.9935094922020765,60.0
72248,3423.088828492005,0.9929480458774332,60.0
72249,3423.0895229364496,0.9930239769900834,60.0
72250,3423.090217380894,0.99292572692804,60.0
72251,3423.0909118253385,0.9927633086906266,60.0
72252,3423.091606269783,0.9926999894784366,60.0
72253,3423.0923007142273,0.9928609734714033,60.0
72254,3423.092995158672,0.9929342136045535,60.0
72255,3423.093689603116,0.99374600281845,60.0
72256,3423.0943840475607,0.9923804587555433,60.0
72257,3423.095078492005,0.9929655948675067,60.0
72258,3423.0957729364495,0.99344250916188,60.0
72259,3423.096467380894,0.99329595816214,60.0
72260,3423.0971618253384,0.9930737007855832,60.0
72261,3423.097856269783,0.9926656035929233,60.0
72262,3423.0985507142273,0.9925686967665034,60.0
72263,3423.0992451586717,0.9924850494361434,60.0
72264,3423.099939603116,0.9929271306167232,60.0
72265,3423.1006340475606,0.9920549049647432,60.0
72266,3423.101328492005,0.9928280010561333,60.0
72267,3423.1020229364494,0.9921111984398866,60.0
72268,3423.102717380894,0.9927005285376035,60.0
72269,3423.1034118253383,0.9928983514576534,60.0
72270,3423.1041062697827,0.9934044024682566,60.0
72271,3423.104800714227,0.9924820014185167,60.0
72272,3423.1054951586716,0.9932343434604567,60.0
72273,3423.106189603116,0.9925451253443733,60.0
72274,3423.1068840475605,0.9932742333310167,60.0
72275,3423.107578492005,0.9919899847454167,60.0
72276,3423.1082729364493,0.9928932638422899,60.0
72277,3423.108967380894,0.9932719892168334,60.0
72278,3423.109661825338,0.9926462454009433,60.0
72279,3423.1103562697826,0.9930507825172467,60.0
72280,3423.111050714227,0.9928770271301833,60.0
72281,3423.1117451586715,0.9939020898212899,60.0
72282,3423.112439603116,0.9925363025071833,60.0
72283,3423.1131340475604,0.9926166675169767,60.0
72284,3423.113828492005,0.9924498975411465,60.0
72285,3423.1145229364492,0.99297045059263,60.0
72286,3423.1152173808937,0.99183912795197,60.0
72287,3423.115911825338,0.9928481558951233,60.0
72288,3423.1166062697826,0.9936030657554467,60.0
72289,3423.117300714227,0.9929932897634833,60.0
72290,3423.1179951586714,0.9936431848499266,60.0
72291,3423.118689603116,0.9922672915230434,60.0
72292,3423.1193840475603,0.9925390278508134,60.0
72293,3423.1200784920047,0.9919890368335368,60.0
72294,3423.120772936449,0.99263121763218,60.0
72295,3423.1214673808936,0.9924040969311467,60.0
72296,3423.122161825338,0.9938423860617934,60.0
72297,3423.1228562697825,0.9930813966684267,60.0
72298,3423.123550714227,0.99333016855684,60.0
72299,3423.1242451586713,0.9919248583067234,60.0
72300,3423.1249396031158,0.9920715153486134,60.0
72301,3423.12563404756,0.9931302528485934,60.0
72302,3423.1263284920046,0.9926270873278534,60.0
72303,3423.127022936449,0.9915593256399234,60.0
72304,3423.1277173808935,0.9915892007726467,60.0
72305,3423.128411825338,0.9920630821392433,60.0
72306,3423.1291062697824,0.9927618713926033,60.0
72307,3423.129800714227,0.99338733171478,60.0
72308,3423.1304951586712,0.9929666803423866,60.0
72309,3423.1311896031157,0.9922722797677034,60.0
72310,3423.13188404756,0.9925632349011767,60.0
72311,3423.1325784920045,0.9922710236336867,60.0
72312,3423.133272936449,0.9918146766869768,60.0
72313,3423.1339673808934,0.99294332985365,60.0
72314,3423.134661825338,0.99267661079422,60.0
72315,3423.1353562697823,0.9937444557707167,60.0
72316,3423.1360507142267,0.9935017330708966,60.0
72317,3423.136745158671,0.9928586220729066,60.0
72318,3423.1374396031156,0.99259998126166,60.0
72319,3423.13813404756,0.99154299411578,60.0
72320,3423.1388284920044,0.9920933955909034,60.0
72321,3423.139522936449,0.992855387956955,60.0
72322,3423.1402173808933,0.99266801536049,60.0
72323,3423.1409118253378,0.9924274367488167,60.0
72324,3423.141606269782,0.9932213765700499,60.0
72325,3423.1423007142266,0.9923546755328768,60.0
72326,3423.142995158671,0.9924225172255933,60.0
72327,3423.1436896031155,0.9926626294978401,60.0
72328,3423.14438404756,0.9918318975523633,60.0
72329,3423.1450784920044,0.9919144115913667,60.0
72330,3423.145772936449,0.9937046389381866,60.0
72331,3423.1464673808932,0.9920477323179266,60.0
72332,3423.1471618253377,0.99304384056362,60.0
72333,3423.147856269782,0.9918651229475133,60.0
72334,3423.1485507142265,0.99281538762724,60.0
72335,3423.149245158671,0.991850020285085,60.0
72336,3423.1499396031154,0.99217014372725,60.0
72337,3423.15063404756,0.9928695053990233,60.0
72338,3423.1513284920043,0.9934163258172434,60.0
72339,3423.1520229364487,0.9920695888631467,60.0
72340,3423.152717380893,0.9927320323753434,60.0
72341,3423.1534118253376,0.9933052348343466,60.0
72342,3423.154106269782,0.9934280341224534,60.0
72343,3423.1548007142264,0.9919592499232367,60.0
72344,3423.155495158671,0.9924483583362468,60.0
72345,3423.1561896031153,0.9926212136624434,60.0
72346,3423.1568840475597,0.9916789205316366,60.0
72347,3423.157578492004,0.9935937632671568,60.0
72348,3423.1582729364486,0.9921376273274335,60.0
72349,3423.158967380893,0.9931346411966534,60.0
72350,3423.1596618253375,0.9921571727117867,60.0
72351,3423.160356269782,0.99283039639562,60.0
72352,3423.1610507142263,0.9919476420059968,60.0
72353,3423.161745158671,0.9931257930204168,60.0
72354,3423.162439603115,0.9926831657127767,60.0
72355,3423.1631340475597,0.9920553233337767,60.0
72356,3423.163828492004,0.992122153309235,60.0
72357,3423.1645229364485,0.9925269258753934,60.0
72358,3423.165217380893,0.99346794881671,60.0
72359,3423.1659118253374,0.99219612628084,60.0
72360,3423.166606269782,0.9931632165735533,60.0
72361,3423.1673007142263,0.9929258134256833,60.0
72362,3423.1679951586707,0.99228550673438,60.0
72363,3423.168689603115,0.9926112681687833,60.0
72364,3423.1693840475596,0.99282325363466,60.0
72365,3423.170078492004,0.9922330375653067,60.0
72366,3423.1707729364484,0.9928356807428566,60.0
72367,3423.171467380893,0.9918288045509968,60.0
72368,3423.1721618253373,0.9922140310533966,60.0
72369,3423.1728562697817,0.9927042056986033,60.0
72370,3423.173550714226,0.9923628226584967,60.0
72371,3423.1742451586706,0.9926707020176367,60.0
72372,3423.174939603115,0.9926359340167333,60.0
72373,3423.1756340475595,0.991987903993625,60.0
72374,3423.176328492004,0.9924773700664934,60.0
72375,3423.1770229364483,0.9918631519281833,60.0
72376,3423.177717380893,0.9924823974979334,60.0
72377,3423.178411825337,0.9935223733803,60.0
72378,3423.1791062697816,0.99378931169437,60.0
72379,3423.179800714226,0.9924649994698833,60.0
72380,3423.1804951586705,0.9912690721950767,60.0
72381,3423.181189603115,0.9920234684346133,60.0
72382,3423.1818840475594,0.9923576735507401,60.0
72383,3423.182578492004,0.9925440254201366,60.0
72384,3423.1832729364482,0.9920889074692566,60.0
72385,3423.1839673808927,0.9915726319830732,60.0
72386,3423.184661825337,0.9914114772194133,60.0
72387,3423.1853562697816,0.9926354506784066,60.0
72388,3423.186050714226,0.9924943226821901,60.0
72389,3423.1867451586704,0.9919414615924134,60.0
72390,3423.187439603115,0.9920435526057433,60.0
72391,3423.1881340475593,0.9929012710407933,60.0
72392,3423.1888284920037,0.9911736262466033,60.0
72393,3423.189522936448,0.9921041637911167,60.0
72394,3423.1902173808926,0.9927130410134767,60.0
72395,3423.190911825337,0.99226108137207,60.0
72396,3423.1916062697815,0.9915129140450399,60.0
72397,3423.192300714226,0.9924982019532234,60.0
72398,3423.1929951586703,0.9922489074700667,60.0
72399,3423.1936896031148,0.9909665820214967,60.0
72400,3423.194384047559,0.9928526913702665,60.0
72401,3423.1950784920036,0.9927325577491267,60.0
72402,3423.195772936448,0.9929072463148166,60.0
72403,3423.1964673808925,0.9916971532231734,60.0
72404,3423.197161825337,0.9923279315676666,60.0
72405,3423.1978562697814,0.9924059126688101,60.0
72406,3423.198550714226,0.9927033087813634,60.0
72407,3423.1992451586702,0.9913834068681234,60.0
72408,3423.1999396031147,0.99128113878102,60.0
72409,3423.200634047559,0.9920150717327566,60.0
72410,3423.2013284920035,0.99124736127103,60.0
72411,3423.202022936448,0.9924160983602434,60.0
72412,3423.2027173808924,0.9912613284560167,60.0
72413,3423.203411825337,0.99245653058174,60.0
72414,3423.2041062697813,0.9923192989650435,60.0
72415,3423.2048007142257,0.9923059247401133,60.0
72416,3423.20549515867,0.9925164997130901,60.0
72417,3423.2061896031146,0.9924853458020166,60.0
72418,3423.206884047559,0.9917483002145033,60.0
72419,3423.2075784920034,0.9922180673334767,60.0
72420,3423.208272936448,0.99217130484915,60.0
72421,3423.2089673808923,0.9922870935233433,60.0
72422,3423.2096618253368,0.9916659412128332,60.0
72423,3423.210356269781,0.9918743572065066,60.0
72424,3423.2110507142256,0.99110458661694,60.0
72425,3423.21174515867,0.9909444664952366,60.0
72426,3423.2124396031145,0.9919280181826133,60.0
72427,3423.213134047559,0.9926400103526599,60.0
72428,3423.2138284920034,0.9920368966747867,60.0
72429,3423.214522936448,0.99123074893049,60.0
72430,3423.215217380892,0.9915623674995802,60.0
72431,3423.2159118253367,0.99156374066511,60.0
72432,3423.216606269781,0.9925788253483033,60.0
72433,3423.2173007142255,0.9919500131079966,60.0
72434,3423.21799515867,0.99314019874853,60.0
72435,3423.2186896031144,0.9923200173487233,60.0
72436,3423.219384047559,0.9922813831060466,60.0
72437,3423.2200784920033,0.992301337132105,60.0
72438,3423.2207729364477,0.9929145144735133,60.0
72439,3423.221467380892,0.9916123273074433,60.0
72440,3423.2221618253366,0.9916203127856401,60.0
72441,3423.222856269781,0.9923588945695032,60.0
72442,3423.2235507142254,0.9929465365208401,60.0
72443,3423.22424515867,0.9927442392468633,60.0
72444,3423.2249396031143,0.9917649110840433,60.0
72445,3423.2256340475587,0.9919361478198533,60.0
72446,3423.226328492003,0.9924459264768299,60.0
72447,3423.2270229364476,0.9920534469211301,60.0
72448,3423.227717380892,0.9919657317606966,60.0
72449,3423.2284118253365,0.9918608692654267,60.0
72450,3423.229106269781,0.9927198602723566,60.0
72451,3423.2298007142253,0.99180745401882,60.0
72452,3423.23049515867,0.9919531537052033,60.0
72453,3423.231189603114,0.9922784046062466,60.0
72454,3423.2318840475587,0.9923653498071267,60.0
72455,3423.232578492003,0.99229991722886,60.0
72456,3423.2332729364475,0.9919893892846634,60.0
72457,3423.233967380892,0.9916323002987967,60.0
72458,3423.2346618253364,0.991910979163215,60.0
72459,3423.235356269781,0.9926342534497666,60.0
72460,3423.2360507142253,0.9915198427479534,60.0
72461,3423.2367451586697,0.9914349502062266,60.0
72462,3423.237439603114,0.9925662339272501,60.0
72463,3423.2381340475586,0.9911323103866234,60.0
72464,3423.238828492003,0.9924787887416433,60.0
72465,3423.2395229364474,0.9920331333355099,60.0
72466,3423.240217380892,0.9916966144807601,60.0
72467,3423.2409118253363,0.9920329202447733,60.0
72468,3423.2416062697807,0.9912186981057799,60.0
72469,3423.242300714225,0.9924073713643967,60.0
72470,3423.2429951586696,0.9911575206634033,60.0
72471,3423.243689603114,0.9917100071588867,60.0
72472,3423.2443840475585,0.9913925535477266,60.0
72473,3423.245078492003,0.9914673906389367,60.0
72474,3423.2457729364473,0.9916499502252832,60.0
72475,3423.2464673808918,0.9920833457384101,60.0
72476,3423.247161825336,0.9916048915173433,60.0
72477,3423.2478562697806,0.9923345180190767,60.0
72478,3423.248550714225,0.9913844604601533,60.0
72479,3423.2492451586695,0.99258412518639,60.0
72480,3423.249939603114,0.9924942388274066,60.0
72481,3423.2506340475584,0.9908766266277634,60.0
72482,3423.251328492003,0.99084111149711,60.0
72483,3423.2520229364472,0.9916074917449333,60.0
72484,3423.2527173808917,0.99180312385392,60.0
72485,3423.253411825336,0.9920391860706799,60.0
72486,3423.2541062697806,0.9903186905750466,60.0
72487,3423.254800714225,0.9928900486897234,60.0
72488,3423.2554951586694,0.99191860022963,60.0
72489,3423.256189603114,0.9917231663933634,60.0
72490,3423.2568840475583,0.99129343383112,60.0
72491,3423.2575784920027,0.9920308286418033,60.0
72492,3423.258272936447,0.9917812812577966,60.0
72493,3423.2589673808916,0.9916315442023099,60.0
72494,3423.259661825336,0.9914789308475034,60.0
72495,3423.2603562697805,0.9915243104206066,60.0
72496,3423.261050714225,0.9904851707665534,60.0
72497,3423.2617451586693,0.9923460942259,60.0
72498,3423.2624396031138,0.9916881645128167,60.0
72499,3423.263134047558,0.9903530884226001,60.0
72500,3423.2638284920026,0.9915274112523766,60.0
72501,3423.264522936447,0.9921047552502701,60.0
72502,3423.2652173808915,0.9922290942472866,60.0
72503,3423.265911825336,0.9915112387754833,60.0
72504,3423.2666062697804,0.99174779528478,60.0
72505,3423.267300714225,0.99138608869176,60.0
72506,3423.2679951586692,0.993509382240785,60.0
72507,3423.2686896031137,0.9925529620019801,60.0
72508,3423.269384047558,0.9922872261981533,60.0
72509,3423.2700784920025,0.9910762556924867,60.0
72510,3423.270772936447,0.99167508499541,60.0
72511,3423.2714673808914,0.9917891139603333,60.0
72512,3423.272161825336,0.9919293314696,60.0
72513,3423.2728562697803,0.9911584161262934,60.0
72514,3423.2735507142247,0.9918500226664199,60.0
72515,3423.274245158669,0.9915385161936401,60.0
72516,3423.2749396031136,0.9916741781007533,60.0
72517,3423.275634047558,0.9919219147430199,60.0
72518,3423.2763284920024,0.99081282473251,60.0
72519,3423.277022936447,0.9910557792232499,60.0
72520,3423.2777173808913,0.9922382654782199,60.0
72521,3423.2784118253358,0.9916890100171667,60.0
72522,3423.27910626978,0.9907399650954534,60.0
72523,3423.2798007142246,0.9915386192585333,60.0
72524,3423.280495158669,0.9913762099600301,60.0
72525,3423.2811896031135,0.9914387546125667,60.0
72526,3423.281884047558,0.99143224543272,60.0
72527,3423.2825784920024,0.99164229182967,60.0
72528,3423.283272936447,0.9924019675540899,60.0
72529,3423.283967380891,0.99143954887581,60.0
72530,3423.2846618253357,0.9915333859026001,60.0
72531,3423.28535626978,0.9922047759059733,60.0
72532,3423.2860507142245,0.9915419984764967,60.0
72533,3423.286745158669,0.99151676713265,60.0
72534,3423.2874396031134,0.9909755230814766,60.0
72535,3423.288134047558,0.9909793295325167,60.0
72536,3423.2888284920023,0.9915902670467833,60.0
72537,3423.2895229364467,0.9906978850298901,60.0
72538,3423.290217380891,0.9913029373839634,60.0
72539,3423.2909118253356,0.9906773743351933,60.0
72540,3423.29160626978,0.9918252314414033,60.0
72541,3423.2923007142244,0.9915511902644333,60.0
72542,3423.292995158669,0.99106410589688,60.0
72543,3423.2936896031133,0.9913459710891734,60.0
72544,3423.2943840475577,0.9905138601422849,60.0
72545,3423.295078492002,0.9919311852325867,60.0
72546,3423.2957729364466,0.9913412966633066,60.0
72547,3423.296467380891,0.99179221913753,60.0
72548,3423.2971618253355,0.9920149351640434,60.0
72549,3423.29785626978,0.9914862906258434,60.0
72550,3423.2985507142243,0.9917034543474,60.0
72551,3423.299245158669,0.9908478346847099,60.0
72552,3423.299939603113,0.9921893349166867,60.0
72553,3423.3006340475577,0.99085346570994,60.0
72554,3423.301328492002,0.9913885109409933,60.0
72555,3423.3020229364465,0.99143884207097,60.0
72556,3423.302717380891,0.9915587102774867,60.0
72557,3423.3034118253354,0.9915095496590268,60.0
72558,3423.30410626978,0.9913501729524433,60.0
72559,3423.3048007142243,0.9919563602254966,60.0
72560,3423.3054951586687,0.990739690623475,60.0
72561,3423.306189603113,0.9916375348239334,60.0
72562,3423.3068840475576,0.9914251009280234,60.0
72563,3423.307578492002,0.9913841678572366,60.0
72564,3423.3082729364464,0.991537353425475,60.0
72565,3423.308967380891,0.99110173231539,60.0
72566,3423.3096618253353,0.9912549263625601,60.0
72567,3423.3103562697797,0.9907294860802635,60.0
72568,3423.311050714224,0.99152153398802,60.0
72569,3423.3117451586686,0.9911651317709533,60.0
72570,3423.312439603113,0.99157969980832,60.0
72571,3423.3131340475575,0.9916862103468066,60.0
72572,3423.313828492002,0.9907079444679634,60.0
72573,3423.3145229364463,0.9901403182418232,60.0
72574,3423.3152173808908,0.9915827550835333,60.0
72575,3423.315911825335,0.9915326314555001,60.0
72576,3423.3166062697796,0.9913326917185267,60.0
72577,3423.317300714224,0.9920237079651967,60.0
72578,3423.3179951586685,0.9924499090319134,60.0
72579,3423.318689603113,0.9909922741786533,60.0
72580,3423.3193840475574,0.9914544411463567,60.0
72581,3423.320078492002,0.99174412226082,60.0
72582,3423.3207729364462,0.9915254917135133,60.0
72583,3423.3214673808907,0.9913612821925867,60.0
72584,3423.322161825335,0.9915509973277734,60.0
72585,3423.3228562697795,0.9906765214696499,60.0
72586,3423.323550714224,0.9921752486783134,60.0
72587,3423.3242451586684,0.9913451063745132,60.0
72588,3423.324939603113,0.9911756092392,60.0
72589,3423.3256340475573,0.9916271771900234,60.0
72590,3423.3263284920017,0.99115158109449,60.0
72591,3423.327022936446,0.9905272031587766,60.0
72592,3423.3277173808906,0.9902353062177,60.0
72593,3423.328411825335,0.9904980939579366,60.0
72594,3423.3291062697795,0.9914203878271334,60.0
72595,3423.329800714224,0.99182657792848,60.0
72596,3423.3304951586683,0.9913921145910349,60.0
72597,3423.3311896031128,0.9905076160414499,60.0
72598,3423.331884047557,0.9912327055715165,60.0
72599,3423.3325784920016,0.9917100863965067,60.0
72600,3423.333272936446,0.9911505063367967,60.0
72601,3423.3339673808905,0.9918490427263467,60.0
72602,3423.334661825335,0.9916031254085049,60.0
72603,3423.3353562697794,0.9916038114016666,60.0
72604,3423.336050714224,0.9910633611550134,60.0
72605,3423.3367451586682,0.9921946386350301,60.0
72606,3423.3374396031127,0.9905242881792399,60.0
72607,3423.338134047557,0.9914205533750465,60.0
72608,3423.3388284920015,0.9915047133710533,60.0
72609,3423.339522936446,0.9917701130382367,60.0
72610,3423.3402173808904,0.9904998542866634,60.0
72611,3423.340911825335,0.99124331155556,60.0
72612,3423.3416062697793,0.9918366771874467,60.0
72613,3423.3423007142237,0.99100670222866,60.0
72614,3423.342995158668,0.99165532086091,60.0
72615,3423.3436896031126,0.9915686362317601,60.0
72616,3423.344384047557,0.9909785458886,60.0
72617,3423.3450784920014,0.9914292144756901,60.0
72618,3423.345772936446,0.9907257981843266,60.0
72619,3423.3464673808903,0.9910227453813666,60.0
72620,3423.3471618253348,0.99116232189635,60.0
72621,3423.347856269779,0.99054027694762,60.0
72622,3423.3485507142236,0.9914089615846601,60.0
72623,3423.349245158668,0.99105021637414,60.0
72624,3423.3499396031125,0.9919645747903368,60.0
72625,3423.350634047557,0.9912607553969499,60.0
72626,3423.3513284920014,0.9923659198273533,60.0
72627,3423.352022936446,0.9925282118683866,60.0
72628,3423.35271738089,0.9913343950547467,60.0
72629,3423.3534118253347,0.9908048846259067,60.0
72630,3423.354106269779,0.99145721395395,60.0
72631,3423.3548007142235,0.9904343841303701,60.0
72632,3423.355495158668,0.99115198908706,60.0
72633,3423.3561896031124,0.99123930315933,60.0
72634,3423.356884047557,0.9906175700646199,60.0
72635,3423.3575784920013,0.9908606832870966,60.0
72636,3423.3582729364457,0.9911583569537067,60.0
72637,3423.35896738089,0.99175563352297,60.0
72638,3423.3596618253346,0.9917122020882166,60.0
72639,3423.360356269779,0.9899550862442866,60.0
72640,3423.3610507142234,0.9905939494399,60.0
72641,3423.361745158668,0.9916358312146535,60.0
72642,3423.3624396031123,0.9913870094277034,60.0
72643,3423.3631340475567,0.9906555102533999,60.0
72644,3423.363828492001,0.9916309988364967,60.0
72645,3423.3645229364456,0.9906896044733,60.0
72646,3423.36521738089,0.9900332048390666,60.0
72647,3423.3659118253345,0.9910920491105233,60.0
72648,3423.366606269779,0.9913738266069599,60.0
72649,3423.3673007142233,0.9907215123351033,60.0
72650,3423.367995158668,0.9906825854522934,60.0
72651,3423.368689603112,0.9903135504257233,60.0
72652,3423.3693840475567,0.9907289315557567,60.0
72653,3423.370078492001,0.99148210768239,60.0
72654,3423.3707729364455,0.9907422451848166,60.0
72655,3423.37146738089,0.9913318311735734,60.0
72656,3423.3721618253344,0.99190395139239,60.0
72657,3423.372856269779,0.9909092391255502,60.0
72658,3423.3735507142233,0.9907278991738698,60.0
72659,3423.3742451586677,0.99141541931235,60.0
72660,3423.374939603112,0.99061751741107,60.0
72661,3423.3756340475566,0.9903022667786766,60.0
72662,3423.376328492001,0.9916907965379668,60.0
72663,3423.3770229364454,0.9897285543882001,60.0
72664,3423.37771738089,0.9912125530178367,60.0
72665,3423.3784118253343,0.9917278622078799,60.0
72666,3423.3791062697787,0.9915073742026933,60.0
72667,3423.379800714223,0.9913825716207935,60.0
72668,3423.3804951586676,0.9908281364640167,60.0
72669,3423.381189603112,0.99122889449825,60.0
72670,3423.3818840475565,0.9909842357833667,60.0
72671,3423.382578492001,0.9901312151766533,60.0
72672,3423.3832729364453,0.9908029815513667,60.0
72673,3423.3839673808898,0.99120302334864,60.0
72674,3423.384661825334,0.99078500056412,60.0
72675,3423.3853562697786,0.99152230109238,60.0
72676,3423.386050714223,0.9900116160830433,60.0
72677,3423.3867451586675,0.9906321246781933,60.0
72678,3423.387439603112,0.9908922836519434,60.0
72679,3423.3881340475564,0.9902589532301067,60.0
72680,3423.388828492001,0.9905041490559366,60.0
72681,3423.3895229364452,0.9917121995724433,60.0
72682,3423.3902173808897,0.9898237034447535,60.0
72683,3423.390911825334,0.9922502096920067,60.0
72684,3423.3916062697785,0.9915286252000467,60.0
72685,3423.392300714223,0.99074977953217,60.0
72686,3423.3929951586674,0.9914216770049834,60.0
72687,3423.393689603112,0.9902420301909599,60.0
72688,3423.3943840475563,0.9904026016975868,60.0
72689,3423.3950784920007,0.98959694478306,60.0
72690,3423.395772936445,0.99056022509893,60.0
72691,3423.3964673808896,0.9908110108672467,60.0
72692,3423.397161825334,0.9918196954050233,60.0
72693,3423.3978562697785,0.99028174251141,60.0
72694,3423.398550714223,0.9899540011917499,60.0
72695,3423.3992451586673,0.9908277515144667,60.0
72696,3423.3999396031118,0.9918721754958066,60.0
72697,3423.400634047556,0.99042378451558,60.0
72698,3423.4013284920006,0.9906141766292333,60.0
72699,3423.402022936445,0.9909706388482901,60.0
72700,3423.4027173808895,0.99079167204216,60.0
72701,3423.403411825334,0.9916012349344667,60.0
72702,3423.4041062697784,0.99029562219027,60.0
72703,3423.404800714223,0.9906254653706066,60.0
72704,3423.4054951586672,0.99103641542888,60.0
72705,3423.4061896031117,0.9905494372637467,60.0
72706,3423.406884047556,0.9913326338907865,60.0
72707,3423.4075784920005,0.9898838118324801,60.0
72708,3423.408272936445,0.9900958446153433,60.0
72709,3423.4089673808894,0.9902268007382432,60.0
72710,3423.409661825334,0.9896876975215,60.0
72711,3423.4103562697783,0.9908422356371199,60.0
72712,3423.4110507142227,0.9906090777614001,60.0
72713,3423.411745158667,0.9899591015677732,60.0
72714,3423.4124396031116,0.9918511849743199,60.0
72715,3423.413134047556,0.9900320572173368,60.0
72716,3423.4138284920004,0.9915247181908301,60.0
72717,3423.414522936445,0.98966198041254,60.0
72718,3423.4152173808893,0.9909137045453068,60.0
72719,3423.4159118253338,0.98969258735413,60.0
72720,3423.416606269778,0.9905589230746167,60.0
72721,3423.4173007142226,0.99073678438595,60.0
72722,3423.417995158667,0.9913946776344401,60.0
72723,3423.4186896031115,0.9912361502825799,60.0
72724,3423.419384047556,0.9909948157591634,60.0
72725,3423.4200784920004,0.9915551014329532,60.0
72726,3423.420772936445,0.9908036261958667,60.0
72727,3423.421467380889,0.9912976961080434,60.0
72728,3423.4221618253337,0.9907802204748334,60.0
72729,3423.422856269778,0.9911613922633166,60.0
72730,3423.4235507142225,0.9907386857005167,60.0
72731,3423.424245158667,0.9906109810757799,60.0
72732,3423.4249396031114,0.9914400487717933,60.0
72733,3423.425634047556,0.9914383815299767,60.0
72734,3423.4263284920003,0.9911789937916867,60.0
72735,3423.4270229364447,0.9905244477676834,60.0
72736,3423.427717380889,0.9903603832232366,60.0
72737,3423.4284118253336,0.98976001774922,60.0
72738,3423.429106269778,0.9902105638093767,60.0
72739,3423.4298007142224,0.99094795005039,60.0
72740,3423.430495158667,0.9912715427603899,60.0
72741,3423.4311896031113,0.9904521021423932,60.0
72742,3423.4318840475557,0.9909149633655868,60.0
72743,3423.432578492,0.9904191149505234,60.0
72744,3423.4332729364446,0.9904728503036534,60.0
72745,3423.433967380889,0.9908683260780501,60.0
72746,3423.4346618253335,0.9905573267632333,60.0
72747,3423.435356269778,0.9902741294216099,60.0
72748,3423.4360507142223,0.9914428153583567,60.0
72749,3423.436745158667,0.9911616886879866,60.0
72750,3423.437439603111,0.9906246538223966,60.0
72751,3423.4381340475556,0.98996656223705,60.0
72752,3423.438828492,0.9913944394400233,60.0
72753,3423.4395229364445,0.9901208712905732,60.0
72754,3423.440217380889,0.9899039492020467,60.0
72755,3423.4409118253334,0.9904662585734366,60.0
72756,3423.441606269778,0.9907767926641701,60.0
72757,3423.4423007142223,0.9901361271709134,60.0
72758,3423.4429951586667,0.9911284632145101,60.0
72759,3423.443689603111,0.9901288024871201,60.0
72760,3423.4443840475556,0.9893128496943433,60.0
72761,3423.445078492,0.9900195186705734,60.0
72762,3423.4457729364444,0.9906253780550434,60.0
72763,3423.446467380889,0.9902569806101399,60.0
72764,3423.4471618253333,0.9906583082539799,60.0
72765,3423.4478562697777,0.9891249166791835,60.0
72766,3423.448550714222,0.9905651914674767,60.0
72767,3423.4492451586666,0.9903990855738867,60.0
72768,3423.449939603111,0.99062959622395,60.0
72769,3423.4506340475555,0.9898387421374334,60.0
72770,3423.451328492,0.9899912852140468,60.0
72771,3423.4520229364443,0.9904585560267267,60.0
72772,3423.4527173808888,0.99045389810994,60.0
72773,3423.453411825333,0.9894887602595034,60.0
72774,3423.4541062697776,0.9905989772083433,60.0
72775,3423.454800714222,0.9905275406333566,60.0
72776,3423.4554951586665,0.9896445398627933,60.0
72777,3423.456189603111,0.99049806938033,60.0
72778,3423.4568840475554,0.9910467812042866,60.0
72779,3423.457578492,0.9901054111047767,60.0
72780,3423.4582729364442,0.99017429513676,60.0
72781,3423.4589673808887,0.9907186658038999,60.0
72782,3423.459661825333,0.9896371475359832,60.0
72783,3423.4603562697775,0.99007443419882,60.0
72784,3423.461050714222,0.9903511923903867,60.0
72785,3423.4617451586664,0.99041065034712,60.0
72786,3423.462439603111,0.98987260307198,60.0
72787,3423.4631340475553,0.9904264807924367,60.0
72788,3423.4638284919997,0.9905839787332633,60.0
72789,3423.464522936444,0.9907385147976666,60.0
72790,3423.4652173808886,0.9903467281512534,60.0
72791,3423.465911825333,0.9892962448166,60.0
72792,3423.4666062697775,0.9906749316612466,60.0
72793,3423.467300714222,0.99078776837931,60.0
72794,3423.4679951586663,0.9893680620827533,60.0
72795,3423.4686896031108,0.9896762321118167,60.0
72796,3423.469384047555,0.99021855173158,60.0
72797,3423.4700784919996,0.9896823702568233,60.0
72798,3423.470772936444,0.9892027318271767,60.0
72799,3423.4714673808885,0.9902868668716499,60.0
72800,3423.472161825333,0.9912108942693233,60.0
72801,3423.4728562697774,0.99007144106944,60.0
72802,3423.473550714222,0.9906240692365568,60.0
72803,3423.4742451586662,0.9898474545327467,60.0
72804,3423.4749396031107,0.9905107933517766,60.0
72805,3423.475634047555,0.99047028524323,60.0
72806,3423.4763284919995,0.9904874769055101,60.0
72807,3423.477022936444,0.98941734189327,60.0
72808,3423.4777173808884,0.9898714693582233,60.0
72809,3423.478411825333,0.9901580617122666,60.0
72810,3423.4791062697773,0.99070637243441,60.0
72811,3423.4798007142217,0.9914298886074201,60.0
72812,3423.480495158666,0.9909450742900666,60.0
72813,3423.4811896031106,0.9907435206069333,60.0
72814,3423.481884047555,0.9906073854257166,60.0
72815,3423.4825784919994,0.9903549906377099,60.0
72816,3423.483272936444,0.9903728467407499,60.0
72817,3423.4839673808883,0.9901601502248867,60.0
72818,3423.4846618253328,0.9900562831633298,60.0
72819,3423.485356269777,0.9905081973662333,60.0
72820,3423.4860507142216,0.9905036224748432,60.0
72821,3423.486745158666,0.9896629587415267,60.0
72822,3423.4874396031105,0.9905576121067,60.0
72823,3423.488134047555,0.9907721910568567,60.0
72824,3423.4888284919994,0.9903437434300266,60.0
72825,3423.489522936444,0.9897895481691433,60.0
72826,3423.490217380888,0.9906823725789433,60.0
72827,3423.4909118253327,0.9908175675793199,60.0
72828,3423.491606269777,0.9905963552507133,60.0
72829,3423.4923007142215,0.9893283719108666,60.0
72830,3423.492995158666,0.9901383540363501,60.0
72831,3423.4936896031104,0.9905919704183699,60.0
72832,3423.494384047555,0.98931677363135,60.0
72833,3423.4950784919993,0.9892160690873134,60.0
72834,3423.4957729364437,0.9899068317332267,60.0
72835,3423.496467380888,0.9905020663362833,60.0
72836,3423.4971618253326,0.9905626430867499,60.0
72837,3423.497856269777,0.9898250095989066,60.0
72838,3423.4985507142214,0.9899515960336934,60.0
72839,3423.499245158666,0.9896261870506734,60.0
72840,3423.4999396031103,0.99044788413685,60.0
72841,3423.5006340475547,0.9902954607333833,60.0
72842,3423.501328491999,0.9899429875942868,60.0
72843,3423.5020229364436,0.9904693600118234,60.0
72844,3423.502717380888,0.99070756564433,60.0
72845,3423.5034118253325,0.9899052294145233,60.0
72846,3423.504106269777,0.99012066236078,60.0
72847,3423.5048007142213,0.9897334959971166,60.0
72848,3423.505495158666,0.99088229426805,60.0
72849,3423.50618960311,0.99103674145382,60.0
72850,3423.5068840475546,0.9904484741461533,60.0
72851,3423.507578491999,0.9907608527631301,60.0
72852,3423.5082729364435,0.9891566198719034,60.0
72853,3423.508967380888,0.9909331533023934,60.0
72854,3423.5096618253324,0.98945429541306,60.0
72855,3423.510356269777,0.99154977590756,60.0
72856,3423.5110507142213,0.98952030666862,60.0
72857,3423.5117451586657,0.9903581312834566,60.0
72858,3423.51243960311,0.98986455275202,60.0
72859,3423.5131340475546,0.98963179390054,60.0
72860,3423.513828491999,0.9906946445349933,60.0
72861,3423.5145229364434,0.9893014827760599,60.0
72862,3423.515217380888,0.9895275453599967,60.0
72863,3423.5159118253323,0.9900669622760301,60.0
72864,3423.5166062697767,0.9892624694492533,60.0
72865,3423.517300714221,0.9893360294551167,60.0
72866,3423.5179951586656,0.9902622881942033,60.0
72867,3423.51868960311,0.9894923301304234,60.0
72868,3423.5193840475545,0.9900213826968832,60.0
72869,3423.520078491999,0.9903735666860634,60.0
72870,3423.5207729364433,0.9897357320581067,60.0
72871,3423.5214673808878,0.9901503532294433,60.0
72872,3423.522161825332,0.9892407517744933,60.0
72873,3423.5228562697766,0.989552053037815,60.0
72874,3423.523550714221,0.98955049509487,60.0
72875,3423.5242451586655,0.98960505684196,60.0
72876,3423.52493960311,0.989535942622645,60.0
72877,3423.5256340475544,0.9900488861244966,60.0
72878,3423.526328491999,0.989321754620725,60.0
72879,3423.5270229364432,0.9903210755395534,60.0
72880,3423.5277173808877,0.9892826168453767,60.0
72881,3423.528411825332,0.989767931253815,60.0
72882,3423.5291062697765,0.9895044659659801,60.0
72883,3423.529800714221,0.9899347951762133,60.0
72884,3423.5304951586654,0.9899239077790867,60.0
72885,3423.53118960311,0.9902533209935266,60.0
72886,3423.5318840475543,0.9904817637159465,60.0
72887,3423.5325784919987,0.98932503187637,60.0
72888,3423.533272936443,0.9901713662232233,60.0
72889,3423.5339673808876,0.9895383953035867,60.0
72890,3423.534661825332,0.9899024798525534,60.0
72891,3423.5353562697765,0.98912679221896,60.0
72892,3423.536050714221,0.9904758516169268,60.0
72893,3423.5367451586653,0.9894306870303734,60.0
72894,3423.5374396031098,0.9894711020818834,60.0
72895,3423.538134047554,0.98889334782299,60.0
72896,3423.5388284919986,0.9896351504622866,60.0
72897,3423.539522936443,0.98976172961963,60.0
72898,3423.5402173808875,0.9898161192467,60.0
72899,3423.540911825332,0.9885859534472033,60.0
72900,3423.5416062697764,0.9893234179559801,60.0
72901,3423.542300714221,0.9905235186674334,60.0
72902,3423.5429951586652,0.9897127232031767,60.0
72903,3423.5436896031097,0.9895516978581633,60.0
72904,3423.544384047554,0.9888012675484866,60.0
72905,3423.5450784919985,0.9894137216569234,60.0
72906,3423.545772936443,0.98995168731021,60.0
72907,3423.5464673808874,0.9894185990621435,60.0
72908,3423.547161825332,0.98976471584575,60.0
72909,3423.5478562697763,0.9899913957539366,60.0
72910,3423.5485507142207,0.98999711544852,60.0
72911,3423.549245158665,0.98877795933863,60.0
72912,3423.5499396031096,0.99043075296863,60.0
72913,3423.550634047554,0.98945524044542,60.0
72914,3423.5513284919984,0.9898706808625599,60.0
72915,3423.552022936443,0.9895579112631934,60.0
72916,3423.5527173808873,0.98961284859078,60.0
72917,3423.5534118253318,0.9889937274685933,60.0
